# Illarion Server
# 
# This program is free software: you can redistribute it and/or modify it under
# the terms of the GNU Affero General Public License as published by the Free
# Software Foundation, either version 3 of the License, or (at your option) any
# later version.
# 
# This program is distributed in the hope that it will be useful, but WITHOUT
# ANY WARRANTY; without even the implied warranty of MERCHANTABILITY or FITNESS
# FOR A PARTICULAR PURPOSE.  See the GNU Affero General Public License for more
# details.
# 
# You should have received a copy of the GNU Affero General Public License along
# with this program.  If not, see <http://www.gnu.org/licenses/>.
0;0;613;333
0;0;613;333
1;0;613;333
2;0;613;333
3;0;613;333
4;0;613;333
5;0;613;333
6;0;613;333
7;0;613;333
8;0;613;333
9;0;613;333
10;0;613;333
10;0;613;333
11;0;613;333
12;0;613;333
13;0;613;333
14;0;613;333
15;0;613;333
16;0;613;333
17;0;613;333
18;0;613;333
19;0;613;333
20;0;613;333
21;0;613;333
22;0;613;333
23;0;613;333
24;0;613;333
25;0;613;333
26;0;613;333
27;0;613;333
28;0;613;333
29;0;613;333
30;0;613;333
31;0;613;333
32;0;613;333
33;0;613;333
34;0;613;333
0;1;613;333
3;1;524;333
5;1;1361;333
6;1;1360;333
7;1;1360;333
8;1;3265;333
8;1;3265;333
9;1;3265;333
9;1;3265;333
10;1;613;333
11;1;513;333
12;1;513;333
13;1;513;333
14;1;964;333
14;1;964;333
15;1;964;333
15;1;3094;333
17;1;524;333
20;1;1199;333
21;1;1201;333
24;1;990;333
24;1;516;333
25;1;3094;333
29;1;1245;333
30;1;627;333
31;1;626;333
34;1;613;333
0;2;613;333
3;2;3094;333
6;2;3094;333
7;2;3096;333
8;2;3265;333
8;2;259;333
8;2;3096;333
9;2;3265;333
9;2;3265;333
10;2;613;333
11;2;513;333
12;2;513;333
15;2;3101;333
24;2;990;333
24;2;516;333
25;2;3094;333
26;2;1250;333
29;2;3096;333
30;2;629;333
31;2;628;333
32;2;1790;333
34;2;613;333
0;3;613;333
8;3;3265;333
9;3;3265;333
9;3;3265;333
10;3;613;333
11;3;513;333
12;3;513;333
16;3;513;333
17;3;513;333
19;3;518;333
21;3;515;333
24;3;991;333
24;3;516;333
25;3;3094;333
28;3;1251;333
29;3;627;333
30;3;626;333
31;3;3094;333
34;3;613;333
0;4;613;333
7;4;3101;333
8;4;3265;333
8;4;2;333
8;4;3096;333
9;4;3265;333
9;4;3265;333
10;4;613;333
11;4;513;333
12;4;513;333
15;4;513;333
16;4;513;333
21;4;515;333
21;4;3096;333
24;4;992;333
24;4;516;333
25;4;3094;333
28;4;3096;333
29;4;629;333
30;4;628;333
31;4;3094;333
34;4;613;333
0;5;613;333
8;5;3265;333
8;5;249;333
8;5;3096;333
9;5;3265;333
9;5;3265;333
10;5;613;333
11;5;513;333
12;5;513;333
15;5;513;333
18;5;3101;333
20;5;514;333
21;5;515;333
21;5;3096;333
22;5;514;333
24;5;993;333
24;5;516;333
28;5;627;333
29;5;626;333
34;5;613;333
0;6;613;333
9;6;3265;333
9;6;249;333
10;6;613;333
11;6;513;333
12;6;513;333
22;6;3101;333
24;6;994;333
25;6;1246;333
28;6;629;333
29;6;628;333
34;6;613;333
0;7;613;333
10;7;613;333
11;7;513;333
12;7;513;333
13;7;513;333
24;7;996;333
24;7;1200;333
25;7;3094;333
34;7;613;333
0;8;613;333
4;8;3094;333
10;8;613;333
11;8;513;333
12;8;513;333
13;8;513;333
14;8;513;333
21;8;525;333
24;8;996;333
24;8;1202;333
24;8;3094;333
24;8;3094;333
25;8;3094;333
27;8;1790;333
29;8;498;333
34;8;613;333
34;8;613;333
0;9;613;333
1;9;613;333
2;9;613;333
3;9;613;333
4;9;613;333
5;9;3284;333
6;9;3284;333
7;9;613;333
8;9;613;333
9;9;613;333
10;9;613;333
11;9;1023;333
11;9;3095;333
12;9;1023;333
12;9;3095;333
13;9;1022;333
13;9;3095;333
14;9;1021;333
14;9;3095;333
15;9;1021;333
15;9;3095;333
18;9;1023;333
18;9;3095;333
19;9;1026;333
19;9;3094;333
19;9;3095;333
20;9;1024;333
20;9;3095;333
21;9;1023;333
21;9;3095;333
22;9;1027;333
22;9;3095;333
23;9;1025;333
23;9;3095;333
24;9;1022;333
24;9;3095;333
27;9;3101;333
34;9;613;333
0;10;613;333
2;10;3095;333
3;10;3095;333
3;10;3095;333
4;10;3095;333
7;10;3095;333
8;10;3094;333
8;10;3095;333
9;10;3095;333
10;10;3095;333
11;10;3100;333
25;10;3100;333
25;10;3094;333
34;10;613;333
34;10;613;333
0;11;613;333
5;11;3101;333
15;11;498;333
17;11;3101;333
20;11;3100;333
34;11;613;333
0;12;613;333
6;12;3095;333
14;12;3100;333
30;12;3100;333
34;12;613;333
0;13;613;333
9;13;3100;333
24;13;1783;333
34;13;613;333
0;14;613;333
6;14;3097;333
6;14;3094;333
21;14;3099;333
31;14;3101;333
34;14;613;333
0;15;613;333
3;15;3100;333
11;15;3100;333
15;15;3099;333
32;15;3100;333
34;15;613;333
0;16;613;333
7;16;3101;333
12;16;3101;333
13;16;1783;333
28;16;3099;333
34;16;613;333
0;17;613;333
17;17;1783;333
34;17;613;333
0;18;613;333
6;18;3100;333
16;18;3101;333
17;18;3101;333
33;18;3099;333
34;18;613;333
0;19;613;333
31;19;3099;333
33;19;2039;333
34;19;613;333
0;20;613;333
10;20;3100;333
16;20;982;333
17;20;980;333
18;20;980;333
19;20;980;333
20;20;980;333
21;20;980;333
22;20;980;333
23;20;984;333
26;20;3100;333
34;20;613;333
0;21;613;333
2;21;3100;333
8;21;3097;333
16;21;982;333
17;21;980;333
18;21;980;333
19;21;980;333
20;21;980;333
21;21;980;333
22;21;980;333
23;21;984;333
34;21;613;333
0;22;613;333
11;22;3100;333
19;22;980;333
20;22;980;333
27;22;3100;333
34;22;613;333
0;23;613;333
5;23;498;333
19;23;980;333
20;23;980;333
26;23;3101;333
32;23;3099;333
34;23;613;333
0;24;613;333
14;24;1783;333
19;24;980;333
20;24;980;333
34;24;613;333
0;25;613;333
12;25;3097;333
19;25;980;333
20;25;980;333
28;25;3099;333
34;25;613;333
0;26;613;333
7;26;3100;333
19;26;979;333
20;26;979;333
30;26;3099;333
34;26;613;333
0;27;613;333
4;27;3100;333
11;27;1790;333
34;27;613;333
0;28;613;333
18;28;3101;333
19;28;498;333
34;28;613;333
0;29;613;333
7;29;3100;333
20;29;3100;333
29;29;2038;333
33;29;3099;333
34;29;613;333
0;30;613;333
7;30;1790;333
17;30;3101;333
34;30;613;333
0;31;613;333
13;31;3099;333
14;31;3099;333
15;31;3099;333
16;31;3099;333
17;31;3099;333
18;31;3099;333
19;31;3099;333
20;31;3099;333
21;31;3099;333
22;31;3099;333
23;31;3099;333
23;31;3099;333
24;31;3099;333
34;31;613;333
0;32;613;333
1;32;3099;333
2;32;3099;333
3;32;3099;333
4;32;3099;333
5;32;3100;333
5;32;3099;333
6;32;3099;333
7;32;3099;333
8;32;3099;333
13;32;3099;333
14;32;3099;333
15;32;3099;333
16;32;3099;333
17;32;3099;333
18;32;3099;333
19;32;3099;333
20;32;3099;333
21;32;3099;333
22;32;3099;333
23;32;3099;333
23;32;3099;333
24;32;3099;333
25;32;3099;333
26;32;3099;333
26;32;3099;333
27;32;3099;333
28;32;3099;333
29;32;3099;333
30;32;3099;333
31;32;3099;333
32;32;3099;333
33;32;3099;333
34;32;613;333
0;33;613;333
1;33;3099;333
2;33;3099;333
3;33;3099;333
4;33;3099;333
5;33;3099;333
6;33;3099;333
7;33;3099;333
8;33;3099;333
13;33;3099;333
14;33;3099;333
15;33;3099;333
16;33;3099;333
17;33;3099;333
18;33;3099;333
19;33;3099;333
20;33;3099;333
21;33;3099;333
22;33;3099;333
23;33;3099;333
23;33;3099;333
24;33;3099;333
26;33;3099;333
27;33;3099;333
28;33;3099;333
29;33;3099;333
30;33;3099;333
31;33;3099;333
32;33;3099;333
33;33;3099;333
34;33;613;333
0;34;613;333
1;34;613;333
2;34;613;333
3;34;613;333
4;34;613;333
5;34;613;333
6;34;613;333
7;34;613;333
8;34;613;333
9;34;613;333
10;34;613;333
11;34;613;333
12;34;613;333
13;34;613;333
14;34;613;333
15;34;613;333
16;34;613;333
17;34;613;333
18;34;613;333
19;34;613;333
20;34;613;333
21;34;613;333
22;34;613;333
23;34;613;333
24;34;613;333
25;34;613;333
26;34;613;333
27;34;613;333
28;34;613;333
29;34;613;333
30;34;613;333
31;34;613;333
32;34;613;333
32;34;613;333
33;34;613;333
34;34;613;333
