# Illarion Server
# 
# This program is free software: you can redistribute it and/or modify it under
# the terms of the GNU Affero General Public License as published by the Free
# Software Foundation, either version 3 of the License, or (at your option) any
# later version.
# 
# This program is distributed in the hope that it will be useful, but WITHOUT
# ANY WARRANTY; without even the implied warranty of MERCHANTABILITY or FITNESS
# FOR A PARTICULAR PURPOSE.  See the GNU Affero General Public License for more
# details.
# 
# You should have received a copy of the GNU Affero General Public License along
# with this program.  If not, see <http://www.gnu.org/licenses/>.
V: 2
L: -13
X: 402
Y: 654
W: 16
H: 29
0;0;2;2
0;1;2;2
0;2;2;2
0;3;2;2
0;4;2;2
0;5;2;2
0;6;2;2
0;7;2;2
0;8;2;2
0;9;2;2
0;10;2;2
0;11;2;2
0;12;2;2
0;13;2;2
0;14;2;2
0;15;2;2
0;16;2;2
0;17;2;2
0;18;2;2
0;19;2;2
0;20;2;2
0;21;2;2
0;22;2;2
0;23;2;2
0;24;2;2
0;25;2;2
0;26;2;2
0;27;2;2
0;28;2;2
1;0;2;2
1;1;2;2
1;2;2;2
1;3;2;2
1;4;2;2
1;5;2;2
1;6;2;2
1;7;2;2
1;8;2;2
1;9;2;2
1;10;2;2
1;11;2;2
1;12;2;2
1;13;2;2
1;14;2;2
1;15;2;2
1;16;2;2
1;17;2;2
1;18;2;2
1;19;2;2
1;20;2;2
1;21;2;2
1;22;2;2
1;23;2;2
1;24;2;2
1;25;2;2
1;26;2;2
1;27;2;2
1;28;2;2
2;0;2;2
2;1;2;2
2;2;2;2
2;3;2;2
2;4;2;2
2;5;2;2
2;6;2;2
2;7;2;2
2;8;2;2
2;9;2;2
2;10;2;2
2;11;2;2
2;12;2;2
2;13;2;2
2;14;2;2
2;15;2;2
2;16;2;2
2;17;2;2
2;18;2;2
2;19;2;2
2;20;2;2
2;21;2;2
2;22;2;2
2;23;2;2
2;24;2;2
2;25;2;2
2;26;2;2
2;27;2;2
2;28;2;2
3;0;2;2
3;1;2;2
3;2;2;2
3;3;2;2
3;4;2;2
3;5;2;2
3;6;2;2
3;7;2;2
3;8;2;2
3;9;2;2
3;10;2;2
3;11;2;2
3;12;2;2
3;13;2;2
3;14;2;2
3;15;2;2
3;16;2;2
3;17;2;2
3;18;2;2
3;19;2;2
3;20;2;2
3;21;2;2
3;22;2;2
3;23;2;2
3;24;2;2
3;25;2;2
3;26;2;2
3;27;2;2
3;28;2;2
4;0;2;2
4;1;2;2
4;2;2;2
4;3;2;2
4;4;2;2
4;5;2;2
4;6;2;2
4;7;2;2
4;8;2;2
4;9;2;2
4;10;2;2
4;11;2;2
4;12;2;2
4;13;2;2
4;14;2;2
4;15;2;2
4;16;2;2
4;17;2;2
4;18;2;2
4;19;2;2
4;20;2;2
4;21;2;2
4;22;2;2
4;23;2;2
4;24;2;2
4;25;2;2
4;26;2;2
4;27;2;2
4;28;2;2
5;0;2;2
5;1;2;2
5;2;2;2
5;3;2;2
5;4;2;2
5;5;2;2
5;6;2;2
5;7;2;2
5;8;2;2
5;9;2;2
5;10;2;2
5;11;2;2
5;12;2;2
5;13;2;2
5;14;2;2
5;15;2;2
5;16;2;2
5;17;2;2
5;18;2;2
5;19;2;2
5;20;2;2
5;21;2;2
5;22;2;2
5;23;2;2
5;24;2;2
5;25;2;2
5;26;2;2
5;27;2;2
5;28;2;2
6;0;2;2
6;1;2;2
6;2;2;2
6;3;2;2
6;4;2;2
6;5;2;2
6;6;2;2
6;7;2;2
6;8;2;2
6;9;2;2
6;10;2;2
6;11;2;2
6;12;2;2
6;13;2;2
6;14;2;2
6;15;2;2
6;16;2;2
6;17;2;2
6;18;2;2
6;19;2;2
6;20;2;2
6;21;2;2
6;22;2;2
6;23;2;2
6;24;2;2
6;25;2;2
6;26;2;2
6;27;2;2
6;28;2;2
7;0;2;2
7;1;2;2
7;2;2;2
7;3;2;2
7;4;2;2
7;5;2;2
7;6;2;2
7;7;2;2
7;8;2;2
7;9;2;2
7;10;2;2
7;11;2;2
7;12;2;2
7;13;2;2
7;14;2;2
7;15;2;2
7;16;2;2
7;17;2;2
7;18;2;2
7;19;2;2
7;20;2;2
7;21;2;2
7;22;2;2
7;23;2;2
7;24;2;2
7;25;2;2
7;26;2;2
7;27;2;2
7;28;2;2
8;0;2;2
8;1;2;2
8;2;2;2
8;3;2;2
8;4;2;2
8;5;2;2
8;6;2;2
8;7;2;2
8;8;2;2
8;9;2;2
8;10;2;2
8;11;2;2
8;12;2;2
8;13;2;2
8;14;2;2
8;15;2;2
8;16;2;2
8;17;2;2
8;18;2;2
8;19;2;2
8;20;2;2
8;21;2;2
8;22;2;2
8;23;2;2
8;24;2;2
8;25;2;2
8;26;2;2
8;27;2;2
8;28;2;2
9;0;2;2
9;1;2;2
9;2;2;2
9;3;2;2
9;4;2;2
9;5;2;2
9;6;2;2
9;7;2;2
9;8;2;2
9;9;2;2
9;10;2;2
9;11;2;2
9;12;2;2
9;13;2;2
9;14;2;2
9;15;2;2
9;16;2;2
9;17;2;2
9;18;2;2
9;19;2;2
9;20;2;2
9;21;2;2
9;22;2;2
9;23;2;2
9;24;2;2
9;25;2;2
9;26;2;2
9;27;2;2
9;28;2;2
10;0;2;2
10;1;2;2
10;2;2;2
10;3;2;2
10;4;2;2
10;5;2;2
10;6;2;2
10;7;2;2
10;8;2;2
10;9;2;2
10;10;2;2
10;11;2;2
10;12;2;2
10;13;2;2
10;14;2;2
10;15;2;2
10;16;2;2
10;17;2;2
10;18;2;2
10;19;2;2
10;20;2;2
10;21;2;2
10;22;2;2
10;23;2;2
10;24;2;2
10;25;2;2
10;26;2;2
10;27;2;2
10;28;2;2
11;0;2;2
11;1;2;2
11;2;2;2
11;3;2;2
11;4;2;2
11;5;2;2
11;6;2;2
11;7;2;2
11;8;2;2
11;9;2;2
11;10;2;2
11;11;2;2
11;12;2;2
11;13;2;2
11;14;2;2
11;15;2;2
11;16;2;2
11;17;2;2
11;18;2;2
11;19;2;2
11;20;2;2
11;21;2;2
11;22;2;2
11;23;2;2
11;24;2;2
11;25;2;2
11;26;2;2
11;27;2;2
11;28;2;2
12;0;2;2
12;1;2;2
12;2;2;2
12;3;2;2
12;4;2;2
12;5;2;2
12;6;2;2
12;7;2;2
12;8;2;2
12;9;2;2
12;10;2;2
12;11;2;2
12;12;2;2
12;13;2;2
12;14;2;2
12;15;2;2
12;16;2;2
12;17;2;2
12;18;2;2
12;19;2;2
12;20;2;2
12;21;2;2
12;22;2;2
12;23;2;2
12;24;2;2
12;25;2;2
12;26;2;2
12;27;2;2
12;28;2;2
13;0;2;2
13;1;2;2
13;2;2;2
13;3;2;2
13;4;2;2
13;5;2;2
13;6;2;2
13;7;2;2
13;8;2;2
13;9;2;2
13;10;2;2
13;11;2;2
13;12;2;2
13;13;2;2
13;14;2;2
13;15;2;2
13;16;2;2
13;17;2;2
13;18;2;2
13;19;2;2
13;20;2;2
13;21;2;2
13;22;2;2
13;23;2;2
13;24;2;2
13;25;2;2
13;26;2;2
13;27;2;2
13;28;2;2
14;0;2;2
14;1;2;2
14;2;2;2
14;3;2;2
14;4;2;2
14;5;2;2
14;6;2;2
14;7;2;2
14;8;2;2
14;9;2;2
14;10;2;2
14;11;2;2
14;12;2;2
14;13;2;2
14;14;2;2
14;15;2;2
14;16;2;2
14;17;2;2
14;18;2;2
14;19;2;2
14;20;2;2
14;21;2;2
14;22;2;2
14;23;2;2
14;24;2;2
14;25;2;2
14;26;2;2
14;27;2;2
14;28;2;2
15;0;2;2
15;1;2;2
15;2;2;2
15;3;2;2
15;4;2;2
15;5;2;2
15;6;2;2
15;7;2;2
15;8;2;2
15;9;2;2
15;10;2;2
15;11;2;2
15;12;2;2
15;13;2;2
15;14;2;2
15;15;2;2
15;16;2;2
15;17;2;2
15;18;2;2
15;19;2;2
15;20;2;2
15;21;2;2
15;22;2;2
15;23;2;2
15;24;2;2
15;25;2;2
15;26;2;2
15;27;2;2
15;28;2;2
