# Illarion Server
# 
# This program is free software: you can redistribute it and/or modify it under
# the terms of the GNU Affero General Public License as published by the Free
# Software Foundation, either version 3 of the License, or (at your option) any
# later version.
# 
# This program is distributed in the hope that it will be useful, but WITHOUT
# ANY WARRANTY; without even the implied warranty of MERCHANTABILITY or FITNESS
# FOR A PARTICULAR PURPOSE.  See the GNU Affero General Public License for more
# details.
# 
# You should have received a copy of the GNU Affero General Public License along
# with this program.  If not, see <http://www.gnu.org/licenses/>.
0;0;287;333
1;0;287;333
2;0;287;333
3;0;287;333
4;0;287;333
5;0;287;333
6;0;287;333
7;0;287;333
8;0;287;333
9;0;287;333
10;0;287;333
11;0;287;333
12;0;287;333
13;0;287;333
14;0;287;333
15;0;287;333
16;0;287;333
17;0;287;333
18;0;287;333
19;0;287;333
20;0;287;333
21;0;287;333
22;0;287;333
23;0;287;333
24;0;287;333
25;0;287;333
26;0;287;333
27;0;287;333
28;0;287;333
29;0;287;333
30;0;287;333
31;0;287;333
32;0;287;333
33;0;287;333
34;0;287;333
35;0;287;333
36;0;287;333
37;0;287;333
38;0;287;333
39;0;287;333
40;0;287;333
41;0;287;333
42;0;287;333
43;0;287;333
44;0;287;333
45;0;287;333
46;0;287;333
47;0;287;333
48;0;287;333
49;0;287;333
0;1;287;333
1;1;287;333
2;1;287;333
3;1;287;333
4;1;287;333
5;1;287;333
6;1;287;333
7;1;287;333
8;1;287;333
9;1;287;333
10;1;287;333
11;1;287;333
12;1;287;333
13;1;287;333
14;1;287;333
15;1;287;333
16;1;287;333
17;1;287;333
18;1;287;333
19;1;287;333
20;1;287;333
21;1;287;333
22;1;287;333
23;1;287;333
24;1;613;333
25;1;597;333
26;1;597;333
27;1;613;333
28;1;287;333
29;1;287;333
30;1;287;333
31;1;287;333
32;1;287;333
33;1;287;333
34;1;613;333
35;1;622;333
36;1;622;333
37;1;622;333
38;1;613;333
39;1;622;333
40;1;622;333
41;1;622;333
42;1;613;333
43;1;622;333
44;1;622;333
45;1;622;333
46;1;613;333
47;1;287;333
48;1;287;333
49;1;287;333
0;2;287;333
1;2;287;333
2;2;287;333
3;2;613;333
4;2;597;333
5;2;597;333
6;2;597;333
7;2;613;333
8;2;597;333
9;2;597;333
9;2;3095;333
10;2;597;333
11;2;613;333
12;2;287;333
13;2;287;333
14;2;287;333
15;2;287;333
16;2;287;333
17;2;287;333
18;2;287;333
19;2;287;333
20;2;287;333
21;2;287;333
22;2;613;333
23;2;622;333
24;2;628;333
27;2;629;333
28;2;630;333
29;2;287;333
30;2;287;333
31;2;287;333
32;2;287;333
33;2;287;333
34;2;626;333
37;2;3101;333
38;2;402;333
40;2;2877;333
41;2;1251;333
42;2;402;333
43;2;3095;333
44;2;3095;333
46;2;623;333
47;2;287;333
48;2;287;333
49;2;287;333
0;3;287;333
1;3;287;333
2;3;287;333
3;3;599;333
6;3;213;333
7;3;36;333
7;3;394;333
8;3;215;333
11;3;596;333
11;3;2038;333
12;3;287;333
13;3;287;333
14;3;287;333
15;3;287;333
16;3;287;333
17;3;287;333
18;3;613;333
19;3;597;333
20;3;597;333
21;3;597;333
21;3;394;333
22;3;628;333
24;3;3095;333
28;3;629;333
29;3;613;333
30;3;287;333
31;3;287;333
32;3;287;333
33;3;287;333
34;3;626;333
40;3;2937;333
46;3;623;333
47;3;287;333
48;3;287;333
49;3;287;333
0;4;287;333
1;4;287;333
2;4;287;333
3;4;599;333
10;4;3093;333
10;4;66;333;markerstone=299
11;4;613;333
12;4;597;333
12;4;915;333
13;4;597;333
14;4;597;333
15;4;597;333
15;4;3095;333
16;4;613;333
17;4;622;333
18;4;628;333
24;4;2805;333
24;4;173;333
27;4;2805;333
27;4;173;333
28;4;396;333
29;4;623;333
30;4;287;333
31;4;287;333
32;4;287;333
33;4;287;333
34;4;626;333
36;4;337;333
37;4;1272;333
38;4;337;333
42;4;337;333
44;4;337;333
45;4;3096;333
46;4;623;333
47;4;287;333
48;4;287;333
49;4;287;333
0;5;287;333
1;5;287;333
2;5;287;333
3;5;613;333
4;5;3094;333
10;5;2906;333
11;5;702;333
16;5;402;333
22;5;2937;333
24;5;66;333;markerstone=302
29;5;629;333
30;5;613;333
31;5;613;333
32;5;287;333
33;5;287;333
34;5;613;333
37;5;3101;333
46;5;613;333
47;5;287;333
48;5;287;333
49;5;287;333
0;6;287;333
1;6;287;333
2;6;287;333
3;6;599;333
3;6;3094;333
11;6;710;333
18;6;3101;333
29;6;3093;333
30;6;2805;333
31;6;613;333
32;6;287;333
33;6;287;333
34;6;626;333
43;6;66;333;markerstone=304
44;6;3101;333
46;6;623;333
47;6;287;333
48;6;287;333
49;6;287;333
0;7;287;333
1;7;287;333
2;7;287;333
3;7;599;333
3;7;3094;333
8;7;3101;333
10;7;721;333
10;7;723;333
10;7;396;333
11;7;702;333
25;7;3101;333
26;7;1879;333
30;7;3105;333
31;7;613;333
32;7;287;333
33;7;287;333
34;7;626;333
45;7;2038;333
46;7;623;333
47;7;287;333
48;7;287;333
49;7;287;333
0;8;287;333
1;8;287;333
2;8;287;333
3;8;613;333
4;8;3094;333
11;8;710;333
22;8;2937;333
30;8;2805;333
31;8;613;333
32;8;287;333
33;8;287;333
34;8;626;333
36;8;337;333
36;8;2038;333
37;8;1265;333
38;8;337;333
39;8;3101;333
42;8;337;333
43;8;1272;333
44;8;337;333
46;8;623;333
47;8;287;333
48;8;287;333
49;8;287;333
0;9;287;333
1;9;287;333
2;9;287;333
3;9;599;333
10;9;2906;333
11;9;702;333
29;9;627;333
30;9;613;333
31;9;613;333
32;9;287;333
33;9;287;333
34;9;613;333
43;9;3101;333
46;9;613;333
47;9;287;333
48;9;287;333
49;9;287;333
0;10;287;333
1;10;287;333
2;10;287;333
3;10;599;333
11;10;613;333
12;10;598;333
12;10;915;333
13;10;598;333
14;10;598;333
15;10;598;333
16;10;613;333
17;10;626;333
18;10;626;333
24;10;2805;333
24;10;173;333
27;10;2805;333
27;10;2038;333
28;10;396;333
29;10;623;333
30;10;287;333
31;10;287;333
32;10;287;333
33;10;287;333
34;10;626;333
46;10;623;333
47;10;287;333
48;10;287;333
49;10;287;333
0;11;287;333
1;11;287;333
2;11;287;333
3;11;599;333
11;11;596;333
12;11;287;333
13;11;287;333
14;11;287;333
15;11;287;333
16;11;287;333
17;11;287;333
18;11;613;333
19;11;598;333
20;11;598;333
21;11;598;333
28;11;623;333
29;11;613;333
30;11;287;333
31;11;287;333
32;11;287;333
33;11;287;333
34;11;626;333
46;11;623;333
47;11;287;333
48;11;287;333
49;11;287;333
0;12;287;333
1;12;287;333
2;12;287;333
3;12;613;333
4;12;700;333
5;12;700;333
6;12;700;333
7;12;708;333
8;12;700;333
9;12;700;333
10;12;700;333
11;12;613;333
12;12;622;333
13;12;630;333
14;12;287;333
15;12;287;333
16;12;287;333
17;12;287;333
18;12;287;333
19;12;287;333
20;12;287;333
21;12;287;333
22;12;613;333
23;12;626;333
24;12;626;333
27;12;626;333
28;12;623;333
29;12;287;333
30;12;287;333
31;12;287;333
32;12;287;333
33;12;287;333
34;12;626;333
46;12;623;333
47;12;287;333
48;12;287;333
49;12;287;333
0;13;287;333
1;13;287;333
2;13;287;333
3;13;626;333
9;13;3075;333
10;13;2038;333
11;13;402;333
13;13;629;333
14;13;630;333
15;13;287;333
16;13;287;333
17;13;287;333
18;13;287;333
19;13;287;333
20;13;287;333
21;13;287;333
22;13;287;333
23;13;287;333
24;13;613;333
25;13;598;333
26;13;598;333
27;13;613;333
28;13;287;333
29;13;287;333
30;13;287;333
31;13;287;333
32;13;287;333
33;13;287;333
34;13;613;333
35;13;598;333
36;13;598;333
37;13;598;333
38;13;613;333
39;13;701;333
40;13;709;333
41;13;701;333
42;13;613;333
43;13;598;333
44;13;598;333
45;13;598;333
46;13;613;333
47;13;287;333
48;13;287;333
49;13;287;333
0;14;287;333
1;14;287;333
2;14;287;333
3;14;626;333
4;14;626;333
12;14;1265;333
13;14;1251;333
14;14;623;333
15;14;287;333
16;14;287;333
17;14;287;333
18;14;287;333
19;14;287;333
20;14;287;333
21;14;287;333
22;14;287;333
23;14;287;333
24;14;287;333
25;14;287;333
26;14;287;333
27;14;287;333
28;14;287;333
29;14;287;333
30;14;287;333
31;14;287;333
32;14;287;333
33;14;287;333
34;14;287;333
35;14;287;333
36;14;287;333
37;14;287;333
38;14;626;333
42;14;623;333
43;14;287;333
44;14;287;333
45;14;287;333
46;14;287;333
47;14;287;333
48;14;287;333
49;14;287;333
0;15;287;333
1;15;287;333
2;15;287;333
3;15;287;333
4;15;626;333
5;15;626;333
6;15;613;333
7;15;3094;333
13;15;1273;333
14;15;613;333
15;15;622;333
16;15;630;333
17;15;287;333
18;15;287;333
19;15;287;333
20;15;287;333
21;15;287;333
22;15;287;333
23;15;287;333
24;15;287;333
25;15;287;333
26;15;287;333
27;15;287;333
28;15;287;333
29;15;287;333
30;15;287;333
31;15;287;333
32;15;287;333
33;15;287;333
34;15;287;333
35;15;287;333
36;15;287;333
37;15;613;333
38;15;626;333
42;15;629;333
43;15;613;333
44;15;287;333
45;15;287;333
46;15;287;333
47;15;287;333
48;15;287;333
49;15;287;333
0;16;287;333
1;16;287;333
2;16;287;333
3;16;287;333
4;16;287;333
5;16;287;333
6;16;626;333
7;16;3094;333
14;16;402;333
16;16;629;333
17;16;630;333
18;16;287;333
19;16;287;333
20;16;287;333
21;16;287;333
22;16;287;333
23;16;287;333
24;16;287;333
25;16;287;333
26;16;287;333
27;16;287;333
28;16;287;333
29;16;287;333
30;16;287;333
31;16;287;333
32;16;287;333
33;16;287;333
34;16;287;333
35;16;287;333
36;16;287;333
37;16;599;333
43;16;596;333
43;16;513;333
44;16;287;333
45;16;287;333
46;16;287;333
47;16;287;333
48;16;287;333
49;16;287;333
0;17;287;333
1;17;287;333
2;17;287;333
3;17;287;333
4;17;287;333
5;17;287;333
6;17;626;333
7;17;626;333
16;17;914;333
17;17;623;333
18;17;287;333
19;17;287;333
20;17;287;333
21;17;287;333
22;17;287;333
23;17;287;333
24;17;287;333
25;17;287;333
26;17;287;333
27;17;287;333
28;17;287;333
29;17;287;333
30;17;287;333
31;17;287;333
32;17;287;333
33;17;287;333
34;17;287;333
35;17;287;333
36;17;287;333
37;17;599;333
42;17;1272;333
43;17;596;333
44;17;287;333
45;17;287;333
46;17;287;333
47;17;287;333
48;17;287;333
49;17;287;333
0;18;287;333
1;18;287;333
2;18;287;333
3;18;287;333
4;18;287;333
5;18;287;333
6;18;287;333
7;18;626;333
8;18;626;333
9;18;613;333
10;18;3094;333
16;18;1272;333
17;18;613;333
18;18;622;333
19;18;630;333
20;18;287;333
21;18;287;333
22;18;287;333
23;18;287;333
24;18;287;333
25;18;287;333
26;18;287;333
27;18;287;333
28;18;287;333
29;18;287;333
30;18;287;333
31;18;287;333
32;18;287;333
33;18;287;333
34;18;287;333
35;18;287;333
36;18;287;333
37;18;613;333
38;18;626;333
42;18;627;333
43;18;613;333
44;18;287;333
45;18;287;333
46;18;287;333
47;18;287;333
48;18;287;333
49;18;287;333
0;19;287;333
1;19;287;333
2;19;287;333
3;19;287;333
4;19;287;333
5;19;287;333
6;19;287;333
7;19;287;333
8;19;287;333
9;19;626;333
10;19;3094;333
17;19;402;333
19;19;629;333
20;19;630;333
21;19;287;333
22;19;287;333
23;19;287;333
24;19;287;333
25;19;287;333
26;19;287;333
27;19;287;333
28;19;287;333
29;19;287;333
30;19;287;333
31;19;287;333
32;19;287;333
33;19;287;333
34;19;287;333
35;19;287;333
36;19;287;333
37;19;622;333
38;19;628;333
42;19;629;333
43;19;630;333
44;19;287;333
45;19;287;333
46;19;287;333
47;19;287;333
48;19;287;333
49;19;287;333
0;20;287;333
1;20;287;333
2;20;287;333
3;20;287;333
4;20;287;333
5;20;287;333
6;20;287;333
7;20;287;333
8;20;287;333
9;20;626;333
10;20;626;333
20;20;623;333
21;20;287;333
22;20;287;333
23;20;287;333
24;20;287;333
25;20;287;333
26;20;287;333
27;20;287;333
28;20;287;333
29;20;287;333
30;20;287;333
31;20;287;333
32;20;287;333
33;20;287;333
34;20;287;333
35;20;613;333
36;20;613;333
37;20;628;333
42;20;1265;333
43;20;629;333
44;20;613;333
45;20;613;333
46;20;287;333
47;20;287;333
48;20;287;333
49;20;287;333
0;21;287;333
1;21;287;333
2;21;287;333
3;21;287;333
4;21;287;333
5;21;287;333
6;21;287;333
7;21;287;333
8;21;287;333
9;21;287;333
10;21;626;333
11;21;626;333
12;21;613;333
19;21;3093;333
20;21;613;333
21;21;613;333
22;21;287;333
23;21;287;333
24;21;287;333
25;21;287;333
26;21;287;333
27;21;287;333
28;21;287;333
29;21;287;333
30;21;287;333
31;21;287;333
32;21;287;333
33;21;287;333
34;21;287;333
35;21;613;333
36;21;513;333
37;21;513;333
38;21;396;333
43;21;513;333
44;21;513;333
45;21;613;333
46;21;287;333
47;21;287;333
48;21;287;333
49;21;287;333
0;22;287;333
1;22;287;333
2;22;287;333
3;22;287;333
4;22;287;333
5;22;287;333
6;22;287;333
7;22;287;333
8;22;287;333
9;22;287;333
10;22;287;333
11;22;287;333
12;22;626;333
20;22;1265;333
21;22;613;333
22;22;597;333
23;22;597;333
23;22;2038;333
24;22;613;333
25;22;597;333
26;22;597;333
26;22;1272;333
27;22;597;333
28;22;613;333
29;22;597;333
30;22;597;333
31;22;597;333
32;22;613;333
33;22;597;333
34;22;597;333
34;22;1276;333
35;22;613;333
36;22;220;333
43;22;2850;333
44;22;515;333
45;22;623;333
46;22;287;333
47;22;287;333
48;22;287;333
49;22;287;333
0;23;287;333
1;23;287;333
2;23;287;333
3;23;287;333
4;23;287;333
5;23;287;333
6;23;287;333
7;23;287;333
8;23;287;333
9;23;287;333
10;23;287;333
11;23;287;333
12;23;626;333
13;23;626;333
14;23;3094;333
21;23;402;333
24;23;3095;333
24;23;2905;333
26;23;1265;333
28;23;402;333
32;23;3095;333
32;23;2905;333
33;23;1266;333
34;23;1273;333
35;23;613;333
44;23;8;333
45;23;623;333
46;23;287;333
47;23;287;333
48;23;287;333
49;23;287;333
0;24;287;333
1;24;287;333
2;24;287;333
3;24;287;333
4;24;287;333
5;24;287;333
6;24;287;333
7;24;287;333
8;24;287;333
9;24;287;333
10;24;287;333
11;24;287;333
12;24;287;333
13;24;626;333
14;24;626;333
15;24;613;333
34;24;404;333
35;24;702;333
44;24;404;333
45;24;613;333
46;24;287;333
47;24;287;333
48;24;287;333
49;24;287;333
0;25;287;333
1;25;287;333
2;25;287;333
3;25;287;333
4;25;287;333
5;25;287;333
6;25;287;333
7;25;287;333
8;25;287;333
9;25;287;333
10;25;287;333
11;25;287;333
12;25;287;333
13;25;287;333
14;25;287;333
15;25;599;333
17;25;3101;333
35;25;710;333
40;25;28;333
45;25;596;333
45;25;513;333
46;25;287;333
47;25;287;333
48;25;287;333
49;25;287;333
0;26;287;333
1;26;287;333
2;26;287;333
3;26;287;333
4;26;287;333
5;26;287;333
6;26;287;333
7;26;287;333
8;26;287;333
9;26;287;333
10;26;287;333
11;26;287;333
12;26;287;333
13;26;622;333
14;26;622;333
15;26;613;333
16;26;3094;333
35;26;702;333
44;26;404;333
45;26;613;333
46;26;287;333
47;26;287;333
48;26;287;333
49;26;287;333
0;27;287;333
1;27;287;333
2;27;287;333
3;27;287;333
4;27;287;333
5;27;287;333
6;27;287;333
7;27;287;333
8;27;287;333
9;27;287;333
10;27;287;333
11;27;287;333
12;27;622;333
13;27;628;333
20;27;1273;333
35;27;613;333
44;27;513;333
45;27;623;333
46;27;287;333
47;27;287;333
48;27;287;333
49;27;287;333
0;28;287;333
1;28;287;333
2;28;287;333
3;28;287;333
4;28;287;333
5;28;287;333
6;28;287;333
7;28;287;333
8;28;287;333
9;28;287;333
10;28;287;333
11;28;287;333
12;28;626;333
15;28;1266;333
20;28;3093;333
21;28;613;333
22;28;598;333
23;28;598;333
24;28;613;333
25;28;598;333
26;28;598;333
27;28;598;333
28;28;613;333
29;28;598;333
30;28;598;333
31;28;598;333
32;28;613;333
33;28;598;333
34;28;598;333
35;28;613;333
38;28;395;333
44;28;513;333
45;28;623;333
46;28;287;333
47;28;287;333
48;28;287;333
49;28;287;333
0;29;287;333
1;29;287;333
2;29;287;333
3;29;287;333
4;29;287;333
5;29;287;333
6;29;287;333
7;29;287;333
8;29;287;333
9;29;287;333
10;29;622;333
11;29;622;333
12;29;613;333
13;29;3094;333
15;29;914;333
19;29;404;333
20;29;613;333
21;29;613;333
22;29;287;333
23;29;287;333
24;29;287;333
25;29;287;333
26;29;287;333
27;29;287;333
28;29;287;333
29;29;287;333
30;29;287;333
31;29;287;333
32;29;287;333
33;29;287;333
34;29;287;333
35;29;613;333
36;29;513;333
37;29;513;333
43;29;513;333
44;29;513;333
45;29;613;333
46;29;287;333
47;29;287;333
48;29;287;333
49;29;287;333
0;30;287;333
1;30;287;333
2;30;287;333
3;30;287;333
4;30;287;333
5;30;287;333
6;30;287;333
7;30;287;333
8;30;287;333
9;30;622;333
10;30;628;333
13;30;2937;333
20;30;623;333
21;30;287;333
22;30;287;333
23;30;287;333
24;30;287;333
25;30;287;333
26;30;287;333
27;30;287;333
28;30;287;333
29;30;287;333
30;30;287;333
31;30;287;333
32;30;287;333
33;30;287;333
34;30;287;333
35;30;613;333
36;30;613;333
37;30;598;333
37;30;513;333
38;30;613;333
39;30;701;333
40;30;709;333
41;30;701;333
42;30;613;333
43;30;598;333
43;30;513;333
44;30;613;333
45;30;613;333
46;30;287;333
47;30;287;333
48;30;287;333
49;30;287;333
0;31;287;333
1;31;287;333
2;31;287;333
3;31;287;333
4;31;287;333
5;31;287;333
6;31;287;333
7;31;287;333
8;31;287;333
9;31;626;333
11;31;1251;333
19;31;627;333
20;31;623;333
21;31;287;333
22;31;287;333
23;31;287;333
24;31;287;333
25;31;287;333
26;31;287;333
27;31;287;333
28;31;287;333
29;31;287;333
30;31;287;333
31;31;287;333
32;31;287;333
33;31;287;333
34;31;287;333
35;31;287;333
36;31;287;333
37;31;287;333
38;31;626;333
42;31;623;333
43;31;287;333
44;31;287;333
45;31;287;333
46;31;287;333
47;31;287;333
48;31;287;333
49;31;287;333
0;32;287;333
1;32;287;333
2;32;287;333
3;32;287;333
4;32;287;333
5;32;287;333
6;32;287;333
7;32;599;333
8;32;622;333
9;32;613;333
16;32;404;333
17;32;613;333
18;32;626;333
19;32;623;333
20;32;287;333
21;32;287;333
22;32;287;333
23;32;287;333
24;32;287;333
25;32;287;333
26;32;287;333
27;32;287;333
28;32;287;333
29;32;287;333
30;32;287;333
31;32;287;333
32;32;287;333
33;32;287;333
34;32;287;333
35;32;287;333
36;32;287;333
37;32;613;333
38;32;626;333
42;32;629;333
43;32;613;333
44;32;287;333
45;32;287;333
46;32;287;333
47;32;287;333
48;32;287;333
49;32;287;333
0;33;287;333
1;33;287;333
2;33;287;333
3;33;287;333
4;33;287;333
5;33;287;333
6;33;287;333
7;33;599;333
17;33;623;333
18;33;287;333
19;33;287;333
20;33;287;333
21;33;287;333
22;33;287;333
23;33;287;333
24;33;287;333
25;33;287;333
26;33;287;333
27;33;287;333
28;33;287;333
29;33;287;333
30;33;287;333
31;33;287;333
32;33;287;333
33;33;287;333
34;33;287;333
35;33;287;333
36;33;287;333
37;33;599;333
42;33;915;333
43;33;596;333
43;33;596;333
44;33;287;333
45;33;287;333
46;33;287;333
47;33;287;333
48;33;287;333
49;33;287;333
0;34;287;333
1;34;287;333
2;34;287;333
3;34;287;333
4;34;287;333
5;34;287;333
6;34;287;333
7;34;599;333
16;34;627;333
17;34;623;333
18;34;287;333
19;34;287;333
20;34;287;333
21;34;287;333
22;34;287;333
23;34;287;333
24;34;287;333
25;34;287;333
26;34;287;333
27;34;287;333
28;34;287;333
29;34;287;333
30;34;287;333
31;34;287;333
32;34;287;333
33;34;287;333
34;34;287;333
35;34;287;333
36;34;287;333
37;34;599;333
43;34;596;333
43;34;596;333
44;34;287;333
45;34;287;333
46;34;287;333
47;34;287;333
48;34;287;333
49;34;287;333
0;35;287;333
1;35;287;333
2;35;287;333
3;35;287;333
4;35;287;333
5;35;287;333
6;35;287;333
7;35;599;333
13;35;404;333
14;35;613;333
15;35;626;333
16;35;623;333
17;35;287;333
18;35;287;333
19;35;287;333
20;35;287;333
21;35;287;333
22;35;287;333
23;35;287;333
24;35;287;333
25;35;287;333
26;35;287;333
27;35;287;333
28;35;287;333
29;35;287;333
30;35;287;333
31;35;287;333
32;35;287;333
33;35;287;333
34;35;287;333
35;35;287;333
36;35;287;333
37;35;613;333
42;35;404;333
43;35;613;333
44;35;287;333
45;35;287;333
46;35;287;333
47;35;287;333
48;35;287;333
49;35;287;333
0;36;287;333
1;36;287;333
2;36;287;333
3;36;287;333
4;36;287;333
5;36;287;333
6;36;287;333
7;36;599;333
7;36;915;333
14;36;596;333
14;36;915;333
15;36;287;333
16;36;287;333
17;36;287;333
18;36;287;333
19;36;287;333
20;36;287;333
21;36;287;333
22;36;287;333
23;36;287;333
24;36;287;333
25;36;287;333
26;36;287;333
27;36;287;333
28;36;287;333
29;36;287;333
30;36;287;333
31;36;287;333
32;36;287;333
33;36;287;333
34;36;287;333
35;36;287;333
36;36;622;333
37;36;628;333
38;36;1272;333
38;36;3094;333
42;36;75;333
43;36;629;333
44;36;630;333
45;36;287;333
46;36;287;333
47;36;287;333
48;36;287;333
49;36;287;333
0;37;287;333
1;37;287;333
2;37;613;333
3;37;613;333
4;37;597;333
4;37;513;333
5;37;597;333
5;37;513;333
6;37;597;333
6;37;513;333
7;37;613;333
8;37;701;333
8;37;720;333
9;37;709;333
10;37;701;333
10;37;721;333
11;37;701;333
11;37;720;333
12;37;709;333
13;37;701;333
13;37;721;333
14;37;613;333
15;37;597;333
16;37;597;333
17;37;597;333
18;37;597;333
18;37;92;333
19;37;597;333
19;37;1360;333
19;37;2400;333
20;37;613;333
21;37;613;333
22;37;287;333
23;37;287;333
24;37;287;333
25;37;287;333
26;37;287;333
27;37;287;333
28;37;287;333
29;37;287;333
30;37;287;333
31;37;287;333
32;37;287;333
33;37;287;333
34;37;287;333
35;37;613;333
36;37;626;333
44;37;629;333
45;37;613;333
46;37;287;333
47;37;287;333
48;37;287;333
49;37;287;333
0;38;287;333
1;38;287;333
2;38;613;333
3;38;513;333
4;38;513;333
6;38;694;333
7;38;402;333
14;38;402;333
15;38;694;333
17;38;2937;333
20;38;272;333
21;38;613;333
22;38;287;333
23;38;287;333
24;38;287;333
25;38;287;333
26;38;287;333
27;38;287;333
28;38;287;333
29;38;287;333
30;38;287;333
31;38;287;333
32;38;287;333
33;38;287;333
34;38;622;333
35;38;628;333
37;38;914;333
38;38;267;333
39;38;3094;333
43;38;267;333
45;38;629;333
46;38;630;333
47;38;287;333
48;38;287;333
49;38;287;333
0;39;287;333
1;39;287;333
2;39;599;333
2;39;513;333
3;39;513;333
21;39;596;333
21;39;1362;333
22;39;287;333
23;39;287;333
24;39;287;333
25;39;287;333
26;39;287;333
27;39;287;333
28;39;287;333
29;39;287;333
30;39;287;333
31;39;287;333
32;39;287;333
33;39;613;333
34;39;626;333
37;39;266;333
38;39;393;333
43;39;394;333
44;39;266;333
46;39;629;333
47;39;613;333
48;39;287;333
49;39;287;333
0;40;287;333
1;40;287;333
2;40;599;333
2;40;513;333
21;40;596;333
21;40;8;333
21;40;917;333
22;40;287;333
23;40;287;333
24;40;287;333
25;40;287;333
26;40;287;333
27;40;287;333
28;40;287;333
29;40;287;333
30;40;287;333
31;40;287;333
32;40;287;333
33;40;287;333
36;40;75;333
47;40;596;333
47;40;8;333
48;40;287;333
49;40;287;333
0;41;287;333
1;41;287;333
2;41;599;333
20;41;695;333
21;41;596;333
21;41;8;333
22;41;287;333
23;41;613;333
24;41;622;333
25;41;622;333
26;41;622;333
27;41;613;333
28;41;622;333
29;41;622;333
30;41;622;333
31;41;613;333
32;41;287;333
33;41;287;333
41;41;2877;333
47;41;596;333
47;41;8;333
48;41;287;333
49;41;287;333
0;42;287;333
1;42;287;333
2;42;613;333
7;42;3101;333
8;42;212;333
15;42;212;333
20;42;404;333
21;42;613;333
22;42;622;333
23;42;628;333
27;42;402;333
29;42;1265;333
30;42;914;333
31;42;629;333
32;42;622;333
33;42;613;333
40;42;2876;333
41;42;2885;333
41;42;2038;333
42;42;2878;333
44;42;267;333
46;42;267;333
47;42;613;333
48;42;287;333
49;42;287;333
0;43;287;333
1;43;287;333
2;43;599;333
2;43;3094;333
7;43;213;333
16;43;215;333
21;43;703;333
21;43;722;333
28;43;3101;333
32;43;404;333
33;43;702;333
41;43;2875;333
47;43;596;333
47;43;2038;333
48;43;287;333
49;43;287;333
0;44;287;333
1;44;287;333
2;44;599;333
2;44;3094;333
7;44;213;333
8;44;2879;333
11;44;914;333
11;44;359;333
12;44;914;333
12;44;359;333
15;44;2879;333
15;44;3101;333
16;44;215;333
21;44;711;333
33;44;710;333
37;44;2876;333
38;44;2885;333
38;44;394;333
47;44;596;333
47;44;75;333
48;44;287;333
49;44;287;333
0;45;287;333
1;45;287;333
2;45;599;333
2;45;3094;333
7;45;213;333
8;45;2879;333
8;45;2934;333
11;45;2937;333
15;45;2879;333
15;45;2038;333
16;45;215;333
21;45;703;333
21;45;720;333
32;45;3096;333
33;45;702;333
38;45;2875;333
41;45;66;333;markerstone=303
42;45;393;333
42;45;3096;333
47;45;596;333
48;45;287;333
49;45;287;333
0;46;287;333
1;46;287;333
2;46;613;333
3;46;3094;333
8;46;214;333
11;46;66;333;markerstone=300
15;46;214;333
20;46;404;333
21;46;613;333
22;46;626;333
23;46;626;333
31;46;626;333
32;46;626;333
33;46;613;333
39;46;2937;333
42;46;267;333
44;46;267;333
46;46;267;333
47;46;613;333
48;46;287;333
49;46;287;333
0;47;287;333
1;47;287;333
2;47;599;333
2;47;3094;333
20;47;695;333
21;47;596;333
22;47;287;333
23;47;613;333
24;47;626;333
25;47;626;333
26;47;626;333
27;47;613;333
28;47;626;333
29;47;626;333
30;47;626;333
31;47;613;333
32;47;287;333
33;47;287;333
47;47;596;333
47;47;8;333
48;47;287;333
49;47;287;333
0;48;287;333
1;48;287;333
2;48;599;333
2;48;3094;333
21;48;596;333
22;48;287;333
23;48;287;333
24;48;287;333
25;48;287;333
26;48;287;333
27;48;287;333
28;48;287;333
29;48;287;333
30;48;287;333
31;48;287;333
32;48;287;333
33;48;287;333
36;48;267;333
44;48;266;333
47;48;596;333
47;48;8;333
48;48;287;333
49;48;287;333
0;49;287;333
1;49;287;333
2;49;599;333
2;49;3094;333
21;49;596;333
22;49;287;333
23;49;287;333
24;49;287;333
25;49;287;333
26;49;287;333
27;49;287;333
28;49;287;333
29;49;287;333
30;49;287;333
31;49;287;333
32;49;287;333
33;49;613;333
34;49;626;333
37;49;266;333
39;49;266;333
41;49;266;333
46;49;627;333
47;49;613;333
48;49;287;333
49;49;287;333
0;50;287;333
1;50;287;333
2;50;613;333
8;50;3096;333
21;50;613;333
22;50;287;333
23;50;287;333
24;50;287;333
25;50;287;333
26;50;287;333
27;50;287;333
28;50;287;333
29;50;287;333
30;50;287;333
31;50;287;333
32;50;287;333
33;50;287;333
34;50;626;333
35;50;626;333
45;50;626;333
46;50;623;333
47;50;287;333
48;50;287;333
49;50;287;333
0;51;287;333
1;51;287;333
2;51;613;333
3;51;613;333
4;51;700;333
4;51;722;333
5;51;700;333
6;51;708;333
7;51;723;333
7;51;700;333
8;51;613;333
9;51;598;333
9;51;915;333
10;51;598;333
11;51;598;333
12;51;613;333
13;51;598;333
14;51;598;333
15;51;598;333
16;51;613;333
17;51;598;333
18;51;598;333
19;51;598;333
20;51;613;333
21;51;613;333
22;51;287;333
23;51;287;333
24;51;287;333
25;51;287;333
26;51;287;333
27;51;287;333
28;51;287;333
29;51;287;333
30;51;287;333
31;51;287;333
32;51;287;333
33;51;287;333
34;51;287;333
35;51;613;333
36;51;598;333
37;51;598;333
38;51;613;333
39;51;598;333
40;51;598;333
41;51;598;333
42;51;613;333
43;51;598;333
44;51;598;333
45;51;613;333
46;51;287;333
47;51;287;333
48;51;287;333
49;51;287;333
0;52;287;333
1;52;287;333
2;52;626;333
4;52;295;333
5;52;3095;333
8;52;623;333
9;52;287;333
10;52;287;333
11;52;287;333
12;52;287;333
13;52;287;333
14;52;287;333
15;52;287;333
16;52;287;333
17;52;287;333
18;52;287;333
19;52;287;333
20;52;287;333
21;52;287;333
22;52;287;333
23;52;287;333
24;52;287;333
25;52;287;333
26;52;287;333
27;52;287;333
28;52;287;333
29;52;287;333
30;52;287;333
31;52;287;333
32;52;287;333
33;52;287;333
34;52;287;333
35;52;287;333
36;52;287;333
37;52;287;333
38;52;287;333
39;52;287;333
40;52;287;333
41;52;287;333
42;52;287;333
43;52;287;333
44;52;287;333
45;52;287;333
46;52;287;333
47;52;287;333
48;52;287;333
49;52;287;333
0;53;287;333
1;53;287;333
2;53;626;333
7;53;1265;333
8;53;623;333
9;53;287;333
10;53;287;333
11;53;287;333
12;53;287;333
13;53;287;333
14;53;287;333
15;53;287;333
16;53;287;333
17;53;287;333
18;53;287;333
19;53;287;333
20;53;287;333
21;53;287;333
22;53;287;333
23;53;287;333
24;53;287;333
25;53;287;333
26;53;287;333
27;53;287;333
28;53;287;333
29;53;287;333
30;53;287;333
31;53;287;333
32;53;287;333
33;53;287;333
34;53;287;333
35;53;287;333
36;53;287;333
37;53;287;333
38;53;287;333
39;53;287;333
40;53;287;333
41;53;287;333
42;53;287;333
43;53;287;333
44;53;287;333
45;53;287;333
46;53;287;333
47;53;287;333
48;53;287;333
49;53;287;333
0;54;287;333
1;54;287;333
2;54;626;333
8;54;623;333
9;54;287;333
10;54;287;333
11;54;287;333
12;54;287;333
13;54;287;333
14;54;287;333
15;54;287;333
16;54;287;333
17;54;287;333
18;54;287;333
19;54;287;333
20;54;287;333
21;54;287;333
22;54;287;333
23;54;287;333
24;54;287;333
25;54;287;333
26;54;287;333
27;54;287;333
28;54;287;333
29;54;287;333
30;54;287;333
31;54;287;333
32;54;287;333
33;54;287;333
34;54;287;333
35;54;287;333
36;54;287;333
37;54;287;333
38;54;287;333
39;54;287;333
40;54;287;333
41;54;287;333
42;54;287;333
43;54;287;333
44;54;287;333
45;54;287;333
46;54;287;333
47;54;287;333
48;54;287;333
49;54;287;333
0;55;287;333
1;55;287;333
2;55;613;333
7;55;404;333
8;55;613;333
9;55;287;333
10;55;287;333
11;55;287;333
12;55;287;333
13;55;287;333
14;55;287;333
15;55;287;333
16;55;287;333
17;55;287;333
18;55;287;333
19;55;287;333
20;55;287;333
21;55;287;333
22;55;287;333
23;55;287;333
24;55;287;333
25;55;287;333
26;55;287;333
27;55;287;333
28;55;287;333
29;55;287;333
30;55;287;333
31;55;622;333
32;55;622;333
33;55;622;333
34;55;630;333
35;55;287;333
36;55;287;333
37;55;287;333
38;55;287;333
39;55;287;333
40;55;287;333
41;55;287;333
42;55;287;333
43;55;287;333
44;55;287;333
45;55;287;333
46;55;287;333
47;55;287;333
48;55;287;333
49;55;287;333
0;56;287;333
1;56;287;333
2;56;599;333
7;56;1273;333
8;56;596;333
8;56;1276;333
9;56;287;333
10;56;287;333
11;56;287;333
12;56;287;333
13;56;287;333
14;56;287;333
15;56;287;333
16;56;287;333
17;56;287;333
18;56;287;333
19;56;287;333
20;56;287;333
21;56;287;333
22;56;287;333
23;56;287;333
24;56;287;333
25;56;287;333
26;56;287;333
27;56;287;333
28;56;622;333
29;56;622;333
30;56;622;333
31;56;628;333
34;56;629;333
35;56;622;333
36;56;622;333
37;56;622;333
38;56;630;333
39;56;287;333
40;56;287;333
41;56;287;333
42;56;287;333
43;56;287;333
44;56;287;333
45;56;287;333
46;56;622;333
47;56;630;333
48;56;287;333
49;56;287;333
0;57;287;333
1;57;287;333
2;57;599;333
8;57;596;333
9;57;287;333
10;57;287;333
11;57;287;333
12;57;287;333
13;57;287;333
14;57;287;333
15;57;287;333
16;57;287;333
17;57;287;333
18;57;287;333
19;57;287;333
20;57;287;333
21;57;287;333
22;57;287;333
23;57;287;333
24;57;287;333
25;57;287;333
26;57;287;333
27;57;622;333
28;57;628;333
34;57;914;333
35;57;1245;333
36;57;3095;333
37;57;914;333
38;57;629;333
39;57;630;333
40;57;287;333
41;57;287;333
42;57;287;333
43;57;287;333
44;57;622;333
45;57;622;333
46;57;1246;333
47;57;623;333
48;57;287;333
49;57;287;333
0;58;287;333
1;58;287;333
2;58;599;333
8;58;596;333
9;58;287;333
10;58;287;333
11;58;287;333
12;58;287;333
13;58;287;333
14;58;287;333
15;58;287;333
16;58;287;333
17;58;287;333
18;58;287;333
19;58;287;333
20;58;287;333
21;58;287;333
22;58;287;333
23;58;287;333
24;58;287;333
25;58;287;333
26;58;287;333
27;58;626;333
35;58;1276;333
37;58;320;333
37;58;2782;333
38;58;320;333
38;58;2777;333
39;58;629;333
40;58;622;333
41;58;622;333
42;58;622;333
43;58;622;333
44;58;1361;333
45;58;2775;333
46;58;8;333
47;58;623;333
48;58;287;333
49;58;287;333
0;59;287;333
1;59;287;333
2;59;613;333
7;59;404;333
8;59;613;333
9;59;287;333
10;59;287;333
11;59;287;333
12;59;287;333
13;59;287;333
14;59;287;333
15;59;287;333
16;59;287;333
17;59;287;333
18;59;287;333
19;59;287;333
20;59;287;333
21;59;287;333
22;59;287;333
23;59;287;333
24;59;287;333
25;59;287;333
26;59;287;333
27;59;626;333
35;59;1273;333
39;59;36;333
39;59;3109;333
40;59;2877;333
41;59;2877;333
42;59;2877;333
43;59;36;333
43;59;2685;333
46;59;1367;333
47;59;623;333
48;59;287;333
49;59;287;333
0;60;287;333
1;60;287;333
2;60;626;333
8;60;623;333
9;60;287;333
10;60;287;333
11;60;287;333
12;60;287;333
13;60;287;333
14;60;287;333
15;60;287;333
16;60;287;333
17;60;287;333
18;60;287;333
19;60;287;333
20;60;287;333
21;60;287;333
22;60;287;333
23;60;287;333
24;60;287;333
25;60;287;333
26;60;622;333
27;60;628;333
34;60;1245;333
35;60;915;333
36;60;1272;333
46;60;623;333
47;60;287;333
48;60;287;333
49;60;287;333
0;61;287;333
1;61;287;333
2;61;626;333
8;61;623;333
9;61;287;333
10;61;287;333
11;61;287;333
12;61;287;333
13;61;287;333
14;61;287;333
15;61;287;333
16;61;287;333
17;61;287;333
18;61;287;333
19;61;287;333
20;61;287;333
21;61;287;333
22;61;287;333
23;61;287;333
24;61;287;333
25;61;622;333
26;61;628;333
34;61;1250;333
42;61;914;333
42;61;359;333
45;61;1265;333
46;61;623;333
47;61;287;333
48;61;287;333
49;61;287;333
0;62;287;333
1;62;287;333
2;62;626;333
8;62;623;333
9;62;287;333
10;62;287;333
11;62;287;333
12;62;287;333
13;62;287;333
14;62;287;333
15;62;287;333
16;62;287;333
17;62;287;333
18;62;287;333
19;62;287;333
20;62;287;333
21;62;287;333
22;62;287;333
23;62;287;333
24;62;287;333
25;62;626;333
34;62;1273;333
45;62;3093;333
46;62;623;333
47;62;287;333
48;62;287;333
49;62;287;333
0;63;287;333
1;63;287;333
2;63;613;333
6;63;3093;333
7;63;1251;333
8;63;613;333
9;63;287;333
10;63;287;333
11;63;622;333
12;63;622;333
13;63;622;333
14;63;613;333
15;63;287;333
16;63;287;333
17;63;287;333
18;63;287;333
19;63;287;333
20;63;287;333
21;63;287;333
22;63;287;333
23;63;287;333
24;63;287;333
25;63;626;333
33;63;914;333
34;63;1250;333
45;63;3093;333
46;63;623;333
47;63;287;333
48;63;287;333
49;63;287;333
0;64;287;333
1;64;287;333
2;64;626;333
6;64;1272;333
8;64;629;333
9;64;622;333
10;64;622;333
11;64;628;333
12;64;914;333
13;64;1276;333
14;64;629;333
15;64;630;333
16;64;287;333
17;64;287;333
18;64;287;333
19;64;287;333
20;64;287;333
21;64;287;333
22;64;287;333
23;64;622;333
24;64;622;333
25;64;628;333
33;64;1273;333
36;64;914;333
36;64;359;333
43;64;66;333;markerstone=305
45;64;2874;333
46;64;623;333
47;64;287;333
48;64;287;333
49;64;287;333
0;65;287;333
1;65;287;333
2;65;626;333
10;65;3095;333
14;65;1361;333
15;65;629;333
16;65;613;333
17;65;597;333
18;65;597;333
18;65;272;333
19;65;597;333
20;65;597;333
20;65;1276;333
21;65;597;333
21;65;914;333
22;65;613;333
24;65;404;333
25;65;613;333
31;65;404;333
32;65;613;333
33;65;1250;333
46;65;623;333
47;65;287;333
48;65;287;333
49;65;287;333
0;66;287;333
1;66;287;333
2;66;626;333
9;66;212;333
16;66;402;333
22;66;2905;333
25;66;606;333
26;66;603;333
27;66;603;333
28;66;603;333
29;66;603;333
30;66;603;333
31;66;603;333
32;66;601;333
33;66;1250;333
44;66;320;333
44;66;225;333
45;66;695;333
46;66;623;333
47;66;287;333
48;66;287;333
49;66;287;333
0;67;287;333
1;67;287;333
2;67;613;333
3;67;3094;333
8;67;1251;333
9;67;36;333
9;67;394;333
10;67;215;333
19;67;1272;333
25;67;606;333
26;67;603;333
27;67;603;333
28;67;603;333
29;67;603;333
30;67;603;333
31;67;603;333
32;67;601;333
44;67;2916;333
45;67;914;333
45;67;359;333
46;67;623;333
47;67;287;333
48;67;287;333
49;67;287;333
0;68;287;333
1;68;287;333
2;68;626;333
8;68;1245;333
9;68;914;333
11;68;2937;333
25;68;606;333
26;68;603;333
27;68;603;333
28;68;603;333
29;68;603;333
30;68;603;333
31;68;603;333
32;68;601;333
44;68;2038;333
45;68;695;333
46;68;629;333
47;68;630;333
48;68;287;333
49;68;287;333
0;69;287;333
1;69;287;333
2;69;626;333
31;69;404;333
32;69;613;333
46;69;1367;333
46;69;2403;333
47;69;623;333
48;69;287;333
49;69;287;333
0;70;287;333
1;70;287;333
2;70;626;333
24;70;404;333
25;70;613;333
33;70;1250;333
36;70;914;333
36;70;359;333
46;70;1362;333
47;70;623;333
48;70;287;333
49;70;287;333
0;71;287;333
1;71;287;333
2;71;613;333
4;71;213;333
5;71;36;333
5;71;394;333
15;71;914;333
16;71;3096;333
24;71;1278;333
33;71;1273;333
34;71;1250;333
43;71;285;333
44;71;1361;333
46;71;8;333
46;71;61;333
47;71;623;333
48;71;287;333
49;71;287;333
0;72;287;333
1;72;287;333
2;72;626;333
3;72;3094;333
5;72;214;333
13;72;1251;333
14;72;1276;333
15;72;627;333
16;72;613;333
17;72;598;333
18;72;598;333
19;72;598;333
20;72;598;333
21;72;598;333
22;72;613;333
23;72;626;333
24;72;626;333
34;72;914;333
43;72;46;333
44;72;8;333
45;72;236;333
46;72;8;333
46;72;2284;333
47;72;623;333
48;72;287;333
49;72;287;333
0;73;287;333
1;73;287;333
2;73;626;333
12;73;66;333;markerstone=301
13;73;8;333
14;73;627;333
15;73;623;333
16;73;287;333
17;73;287;333
18;73;287;333
19;73;287;333
20;73;287;333
21;73;287;333
22;73;287;333
23;73;287;333
24;73;626;333
25;73;626;333
34;73;1251;333
35;73;1250;333
42;73;914;333
42;73;359;333
43;73;2357;333
44;73;8;333
44;73;371;333
46;73;1362;333
47;73;623;333
48;73;287;333
49;73;287;333
0;74;287;333
1;74;287;333
2;74;626;333
13;74;3101;333
14;74;623;333
15;74;287;333
16;74;287;333
17;74;287;333
18;74;287;333
19;74;287;333
20;74;287;333
21;74;287;333
22;74;287;333
23;74;287;333
24;74;627;333
25;74;626;333
35;74;1245;333
42;74;1272;333
43;74;3096;333
44;74;236;333
46;74;627;333
47;74;623;333
48;74;287;333
49;74;287;333
0;75;287;333
1;75;287;333
2;75;613;333
3;75;3094;333
6;75;12;333
7;75;2850;333
13;75;404;333
14;75;613;333
15;75;287;333
16;75;287;333
17;75;287;333
18;75;287;333
19;75;287;333
20;75;287;333
21;75;287;333
22;75;287;333
23;75;287;333
24;75;629;333
25;75;628;333
35;75;1245;333
43;75;627;333
44;75;626;333
45;75;627;333
46;75;623;333
47;75;287;333
48;75;287;333
49;75;287;333
0;76;287;333
1;76;287;333
2;76;626;333
6;76;3101;333
13;76;1265;333
14;76;623;333
15;76;287;333
16;76;287;333
17;76;287;333
18;76;287;333
19;76;287;333
20;76;287;333
21;76;287;333
22;76;287;333
23;76;287;333
24;76;287;333
25;76;627;333
26;76;626;333
35;76;915;333
36;76;1273;333
38;76;206;333
39;76;36;333
39;76;282;333
40;76;2875;333
41;76;2875;333
42;76;2875;333
43;76;629;333
44;76;628;333
45;76;623;333
46;76;287;333
47;76;287;333
48;76;287;333
49;76;287;333
0;77;287;333
1;77;287;333
2;77;626;333
14;77;623;333
15;77;287;333
16;77;287;333
17;77;287;333
18;77;287;333
19;77;287;333
20;77;287;333
21;77;287;333
22;77;287;333
23;77;287;333
24;77;287;333
25;77;629;333
26;77;628;333
36;77;914;333
40;77;1278;333
41;77;627;333
42;77;626;333
43;77;626;333
44;77;627;333
45;77;623;333
46;77;287;333
47;77;287;333
48;77;287;333
49;77;287;333
0;78;287;333
1;78;287;333
2;78;626;333
6;78;3096;333
14;78;623;333
15;78;287;333
16;78;287;333
17;78;287;333
18;78;287;333
19;78;287;333
20;78;287;333
21;78;287;333
22;78;287;333
23;78;287;333
24;78;287;333
25;78;627;333
26;78;626;333
36;78;915;333
37;78;914;333
38;78;627;333
39;78;626;333
40;78;627;333
41;78;629;333
42;78;628;333
43;78;626;333
44;78;623;333
45;78;287;333
46;78;287;333
47;78;287;333
48;78;287;333
49;78;287;333
0;79;287;333
1;79;287;333
2;79;613;333
3;79;626;333
4;79;626;333
5;79;626;333
6;79;613;333
7;79;626;333
8;79;626;333
9;79;626;333
10;79;613;333
11;79;626;333
12;79;626;333
13;79;626;333
14;79;613;333
15;79;287;333
16;79;287;333
17;79;287;333
18;79;287;333
19;79;287;333
20;79;287;333
21;79;287;333
22;79;287;333
23;79;287;333
24;79;287;333
25;79;629;333
26;79;628;333
27;79;627;333
35;79;1276;333
36;79;1276;333
37;79;627;333
38;79;629;333
39;79;628;333
40;79;623;333
41;79;287;333
42;79;287;333
43;79;287;333
44;79;287;333
45;79;287;333
46;79;287;333
47;79;287;333
48;79;287;333
49;79;287;333
0;80;287;333
1;80;287;333
2;80;287;333
3;80;287;333
4;80;287;333
5;80;287;333
6;80;287;333
7;80;287;333
8;80;287;333
9;80;287;333
10;80;287;333
11;80;287;333
12;80;287;333
13;80;287;333
14;80;287;333
15;80;287;333
16;80;287;333
17;80;287;333
18;80;287;333
19;80;287;333
20;80;287;333
21;80;287;333
22;80;287;333
23;80;287;333
24;80;287;333
25;80;287;333
26;80;287;333
27;80;629;333
28;80;628;333
29;80;627;333
30;80;626;333
34;80;626;333
35;80;1276;333
36;80;627;333
37;80;623;333
38;80;287;333
39;80;287;333
40;80;287;333
41;80;287;333
42;80;287;333
43;80;287;333
44;80;287;333
45;80;287;333
46;80;287;333
47;80;287;333
48;80;287;333
49;80;287;333
0;81;287;333
1;81;287;333
2;81;287;333
3;81;287;333
4;81;287;333
5;81;287;333
6;81;287;333
7;81;287;333
8;81;287;333
9;81;287;333
10;81;287;333
11;81;287;333
12;81;287;333
13;81;287;333
14;81;287;333
15;81;287;333
16;81;287;333
17;81;287;333
18;81;287;333
19;81;287;333
20;81;287;333
21;81;287;333
22;81;287;333
23;81;287;333
24;81;287;333
25;81;287;333
26;81;287;333
27;81;287;333
28;81;287;333
29;81;629;333
30;81;628;333
31;81;627;333
32;81;626;333
33;81;627;333
34;81;626;333
35;81;627;333
36;81;623;333
37;81;287;333
38;81;287;333
39;81;287;333
40;81;287;333
41;81;287;333
42;81;287;333
43;81;287;333
44;81;287;333
45;81;287;333
46;81;287;333
47;81;287;333
48;81;287;333
49;81;287;333
0;82;287;333
1;82;287;333
2;82;287;333
3;82;287;333
4;82;287;333
5;82;287;333
6;82;287;333
7;82;287;333
8;82;287;333
9;82;287;333
10;82;287;333
11;82;287;333
12;82;287;333
13;82;287;333
14;82;287;333
15;82;287;333
16;82;287;333
17;82;287;333
18;82;287;333
19;82;287;333
20;82;287;333
21;82;287;333
22;82;287;333
23;82;287;333
24;82;287;333
25;82;287;333
26;82;287;333
27;82;287;333
28;82;287;333
29;82;287;333
30;82;287;333
31;82;629;333
32;82;628;333
33;82;629;333
34;82;628;333
35;82;623;333
36;82;287;333
37;82;287;333
38;82;287;333
39;82;287;333
40;82;287;333
41;82;287;333
42;82;287;333
43;82;287;333
44;82;287;333
45;82;287;333
46;82;287;333
47;82;287;333
48;82;287;333
49;82;287;333
0;83;287;333
1;83;287;333
2;83;287;333
3;83;287;333
4;83;287;333
5;83;287;333
6;83;287;333
7;83;287;333
8;83;287;333
9;83;287;333
10;83;287;333
11;83;287;333
12;83;287;333
13;83;287;333
14;83;287;333
15;83;287;333
16;83;287;333
17;83;287;333
18;83;287;333
19;83;287;333
20;83;287;333
21;83;287;333
22;83;287;333
23;83;287;333
24;83;287;333
25;83;287;333
26;83;287;333
27;83;287;333
28;83;287;333
29;83;287;333
30;83;287;333
31;83;287;333
32;83;287;333
33;83;287;333
34;83;287;333
35;83;287;333
36;83;287;333
37;83;287;333
38;83;287;333
39;83;287;333
40;83;287;333
41;83;287;333
42;83;287;333
43;83;287;333
44;83;287;333
45;83;287;333
46;83;287;333
47;83;287;333
48;83;287;333
49;83;287;333
0;84;287;333
1;84;287;333
2;84;287;333
3;84;287;333
4;84;287;333
5;84;287;333
6;84;287;333
7;84;287;333
8;84;287;333
9;84;287;333
10;84;287;333
11;84;287;333
12;84;287;333
13;84;287;333
14;84;287;333
15;84;287;333
16;84;287;333
17;84;287;333
18;84;287;333
19;84;287;333
20;84;287;333
21;84;287;333
22;84;287;333
23;84;287;333
24;84;287;333
25;84;287;333
26;84;287;333
27;84;287;333
28;84;287;333
29;84;287;333
30;84;287;333
31;84;287;333
32;84;287;333
33;84;287;333
34;84;287;333
35;84;287;333
36;84;287;333
37;84;287;333
38;84;287;333
39;84;287;333
40;84;287;333
41;84;287;333
42;84;287;333
43;84;287;333
44;84;287;333
45;84;287;333
46;84;287;333
47;84;287;333
48;84;287;333
49;84;287;333
