# Illarion Server
# 
# This program is free software: you can redistribute it and/or modify it under
# the terms of the GNU Affero General Public License as published by the Free
# Software Foundation, either version 3 of the License, or (at your option) any
# later version.
# 
# This program is distributed in the hope that it will be useful, but WITHOUT
# ANY WARRANTY; without even the implied warranty of MERCHANTABILITY or FITNESS
# FOR A PARTICULAR PURPOSE.  See the GNU Affero General Public License for more
# details.
# 
# You should have received a copy of the GNU Affero General Public License along
# with this program.  If not, see <http://www.gnu.org/licenses/>.
0;0;287;333
1;0;287;333
2;0;287;333
3;0;287;333
4;0;287;333
5;0;287;333
6;0;287;333
7;0;287;333
8;0;287;333
9;0;287;333
10;0;287;333
11;0;287;333
12;0;287;333
13;0;287;333
14;0;287;333
15;0;287;333
16;0;287;333
17;0;287;333
18;0;287;333
19;0;287;333
20;0;287;333
21;0;287;333
22;0;287;333
23;0;287;333
24;0;287;333
25;0;287;333
26;0;287;333
27;0;287;333
28;0;287;333
29;0;287;333
30;0;287;333
31;0;287;333
32;0;287;333
33;0;287;333
34;0;287;333
35;0;287;333
36;0;287;333
37;0;287;333
38;0;287;333
39;0;287;333
40;0;287;333
41;0;287;333
42;0;287;333
43;0;287;333
44;0;287;333
45;0;287;333
46;0;287;333
47;0;287;333
48;0;287;333
49;0;287;333
0;1;287;333
1;1;287;333
2;1;287;333
3;1;287;333
4;1;287;333
5;1;287;333
6;1;287;333
7;1;287;333
8;1;287;333
9;1;287;333
10;1;287;333
11;1;287;333
12;1;287;333
13;1;287;333
14;1;287;333
15;1;287;333
16;1;287;333
17;1;287;333
18;1;287;333
19;1;287;333
20;1;287;333
21;1;287;333
22;1;287;333
23;1;287;333
24;1;287;333
25;1;287;333
26;1;287;333
27;1;287;333
28;1;287;333
29;1;287;333
30;1;287;333
31;1;287;333
32;1;287;333
33;1;287;333
34;1;287;333
35;1;287;333
36;1;287;333
37;1;287;333
38;1;287;333
39;1;287;333
40;1;287;333
41;1;287;333
42;1;287;333
43;1;287;333
44;1;287;333
45;1;287;333
46;1;287;333
47;1;287;333
48;1;287;333
49;1;287;333
0;2;287;333
1;2;287;333
2;2;287;333
3;2;287;333
4;2;287;333
5;2;287;333
6;2;622;333
7;2;622;333
8;2;630;333
9;2;287;333
10;2;287;333
11;2;287;333
12;2;287;333
13;2;287;333
14;2;287;333
15;2;287;333
16;2;287;333
17;2;287;333
18;2;287;333
19;2;287;333
20;2;287;333
21;2;287;333
22;2;287;333
23;2;287;333
24;2;287;333
25;2;287;333
26;2;287;333
27;2;287;333
28;2;287;333
29;2;622;333
30;2;622;333
31;2;622;333
32;2;630;333
33;2;287;333
34;2;287;333
35;2;287;333
36;2;287;333
37;2;287;333
38;2;287;333
39;2;287;333
40;2;287;333
41;2;287;333
42;2;287;333
43;2;287;333
44;2;287;333
45;2;287;333
46;2;287;333
47;2;287;333
48;2;287;333
49;2;287;333
0;3;287;333
1;3;287;333
2;3;287;333
3;3;287;333
4;3;622;333
5;3;622;333
6;3;628;333
8;3;629;333
9;3;630;333
10;3;287;333
11;3;287;333
12;3;287;333
13;3;287;333
14;3;287;333
15;3;287;333
16;3;287;333
17;3;287;333
18;3;287;333
19;3;287;333
20;3;287;333
21;3;287;333
22;3;287;333
23;3;287;333
24;3;287;333
25;3;287;333
26;3;287;333
27;3;622;333
28;3;622;333
29;3;628;333
30;3;627;333
31;3;626;333
32;3;629;333
33;3;622;333
34;3;630;333
35;3;287;333
36;3;287;333
37;3;287;333
38;3;287;333
39;3;287;333
40;3;287;333
41;3;287;333
42;3;287;333
43;3;287;333
44;3;287;333
45;3;287;333
46;3;287;333
47;3;287;333
48;3;287;333
49;3;287;333
0;4;287;333
1;4;287;333
2;4;287;333
3;4;287;333
4;4;628;333
8;4;915;333
9;4;629;333
10;4;622;333
10;4;624;333
11;4;622;333
12;4;630;333
13;4;287;333
14;4;287;333
15;4;287;333
16;4;287;333
17;4;287;333
18;4;287;333
19;4;287;333
20;4;287;333
21;4;287;333
22;4;287;333
23;4;287;333
24;4;287;333
25;4;622;333
26;4;622;333
27;4;628;333
28;4;1273;333
29;4;627;333
30;4;626;333
31;4;626;333
32;4;626;333
33;4;1273;333
34;4;629;333
35;4;630;333
36;4;287;333
37;4;287;333
38;4;287;333
39;4;287;333
40;4;622;333
41;4;630;333
42;4;287;333
43;4;287;333
44;4;287;333
45;4;287;333
46;4;287;333
47;4;287;333
48;4;287;333
49;4;287;333
0;5;287;333
1;5;287;333
2;5;287;333
3;5;622;333
4;5;628;333
6;5;29;333
8;5;66;333;markerstone=292
11;5;3093;333
12;5;629;333
13;5;622;333
14;5;622;333
15;5;622;333
16;5;630;333
17;5;287;333
18;5;287;333
19;5;287;333
20;5;287;333
21;5;287;333
22;5;287;333
23;5;287;333
24;5;287;333
25;5;627;333
26;5;626;333
27;5;915;333
29;5;623;333
30;5;287;333
31;5;287;333
32;5;626;333
33;5;1273;333
34;5;915;333
35;5;623;333
36;5;287;333
37;5;287;333
38;5;287;333
39;5;622;333
40;5;628;333
41;5;629;333
42;5;622;333
43;5;630;333
44;5;287;333
45;5;287;333
46;5;287;333
47;5;287;333
48;5;287;333
49;5;287;333
0;6;287;333
1;6;287;333
2;6;287;333
3;6;628;333
15;6;233;333
16;6;629;333
17;6;630;333
18;6;287;333
19;6;287;333
20;6;287;333
21;6;287;333
22;6;287;333
23;6;287;333
24;6;287;333
25;6;628;333
26;6;628;333
27;6;3100;333
29;6;629;333
30;6;622;333
31;6;622;333
32;6;628;333
33;6;3097;333
34;6;2038;333
35;6;629;333
36;6;622;333
37;6;622;333
38;6;622;333
39;6;628;333
40;6;1273;333
41;6;1273;333
43;6;629;333
44;6;622;333
45;6;630;333
46;6;287;333
47;6;287;333
48;6;287;333
49;6;287;333
0;7;287;333
1;7;287;333
2;7;622;333
3;7;628;333
9;7;627;333
10;7;626;333
17;7;623;333
18;7;287;333
19;7;287;333
20;7;287;333
21;7;287;333
22;7;287;333
23;7;287;333
24;7;287;333
25;7;626;333
29;7;3095;333
30;7;914;333
31;7;28;333
32;7;3098;333
37;7;3095;333
38;7;3095;333
43;7;3095;333
44;7;915;333
45;7;629;333
46;7;630;333
47;7;287;333
48;7;287;333
49;7;287;333
0;8;287;333
1;8;287;333
2;8;627;333
3;8;626;333
6;8;627;333
7;8;627;333
8;8;627;333
9;8;629;333
10;8;628;333
17;8;596;333
18;8;287;333
19;8;287;333
20;8;287;333
21;8;287;333
22;8;287;333
23;8;287;333
24;8;622;333
25;8;628;333
30;8;66;333;markerstone=294
45;8;914;333
46;8;623;333
47;8;287;333
48;8;287;333
49;8;287;333
0;9;287;333
1;9;287;333
2;9;629;333
3;9;628;333
4;9;627;333
5;9;627;333
6;9;623;333
7;9;287;333
8;9;287;333
9;9;287;333
10;9;287;333
11;9;287;333
12;9;287;333
13;9;287;333
17;9;596;333
18;9;287;333
19;9;287;333
20;9;287;333
21;9;287;333
22;9;287;333
23;9;622;333
24;9;628;333
36;9;627;333
37;9;626;333
46;9;623;333
46;9;629;333
47;9;287;333
48;9;287;333
49;9;287;333
0;10;287;333
1;10;287;333
2;10;287;333
3;10;626;333
4;10;623;333
5;10;287;333
6;10;287;333
7;10;287;333
8;10;287;333
9;10;287;333
10;10;287;333
11;10;287;333
12;10;287;333
13;10;287;333
17;10;623;333
18;10;287;333
19;10;287;333
20;10;287;333
21;10;287;333
22;10;287;333
30;10;3096;333
33;10;627;333
34;10;626;333
35;10;627;333
36;10;629;333
37;10;628;333
46;10;629;333
47;10;630;333
48;10;287;333
49;10;287;333
0;11;287;333
1;11;287;333
2;11;287;333
3;11;287;333
4;11;287;333
5;11;287;333
6;11;287;333
7;11;287;333
8;11;287;333
9;11;287;333
10;11;287;333
11;11;287;333
12;11;287;333
13;11;287;333
14;11;287;333
17;11;629;333
18;11;630;333
19;11;287;333
20;11;287;333
21;11;287;333
22;11;287;333
23;11;287;333
30;11;627;333
31;11;626;333
32;11;627;333
33;11;629;333
34;11;628;333
35;11;623;333
36;11;287;333
37;11;287;333
38;11;287;333
39;11;287;333
46;11;3100;333
47;11;623;333
48;11;287;333
49;11;287;333
0;12;287;333
1;12;287;333
2;12;287;333
3;12;287;333
4;12;287;333
5;12;287;333
6;12;287;333
7;12;287;333
8;12;287;333
9;12;287;333
10;12;287;333
11;12;287;333
12;12;287;333
13;12;287;333
14;12;287;333
18;12;623;333
19;12;287;333
20;12;287;333
21;12;287;333
22;12;287;333
23;12;287;333
24;12;287;333
26;12;627;333
27;12;626;333
29;12;627;333
30;12;629;333
31;12;628;333
32;12;623;333
33;12;287;333
34;12;287;333
35;12;287;333
36;12;287;333
37;12;287;333
38;12;287;333
39;12;287;333
40;12;287;333
41;12;287;333
47;12;623;333
48;12;287;333
49;12;287;333
0;13;287;333
1;13;287;333
2;13;287;333
3;13;287;333
4;13;287;333
5;13;287;333
6;13;287;333
7;13;622;333
8;13;630;333
9;13;287;333
10;13;287;333
11;13;287;333
12;13;287;333
13;13;622;333
14;13;622;333
15;13;628;333
18;13;629;333
19;13;630;333
20;13;287;333
21;13;287;333
22;13;287;333
23;13;287;333
24;13;287;333
25;13;287;333
26;13;629;333
27;13;628;333
28;13;627;333
29;13;623;333
30;13;287;333
31;13;287;333
32;13;287;333
33;13;287;333
34;13;287;333
35;13;287;333
36;13;287;333
37;13;287;333
38;13;287;333
39;13;287;333
40;13;287;333
41;13;287;333
42;13;287;333
46;13;627;333
47;13;623;333
48;13;287;333
49;13;287;333
0;14;287;333
1;14;287;333
2;14;287;333
3;14;287;333
4;14;287;333
5;14;622;333
6;14;622;333
7;14;628;333
8;14;629;333
9;14;597;333
10;14;597;333
11;14;597;333
12;14;622;333
13;14;628;333
14;14;3097;333
19;14;629;333
20;14;622;333
21;14;630;333
22;14;287;333
23;14;287;333
24;14;287;333
25;14;287;333
26;14;287;333
27;14;623;333
28;14;287;333
29;14;287;333
30;14;287;333
31;14;287;333
32;14;287;333
33;14;287;333
34;14;287;333
35;14;287;333
36;14;287;333
37;14;287;333
38;14;287;333
39;14;287;333
40;14;287;333
41;14;287;333
42;14;287;333
46;14;623;333
47;14;287;333
48;14;287;333
49;14;287;333
0;15;287;333
1;15;287;333
2;15;287;333
3;15;622;333
4;15;622;333
5;15;628;333
6;15;1273;333
8;15;3095;333
19;15;233;333
20;15;915;333
21;15;629;333
22;15;630;333
23;15;287;333
24;15;287;333
25;15;287;333
26;15;287;333
27;15;287;333
28;15;287;333
29;15;287;333
30;15;287;333
31;15;287;333
32;15;287;333
33;15;287;333
34;15;287;333
35;15;287;333
36;15;287;333
37;15;287;333
38;15;287;333
39;15;287;333
40;15;287;333
41;15;287;333
42;15;622;333
45;15;627;333
46;15;623;333
47;15;287;333
48;15;287;333
49;15;287;333
0;16;287;333
1;16;287;333
2;16;622;333
3;16;628;333
4;16;1245;333
21;16;1273;333
22;16;629;333
23;16;630;333
24;16;287;333
25;16;287;333
26;16;287;333
27;16;287;333
28;16;287;333
29;16;287;333
30;16;287;333
31;16;287;333
32;16;287;333
33;16;287;333
34;16;287;333
35;16;287;333
36;16;287;333
37;16;287;333
38;16;287;333
39;16;287;333
40;16;287;333
41;16;287;333
45;16;623;333
46;16;287;333
47;16;287;333
48;16;287;333
49;16;287;333
0;17;287;333
1;17;622;333
2;17;628;333
3;17;3099;333
6;17;2937;333
21;17;3100;333
22;17;3097;333
23;17;623;333
24;17;287;333
25;17;287;333
26;17;287;333
27;17;287;333
28;17;287;333
29;17;287;333
30;17;287;333
31;17;287;333
32;17;287;333
33;17;287;333
34;17;287;333
35;17;287;333
36;17;287;333
37;17;287;333
38;17;287;333
39;17;287;333
40;17;287;333
41;17;622;333
44;17;3096;333
45;17;623;333
46;17;287;333
47;17;287;333
48;17;287;333
49;17;287;333
0;18;597;333
1;18;628;333
2;18;914;333
10;18;407;333
21;18;627;333
22;18;627;333
23;18;623;333
24;18;287;333
25;18;287;333
26;18;287;333
27;18;287;333
28;18;287;333
29;18;287;333
30;18;287;333
31;18;287;333
32;18;287;333
33;18;287;333
34;18;287;333
35;18;287;333
36;18;287;333
37;18;287;333
38;18;287;333
39;18;287;333
40;18;287;333
44;18;627;333
45;18;623;333
46;18;287;333
47;18;287;333
48;18;287;333
49;18;287;333
1;19;1245;333
2;19;233;333
10;19;914;333
20;19;3093;333
21;19;623;333
22;19;287;333
23;19;287;333
24;19;287;333
25;19;287;333
26;19;287;333
27;19;287;333
28;19;287;333
29;19;287;333
30;19;287;333
31;19;287;333
32;19;287;333
33;19;287;333
34;19;287;333
35;19;287;333
36;19;287;333
37;19;287;333
38;19;287;333
39;19;287;333
40;19;287;333
44;19;623;333
45;19;287;333
46;19;287;333
47;19;287;333
48;19;287;333
49;19;287;333
17;20;2937;333
20;20;627;333
21;20;623;333
22;20;287;333
23;20;287;333
24;20;287;333
25;20;287;333
26;20;287;333
27;20;287;333
28;20;287;333
29;20;287;333
30;20;287;333
31;20;287;333
32;20;287;333
33;20;287;333
34;20;287;333
35;20;287;333
36;20;287;333
37;20;287;333
38;20;287;333
39;20;287;333
40;20;622;333
44;20;596;333
45;20;287;333
46;20;287;333
47;20;287;333
48;20;287;333
49;20;287;333
18;21;627;333
20;21;623;333
21;21;287;333
22;21;287;333
23;21;287;333
24;21;287;333
25;21;287;333
26;21;622;333
27;21;622;333
28;21;622;333
29;21;630;333
30;21;287;333
31;21;287;333
32;21;287;333
33;21;287;333
34;21;287;333
35;21;287;333
36;21;287;333
37;21;287;333
38;21;287;333
39;21;622;333
40;21;915;333
44;21;596;333
45;21;287;333
46;21;287;333
47;21;287;333
48;21;287;333
49;21;287;333
16;22;914;333
17;22;627;333
18;22;623;333
19;22;287;333
20;22;287;333
21;22;287;333
22;22;287;333
23;22;287;333
24;22;287;333
25;22;622;333
26;22;3098;333
27;22;3099;333
28;22;3097;333
29;22;629;333
30;22;622;333
31;22;630;333
32;22;287;333
33;22;287;333
34;22;287;333
35;22;622;333
36;22;622;333
37;22;622;333
38;22;622;333
39;22;628;333
44;22;623;333
45;22;287;333
46;22;287;333
47;22;287;333
48;22;287;333
49;22;287;333
16;23;627;333
17;23;623;333
18;23;287;333
19;23;287;333
20;23;287;333
21;23;287;333
22;23;287;333
23;23;287;333
24;23;287;333
25;23;3098;333
26;23;627;333
27;23;626;333
28;23;626;333
29;23;3100;333
30;23;1273;333
31;23;629;333
32;23;622;333
33;23;597;333
34;23;622;333
35;23;628;333
36;23;915;333
37;23;914;333
43;23;3093;333
44;23;629;333
45;23;630;333
46;23;287;333
47;23;287;333
48;23;287;333
49;23;287;333
0;24;598;333
1;24;627;333
2;24;626;333
15;24;233;333
16;24;623;333
17;24;287;333
18;24;287;333
19;24;287;333
20;24;287;333
21;24;287;333
22;24;287;333
23;24;287;333
24;24;622;333
25;24;3100;333
26;24;623;333
27;24;287;333
28;24;626;333
29;24;3100;333
43;24;1245;333
44;24;627;333
45;24;623;333
46;24;287;333
47;24;287;333
48;24;287;333
49;24;287;333
0;25;287;333
1;25;629;333
2;25;627;333
3;25;626;333
4;25;3097;333
5;25;3099;333
13;25;3096;333
15;25;627;333
16;25;623;333
17;25;287;333
18;25;287;333
19;25;287;333
20;25;287;333
21;25;287;333
22;25;287;333
23;25;287;333
25;25;626;333
26;25;629;333
27;25;622;333
28;25;628;333
29;25;3094;333
43;25;1273;333
44;25;623;333
45;25;287;333
46;25;287;333
47;25;287;333
48;25;287;333
49;25;287;333
0;26;287;333
1;26;287;333
2;26;629;333
3;26;628;333
4;26;3099;333
5;26;3098;333
13;26;627;333
15;26;623;333
16;26;287;333
17;26;287;333
18;26;287;333
19;26;287;333
20;26;287;333
21;26;287;333
22;26;287;333
23;26;622;333
27;26;233;333
28;26;1245;333
37;26;627;333
38;26;626;333
44;26;623;333
45;26;287;333
46;26;287;333
47;26;287;333
48;26;287;333
49;26;287;333
0;27;287;333
1;27;287;333
2;27;287;333
3;27;627;333
4;27;626;333
12;27;627;333
13;27;623;333
14;27;287;333
15;27;287;333
16;27;287;333
17;27;287;333
18;27;287;333
19;27;287;333
20;27;287;333
21;27;287;333
22;27;287;333
23;27;627;333
24;27;626;333
35;27;3093;333
36;27;627;333
37;27;626;333
38;27;628;333
44;27;623;333
44;27;625;333
45;27;287;333
46;27;287;333
47;27;287;333
48;27;287;333
49;27;287;333
0;28;287;333
1;28;287;333
2;28;287;333
3;28;629;333
4;28;628;333
11;28;627;333
12;28;623;333
13;28;287;333
14;28;287;333
15;28;287;333
16;28;287;333
17;28;287;333
18;28;287;333
19;28;287;333
20;28;287;333
21;28;287;333
22;28;287;333
23;28;629;333
24;28;628;333
36;28;629;333
37;28;628;333
44;28;623;333
45;28;287;333
46;28;287;333
47;28;287;333
48;28;287;333
49;28;287;333
0;29;287;333
1;29;287;333
2;29;622;333
3;29;628;333
7;29;2038;333
8;29;627;333
11;29;623;333
12;29;287;333
13;29;287;333
14;29;287;333
15;29;287;333
16;29;287;333
17;29;287;333
18;29;287;333
19;29;287;333
20;29;287;333
21;29;287;333
22;29;287;333
23;29;626;333
24;29;627;333
25;29;626;333
32;29;2937;333
38;29;627;333
44;29;623;333
45;29;287;333
46;29;287;333
47;29;287;333
48;29;287;333
49;29;287;333
0;30;287;333
1;30;622;333
2;30;628;333
7;30;627;333
8;30;623;333
9;30;287;333
10;30;287;333
11;30;287;333
12;30;287;333
13;30;287;333
14;30;287;333
15;30;287;333
16;30;287;333
17;30;287;333
18;30;287;333
19;30;287;333
20;30;287;333
21;30;287;333
22;30;287;333
23;30;287;333
24;30;629;333
25;30;628;333
37;30;627;333
38;30;623;333
39;30;287;333
40;30;627;333
41;30;626;333
44;30;623;333
45;30;287;333
46;30;287;333
47;30;287;333
48;30;287;333
49;30;287;333
0;31;597;333
1;31;628;333
2;31;3098;333
6;31;3093;333
7;31;623;333
8;31;287;333
9;31;287;333
10;31;287;333
11;31;287;333
12;31;287;333
13;31;287;333
14;31;287;333
15;31;287;333
16;31;287;333
17;31;287;333
18;31;287;333
19;31;287;333
20;31;287;333
21;31;287;333
22;31;287;333
23;31;287;333
24;31;627;333
25;31;626;333
26;31;3094;333
27;31;2937;333
31;31;914;333
36;31;3098;333
37;31;623;333
38;31;287;333
39;31;287;333
40;31;629;333
41;31;628;333
44;31;629;333
45;31;630;333
46;31;287;333
47;31;287;333
48;31;287;333
49;31;287;333
1;32;915;333
6;32;627;333
7;32;623;333
8;32;287;333
9;32;287;333
10;32;287;333
11;32;287;333
12;32;287;333
13;32;287;333
14;32;287;333
15;32;287;333
16;32;287;333
17;32;287;333
18;32;287;333
19;32;287;333
20;32;287;333
21;32;287;333
22;32;287;333
23;32;287;333
24;32;629;333
25;32;628;333
31;32;1273;333
32;32;1273;333
36;32;627;333
37;32;623;333
38;32;287;333
39;32;287;333
40;32;627;333
41;32;626;333
45;32;623;333
46;32;287;333
47;32;287;333
48;32;287;333
49;32;287;333
5;33;914;333
6;33;623;333
7;33;287;333
8;33;287;333
9;33;287;333
10;33;287;333
11;33;287;333
12;33;287;333
13;33;287;333
14;33;287;333
15;33;287;333
16;33;287;333
17;33;287;333
18;33;287;333
19;33;287;333
20;33;287;333
21;33;287;333
22;33;287;333
23;33;622;333
24;33;628;333
36;33;623;333
37;33;287;333
38;33;287;333
39;33;287;333
40;33;629;333
41;33;628;333
45;33;623;333
46;33;287;333
47;33;287;333
48;33;287;333
49;33;287;333
5;34;1273;333
6;34;623;333
6;34;915;333
7;34;287;333
8;34;287;333
9;34;287;333
10;34;287;333
11;34;287;333
12;34;287;333
13;34;287;333
14;34;287;333
15;34;287;333
16;34;287;333
17;34;287;333
18;34;287;333
19;34;287;333
20;34;287;333
21;34;287;333
22;34;622;333
23;34;628;333
24;34;420;333
33;34;627;333
34;34;626;333
35;34;627;333
36;34;623;333
37;34;287;333
38;34;287;333
39;34;287;333
40;34;287;333
41;34;626;333
45;34;629;333
46;34;630;333
47;34;287;333
48;34;287;333
49;34;287;333
4;35;3093;333
5;35;627;333
6;35;623;333
7;35;287;333
8;35;287;333
9;35;287;333
10;35;287;333
11;35;287;333
12;35;287;333
13;35;287;333
14;35;287;333
15;35;287;333
16;35;287;333
17;35;287;333
18;35;287;333
19;35;287;333
20;35;622;333
21;35;622;333
22;35;628;333
26;35;627;333
27;35;626;333
32;35;627;333
33;35;628;333
34;35;629;333
35;35;623;333
36;35;287;333
37;35;287;333
38;35;287;333
39;35;287;333
40;35;287;333
41;35;627;333
42;35;626;333
45;35;2038;333
46;35;623;333
47;35;287;333
48;35;287;333
49;35;287;333
2;36;2937;333
5;36;623;333
6;36;287;333
7;36;287;333
8;36;287;333
9;36;287;333
10;36;287;333
11;36;287;333
12;36;287;333
13;36;287;333
14;36;287;333
15;36;287;333
16;36;287;333
17;36;287;333
18;36;287;333
19;36;622;333
20;36;628;333
21;36;3099;333
24;36;627;333
25;36;627;333
26;36;629;333
27;36;628;333
28;36;627;333
29;36;626;333
32;36;623;333
33;36;287;333
34;36;287;333
35;36;287;333
36;36;287;333
37;36;287;333
38;36;287;333
39;36;287;333
40;36;287;333
41;36;629;333
42;36;628;333
46;36;623;333
47;36;287;333
48;36;287;333
49;36;287;333
5;37;623;333
6;37;287;333
7;37;287;333
8;37;287;333
9;37;287;333
10;37;287;333
11;37;287;333
12;37;287;333
13;37;287;333
14;37;287;333
15;37;287;333
16;37;287;333
17;37;287;333
18;37;287;333
19;37;628;333
24;37;623;333
25;37;287;333
26;37;287;333
27;37;287;333
28;37;629;333
29;37;628;333
30;37;626;333
31;37;627;333
32;37;623;333
33;37;287;333
34;37;287;333
35;37;287;333
36;37;287;333
37;37;287;333
38;37;287;333
39;37;287;333
40;37;287;333
41;37;287;333
45;37;3093;333
46;37;623;333
47;37;287;333
48;37;287;333
49;37;287;333
5;38;623;333
6;38;287;333
7;38;287;333
8;38;287;333
9;38;287;333
10;38;287;333
11;38;287;333
12;38;287;333
13;38;287;333
14;38;287;333
15;38;287;333
16;38;287;333
17;38;287;333
18;38;622;333
19;38;628;333
23;38;3093;333
24;38;623;333
25;38;287;333
26;38;287;333
27;38;287;333
28;38;287;333
29;38;629;333
30;38;628;333
31;38;623;333
32;38;287;333
33;38;287;333
34;38;287;333
35;38;287;333
36;38;287;333
37;38;287;333
38;38;287;333
39;38;287;333
40;38;287;333
41;38;287;333
45;38;627;333
46;38;623;333
47;38;287;333
48;38;287;333
49;38;287;333
5;39;623;333
6;39;287;333
7;39;287;333
8;39;287;333
9;39;287;333
10;39;287;333
11;39;287;333
12;39;287;333
13;39;287;333
14;39;287;333
15;39;287;333
16;39;287;333
17;39;287;333
18;39;628;333
23;39;627;333
24;39;623;333
25;39;287;333
26;39;287;333
27;39;287;333
28;39;287;333
29;39;287;333
30;39;287;333
31;39;287;333
32;39;287;333
33;39;287;333
34;39;287;333
35;39;287;333
36;39;287;333
37;39;287;333
38;39;287;333
39;39;287;333
40;39;287;333
41;39;287;333
45;39;623;333
46;39;287;333
47;39;287;333
48;39;287;333
49;39;287;333
1;40;1273;333
5;40;629;333
6;40;622;333
7;40;622;333
8;40;630;333
9;40;287;333
10;40;287;333
11;40;287;333
12;40;287;333
13;40;287;333
14;40;287;333
15;40;287;333
16;40;287;333
17;40;287;333
18;40;628;333
22;40;627;333
23;40;623;333
24;40;287;333
25;40;287;333
26;40;287;333
27;40;287;333
28;40;287;333
29;40;287;333
30;40;287;333
31;40;287;333
32;40;287;333
33;40;287;333
34;40;287;333
35;40;287;333
36;40;287;333
37;40;287;333
38;40;287;333
39;40;287;333
40;40;287;333
41;40;287;333
45;40;623;333
46;40;287;333
47;40;287;333
48;40;287;333
49;40;287;333
0;41;598;333
1;41;627;333
2;41;626;333
7;41;914;333
8;41;629;333
9;41;630;333
10;41;287;333
11;41;287;333
12;41;287;333
13;41;287;333
14;41;287;333
15;41;287;333
16;41;287;333
17;41;622;333
18;41;628;333
21;41;914;333
22;41;623;333
23;41;287;333
24;41;287;333
25;41;287;333
26;41;287;333
27;41;287;333
28;41;287;333
29;41;287;333
30;41;287;333
31;41;287;333
32;41;287;333
33;41;287;333
34;41;287;333
35;41;287;333
36;41;622;333
37;41;622;333
38;41;630;333
39;41;287;333
40;41;287;333
41;41;287;333
45;41;623;333
46;41;287;333
47;41;287;333
48;41;287;333
49;41;287;333
0;42;287;333
1;42;629;333
2;42;628;333
8;42;1245;333
9;42;623;333
10;42;287;333
11;42;287;333
12;42;287;333
13;42;287;333
14;42;287;333
15;42;287;333
16;42;287;333
17;42;628;333
21;42;627;333
22;42;623;333
23;42;287;333
24;42;287;333
25;42;287;333
26;42;287;333
27;42;287;333
28;42;287;333
29;42;287;333
30;42;287;333
31;42;287;333
32;42;287;333
33;42;287;333
34;42;287;333
35;42;622;333
36;42;628;333
37;42;3098;333
38;42;629;333
39;42;630;333
40;42;287;333
41;42;287;333
42;42;3098;333
45;42;623;333
46;42;287;333
47;42;287;333
48;42;287;333
49;42;287;333
0;43;287;333
1;43;287;333
2;43;627;333
3;43;626;333
9;43;629;333
10;43;630;333
11;43;287;333
12;43;287;333
13;43;287;333
14;43;287;333
15;43;287;333
16;43;622;333
17;43;628;333
20;43;627;333
21;43;623;333
22;43;287;333
23;43;287;333
24;43;287;333
25;43;287;333
26;43;287;333
27;43;287;333
28;43;287;333
29;43;287;333
30;43;287;333
31;43;287;333
32;43;287;333
33;43;287;333
34;43;622;333
35;43;628;333
39;43;629;333
40;43;630;333
41;43;287;333
42;43;626;333
45;43;629;333
46;43;630;333
47;43;287;333
48;43;287;333
49;43;287;333
0;44;287;333
1;44;287;333
2;44;629;333
3;44;628;333
9;44;1273;333
10;44;623;333
11;44;287;333
12;44;287;333
13;44;287;333
14;44;287;333
15;44;287;333
16;44;628;333
19;44;627;333
20;44;623;333
21;44;287;333
22;44;287;333
23;44;287;333
24;44;287;333
25;44;287;333
26;44;287;333
27;44;287;333
28;44;287;333
29;44;287;333
30;44;287;333
31;44;287;333
32;44;287;333
33;44;287;333
34;44;287;333
35;44;3100;333
40;44;629;333
41;44;630;333
42;44;626;333
45;44;627;333
46;44;623;333
47;44;287;333
48;44;287;333
49;44;287;333
0;45;287;333
1;45;287;333
2;45;287;333
3;45;627;333
4;45;626;333
10;45;623;333
11;45;287;333
12;45;287;333
13;45;287;333
14;45;287;333
15;45;622;333
16;45;628;333
19;45;623;333
20;45;287;333
21;45;287;333
22;45;287;333
23;45;287;333
24;45;287;333
25;45;287;333
26;45;287;333
27;45;287;333
28;45;287;333
29;45;287;333
30;45;287;333
31;45;287;333
32;45;287;333
33;45;287;333
34;45;287;333
35;45;627;333
36;45;626;333
41;45;629;333
42;45;628;333
45;45;623;333
46;45;287;333
47;45;287;333
48;45;287;333
49;45;287;333
0;46;287;333
1;46;287;333
2;46;287;333
3;46;629;333
4;46;627;333
5;46;626;333
10;46;629;333
11;46;630;333
12;46;287;333
13;46;622;333
14;46;622;333
15;46;628;333
18;46;2038;333
19;46;623;333
20;46;287;333
21;46;287;333
22;46;287;333
23;46;287;333
24;46;287;333
25;46;287;333
26;46;287;333
27;46;622;333
28;46;287;333
29;46;287;333
30;46;287;333
31;46;287;333
32;46;287;333
33;46;287;333
34;46;287;333
35;46;629;333
36;46;628;333
37;46;626;333
45;46;623;333
46;46;287;333
47;46;287;333
48;46;287;333
49;46;287;333
0;47;287;333
1;47;287;333
2;47;287;333
3;47;287;333
4;47;629;333
5;47;628;333
11;47;629;333
12;47;622;333
13;47;628;333
14;47;407;333
18;47;627;333
19;47;287;333
20;47;287;333
21;47;287;333
22;47;287;333
23;47;287;333
24;47;287;333
25;47;622;333
26;47;622;333
27;47;629;333
28;47;622;333
29;47;630;333
30;47;287;333
31;47;287;333
32;47;287;333
33;47;287;333
34;47;287;333
35;47;287;333
36;47;629;333
37;47;628;333
38;47;627;333
39;47;626;333
44;47;3093;333
45;47;623;333
46;47;287;333
47;47;287;333
48;47;287;333
49;47;287;333
0;48;287;333
1;48;287;333
2;48;287;333
3;48;287;333
4;48;287;333
5;48;627;333
6;48;626;333
13;48;3095;333
17;48;627;333
18;48;623;333
19;48;287;333
20;48;287;333
21;48;287;333
22;48;287;333
23;48;287;333
24;48;287;333
25;48;628;333
26;48;915;333
27;48;1273;333
28;48;914;333
29;48;629;333
30;48;630;333
31;48;287;333
32;48;287;333
33;48;287;333
34;48;287;333
35;48;287;333
36;48;287;333
37;48;287;333
38;48;629;333
39;48;628;333
44;48;627;333
45;48;623;333
46;48;287;333
47;48;287;333
48;48;287;333
49;48;287;333
0;49;287;333
1;49;287;333
2;49;287;333
3;49;287;333
4;49;287;333
5;49;629;333
6;49;628;333
16;49;627;333
17;49;623;333
18;49;287;333
19;49;287;333
20;49;287;333
21;49;287;333
22;49;287;333
23;49;287;333
24;49;622;333
26;49;28;333
28;49;3098;333
29;49;627;333
30;49;623;333
31;49;287;333
32;49;287;333
33;49;287;333
34;49;287;333
35;49;287;333
36;49;287;333
37;49;287;333
38;49;627;333
39;49;626;333
44;49;623;333
45;49;287;333
46;49;287;333
47;49;287;333
48;49;287;333
49;49;287;333
0;50;287;333
1;50;287;333
2;50;287;333
3;50;287;333
4;50;287;333
5;50;287;333
6;50;287;333
7;50;627;333
8;50;626;333
14;50;627;333
15;50;627;333
16;50;623;333
17;50;287;333
18;50;287;333
19;50;287;333
20;50;287;333
21;50;287;333
22;50;287;333
23;50;287;333
28;50;627;333
29;50;623;333
30;50;287;333
31;50;287;333
32;50;287;333
33;50;287;333
34;50;287;333
35;50;287;333
36;50;287;333
37;50;287;333
38;50;629;333
39;50;627;333
40;50;626;333
43;50;1245;333
44;50;623;333
45;50;287;333
46;50;287;333
47;50;287;333
48;50;287;333
49;50;287;333
0;51;287;333
1;51;287;333
2;51;287;333
3;51;287;333
4;51;287;333
5;51;287;333
6;51;287;333
7;51;629;333
8;51;628;333
9;51;627;333
10;51;626;333
13;51;914;333
14;51;623;333
15;51;287;333
16;51;287;333
17;51;287;333
18;51;287;333
19;51;287;333
20;51;287;333
21;51;287;333
22;51;287;333
23;51;622;333
27;51;3096;333
28;51;623;333
29;51;287;333
30;51;287;333
31;51;287;333
32;51;287;333
33;51;287;333
34;51;287;333
35;51;287;333
36;51;287;333
37;51;287;333
38;51;626;333
39;51;629;333
40;51;628;333
44;51;623;333
45;51;287;333
46;51;287;333
47;51;287;333
48;51;287;333
49;51;287;333
0;52;287;333
1;52;287;333
2;52;287;333
3;52;287;333
4;52;287;333
5;52;287;333
6;52;287;333
7;52;287;333
8;52;287;333
9;52;629;333
10;52;628;333
13;52;627;333
14;52;623;333
15;52;287;333
16;52;287;333
17;52;287;333
18;52;287;333
19;52;287;333
20;52;287;333
21;52;287;333
22;52;287;333
23;52;628;333
26;52;66;333;markerstone=293
27;52;627;333
28;52;623;333
29;52;287;333
30;52;287;333
31;52;287;333
32;52;287;333
33;52;287;333
34;52;287;333
35;52;287;333
36;52;287;333
37;52;287;333
38;52;627;333
39;52;626;333
44;52;629;333
45;52;630;333
46;52;287;333
47;52;287;333
48;52;287;333
49;52;287;333
0;53;287;333
1;53;287;333
2;53;287;333
3;53;287;333
4;53;287;333
5;53;287;333
6;53;287;333
7;53;287;333
8;53;622;333
9;53;628;333
13;53;623;333
14;53;287;333
15;53;287;333
16;53;287;333
17;53;287;333
18;53;287;333
19;53;287;333
20;53;287;333
21;53;287;333
22;53;287;333
23;53;628;333
27;53;623;333
28;53;287;333
29;53;287;333
30;53;287;333
31;53;287;333
32;53;287;333
33;53;287;333
34;53;287;333
35;53;287;333
36;53;287;333
37;53;622;333
38;53;629;333
39;53;628;333
44;53;1273;333
45;53;623;333
46;53;287;333
47;53;287;333
48;53;287;333
49;53;287;333
0;54;287;333
1;54;287;333
2;54;287;333
3;54;287;333
4;54;287;333
5;54;287;333
6;54;287;333
7;54;287;333
8;54;626;333
12;54;1273;333
13;54;623;333
14;54;287;333
15;54;287;333
16;54;287;333
17;54;287;333
18;54;287;333
19;54;287;333
20;54;287;333
21;54;287;333
22;54;622;333
23;54;628;333
27;54;623;333
28;54;287;333
29;54;287;333
30;54;287;333
31;54;287;333
32;54;287;333
33;54;287;333
34;54;287;333
35;54;287;333
36;54;287;333
37;54;628;333
44;54;233;333
45;54;623;333
46;54;287;333
47;54;287;333
48;54;287;333
49;54;287;333
0;55;287;333
1;55;287;333
2;55;287;333
3;55;287;333
4;55;287;333
5;55;287;333
6;55;287;333
7;55;287;333
8;55;627;333
9;55;626;333
12;55;627;333
13;55;623;333
14;55;287;333
15;55;287;333
16;55;287;333
17;55;287;333
18;55;287;333
19;55;287;333
20;55;287;333
21;55;287;333
22;55;627;333
23;55;626;333
27;55;629;333
28;55;630;333
29;55;287;333
30;55;287;333
31;55;287;333
32;55;287;333
33;55;287;333
34;55;287;333
35;55;287;333
36;55;622;333
37;55;628;333
44;55;3093;333
45;55;629;333
46;55;630;333
47;55;287;333
48;55;287;333
49;55;287;333
0;56;287;333
1;56;287;333
2;56;287;333
3;56;287;333
4;56;287;333
5;56;287;333
6;56;287;333
7;56;287;333
8;56;629;333
9;56;628;333
12;56;623;333
13;56;287;333
14;56;287;333
15;56;287;333
16;56;287;333
17;56;287;333
18;56;287;333
19;56;287;333
20;56;287;333
21;56;287;333
22;56;287;333
23;56;628;333
28;56;629;333
29;56;622;333
30;56;630;333
31;56;287;333
32;56;597;333
33;56;597;333
34;56;597;333
34;56;1273;333
35;56;287;333
36;56;628;333
37;56;3094;333
45;56;3097;333
46;56;623;333
47;56;287;333
48;56;287;333
49;56;287;333
0;57;287;333
1;57;287;333
2;57;287;333
3;57;287;333
4;57;287;333
5;57;287;333
6;57;287;333
7;57;622;333
8;57;628;333
11;57;3093;333
12;57;623;333
13;57;287;333
14;57;287;333
15;57;287;333
16;57;287;333
17;57;287;333
18;57;287;333
19;57;287;333
20;57;287;333
21;57;287;333
22;57;287;333
23;57;287;333
29;57;914;333
30;57;629;333
31;57;622;333
32;57;2937;333
34;57;233;333
35;57;622;333
36;57;628;333
41;57;914;333
42;57;1245;333
44;57;3093;333
45;57;627;333
46;57;623;333
47;57;287;333
48;57;287;333
49;57;287;333
0;58;287;333
1;58;287;333
2;58;287;333
3;58;287;333
4;58;287;333
5;58;287;333
6;58;287;333
7;58;627;333
8;58;626;333
11;58;3093;333
12;58;623;333
13;58;287;333
14;58;287;333
15;58;287;333
16;58;287;333
17;58;287;333
18;58;287;333
19;58;287;333
20;58;287;333
21;58;287;333
22;58;287;333
23;58;287;333
24;58;627;333
25;58;626;333
45;58;623;333
46;58;287;333
47;58;287;333
48;58;287;333
49;58;287;333
0;59;287;333
1;59;287;333
2;59;287;333
3;59;287;333
4;59;287;333
5;59;287;333
6;59;287;333
7;59;629;333
8;59;628;333
11;59;627;333
12;59;623;333
13;59;287;333
14;59;287;333
15;59;287;333
16;59;287;333
17;59;287;333
18;59;287;333
19;59;287;333
20;59;287;333
21;59;287;333
22;59;287;333
23;59;287;333
24;59;629;333
25;59;628;333
45;59;623;333
46;59;287;333
47;59;287;333
48;59;287;333
49;59;287;333
0;60;287;333
1;60;287;333
2;60;287;333
3;60;287;333
4;60;287;333
5;60;287;333
6;60;622;333
7;60;628;333
11;60;623;333
12;60;287;333
13;60;287;333
14;60;287;333
15;60;287;333
16;60;287;333
17;60;287;333
18;60;287;333
19;60;287;333
20;60;287;333
21;60;287;333
22;60;287;333
23;60;287;333
24;60;287;333
25;60;627;333
26;60;626;333
33;60;627;333
34;60;626;333
36;60;627;333
37;60;626;333
44;60;914;333
45;60;623;333
46;60;287;333
47;60;287;333
48;60;287;333
49;60;287;333
0;61;287;333
1;61;287;333
2;61;287;333
3;61;287;333
4;61;287;333
5;61;287;333
6;61;627;333
7;61;626;333
11;61;623;333
12;61;287;333
13;61;287;333
14;61;287;333
15;61;287;333
16;61;287;333
17;61;287;333
18;61;287;333
19;61;287;333
20;61;287;333
21;61;287;333
22;61;287;333
23;61;287;333
24;61;287;333
25;61;629;333
26;61;628;333
27;61;626;333
30;61;627;333
31;61;626;333
32;61;627;333
33;61;629;333
34;61;627;333
35;61;626;333
36;61;629;333
37;61;628;333
38;61;627;333
39;61;626;333
44;61;914;333
45;61;623;333
46;61;287;333
47;61;287;333
48;61;287;333
49;61;287;333
0;62;287;333
1;62;287;333
2;62;287;333
3;62;287;333
4;62;287;333
5;62;287;333
6;62;629;333
7;62;628;333
11;62;623;333
12;62;287;333
13;62;287;333
14;62;287;333
15;62;287;333
16;62;287;333
17;62;287;333
18;62;287;333
19;62;287;333
20;62;287;333
21;62;287;333
22;62;287;333
23;62;287;333
24;62;287;333
25;62;287;333
26;62;629;333
27;62;628;333
28;62;627;333
29;62;626;333
30;62;627;333
31;62;629;333
32;62;623;333
33;62;287;333
34;62;287;333
35;62;287;333
36;62;287;333
37;62;287;333
38;62;629;333
39;62;628;333
43;62;915;333
44;62;627;333
45;62;623;333
46;62;287;333
47;62;287;333
48;62;287;333
49;62;287;333
0;63;287;333
1;63;287;333
2;63;287;333
3;63;287;333
4;63;287;333
5;63;287;333
11;63;623;333
11;63;625;333
12;63;287;333
13;63;287;333
14;63;287;333
15;63;287;333
16;63;287;333
17;63;287;333
18;63;287;333
19;63;287;333
20;63;287;333
21;63;287;333
22;63;287;333
23;63;287;333
24;63;287;333
25;63;287;333
26;63;287;333
27;63;287;333
28;63;629;333
29;63;628;333
30;63;623;333
31;63;287;333
32;63;287;333
33;63;287;333
34;63;287;333
35;63;287;333
36;63;287;333
37;63;287;333
38;63;628;333
39;63;627;333
40;63;626;333
43;63;915;333
44;63;623;333
45;63;287;333
46;63;287;333
47;63;287;333
48;63;287;333
49;63;287;333
0;64;287;333
1;64;287;333
2;64;287;333
3;64;287;333
4;64;287;333
5;64;287;333
6;64;287;333
11;64;623;333
12;64;287;333
13;64;287;333
14;64;287;333
15;64;287;333
16;64;287;333
17;64;287;333
18;64;287;333
19;64;287;333
20;64;287;333
21;64;287;333
22;64;287;333
23;64;287;333
24;64;287;333
25;64;287;333
26;64;287;333
27;64;287;333
28;64;287;333
29;64;287;333
30;64;287;333
31;64;287;333
32;64;287;333
33;64;287;333
34;64;287;333
35;64;287;333
36;64;287;333
37;64;287;333
38;64;628;333
39;64;629;333
40;64;628;333
43;64;1273;333
44;64;623;333
45;64;287;333
46;64;287;333
47;64;287;333
48;64;287;333
49;64;287;333
0;65;287;333
1;65;287;333
2;65;287;333
3;65;287;333
4;65;287;333
5;65;287;333
6;65;287;333
11;65;629;333
12;65;630;333
13;65;287;333
14;65;287;333
15;65;287;333
16;65;287;333
17;65;287;333
18;65;287;333
19;65;287;333
20;65;287;333
21;65;287;333
22;65;287;333
23;65;287;333
24;65;287;333
25;65;287;333
26;65;287;333
27;65;287;333
28;65;287;333
29;65;287;333
30;65;287;333
31;65;287;333
32;65;287;333
33;65;287;333
34;65;287;333
35;65;287;333
36;65;287;333
37;65;287;333
38;65;627;333
39;65;626;333
43;65;627;333
44;65;623;333
45;65;287;333
46;65;287;333
47;65;287;333
48;65;287;333
49;65;287;333
0;66;287;333
1;66;287;333
2;66;287;333
3;66;287;333
4;66;287;333
5;66;287;333
6;66;287;333
7;66;627;333
8;66;626;333
11;66;915;333
12;66;623;333
13;66;287;333
14;66;287;333
15;66;287;333
16;66;287;333
17;66;287;333
18;66;287;333
19;66;287;333
20;66;287;333
21;66;287;333
22;66;287;333
23;66;287;333
24;66;287;333
25;66;287;333
26;66;287;333
27;66;287;333
28;66;287;333
29;66;287;333
30;66;287;333
31;66;287;333
32;66;287;333
33;66;287;333
34;66;287;333
35;66;287;333
36;66;287;333
37;66;287;333
38;66;629;333
39;66;628;333
43;66;623;333
44;66;287;333
45;66;287;333
46;66;287;333
47;66;287;333
48;66;287;333
49;66;287;333
0;67;287;333
1;67;287;333
2;67;287;333
3;67;287;333
4;67;287;333
5;67;287;333
6;67;287;333
7;67;629;333
8;67;628;333
12;67;623;333
13;67;287;333
14;67;287;333
15;67;287;333
16;67;287;333
17;67;287;333
18;67;287;333
19;67;287;333
20;67;287;333
21;67;287;333
22;67;287;333
23;67;287;333
24;67;287;333
25;67;287;333
26;67;287;333
27;67;287;333
28;67;287;333
29;67;287;333
30;67;287;333
31;67;287;333
32;67;287;333
33;67;287;333
34;67;287;333
35;67;287;333
36;67;287;333
37;67;622;333
38;67;628;333
43;67;596;333
44;67;287;333
45;67;287;333
46;67;287;333
47;67;287;333
48;67;287;333
49;67;287;333
0;68;287;333
1;68;287;333
2;68;287;333
3;68;287;333
4;68;287;333
5;68;287;333
6;68;287;333
7;68;287;333
12;68;629;333
13;68;630;333
14;68;287;333
15;68;287;333
16;68;287;333
17;68;287;333
18;68;287;333
19;68;287;333
20;68;287;333
21;68;287;333
22;68;287;333
23;68;287;333
24;68;287;333
25;68;287;333
26;68;287;333
27;68;287;333
28;68;287;333
29;68;287;333
30;68;287;333
31;68;287;333
32;68;287;333
33;68;287;333
34;68;622;333
35;68;622;333
36;68;622;333
37;68;628;333
38;68;1273;333
43;68;596;333
44;68;287;333
45;68;287;333
46;68;287;333
47;68;287;333
48;68;287;333
49;68;287;333
0;69;287;333
1;69;287;333
2;69;287;333
3;69;287;333
4;69;287;333
5;69;287;333
6;69;287;333
7;69;287;333
12;69;1273;333
13;69;623;333
14;69;287;333
15;69;287;333
16;69;287;333
17;69;287;333
18;69;287;333
19;69;287;333
20;69;287;333
21;69;287;333
22;69;287;333
23;69;287;333
24;69;287;333
25;69;287;333
26;69;287;333
27;69;287;333
28;69;287;333
29;69;287;333
30;69;287;333
31;69;287;333
32;69;622;333
33;69;622;333
34;69;628;333
35;69;914;333
36;69;914;333
43;69;596;333
44;69;287;333
45;69;287;333
46;69;287;333
47;69;287;333
48;69;287;333
49;69;287;333
0;70;287;333
1;70;287;333
2;70;287;333
3;70;287;333
4;70;287;333
5;70;287;333
6;70;287;333
7;70;287;333
13;70;623;333
14;70;287;333
15;70;287;333
16;70;287;333
17;70;287;333
18;70;287;333
19;70;287;333
20;70;287;333
21;70;287;333
22;70;287;333
23;70;287;333
24;70;287;333
25;70;287;333
26;70;287;333
27;70;287;333
28;70;287;333
29;70;287;333
30;70;287;333
31;70;622;333
32;70;628;333
33;70;914;333
34;70;3097;333
35;70;422;333
42;70;2038;333
43;70;623;333
44;70;287;333
45;70;287;333
46;70;287;333
47;70;287;333
48;70;287;333
49;70;287;333
0;71;287;333
1;71;287;333
2;71;287;333
3;71;287;333
4;71;287;333
5;71;287;333
6;71;287;333
7;71;287;333
13;71;629;333
14;71;622;333
15;71;622;333
16;71;630;333
17;71;287;333
18;71;287;333
19;71;287;333
20;71;287;333
21;71;287;333
22;71;622;333
23;71;630;333
24;71;287;333
25;71;287;333
26;71;597;333
27;71;597;333
28;71;287;333
29;71;622;333
30;71;622;333
31;71;628;333
42;71;3093;333
43;71;629;333
44;71;630;333
45;71;287;333
46;71;287;333
47;71;287;333
48;71;287;333
49;71;287;333
0;72;287;333
1;72;287;333
2;72;287;333
3;72;287;333
4;72;287;333
5;72;287;333
6;72;287;333
7;72;287;333
13;72;3095;333
14;72;914;333
15;72;915;333
16;72;629;333
17;72;622;333
18;72;622;333
18;72;624;333
19;72;622;333
20;72;622;333
21;72;622;333
22;72;628;333
23;72;629;333
24;72;622;333
25;72;622;333
27;72;915;333
28;72;622;333
29;72;628;333
44;72;623;333
45;72;287;333
46;72;287;333
47;72;287;333
48;72;287;333
49;72;287;333
0;73;287;333
1;73;287;333
2;73;287;333
3;73;287;333
4;73;287;333
5;73;287;333
6;73;287;333
7;73;287;333
21;73;3099;333
22;73;3100;333
40;73;2937;333
44;73;596;333
45;73;287;333
46;73;287;333
47;73;287;333
48;73;287;333
49;73;287;333
0;74;287;333
1;74;287;333
2;74;287;333
3;74;287;333
4;74;287;333
5;74;287;333
6;74;287;333
7;74;287;333
43;74;914;333
44;74;623;333
45;74;287;333
46;74;287;333
47;74;287;333
48;74;287;333
49;74;287;333
0;75;287;333
1;75;287;333
2;75;287;333
3;75;287;333
4;75;287;333
5;75;287;333
6;75;287;333
7;75;622;333
8;75;628;333
25;75;627;333
26;75;626;333
44;75;629;333
45;75;630;333
46;75;287;333
47;75;287;333
48;75;287;333
49;75;287;333
0;76;287;333
1;76;287;333
2;76;287;333
3;76;287;333
4;76;622;333
5;76;622;333
6;76;622;333
7;76;628;333
8;76;914;333
20;76;627;333
21;76;626;333
22;76;627;333
25;76;629;333
26;76;628;333
27;76;627;333
28;76;626;333
42;76;627;333
43;76;626;333
45;76;623;333
46;76;287;333
47;76;287;333
48;76;287;333
49;76;287;333
0;77;287;333
1;77;287;333
2;77;622;333
3;77;622;333
4;77;628;333
5;77;1245;333
6;77;3095;333
18;77;627;333
19;77;626;333
20;77;627;333
21;77;628;333
22;77;623;333
23;77;287;333
24;77;287;333
25;77;287;333
26;77;287;333
27;77;629;333
28;77;627;333
29;77;626;333
30;77;627;333
31;77;626;333
32;77;627;333
33;77;626;333
40;77;233;333
41;77;627;333
42;77;629;333
43;77;628;333
45;77;629;333
46;77;630;333
47;77;287;333
48;77;287;333
49;77;287;333
0;78;597;333
0;78;3098;333
1;78;622;333
2;78;628;333
3;78;914;333
4;78;420;333
15;78;627;333
16;78;626;333
17;78;627;333
18;78;629;333
19;78;628;333
20;78;623;333
21;78;287;333
22;78;287;333
23;78;287;333
24;78;287;333
25;78;287;333
26;78;287;333
27;78;287;333
28;78;629;333
29;78;628;333
30;78;629;333
31;78;628;333
32;78;629;333
33;78;628;333
34;78;3094;333
40;78;915;333
41;78;629;333
42;78;628;333
43;78;914;333
45;78;627;333
46;78;623;333
47;78;287;333
48;78;287;333
49;78;287;333
0;79;3099;333
1;79;1273;333
2;79;1273;333
7;79;2937;333
11;79;3097;333
12;79;627;333
13;79;626;333
14;79;627;333
15;79;629;333
16;79;628;333
17;79;623;333
18;79;287;333
19;79;287;333
20;79;287;333
21;79;287;333
22;79;287;333
23;79;287;333
24;79;287;333
25;79;287;333
26;79;287;333
27;79;287;333
28;79;626;333
29;79;627;333
30;79;626;333
31;79;627;333
32;79;626;333
40;79;914;333
41;79;1273;333
45;79;623;333
46;79;287;333
47;79;287;333
48;79;287;333
49;79;287;333
0;80;3097;333
1;80;914;333
11;80;627;333
12;80;629;333
13;80;628;333
14;80;623;333
15;80;287;333
16;80;287;333
17;80;287;333
18;80;287;333
19;80;287;333
20;80;287;333
21;80;287;333
22;80;287;333
23;80;287;333
24;80;287;333
25;80;287;333
26;80;287;333
27;80;287;333
28;80;287;333
29;80;629;333
30;80;628;333
31;80;629;333
32;80;628;333
45;80;623;333
46;80;287;333
47;80;287;333
48;80;287;333
49;80;287;333
1;81;3100;333
3;81;29;333
9;81;915;333
10;81;627;333
11;81;623;333
12;81;287;333
13;81;287;333
14;81;287;333
15;81;287;333
16;81;287;333
17;81;287;333
18;81;287;333
19;81;287;333
20;81;287;333
21;81;287;333
22;81;287;333
23;81;287;333
24;81;287;333
25;81;287;333
26;81;287;333
27;81;287;333
28;81;287;333
29;81;287;333
30;81;627;333
31;81;626;333
42;81;3099;333
43;81;627;333
44;81;627;333
45;81;623;333
46;81;287;333
47;81;287;333
48;81;287;333
49;81;287;333
1;82;420;333
9;82;627;333
10;82;623;333
11;82;287;333
12;82;287;333
13;82;287;333
14;82;287;333
15;82;287;333
16;82;287;333
17;82;287;333
18;82;287;333
19;82;287;333
20;82;287;333
21;82;287;333
22;82;287;333
23;82;287;333
24;82;287;333
25;82;287;333
26;82;287;333
27;82;287;333
28;82;287;333
29;82;287;333
30;82;629;333
31;82;627;333
32;82;626;333
41;82;3093;333
42;82;627;333
43;82;623;333
44;82;623;333
45;82;287;333
46;82;287;333
47;82;287;333
48;82;287;333
49;82;287;333
4;83;66;333;markerstone=291
8;83;2038;333
9;83;623;333
10;83;287;333
11;83;287;333
12;83;287;333
13;83;287;333
14;83;287;333
15;83;287;333
16;83;287;333
17;83;287;333
18;83;287;333
19;83;287;333
20;83;287;333
21;83;287;333
22;83;287;333
23;83;287;333
24;83;287;333
25;83;287;333
26;83;287;333
27;83;287;333
28;83;287;333
29;83;287;333
30;83;287;333
31;83;629;333
32;83;628;333
41;83;914;333
42;83;623;333
43;83;287;333
44;83;287;333
45;83;287;333
46;83;287;333
47;83;287;333
48;83;287;333
49;83;287;333
8;84;596;333
9;84;287;333
10;84;287;333
11;84;287;333
12;84;287;333
13;84;287;333
14;84;287;333
15;84;287;333
16;84;287;333
17;84;287;333
18;84;287;333
19;84;287;333
20;84;287;333
21;84;287;333
22;84;287;333
23;84;287;333
24;84;287;333
25;84;287;333
26;84;287;333
27;84;287;333
28;84;287;333
29;84;287;333
30;84;287;333
31;84;287;333
32;84;599;333
40;84;2038;333
41;84;596;333
41;84;3098;333
42;84;287;333
43;84;287;333
44;84;287;333
45;84;287;333
46;84;287;333
47;84;287;333
48;84;287;333
49;84;287;333
