# Illarion Server
# 
# This program is free software: you can redistribute it and/or modify it under
# the terms of the GNU Affero General Public License as published by the Free
# Software Foundation, either version 3 of the License, or (at your option) any
# later version.
# 
# This program is distributed in the hope that it will be useful, but WITHOUT
# ANY WARRANTY; without even the implied warranty of MERCHANTABILITY or FITNESS
# FOR A PARTICULAR PURPOSE.  See the GNU Affero General Public License for more
# details.
# 
# You should have received a copy of the GNU Affero General Public License along
# with this program.  If not, see <http://www.gnu.org/licenses/>.
V: 2
L: -12
X: 383
Y: 598
W: 50
H: 85
0;0;2;2
1;0;2;2
2;0;2;2
3;0;2;2
4;0;2;2
5;0;2;2
6;0;2;2
7;0;2;2
8;0;2;2
9;0;2;2
10;0;2;2
11;0;2;2
12;0;2;2
13;0;2;2
14;0;2;2
15;0;2;2
16;0;2;2
17;0;2;2
18;0;2;2
19;0;2;2
20;0;2;2
21;0;2;2
22;0;2;2
23;0;2;2
24;0;2;2
25;0;2;2
26;0;2;2
27;0;2;2
28;0;2;2
29;0;2;2
30;0;2;2
31;0;2;2
32;0;2;2
33;0;2;2
34;0;2;2
35;0;2;2
36;0;2;2
37;0;2;2
38;0;2;2
39;0;2;2
40;0;2;2
41;0;2;2
42;0;2;2
43;0;2;2
44;0;2;2
45;0;2;2
46;0;2;2
47;0;2;2
48;0;2;2
49;0;2;2
0;1;2;2
1;1;2;2
2;1;2;2
3;1;2;2
4;1;2;2
5;1;2;2
6;1;2;2
7;1;2;2
8;1;2;2
9;1;2;2
10;1;2;2
11;1;2;2
12;1;2;2
13;1;2;2
14;1;2;2
15;1;2;2
16;1;2;2
17;1;2;2
18;1;2;2
19;1;2;2
20;1;2;2
21;1;2;2
22;1;2;2
23;1;2;2
24;1;2;2
25;1;2;2
26;1;2;2
27;1;2;2
28;1;2;2
29;1;2;2
30;1;2;2
31;1;2;2
32;1;2;2
33;1;2;2
34;1;2;2
35;1;2;2
36;1;2;2
37;1;2;2
38;1;2;2
39;1;2;2
40;1;2;2
41;1;2;2
42;1;2;2
43;1;2;2
44;1;2;2
45;1;2;2
46;1;2;2
47;1;2;2
48;1;2;2
49;1;2;2
0;2;2;2
1;2;2;2
2;2;2;2
3;2;2;2
4;2;2;2
5;2;2;2
6;2;2;2
7;2;2;2
8;2;2;2
9;2;2;2
10;2;2;2
11;2;2;2
12;2;2;2
13;2;2;2
14;2;2;2
15;2;2;2
16;2;2;2
17;2;2;2
18;2;2;2
19;2;2;2
20;2;2;2
21;2;2;2
22;2;2;2
23;2;2;2
24;2;2;2
25;2;2;2
26;2;2;2
27;2;2;2
28;2;2;2
29;2;2;2
30;2;2;2
31;2;2;2
32;2;2;2
33;2;2;2
34;2;2;2
35;2;2;2
36;2;2;2
37;2;2;2
38;2;2;2
39;2;2;2
40;2;2;2
41;2;2;2
42;2;2;2
43;2;2;2
44;2;2;2
45;2;2;2
46;2;2;2
47;2;2;2
48;2;2;2
49;2;2;2
0;3;2;2
1;3;2;2
2;3;2;2
3;3;2;2
4;3;25671;2
5;3;9287;2
6;3;9287;2
7;3;9287;2
8;3;9287;2
9;3;9287;2
10;3;18503;2
11;3;2;2
12;3;2;2
13;3;2;2
14;3;2;2
15;3;2;2
16;3;2;2
17;3;2;2
18;3;2;2
19;3;2;2
20;3;2;2
21;3;2;2
22;3;2;2
23;3;2;2
24;3;2;2
25;3;2;2
26;3;2;2
27;3;2;2
28;3;2;2
29;3;2;2
30;3;2;2
31;3;2;2
32;3;2;2
33;3;2;2
34;3;2;2
35;3;2;2
36;3;2;2
37;3;2;2
38;3;2;2
39;3;25671;2
40;3;9287;2
41;3;26695;2
42;3;2;2
43;3;2;2
44;3;2;2
45;3;2;2
46;3;2;2
47;3;2;2
48;3;2;2
49;3;2;2
0;4;2;2
1;4;2;2
2;4;2;2
3;4;2;2
4;4;10311;2
5;4;7;2
6;4;7;2
7;4;7;2
8;4;7;2
9;4;7;2
10;4;7;2
11;4;14407;2
12;4;2;2
13;4;2;2
14;4;2;2
15;4;2;2
16;4;2;2
17;4;2;2
18;4;2;2
19;4;17479;2
20;4;9287;2
21;4;9287;2
22;4;9287;2
23;4;18503;2
24;4;2;2
25;4;55;2
26;4;55;2
27;4;2;2
28;4;2;2
29;4;2;2
30;4;2;2
31;4;2;2
32;4;2;2
33;4;2;2
34;4;2;2
35;4;2;2
36;4;2;2
37;4;2;2
38;4;2;2
39;4;3143;2
40;4;7;2
41;4;7239;2
42;4;2;2
43;4;2;2
44;4;2;2
45;4;2;2
46;4;2;2
47;4;2;2
48;4;2;2
49;4;2;2
0;5;2;2
1;5;2;2
2;5;2;2
3;5;2;2
4;5;10311;2
5;5;7;2
6;5;7;2
7;5;7;2
8;5;45;2
9;5;46;2
10;5;47;2
11;5;7;2
12;5;2119;2
13;5;9287;2
14;5;9287;2
15;5;9287;2
16;5;9287;2
17;5;9287;2
18;5;1095;2
19;5;7;2
20;5;7;2
21;5;7;2
22;5;7;2
23;5;7;2
24;5;55;2
25;5;55;2
26;5;55;2
27;5;55;2
28;5;2;2
29;5;2;2
30;5;2;2
31;5;2;2
32;5;2;2
33;5;2;2
34;5;2;2
35;5;2;2
36;5;25671;2
37;5;9287;2
38;5;1095;2
39;5;7;2
40;5;7;2
41;5;7;2
42;5;2119;2
43;5;9287;2
44;5;26695;2
45;5;2;2
46;5;2;2
47;5;2;2
48;5;2;2
49;5;2;2
0;6;2;2
1;6;2;2
2;6;2;2
3;6;2;2
4;6;10311;2
5;6;7;2
6;6;7;2
7;6;7;2
8;6;48;2
9;6;49;2
10;6;50;2
11;6;7;2
12;6;7;2
13;6;7;2
14;6;7;2
15;6;7;2
16;6;7;2
17;6;7;2
18;6;7;2
19;6;7;2
20;6;7;2
21;6;55;2
22;6;55;2
23;6;55;2
24;6;55;2
25;6;55;2
26;6;55;2
27;6;55;2
28;6;55;2
29;6;55;2
30;6;55;2
31;6;2;2
32;6;2;2
33;6;2;2
34;6;2;2
35;6;2;2
36;6;27719;2
37;6;11335;2
38;6;5191;2
39;6;7;2
40;6;7;2
41;6;7;2
42;6;6215;2
43;6;11335;2
44;6;28743;2
45;6;2;2
46;6;2;2
47;6;2;2
48;6;2;2
49;6;2;2
0;7;2;2
1;7;2;2
2;7;2;2
3;7;2;2
4;7;10311;2
5;7;7;2
6;7;7;2
7;7;7;2
8;7;48;2
9;7;49;2
10;7;50;2
11;7;7;2
12;7;7;2
13;7;7;2
14;7;7;2
15;7;7;2
16;7;7;2
17;7;7;2
18;7;7;2
19;7;7;2
20;7;7;2
21;7;55;2
22;7;55;2
23;7;55;2
24;7;55;2
25;7;55;2
26;7;55;2
27;7;55;2
28;7;55;2
29;7;55;2
30;7;55;2
31;7;2;2
32;7;2;2
33;7;2;2
34;7;2;2
35;7;2;2
36;7;2;2
37;7;2;2
38;7;2;2
39;7;4167;2
40;7;7;2
41;7;8263;2
42;7;2;2
43;7;2;2
44;7;2;2
45;7;2;2
46;7;2;2
47;7;2;2
48;7;2;2
49;7;2;2
0;8;2;2
1;8;2;2
2;8;2;2
3;8;2;2
4;8;10311;2
5;8;7;2
6;8;7;2
7;8;7;2
8;8;48;2
9;8;49;2
10;8;50;2
11;8;7;2
12;8;7;2
13;8;7;2
14;8;7;2
15;8;7;2
16;8;7;2
17;8;7;2
18;8;7;2
19;8;7;2
20;8;7;2
21;8;55;2
22;8;55;2
23;8;55;2
24;8;55;2
25;8;55;2
26;8;55;2
27;8;55;2
28;8;55;2
29;8;55;2
30;8;55;2
31;8;2;2
32;8;2;2
33;8;2;2
34;8;2;2
35;8;2;2
36;8;2;2
37;8;2;2
38;8;2;2
39;8;3143;2
40;8;7;2
41;8;7239;2
42;8;2;2
43;8;2;2
44;8;2;2
45;8;2;2
46;8;2;2
47;8;2;2
48;8;2;2
49;8;2;2
0;9;2;2
1;9;2;2
2;9;2;2
3;9;2;2
4;9;10311;2
5;9;7;2
6;9;7;2
7;9;7;2
8;9;51;2
9;9;52;2
10;9;53;2
11;9;7;2
12;9;6215;2
13;9;11335;2
14;9;11335;2
15;9;11335;2
16;9;11335;2
17;9;11335;2
18;9;5191;2
19;9;7;2
20;9;7;2
21;9;7;2
22;9;7;2
23;9;7;2
24;9;55;2
25;9;55;2
26;9;55;2
27;9;55;2
28;9;2;2
29;9;2;2
30;9;2;2
31;9;2;2
32;9;2;2
33;9;2;2
34;9;2;2
35;9;2;2
36;9;25671;2
37;9;9287;2
38;9;1095;2
39;9;7;2
40;9;7;2
41;9;7;2
42;9;2119;2
43;9;9287;2
44;9;26695;2
45;9;2;2
46;9;2;2
47;9;2;2
48;9;2;2
49;9;2;2
0;10;2;2
1;10;2;2
2;10;2;2
3;10;2;2
4;10;10311;2
5;10;7;2
6;10;7;2
7;10;7;2
8;10;7;2
9;10;7;2
10;10;7;2
11;10;16455;2
12;10;2;2
13;10;2;2
14;10;2;2
15;10;2;2
16;10;2;2
17;10;2;2
18;10;2;2
19;10;22599;2
20;10;11335;2
21;10;11335;2
22;10;11335;2
23;10;21575;2
24;10;2;2
25;10;55;2
26;10;55;2
27;10;2;2
28;10;2;2
29;10;2;2
30;10;2;2
31;10;2;2
32;10;2;2
33;10;2;2
34;10;2;2
35;10;2;2
36;10;27719;2
37;10;11335;2
38;10;5191;2
39;10;7;2
40;10;7;2
41;10;7;2
42;10;6215;2
43;10;11335;2
44;10;28743;2
45;10;2;2
46;10;2;2
47;10;2;2
48;10;2;2
49;10;2;2
0;11;2;2
1;11;2;2
2;11;2;2
3;11;2;2
4;11;27719;2
5;11;5191;2
6;11;7;2
7;11;7;2
8;11;7;2
9;11;7;2
10;11;16455;2
11;11;2;2
12;11;2;2
13;11;2;2
14;11;2;2
15;11;2;2
16;11;2;2
17;11;2;2
18;11;2;2
19;11;2;2
20;11;2;2
21;11;2;2
22;11;2;2
23;11;2;2
24;11;2;2
25;11;2;2
26;11;2;2
27;11;2;2
28;11;2;2
29;11;2;2
30;11;2;2
31;11;2;2
32;11;2;2
33;11;2;2
34;11;2;2
35;11;2;2
36;11;2;2
37;11;2;2
38;11;2;2
39;11;4167;2
40;11;7;2
41;11;8263;2
42;11;2;2
43;11;2;2
44;11;2;2
45;11;2;2
46;11;2;2
47;11;2;2
48;11;2;2
49;11;2;2
0;12;2;2
1;12;2;2
2;12;2;2
3;12;2;2
4;12;2;2
5;12;2;2
6;12;4167;2
7;12;7;2
8;12;7;2
9;12;7;2
10;12;2;2
11;12;2;2
12;12;2;2
13;12;2;2
14;12;2;2
15;12;2;2
16;12;2;2
17;12;2;2
18;12;2;2
19;12;2;2
20;12;2;2
21;12;2;2
22;12;2;2
23;12;2;2
24;12;2;2
25;12;2;2
26;12;2;2
27;12;2;2
28;12;2;2
29;12;2;2
30;12;2;2
31;12;2;2
32;12;2;2
33;12;2;2
34;12;2;2
35;12;2;2
36;12;2;2
37;12;2;2
38;12;2;2
39;12;10311;2
40;12;7;2
41;12;12359;2
42;12;2;2
43;12;2;2
44;12;2;2
45;12;2;2
46;12;2;2
47;12;2;2
48;12;2;2
49;12;2;2
0;13;2;2
1;13;2;2
2;13;2;2
3;13;2;2
4;13;2;2
5;13;2;2
6;13;20551;2
7;13;7;2
8;13;7;2
9;13;7;2
10;13;14407;2
11;13;2;2
12;13;2;2
13;13;2;2
14;13;2;2
15;13;2;2
16;13;2;2
17;13;2;2
18;13;2;2
19;13;2;2
20;13;2;2
21;13;2;2
22;13;2;2
23;13;2;2
24;13;2;2
25;13;2;2
26;13;2;2
27;13;2;2
28;13;2;2
29;13;2;2
30;13;2;2
31;13;2;2
32;13;2;2
33;13;2;2
34;13;2;2
35;13;2;2
36;13;2;2
37;13;2;2
38;13;2;2
39;13;10311;2
40;13;7;2
41;13;12359;2
42;13;2;2
43;13;2;2
44;13;2;2
45;13;2;2
46;13;2;2
47;13;2;2
48;13;2;2
49;13;2;2
0;14;2;2
1;14;2;2
2;14;2;2
3;14;2;2
4;14;2;2
5;14;2;2
6;14;2;2
7;14;15431;2
8;14;7;2
9;14;7;2
10;14;7;2
11;14;14407;2
12;14;2;2
13;14;2;2
14;14;2;2
15;14;2;2
16;14;2;2
17;14;2;2
18;14;2;2
19;14;2;2
20;14;2;2
21;14;2;2
22;14;2;2
23;14;2;2
24;14;2;2
25;14;2;2
26;14;2;2
27;14;2;2
28;14;2;2
29;14;2;2
30;14;2;2
31;14;2;2
32;14;2;2
33;14;2;2
34;14;2;2
35;14;2;2
36;14;2;2
37;14;2;2
38;14;2;2
39;14;10311;2
40;14;7;2
41;14;12359;2
42;14;2;2
43;14;2;2
44;14;2;2
45;14;2;2
46;14;2;2
47;14;2;2
48;14;2;2
49;14;2;2
0;15;2;2
1;15;2;2
2;15;2;2
3;15;2;2
4;15;2;2
5;15;2;2
6;15;2;2
7;15;2;2
8;15;15431;2
9;15;7;2
10;15;7;2
11;15;7;2
12;15;14407;2
13;15;2;2
14;15;2;2
15;15;2;2
16;15;2;2
17;15;2;2
18;15;2;2
19;15;2;2
20;15;2;2
21;15;2;2
22;15;2;2
23;15;2;2
24;15;2;2
25;15;2;2
26;15;2;2
27;15;2;2
28;15;2;2
29;15;2;2
30;15;2;2
31;15;2;2
32;15;2;2
33;15;2;2
34;15;2;2
35;15;2;2
36;15;2;2
37;15;2;2
38;15;2;2
39;15;10311;2
40;15;7;2
41;15;12359;2
42;15;2;2
43;15;2;2
44;15;2;2
45;15;2;2
46;15;2;2
47;15;2;2
48;15;2;2
49;15;2;2
0;16;2;2
1;16;2;2
2;16;2;2
3;16;2;2
4;16;2;2
5;16;2;2
6;16;2;2
7;16;2;2
8;16;2;2
9;16;15431;2
10;16;7;2
11;16;7;2
12;16;7;2
13;16;14407;2
14;16;2;2
15;16;2;2
16;16;2;2
17;16;2;2
18;16;2;2
19;16;2;2
20;16;2;2
21;16;2;2
22;16;2;2
23;16;2;2
24;16;2;2
25;16;2;2
26;16;2;2
27;16;2;2
28;16;2;2
29;16;2;2
30;16;2;2
31;16;2;2
32;16;2;2
33;16;2;2
34;16;2;2
35;16;2;2
36;16;2;2
37;16;2;2
38;16;2;2
39;16;10311;2
40;16;7;2
41;16;12359;2
42;16;2;2
43;16;2;2
44;16;2;2
45;16;2;2
46;16;2;2
47;16;2;2
48;16;2;2
49;16;2;2
0;17;2;2
1;17;2;2
2;17;2;2
3;17;2;2
4;17;2;2
5;17;2;2
6;17;2;2
7;17;2;2
8;17;2;2
9;17;2;2
10;17;15431;2
11;17;7;2
12;17;7;2
13;17;7;2
14;17;14407;2
15;17;2;2
16;17;2;2
17;17;2;2
18;17;2;2
19;17;2;2
20;17;2;2
21;17;2;2
22;17;2;2
23;17;2;2
24;17;2;2
25;17;2;2
26;17;2;2
27;17;2;2
28;17;2;2
29;17;2;2
30;17;2;2
31;17;2;2
32;17;2;2
33;17;2;2
34;17;2;2
35;17;2;2
36;17;2;2
37;17;2;2
38;17;2;2
39;17;10311;2
40;17;7;2
41;17;12359;2
42;17;2;2
43;17;2;2
44;17;2;2
45;17;2;2
46;17;2;2
47;17;2;2
48;17;2;2
49;17;2;2
0;18;2;2
1;18;2;2
2;18;2;2
3;18;2;2
4;18;2;2
5;18;2;2
6;18;2;2
7;18;2;2
8;18;2;2
9;18;2;2
10;18;2;2
11;18;15431;2
12;18;7;2
13;18;7;2
14;18;7;2
15;18;14407;2
16;18;2;2
17;18;2;2
18;18;2;2
19;18;2;2
20;18;2;2
21;18;2;2
22;18;2;2
23;18;2;2
24;18;2;2
25;18;2;2
26;18;2;2
27;18;2;2
28;18;2;2
29;18;2;2
30;18;2;2
31;18;2;2
32;18;2;2
33;18;2;2
34;18;2;2
35;18;2;2
36;18;2;2
37;18;2;2
38;18;2;2
39;18;10311;2
40;18;7;2
41;18;12359;2
42;18;2;2
43;18;2;2
44;18;2;2
45;18;2;2
46;18;2;2
47;18;2;2
48;18;2;2
49;18;2;2
0;19;2;2
1;19;2;2
2;19;2;2
3;19;2;2
4;19;2;2
5;19;2;2
6;19;2;2
7;19;2;2
8;19;2;2
9;19;2;2
10;19;2;2
11;19;2;2
12;19;15431;2
13;19;7;2
14;19;7;2
15;19;7;2
16;19;14407;2
17;19;2;2
18;19;2;2
19;19;2;2
20;19;2;2
21;19;2;2
22;19;2;2
23;19;2;2
24;19;2;2
25;19;2;2
26;19;2;2
27;19;2;2
28;19;2;2
29;19;2;2
30;19;2;2
31;19;2;2
32;19;2;2
33;19;2;2
34;19;2;2
35;19;2;2
36;19;2;2
37;19;2;2
38;19;2;2
39;19;10311;2
40;19;7;2
41;19;12359;2
42;19;2;2
43;19;2;2
44;19;2;2
45;19;2;2
46;19;2;2
47;19;2;2
48;19;2;2
49;19;2;2
0;20;2;2
1;20;2;2
2;20;2;2
3;20;2;2
4;20;2;2
5;20;2;2
6;20;2;2
7;20;2;2
8;20;2;2
9;20;2;2
10;20;2;2
11;20;2;2
12;20;2;2
13;20;15431;2
14;20;7;2
15;20;7;2
16;20;7;2
17;20;14407;2
18;20;2;2
19;20;2;2
20;20;2;2
21;20;2;2
22;20;2;2
23;20;2;2
24;20;2;2
25;20;2;2
26;20;2;2
27;20;2;2
28;20;2;2
29;20;2;2
30;20;2;2
31;20;2;2
32;20;2;2
33;20;2;2
34;20;2;2
35;20;2;2
36;20;2;2
37;20;2;2
38;20;2;2
39;20;3143;2
40;20;7;2
41;20;7239;2
42;20;2;2
43;20;2;2
44;20;2;2
45;20;2;2
46;20;2;2
47;20;2;2
48;20;2;2
49;20;2;2
0;21;2;2
1;21;2;2
2;21;2;2
3;21;2;2
4;21;2;2
5;21;2;2
6;21;2;2
7;21;2;2
8;21;2;2
9;21;2;2
10;21;2;2
11;21;2;2
12;21;2;2
13;21;2;2
14;21;15431;2
15;21;7;2
16;21;7;2
17;21;7;2
18;21;14407;2
19;21;2;2
20;21;2;2
21;21;2;2
22;21;2;2
23;21;2;2
24;21;2;2
25;21;2;2
26;21;2;2
27;21;2;2
28;21;2;2
29;21;2;2
30;21;2;2
31;21;2;2
32;21;2;2
33;21;2;2
34;21;2;2
35;21;2;2
36;21;2;2
37;21;17479;2
38;21;1095;2
39;21;7;2
40;21;7;2
41;21;7;2
42;21;2119;2
43;21;18503;2
44;21;2;2
45;21;2;2
46;21;2;2
47;21;2;2
48;21;2;2
49;21;2;2
0;22;2;2
1;22;2;2
2;22;2;2
3;22;2;2
4;22;2;2
5;22;2;2
6;22;2;2
7;22;2;2
8;22;2;2
9;22;2;2
10;22;2;2
11;22;2;2
12;22;2;2
13;22;2;2
14;22;2;2
15;22;15431;2
16;22;7;2
17;22;7;2
18;22;7;2
19;22;23623;2
20;22;2;2
21;22;2;2
22;22;2;2
23;22;2;2
24;22;2;2
25;22;2;2
26;22;2;2
27;22;2;2
28;22;2;2
29;22;2;2
30;22;2;2
31;22;2;2
32;22;2;2
33;22;2;2
34;22;2;2
35;22;2;2
36;22;13383;2
37;22;7;2
38;22;7;2
39;22;7;2
40;22;7;2
41;22;7;2
42;22;7;2
43;22;7;2
44;22;23623;2
45;22;2;2
46;22;2;2
47;22;2;2
48;22;2;2
49;22;2;2
0;23;2;2
1;23;2;2
2;23;2;2
3;23;2;2
4;23;2;2
5;23;2;2
6;23;2;2
7;23;2;2
8;23;2;2
9;23;2;2
10;23;2;2
11;23;2;2
12;23;2;2
13;23;2;2
14;23;2;2
15;23;2;2
16;23;15431;2
17;23;7;2
18;23;7;2
19;23;7239;2
20;23;2;2
21;23;2;2
22;23;2;2
23;23;2;2
24;23;2;2
25;23;2;2
26;23;2;2
27;23;2;2
28;23;17479;2
29;23;9287;2
30;23;18503;2
31;23;2;2
32;23;2;2
33;23;2;2
34;23;17479;2
35;23;1095;2
36;23;7;2
37;23;7;2
38;23;7;2
39;23;7;2
40;23;7;2
41;23;7;2
42;23;7;2
43;23;7;2
44;23;12359;2
45;23;2;2
46;23;2;2
47;23;2;2
48;23;2;2
49;23;2;2
0;24;2;2
1;24;2;2
2;24;2;2
3;24;2;2
4;24;2;2
5;24;2;2
6;24;2;2
7;24;2;2
8;24;2;2
9;24;2;2
10;24;2;2
11;24;2;2
12;24;2;2
13;24;2;2
14;24;2;2
15;24;2;2
16;24;2;2
17;24;4167;2
18;24;7;2
19;24;7;2
20;24;2119;2
21;24;9287;2
22;24;9287;2
23;24;18503;2
24;24;2;2
25;24;17479;2
26;24;9287;2
27;24;1095;2
28;24;7;2
29;24;7;2
30;24;7;2
31;24;2119;2
32;24;9287;2
33;24;1095;2
34;24;7;2
35;24;7;2
36;24;7;2
37;24;7;2
38;24;7;2
39;24;7;2
40;24;7;2
41;24;7;2
42;24;7;2
43;24;7;2
44;24;12359;2
45;24;2;2
46;24;2;2
47;24;2;2
48;24;2;2
49;24;2;2
0;25;2;2
1;25;2;2
2;25;2;2
3;25;2;2
4;25;2;2
5;25;2;2
6;25;2;2
7;25;2;2
8;25;2;2
9;25;2;2
10;25;2;2
11;25;2;2
12;25;2;2
13;25;2;2
14;25;2;2
15;25;2;2
16;25;2;2
17;25;10311;2
18;25;7;2
19;25;7;2
20;25;7;2
21;25;7;2
22;25;7;2
23;25;7;2
24;25;7;2
25;25;7;2
26;25;6631;2
27;25;11751;2
28;25;11751;2
29;25;11751;2
30;25;11751;2
31;25;11751;2
32;25;5607;2
33;25;7;2
34;25;7;2
35;25;7;2
36;25;7;2
37;25;7;2
38;25;7;2
39;25;7;2
40;25;7;2
41;25;7;2
42;25;7;2
43;25;7;2
44;25;12359;2
45;25;2;2
46;25;2;2
47;25;2;2
48;25;2;2
49;25;2;2
0;26;2;2
1;26;2;2
2;26;2;2
3;26;2;2
4;26;2;2
5;26;2;2
6;26;2;2
7;26;2;2
8;26;2;2
9;26;2;2
10;26;2;2
11;26;2;2
12;26;2;2
13;26;2;2
14;26;2;2
15;26;2;2
16;26;2;2
17;26;3143;2
18;26;7;2
19;26;7;2
20;26;7;2
21;26;7;2
22;26;7;2
23;26;7;2
24;26;16455;2
25;26;8674;2
26;26;15;2
27;26;15;2
28;26;15;2
29;26;15;2
30;26;15;2
31;26;15;2
32;26;15;2
33;26;4583;2
34;26;7;2
35;26;7;2
36;26;7;2
37;26;7;2
38;26;7;2
39;26;7;2
40;26;7;2
41;26;7;2
42;26;7;2
43;26;7;2
44;26;12359;2
45;26;2;2
46;26;2;2
47;26;2;2
48;26;2;2
49;26;2;2
0;27;2;2
1;27;2;2
2;27;2;2
3;27;2;2
4;27;2;2
5;27;2;2
6;27;2;2
7;27;2;2
8;27;2;2
9;27;2;2
10;27;2;2
11;27;2;2
12;27;2;2
13;27;2;2
14;27;2;2
15;27;2;2
16;27;19527;2
17;27;7;2
18;27;7;2
19;27;6215;2
20;27;11335;2
21;27;11335;2
22;27;11335;2
23;27;21575;2
24;27;2;2
25;27;7650;2
26;27;15;2
27;27;15;2
28;27;15;2
29;27;15;2
30;27;15;2
31;27;15;2
32;27;15;2
33;27;3554;2
34;27;22599;2
35;27;5191;2
36;27;7;2
37;27;7;2
38;27;7;2
39;27;7;2
40;27;7;2
41;27;7;2
42;27;7;2
43;27;7;2
44;27;12359;2
45;27;2;2
46;27;2;2
47;27;2;2
48;27;2;2
49;27;2;2
0;28;2;2
1;28;2;2
2;28;2;2
3;28;2;2
4;28;2;2
5;28;2;2
6;28;2;2
7;28;2;2
8;28;2;2
9;28;2;2
10;28;2;2
11;28;2;2
12;28;2;2
13;28;2;2
14;28;6626;2
15;28;5602;2
16;28;3143;2
17;28;7;2
18;28;16455;2
19;28;2;2
20;28;2;2
21;28;2;2
22;28;2;2
23;28;2;2
24;28;2;2
25;28;2;2
26;28;2530;2
27;28;9698;2
28;28;9698;2
29;28;9698;2
30;28;9698;2
31;28;9698;2
32;28;1506;2
33;28;2;2
34;28;2;2
35;28;2;2
36;28;15431;2
37;28;7;2
38;28;7;2
39;28;7;2
40;28;7;2
41;28;7;2
42;28;7;2
43;28;7;2
44;28;24647;2
45;28;2;2
46;28;2;2
47;28;2;2
48;28;2;2
49;28;2;2
0;29;2;2
1;29;2;2
2;29;2;2
3;29;2;2
4;29;2;2
5;29;2;2
6;29;2;2
7;29;2;2
8;29;2;2
9;29;2;2
10;29;2;2
11;29;2;2
12;29;6626;2
13;29;21986;2
14;29;15;2
15;29;15;2
16;29;7;2
17;29;8263;2
18;29;2;2
19;29;2;2
20;29;2;2
21;29;2;2
22;29;2;2
23;29;2;2
24;29;2;2
25;29;2;2
26;29;2;2
27;29;2;2
28;29;2;2
29;29;2;2
30;29;2;2
31;29;2;2
32;29;2;2
33;29;2;2
34;29;2;2
35;29;2;2
36;29;2;2
37;29;22599;2
38;29;5191;2
39;29;7;2
40;29;7;2
41;29;7;2
42;29;6215;2
43;29;21575;2
44;29;2;2
45;29;2;2
46;29;2;2
47;29;2;2
48;29;2;2
49;29;2;2
0;30;2;2
1;30;2;2
2;30;2;2
3;30;2;2
4;30;2;2
5;30;2;2
6;30;2;2
7;30;2;2
8;30;2;2
9;30;2;2
10;30;2;2
11;30;8674;2
12;30;15;2
13;30;15;2
14;30;15;2
15;30;13799;2
16;30;7;2
17;30;24647;2
18;30;2;2
19;30;2;2
20;30;2;2
21;30;2;2
22;30;2;2
23;30;2;2
24;30;2;2
25;30;2;2
26;30;2;2
27;30;2;2
28;30;2;2
29;30;2;2
30;30;2;2
31;30;2;2
32;30;2;2
33;30;2;2
34;30;2;2
35;30;2;2
36;30;2;2
37;30;2;2
38;30;2;2
39;30;4167;2
40;30;7;2
41;30;8263;2
42;30;2;2
43;30;2;2
44;30;2;2
45;30;2;2
46;30;2;2
47;30;2;2
48;30;2;2
49;30;2;2
0;31;2;2
1;31;2;2
2;31;2;2
3;31;2;2
4;31;2;2
5;31;2;2
6;31;2;2
7;31;2;2
8;31;2;2
9;31;2;2
10;31;2;2
11;31;7650;2
12;31;15;2
13;31;15;2
14;31;13799;2
15;31;7;2
16;31;16455;2
17;31;2;2
18;31;2;2
19;31;2;2
20;31;2;2
21;31;2;2
22;31;2;2
23;31;2;2
24;31;2;2
25;31;2;2
26;31;2;2
27;31;2;2
28;31;2;2
29;31;2;2
30;31;2;2
31;31;2;2
32;31;2;2
33;31;2;2
34;31;2;2
35;31;2;2
36;31;2;2
37;31;2;2
38;31;2;2
39;31;10311;2
40;31;7;2
41;31;12359;2
42;31;2;2
43;31;2;2
44;31;2;2
45;31;2;2
46;31;2;2
47;31;2;2
48;31;2;2
49;31;2;2
0;32;2;2
1;32;2;2
2;32;2;2
3;32;2;2
4;32;2;2
5;32;2;2
6;32;2;2
7;32;2;2
8;32;2;2
9;32;2;2
10;32;2;2
11;32;13383;2
12;32;2535;2
13;32;1511;2
14;32;7;2
15;32;16455;2
16;32;2;2
17;32;2;2
18;32;2;2
19;32;2;2
20;32;2;2
21;32;2;2
22;32;2;2
23;32;2;2
24;32;2;2
25;32;2;2
26;32;2;2
27;32;2;2
28;32;2;2
29;32;2;2
30;32;2;2
31;32;2;2
32;32;2;2
33;32;2;2
34;32;2;2
35;32;2;2
36;32;2;2
37;32;2;2
38;32;2;2
39;32;10311;2
40;32;7;2
41;32;24647;2
42;32;2;2
43;32;2;2
44;32;2;2
45;32;2;2
46;32;2;2
47;32;2;2
48;32;2;2
49;32;2;2
0;33;2;2
1;33;2;2
2;33;2;2
3;33;2;2
4;33;2;2
5;33;2;2
6;33;2;2
7;33;2;2
8;33;2;2
9;33;2;2
10;33;13383;2
11;33;7;2
12;33;7;2
13;33;7;2
14;33;16455;2
15;33;2;2
16;33;2;2
17;33;2;2
18;33;2;2
19;33;2;2
20;33;2;2
21;33;2;2
22;33;2;2
23;33;2;2
24;33;2;2
25;33;2;2
26;33;2;2
27;33;2;2
28;33;2;2
29;33;2;2
30;33;2;2
31;33;2;2
32;33;2;2
33;33;2;2
34;33;2;2
35;33;2;2
36;33;2;2
37;33;2;2
38;33;2;2
39;33;10311;2
40;33;8263;2
41;33;2;2
42;33;2;2
43;33;2;2
44;33;2;2
45;33;2;2
46;33;2;2
47;33;2;2
48;33;2;2
49;33;2;2
0;34;2;2
1;34;2;2
2;34;2;2
3;34;2;2
4;34;2;2
5;34;2;2
6;34;2;2
7;34;2;2
8;34;2;2
9;34;13383;2
10;34;7;2
11;34;7;2
12;34;7;2
13;34;8263;2
14;34;2;2
15;34;2;2
16;34;2;2
17;34;2;2
18;34;2;2
19;34;2;2
20;34;2;2
21;34;2;2
22;34;2;2
23;34;2;2
24;34;2;2
25;34;2;2
26;34;2;2
27;34;2;2
28;34;2;2
29;34;2;2
30;34;2;2
31;34;2;2
32;34;2;2
33;34;2;2
34;34;2;2
35;34;2;2
36;34;2;2
37;34;2;2
38;34;2;2
39;34;10311;2
40;34;12359;2
41;34;2;2
42;34;2;2
43;34;2;2
44;34;2;2
45;34;2;2
46;34;2;2
47;34;2;2
48;34;2;2
49;34;2;2
0;35;2;2
1;35;2;2
2;35;2;2
3;35;2;2
4;35;2;2
5;35;2;2
6;35;2;2
7;35;2;2
8;35;19527;2
9;35;7;2
10;35;7;2
11;35;7;2
12;35;7;2
13;35;12359;2
14;35;2;2
15;35;2;2
16;35;2;2
17;35;2;2
18;35;2;2
19;35;2;2
20;35;2;2
21;35;2;2
22;35;2;2
23;35;2;2
24;35;2;2
25;35;2;2
26;35;2;2
27;35;2;2
28;35;2;2
29;35;2;2
30;35;2;2
31;35;2;2
32;35;2;2
33;35;2;2
34;35;2;2
35;35;2;2
36;35;2;2
37;35;2;2
38;35;2;2
39;35;10311;2
40;35;7239;2
41;35;2;2
42;35;2;2
43;35;2;2
44;35;2;2
45;35;2;2
46;35;2;2
47;35;2;2
48;35;2;2
49;35;2;2
0;36;2;2
1;36;2;2
2;36;2;2
3;36;2;2
4;36;2;2
5;36;2;2
6;36;2;2
7;36;2;2
8;36;3143;2
9;36;7;2
10;36;7;2
11;36;7;2
12;36;7;2
13;36;7239;2
14;36;2;2
15;36;2;2
16;36;2;2
17;36;2;2
18;36;2;2
19;36;2;2
20;36;2;2
21;36;2;2
22;36;2;2
23;36;2;2
24;36;2;2
25;36;2;2
26;36;2;2
27;36;2;2
28;36;2;2
29;36;2;2
30;36;2;2
31;36;2;2
32;36;2;2
33;36;2;2
34;36;2;2
35;36;2;2
36;36;2;2
37;36;2;2
38;36;2;2
39;36;10311;2
40;36;7;2
41;36;14407;2
42;36;2;2
43;36;2;2
44;36;2;2
45;36;2;2
46;36;2;2
47;36;2;2
48;36;2;2
49;36;2;2
0;37;2;2
1;37;2;2
2;37;55;2
3;37;55;2
4;37;55;2
5;37;55;2
6;37;55;2
7;37;55;2
8;37;55;2
9;37;55;2
10;37;55;2
11;37;55;2
12;37;55;2
13;37;55;2
14;37;55;2
15;37;55;2
16;37;55;2
17;37;55;2
18;37;55;2
19;37;55;2
20;37;2;2
21;37;2;2
22;37;2;2
23;37;2;2
24;37;2;2
25;37;2;2
26;37;2;2
27;37;2;2
28;37;2;2
29;37;2;2
30;37;2;2
31;37;2;2
32;37;2;2
33;37;2;2
34;37;2;2
35;37;2;2
36;37;2;2
37;37;2;2
38;37;2;2
39;37;3143;2
40;37;7;2
41;37;7;2
42;37;23623;2
43;37;2;2
44;37;2;2
45;37;2;2
46;37;2;2
47;37;2;2
48;37;2;2
49;37;2;2
0;38;2;2
1;38;2;2
2;38;55;2
3;38;55;2
4;38;55;2
5;38;55;2
6;38;55;2
7;38;55;2
8;38;55;2
9;38;55;2
10;38;55;2
11;38;55;2
12;38;55;2
13;38;55;2
14;38;55;2
15;38;55;2
16;38;55;2
17;38;55;2
18;38;55;2
19;38;55;2
20;38;55;2
21;38;2;2
22;38;2;2
23;38;2;2
24;38;2;2
25;38;2;2
26;38;2;2
27;38;2;2
28;38;2;2
29;38;2;2
30;38;2;2
31;38;2;2
32;38;2;2
33;38;2;2
34;38;2;2
35;38;2;2
36;38;2;2
37;38;2;2
38;38;13383;2
39;38;7;2
40;38;7;2
41;38;7;2
42;38;7239;2
43;38;2;2
44;38;2;2
45;38;2;2
46;38;2;2
47;38;2;2
48;38;2;2
49;38;2;2
0;39;2;2
1;39;2;2
2;39;55;2
3;39;55;2
4;39;45;2
5;39;46;2
6;39;47;2
7;39;46;2
8;39;46;2
9;39;46;2
10;39;46;2
11;39;46;2
12;39;46;2
13;39;46;2
14;39;46;2
15;39;46;2
16;39;46;2
17;39;46;2
18;39;46;2
19;39;47;2
20;39;55;2
21;39;55;2
22;39;2;2
23;39;2;2
24;39;2;2
25;39;2;2
26;39;2;2
27;39;2;2
28;39;2;2
29;39;2;2
30;39;2;2
31;39;2;2
32;39;2;2
33;39;2;2
34;39;2;2
35;39;2;2
36;39;17479;2
37;39;1095;2
38;39;7;2
39;39;7;2
40;39;7;2
41;39;7;2
42;39;7;2
43;39;14407;2
44;39;2;2
45;39;2;2
46;39;2;2
47;39;2;2
48;39;2;2
49;39;2;2
0;40;2;2
1;40;2;2
2;40;55;2
3;40;55;2
4;40;48;2
5;40;49;2
6;40;50;2
7;40;49;2
8;40;49;2
9;40;49;2
10;40;49;2
11;40;49;2
12;40;49;2
13;40;49;2
14;40;49;2
15;40;49;2
16;40;49;2
17;40;49;2
18;40;49;2
19;40;50;2
20;40;55;2
21;40;55;2
22;40;2;2
23;40;2;2
24;40;2;2
25;40;2;2
26;40;2;2
27;40;2;2
28;40;2;2
29;40;2;2
30;40;2;2
31;40;2;2
32;40;2;2
33;40;2;2
34;40;2;2
35;40;19527;2
36;40;7;2
37;40;55;2
38;40;55;2
39;40;55;2
40;40;55;2
41;40;55;2
42;40;55;2
43;40;55;2
44;40;55;2
45;40;2;2
46;40;2;2
47;40;2;2
48;40;2;2
49;40;2;2
0;41;2;2
1;41;2;2
2;41;55;2
3;41;55;2
4;41;48;2
5;41;49;2
6;41;50;2
7;41;52;2
8;41;52;2
9;41;52;2
10;41;52;2
11;41;52;2
12;41;52;2
13;41;52;2
14;41;52;2
15;41;52;2
16;41;52;2
17;41;52;2
18;41;52;2
19;41;53;2
20;41;55;2
21;41;55;2
22;41;2;2
23;41;2;2
24;41;2;2
25;41;2;2
26;41;2;2
27;41;2;2
28;41;2;2
29;41;2;2
30;41;2;2
31;41;2;2
32;41;2;2
33;41;2;2
34;41;2;2
35;41;3143;2
36;41;55;2
37;41;55;2
38;41;55;2
39;41;55;2
40;41;55;2
41;41;55;2
42;41;55;2
43;41;55;2
44;41;55;2
45;41;55;2
46;41;2;2
47;41;2;2
48;41;2;2
49;41;2;2
0;42;2;2
1;42;2;2
2;42;55;2
3;42;55;2
4;42;48;2
5;42;49;2
6;42;50;2
7;42;55;2
8;42;55;2
9;42;55;2
10;42;55;2
11;42;55;2
12;42;55;2
13;42;55;2
14;42;55;2
15;42;55;2
16;42;55;2
17;42;48;2
18;42;49;2
19;42;50;2
20;42;55;2
21;42;55;2
22;42;2;2
23;42;2;2
24;42;17479;2
25;42;9287;2
26;42;18503;2
27;42;2;2
28;42;2;2
29;42;2;2
30;42;2;2
31;42;2;2
32;42;2;2
33;42;17479;2
34;42;1095;2
35;42;7;2
36;42;55;2
37;42;55;2
38;42;55;2
39;42;55;2
40;42;55;2
41;42;55;2
42;42;55;2
43;42;55;2
44;42;55;2
45;42;55;2
46;42;2;2
47;42;2;2
48;42;2;2
49;42;2;2
0;43;2;2
1;43;2;2
2;43;55;2
3;43;55;2
4;43;48;2
5;43;49;2
6;43;50;2
7;43;55;2
8;43;55;2
9;43;55;2
10;43;2;2
11;43;2;2
12;43;2;2
13;43;2;2
14;43;55;2
15;43;55;2
16;43;55;2
17;43;48;2
18;43;49;2
19;43;50;2
20;43;55;2
21;43;55;2
22;43;2119;2
23;43;1095;2
24;43;7;2
25;43;7;2
26;43;7;2
27;43;2119;2
28;43;9287;2
29;43;9287;2
30;43;9287;2
31;43;9287;2
32;43;1095;2
33;43;7;2
34;43;7;2
35;43;7;2
36;43;55;2
37;43;55;2
38;43;55;2
39;43;55;2
40;43;55;2
41;43;55;2
42;43;55;2
43;43;55;2
44;43;55;2
45;43;55;2
46;43;2;2
47;43;2;2
48;43;2;2
49;43;2;2
0;44;2;2
1;44;2;2
2;44;55;2
3;44;55;2
4;44;48;2
5;44;49;2
6;44;50;2
7;44;55;2
8;44;55;2
9;44;55;2
10;44;2;2
11;44;2;2
12;44;2;2
13;44;2;2
14;44;55;2
15;44;55;2
16;44;55;2
17;44;48;2
18;44;49;2
19;44;50;2
20;44;55;2
21;44;55;2
22;44;7;2
23;44;6215;2
24;44;5191;2
25;44;6631;2
26;44;11751;2
27;44;5607;2
28;44;7;2
29;44;7;2
30;44;7;2
31;44;7;2
32;44;7;2
33;44;7;2
34;44;7;2
35;44;7;2
36;44;55;2
37;44;55;2
38;44;55;2
39;44;55;2
40;44;55;2
41;44;55;2
42;44;55;2
43;44;55;2
44;44;55;2
45;44;55;2
46;44;2;2
47;44;2;2
48;44;2;2
49;44;2;2
0;45;2;2
1;45;2;2
2;45;55;2
3;45;55;2
4;45;48;2
5;45;49;2
6;45;50;2
7;45;55;2
8;45;55;2
9;45;55;2
10;45;2;2
11;45;2;2
12;45;2;2
13;45;2;2
14;45;55;2
15;45;55;2
16;45;55;2
17;45;48;2
18;45;49;2
19;45;50;2
20;45;55;2
21;45;55;2
22;45;16455;2
23;45;2;2
24;45;16866;2
25;45;15;2
26;45;15;2
27;45;15;2
28;45;4583;2
29;45;7;2
30;45;7;2
31;45;6215;2
32;45;5191;2
33;45;7;2
34;45;7;2
35;45;7;2
36;45;55;2
37;45;55;2
38;45;55;2
39;45;55;2
40;45;55;2
41;45;55;2
42;45;55;2
43;45;55;2
44;45;55;2
45;45;55;2
46;45;2;2
47;45;2;2
48;45;2;2
49;45;2;2
0;46;2;2
1;46;2;2
2;46;55;2
3;46;55;2
4;46;48;2
5;46;49;2
6;46;50;2
7;46;55;2
8;46;55;2
9;46;55;2
10;46;55;2
11;46;55;2
12;46;55;2
13;46;55;2
14;46;55;2
15;46;55;2
16;46;55;2
17;46;48;2
18;46;49;2
19;46;50;2
20;46;55;2
21;46;55;2
22;46;2;2
23;46;2;2
24;46;15;2
25;46;15;2
26;46;15;2
27;46;15;2
28;46;3554;2
29;46;22599;2
30;46;21575;2
31;46;2;2
32;46;2;2
33;46;22599;2
34;46;11335;2
35;46;5191;2
36;46;55;2
37;46;55;2
38;46;55;2
39;46;55;2
40;46;55;2
41;46;55;2
42;46;55;2
43;46;55;2
44;46;55;2
45;46;55;2
46;46;2;2
47;46;2;2
48;46;2;2
49;46;2;2
0;47;2;2
1;47;2;2
2;47;55;2
3;47;55;2
4;47;45;2
5;47;46;2
6;47;46;2
7;47;46;2
8;47;46;2
9;47;46;2
10;47;46;2
11;47;46;2
12;47;46;2
13;47;46;2
14;47;46;2
15;47;46;2
16;47;46;2
17;47;48;2
18;47;49;2
19;47;50;2
20;47;55;2
21;47;55;2
22;47;2;2
23;47;2;2
24;47;2530;2
25;47;9698;2
26;47;9698;2
27;47;1506;2
28;47;2;2
29;47;2;2
30;47;2;2
31;47;2;2
32;47;2;2
33;47;2;2
34;47;2;2
35;47;2;2
36;47;55;2
37;47;55;2
38;47;55;2
39;47;55;2
40;47;55;2
41;47;55;2
42;47;55;2
43;47;55;2
44;47;55;2
45;47;55;2
46;47;2;2
47;47;2;2
48;47;2;2
49;47;2;2
0;48;2;2
1;48;2;2
2;48;55;2
3;48;55;2
4;48;48;2
5;48;49;2
6;48;49;2
7;48;49;2
8;48;49;2
9;48;49;2
10;48;49;2
11;48;49;2
12;48;49;2
13;48;49;2
14;48;49;2
15;48;49;2
16;48;49;2
17;48;48;2
18;48;49;2
19;48;50;2
20;48;55;2
21;48;55;2
22;48;2;2
23;48;2;2
24;48;2;2
25;48;2;2
26;48;2;2
27;48;2;2
28;48;2;2
29;48;2;2
30;48;2;2
31;48;2;2
32;48;2;2
33;48;2;2
34;48;2;2
35;48;2;2
36;48;55;2
37;48;55;2
38;48;55;2
39;48;55;2
40;48;55;2
41;48;55;2
42;48;55;2
43;48;55;2
44;48;55;2
45;48;55;2
46;48;2;2
47;48;2;2
48;48;2;2
49;48;2;2
0;49;2;2
1;49;2;2
2;49;55;2
3;49;55;2
4;49;51;2
5;49;52;2
6;49;52;2
7;49;52;2
8;49;52;2
9;49;52;2
10;49;52;2
11;49;52;2
12;49;52;2
13;49;52;2
14;49;52;2
15;49;52;2
16;49;52;2
17;49;51;2
18;49;52;2
19;49;53;2
20;49;55;2
21;49;55;2
22;49;2;2
23;49;2;2
24;49;2;2
25;49;2;2
26;49;2;2
27;49;2;2
28;49;2;2
29;49;2;2
30;49;2;2
31;49;2;2
32;49;2;2
33;49;2;2
34;49;2;2
35;49;2;2
36;49;2;2
37;49;55;2
38;49;55;2
39;49;55;2
40;49;55;2
41;49;55;2
42;49;55;2
43;49;55;2
44;49;55;2
45;49;2;2
46;49;2;2
47;49;2;2
48;49;2;2
49;49;2;2
0;50;2;2
1;50;2;2
2;50;55;2
3;50;55;2
4;50;55;2
5;50;55;2
6;50;55;2
7;50;55;2
8;50;55;2
9;50;55;2
10;50;55;2
11;50;55;2
12;50;55;2
13;50;55;2
14;50;55;2
15;50;55;2
16;50;55;2
17;50;55;2
18;50;55;2
19;50;55;2
20;50;55;2
21;50;2;2
22;50;2;2
23;50;2;2
24;50;2;2
25;50;2;2
26;50;2;2
27;50;2;2
28;50;2;2
29;50;2;2
30;50;2;2
31;50;2;2
32;50;2;2
33;50;2;2
34;50;2;2
35;50;2;2
36;50;2;2
37;50;2;2
38;50;2;2
39;50;2;2
40;50;2;2
41;50;2;2
42;50;2;2
43;50;2;2
44;50;2;2
45;50;2;2
46;50;2;2
47;50;2;2
48;50;2;2
49;50;2;2
0;51;2;2
1;51;2;2
2;51;55;2
3;51;55;2
4;51;55;2
5;51;55;2
6;51;55;2
7;51;55;2
8;51;55;2
9;51;55;2
10;51;55;2
11;51;55;2
12;51;55;2
13;51;55;2
14;51;55;2
15;51;55;2
16;51;55;2
17;51;55;2
18;51;55;2
19;51;55;2
20;51;2;2
21;51;2;2
22;51;2;2
23;51;2;2
24;51;2;2
25;51;2;2
26;51;2;2
27;51;2;2
28;51;2;2
29;51;2;2
30;51;2;2
31;51;2;2
32;51;2;2
33;51;2;2
34;51;2;2
35;51;2;2
36;51;2;2
37;51;2;2
38;51;2;2
39;51;2;2
40;51;2;2
41;51;2;2
42;51;2;2
43;51;2;2
44;51;2;2
45;51;2;2
46;51;2;2
47;51;2;2
48;51;2;2
49;51;2;2
0;52;2;2
1;52;2;2
2;52;2;2
3;52;2;2
4;52;4167;2
5;52;7;2
6;52;7;2
7;52;8263;2
8;52;2;2
9;52;2;2
10;52;2;2
11;52;2;2
12;52;2;2
13;52;2;2
14;52;2;2
15;52;2;2
16;52;2;2
17;52;2;2
18;52;2;2
19;52;2;2
20;52;2;2
21;52;2;2
22;52;2;2
23;52;2;2
24;52;2;2
25;52;2;2
26;52;2;2
27;52;2;2
28;52;2;2
29;52;2;2
30;52;2;2
31;52;2;2
32;52;2;2
33;52;2;2
34;52;2;2
35;52;2;2
36;52;2;2
37;52;2;2
38;52;2;2
39;52;2;2
40;52;2;2
41;52;2;2
42;52;2;2
43;52;2;2
44;52;2;2
45;52;2;2
46;52;2;2
47;52;2;2
48;52;2;2
49;52;2;2
0;53;2;2
1;53;2;2
2;53;2;2
3;53;2;2
4;53;10311;2
5;53;7;2
6;53;7;2
7;53;12359;2
8;53;2;2
9;53;2;2
10;53;2;2
11;53;2;2
12;53;2;2
13;53;2;2
14;53;2;2
15;53;2;2
16;53;2;2
17;53;2;2
18;53;2;2
19;53;2;2
20;53;2;2
21;53;2;2
22;53;2;2
23;53;2;2
24;53;2;2
25;53;2;2
26;53;2;2
27;53;2;2
28;53;2;2
29;53;2;2
30;53;2;2
31;53;2;2
32;53;2;2
33;53;2;2
34;53;2;2
35;53;2;2
36;53;2;2
37;53;2;2
38;53;2;2
39;53;2;2
40;53;2;2
41;53;2;2
42;53;2;2
43;53;2;2
44;53;2;2
45;53;2;2
46;53;2;2
47;53;2;2
48;53;2;2
49;53;2;2
0;54;2;2
1;54;2;2
2;54;2;2
3;54;2;2
4;54;10311;2
5;54;7;2
6;54;7;2
7;54;12359;2
8;54;2;2
9;54;2;2
10;54;2;2
11;54;2;2
12;54;2;2
13;54;2;2
14;54;2;2
15;54;2;2
16;54;2;2
17;54;2;2
18;54;2;2
19;54;2;2
20;54;2;2
21;54;2;2
22;54;2;2
23;54;2;2
24;54;2;2
25;54;2;2
26;54;2;2
27;54;2;2
28;54;2;2
29;54;2;2
30;54;2;2
31;54;2;2
32;54;2;2
33;54;2;2
34;54;2;2
35;54;2;2
36;54;2;2
37;54;2;2
38;54;2;2
39;54;2;2
40;54;2;2
41;54;2;2
42;54;2;2
43;54;2;2
44;54;2;2
45;54;2;2
46;54;2;2
47;54;2;2
48;54;2;2
49;54;2;2
0;55;2;2
1;55;2;2
2;55;2;2
3;55;2;2
4;55;10311;2
5;55;7;2
6;55;7;2
7;55;12359;2
8;55;2;2
9;55;2;2
10;55;2;2
11;55;2;2
12;55;2;2
13;55;2;2
14;55;2;2
15;55;2;2
16;55;2;2
17;55;2;2
18;55;2;2
19;55;2;2
20;55;2;2
21;55;2;2
22;55;2;2
23;55;2;2
24;55;2;2
25;55;2;2
26;55;2;2
27;55;2;2
28;55;2;2
29;55;2;2
30;55;2;2
31;55;2;2
32;55;2;2
33;55;2;2
34;55;2;2
35;55;2;2
36;55;2;2
37;55;2;2
38;55;2;2
39;55;2;2
40;55;2;2
41;55;2;2
42;55;2;2
43;55;2;2
44;55;2;2
45;55;2;2
46;55;2;2
47;55;2;2
48;55;2;2
49;55;2;2
0;56;2;2
1;56;2;2
2;56;2;2
3;56;2;2
4;56;10311;2
5;56;7;2
6;56;7;2
7;56;12359;2
8;56;2;2
9;56;2;2
10;56;2;2
11;56;2;2
12;56;2;2
13;56;2;2
14;56;2;2
15;56;2;2
16;56;2;2
17;56;2;2
18;56;2;2
19;56;2;2
20;56;2;2
21;56;2;2
22;56;2;2
23;56;2;2
24;56;2;2
25;56;2;2
26;56;2;2
27;56;2;2
28;56;2;2
29;56;2;2
30;56;2;2
31;56;2;2
32;56;0;2
33;56;0;2
34;56;2;2
35;56;2;2
36;56;2;2
37;56;2;2
38;56;2;2
39;56;2;2
40;56;2;2
41;56;2;2
42;56;2;2
43;56;2;2
44;56;2;2
45;56;2;2
46;56;2;2
47;56;2;2
48;56;2;2
49;56;2;2
0;57;2;2
1;57;2;2
2;57;2;2
3;57;2;2
4;57;10311;2
5;57;7;2
6;57;7;2
7;57;12359;2
8;57;2;2
9;57;2;2
10;57;2;2
11;57;2;2
12;57;2;2
13;57;2;2
14;57;2;2
15;57;2;2
16;57;2;2
17;57;2;2
18;57;2;2
19;57;2;2
20;57;2;2
21;57;2;2
22;57;2;2
23;57;2;2
24;57;2;2
25;57;2;2
26;57;2;2
27;57;2;2
28;57;2;2
29;57;0;2
30;57;0;2
31;57;0;2
32;57;0;2
33;57;0;2
34;57;2;2
35;57;2;2
36;57;2;2
37;57;2;2
38;57;2;2
39;57;2;2
40;57;2;2
41;57;2;2
42;57;2;2
43;57;2;2
44;57;2;2
45;57;2;2
46;57;2;2
47;57;2;2
48;57;2;2
49;57;2;2
0;58;2;2
1;58;2;2
2;58;2;2
3;58;2;2
4;58;10311;2
5;58;7;2
6;58;7;2
7;58;12359;2
8;58;2;2
9;58;2;2
10;58;2;2
11;58;2;2
12;58;2;2
13;58;2;2
14;58;2;2
15;58;2;2
16;58;2;2
17;58;2;2
18;58;2;2
19;58;2;2
20;58;2;2
21;58;2;2
22;58;2;2
23;58;2;2
24;58;2;2
25;58;2;2
26;58;2;2
27;58;2;2
28;58;0;2
29;58;0;2
30;58;0;2
31;58;0;2
32;58;0;2
33;58;0;2
34;58;0;2
35;58;2;2
36;58;2;2
37;58;2;2
38;58;2;2
39;58;2;2
40;58;2;2
41;58;2;2
42;58;2;2
43;58;2;2
44;58;2;2
45;58;2;2
46;58;2;2
47;58;2;2
48;58;2;2
49;58;2;2
0;59;2;2
1;59;2;2
2;59;2;2
3;59;2;2
4;59;10311;2
5;59;7;2
6;59;7;2
7;59;12359;2
8;59;2;2
9;59;2;2
10;59;2;2
11;59;2;2
12;59;2;2
13;59;2;2
14;59;2;2
15;59;2;2
16;59;2;2
17;59;2;2
18;59;2;2
19;59;2;2
20;59;2;2
21;59;2;2
22;59;2;2
23;59;2;2
24;59;2;2
25;59;2;2
26;59;2;2
27;59;2;2
28;59;0;2
29;59;0;2
30;59;0;2
31;59;0;2
32;59;0;2
33;59;0;2
34;59;2;2
35;59;2;2
36;59;2;2
37;59;2;2
38;59;25671;2
39;59;9287;2
40;59;9287;2
41;59;9287;2
42;59;9287;2
43;59;18503;2
44;59;2;2
45;59;2;2
46;59;2;2
47;59;2;2
48;59;2;2
49;59;2;2
0;60;2;2
1;60;2;2
2;60;2;2
3;60;2;2
4;60;10311;2
5;60;7;2
6;60;7;2
7;60;12359;2
8;60;2;2
9;60;2;2
10;60;2;2
11;60;2;2
12;60;2;2
13;60;2;2
14;60;2;2
15;60;2;2
16;60;2;2
17;60;2;2
18;60;2;2
19;60;2;2
20;60;2;2
21;60;2;2
22;60;2;2
23;60;2;2
24;60;2;2
25;60;2;2
26;60;2;2
27;60;2;2
28;60;0;2
29;60;0;2
30;60;0;2
31;60;0;2
32;60;0;2
33;60;0;2
34;60;2;2
35;60;2;2
36;60;2;2
37;60;2;2
38;60;3143;2
39;60;7;2
40;60;7;2
41;60;7;2
42;60;7;2
43;60;7;2
44;60;14407;2
45;60;2;2
46;60;2;2
47;60;2;2
48;60;2;2
49;60;2;2
0;61;2;2
1;61;2;2
2;61;2;2
3;61;2;2
4;61;10311;2
5;61;7;2
6;61;7;2
7;61;24647;2
8;61;2;2
9;61;2;2
10;61;2;2
11;61;2;2
12;61;2;2
13;61;2;2
14;61;2;2
15;61;2;2
16;61;2;2
17;61;2;2
18;61;2;2
19;61;2;2
20;61;2;2
21;61;2;2
22;61;2;2
23;61;2;2
24;61;2;2
25;61;2;2
26;61;2;2
27;61;0;2
28;61;0;2
29;61;0;2
30;61;0;2
31;61;0;2
32;61;0;2
33;61;0;2
34;61;2;2
35;61;2;2
36;61;25671;2
37;61;1095;2
38;61;7;2
39;61;7;2
40;61;7;2
41;61;7;2
42;61;7;2
43;61;7;2
44;61;7;2
45;61;14407;2
46;61;2;2
47;61;2;2
48;61;2;2
49;61;2;2
0;62;2;2
1;62;2;2
2;62;2;2
3;62;2;2
4;62;10311;2
5;62;7;2
6;62;8263;2
7;62;2;2
8;62;2;2
9;62;2;2
10;62;2;2
11;62;2;2
12;62;2;2
13;62;2;2
14;62;2;2
15;62;2;2
16;62;2;2
17;62;2;2
18;62;2;2
19;62;2;2
20;62;2;2
21;62;2;2
22;62;2;2
23;62;2;2
24;62;2;2
25;62;2;2
26;62;0;2
27;62;0;2
28;62;0;2
29;62;0;2
30;62;0;2
31;62;0;2
32;62;0;2
33;62;2;2
34;62;2;2
35;62;2;2
36;62;3143;2
37;62;7;2
38;62;7;2
39;62;7;2
40;62;7;2
41;62;7;2
42;62;7;2
43;62;7;2
44;62;7;2
45;62;7;2
46;62;7;2
47;62;2;2
48;62;2;2
49;62;2;2
0;63;2;2
1;63;2;2
2;63;2;2
3;63;2;2
4;63;10311;2
5;63;7;2
6;63;12359;2
7;63;2;2
8;63;2;2
9;63;2;2
10;63;2;2
11;63;2;2
12;63;2;2
13;63;2;2
14;63;2;2
15;63;2;2
16;63;2;2
17;63;2;2
18;63;2;2
19;63;2;2
20;63;2;2
21;63;2;2
22;63;2;2
23;63;2;2
24;63;2;2
25;63;2;2
26;63;0;2
27;63;0;2
28;63;0;2
29;63;0;2
30;63;0;2
31;63;0;2
32;63;0;2
33;63;2;2
34;63;2;2
35;63;13383;2
36;63;7;2
37;63;7;2
38;63;7;2
39;63;7;2
40;63;7;2
41;63;7;2
42;63;7;2
43;63;7;2
44;63;7;2
45;63;7;2
46;63;2;2
47;63;2;2
48;63;2;2
49;63;2;2
0;64;2;2
1;64;2;2
2;64;2;2
3;64;2;2
4;64;10311;2
5;64;7;2
6;64;12359;2
7;64;2;2
8;64;2;2
9;64;2;2
10;64;2;2
11;64;2;2
12;64;2;2
13;64;2;2
14;64;2;2
15;64;2;2
16;64;2;2
17;64;2;2
18;64;2;2
19;64;2;2
20;64;2;2
21;64;2;2
22;64;2;2
23;64;2;2
24;64;2;2
25;64;2;2
26;64;0;2
27;64;0;2
28;64;0;2
29;64;0;2
30;64;0;2
31;64;0;2
32;64;0;2
33;64;2;2
34;64;19527;2
35;64;7;2
36;64;7;2
37;64;7;2
38;64;55;2
39;64;55;2
40;64;55;2
41;64;55;2
42;64;55;2
43;64;7;2
44;64;7;2
45;64;7;2
46;64;7;2
47;64;2;2
48;64;2;2
49;64;2;2
0;65;2;2
1;65;2;2
2;65;2;2
3;65;2;2
4;65;10311;2
5;65;7;2
6;65;7239;2
7;65;2;2
8;65;2;2
9;65;2;2
10;65;2;2
11;65;2;2
12;65;6626;2
13;65;5602;2
14;65;2;2
15;65;2;2
16;65;2;2
17;65;2;2
18;65;2;2
19;65;2;2
20;65;2;2
21;65;2;2
22;65;2;2
23;65;2;2
24;65;2;2
25;65;13383;2
26;65;0;2
27;65;0;2
28;65;0;2
29;65;0;2
30;65;0;2
31;65;34;2
32;65;7239;2
33;65;2;2
34;65;3143;2
35;65;7;2
36;65;7;2
37;65;7;2
38;65;55;2
39;65;55;2
40;65;55;2
41;65;55;2
42;65;55;2
43;65;45;2
44;65;46;2
45;65;47;2
46;65;2;2
47;65;2;2
48;65;2;2
49;65;2;2
0;66;2;2
1;66;2;2
2;66;2;2
3;66;2;2
4;66;10311;2
5;66;7;2
6;66;7;2
7;66;23623;2
8;66;2;2
9;66;2;2
10;66;6626;2
11;66;21986;2
12;66;15;2
13;66;15;2
14;66;23010;2
15;66;11746;2
16;66;11746;2
17;66;5602;2
18;66;2;2
19;66;2;2
20;66;2;2
21;66;2;2
22;66;2;2
23;66;2;2
24;66;13383;2
25;66;7;2
26;66;34;2
27;66;34;2
28;66;34;2
29;66;34;2
30;66;34;2
31;66;34;2
32;66;7;2
33;66;7;2
34;66;7;2
35;66;7;2
36;66;7;2
37;66;7;2
38;66;55;2
39;66;55;2
40;66;55;2
41;66;55;2
42;66;55;2
43;66;48;2
44;66;49;2
45;66;50;2
46;66;2;2
47;66;2;2
48;66;2;2
49;66;2;2
0;67;2;2
1;67;2;2
2;67;2;2
3;67;2;2
4;67;10311;2
5;67;7;2
6;67;7;2
7;67;7239;2
8;67;2;2
9;67;16866;2
10;67;15;2
11;67;15;2
12;67;15;2
13;67;15;2
14;67;15;2
15;67;15;2
16;67;15;2
17;67;15;2
18;67;4578;2
19;67;2;2
20;67;17479;2
21;67;9287;2
22;67;9287;2
23;67;1095;2
24;67;7;2
25;67;7;2
26;67;34;2
27;67;34;2
28;67;34;2
29;67;34;2
30;67;34;2
31;67;34;2
32;67;7;2
33;67;7;2
34;67;7;2
35;67;7;2
36;67;7;2
37;67;7;2
38;67;55;2
39;67;55;2
40;67;55;2
41;67;55;2
42;67;55;2
43;67;48;2
44;67;49;2
45;67;50;2
46;67;2;2
47;67;2;2
48;67;2;2
49;67;2;2
0;68;2;2
1;68;2;2
2;68;2;2
3;68;2;2
4;68;10311;2
5;68;7;2
6;68;7;2
7;68;7;2
8;68;2119;2
9;68;15;2
10;68;15;2
11;68;17895;2
12;68;18919;2
13;68;15;2
14;68;15;2
15;68;15;2
16;68;15;2
17;68;15;2
18;68;3554;2
19;68;13383;2
20;68;7;2
21;68;7;2
22;68;7;2
23;68;7;2
24;68;7;2
25;68;7;2
26;68;34;2
27;68;34;2
28;68;34;2
29;68;34;2
30;68;34;2
31;68;34;2
32;68;7;2
33;68;7;2
34;68;7;2
35;68;7;2
36;68;7;2
37;68;7;2
38;68;55;2
39;68;55;2
40;68;55;2
41;68;55;2
42;68;55;2
43;68;48;2
44;68;49;2
45;68;50;2
46;68;14407;2
47;68;2;2
48;68;2;2
49;68;2;2
0;69;2;2
1;69;2;2
2;69;2;2
3;69;2;2
4;69;10311;2
5;69;7;2
6;69;7;2
7;69;7;2
8;69;7;2
9;69;2535;2
10;69;1511;2
11;69;7;2
12;69;7;2
13;69;2535;2
14;69;9703;2
15;69;9703;2
16;69;9703;2
17;69;1511;2
18;69;7;2
19;69;7;2
20;69;7;2
21;69;7;2
22;69;6215;2
23;69;11335;2
24;69;5191;2
25;69;7;2
26;69;0;2
27;69;0;2
28;69;0;2
29;69;0;2
30;69;0;2
31;69;34;2
32;69;7;2
33;69;7;2
34;69;7;2
35;69;7;2
36;69;7;2
37;69;7;2
38;69;55;2
39;69;55;2
40;69;55;2
41;69;55;2
42;69;55;2
43;69;51;2
44;69;52;2
45;69;53;2
46;69;7;2
47;69;23623;2
48;69;2;2
49;69;2;2
0;70;2;2
1;70;2;2
2;70;2;2
3;70;2;2
4;70;10311;2
5;70;7;2
6;70;7;2
7;70;7;2
8;70;7;2
9;70;7;2
10;70;7;2
11;70;7;2
12;70;7;2
13;70;7;2
14;70;6215;2
15;70;11335;2
16;70;11335;2
17;70;21575;2
18;70;2;2
19;70;22599;2
20;70;11335;2
21;70;21575;2
22;70;2;2
23;70;2;2
24;70;2;2
25;70;4167;2
26;70;0;2
27;70;0;2
28;70;0;2
29;70;0;2
30;70;0;2
31;70;0;2
32;70;0;2
33;70;6215;2
34;70;5191;2
35;70;7;2
36;70;7;2
37;70;7;2
38;70;55;2
39;70;55;2
40;70;55;2
41;70;55;2
42;70;55;2
43;70;7;2
44;70;7;2
45;70;7;2
46;70;6215;2
47;70;28743;2
48;70;2;2
49;70;2;2
0;71;2;2
1;71;2;2
2;71;2;2
3;71;2;2
4;71;10311;2
5;71;7;2
6;71;7;2
7;71;7;2
8;71;7;2
9;71;7;2
10;71;7;2
11;71;7;2
12;71;7;2
13;71;16455;2
14;71;2;2
15;71;2;2
16;71;2;2
17;71;2;2
18;71;2;2
19;71;2;2
20;71;2;2
21;71;2;2
22;71;2;2
23;71;2;2
24;71;2;2
25;71;0;2
26;71;0;2
27;71;0;2
28;71;0;2
29;71;0;2
30;71;0;2
31;71;0;2
32;71;0;2
33;71;2;2
34;71;2;2
35;71;4167;2
36;71;7;2
37;71;7;2
38;71;7;2
39;71;7;2
40;71;7;2
41;71;7;2
42;71;7;2
43;71;7;2
44;71;7;2
45;71;16455;2
46;71;2;2
47;71;2;2
48;71;2;2
49;71;2;2
0;72;2;2
1;72;2;2
2;72;2;2
3;72;2;2
4;72;10311;2
5;72;7;2
6;72;7;2
7;72;7;2
8;72;7;2
9;72;7;2
10;72;7;2
11;72;7;2
12;72;8263;2
13;72;2;2
14;72;2;2
15;72;2;2
16;72;2;2
17;72;2;2
18;72;2;2
19;72;2;2
20;72;2;2
21;72;2;2
22;72;2;2
23;72;2;2
24;72;2;2
25;72;0;2
26;72;0;2
27;72;0;2
28;72;0;2
29;72;0;2
30;72;0;2
31;72;0;2
32;72;0;2
33;72;0;2
34;72;2;2
35;72;20551;2
36;72;7;2
37;72;7;2
38;72;7;2
39;72;7;2
40;72;7;2
41;72;7;2
42;72;7;2
43;72;7;2
44;72;16455;2
45;72;2;2
46;72;2;2
47;72;2;2
48;72;2;2
49;72;2;2
0;73;2;2
1;73;2;2
2;73;2;2
3;73;2;2
4;73;10311;2
5;73;7;2
6;73;7;2
7;73;7;2
8;73;7;2
9;73;7;2
10;73;7;2
11;73;7;2
12;73;12359;2
13;73;2;2
14;73;2;2
15;73;2;2
16;73;2;2
17;73;2;2
18;73;2;2
19;73;2;2
20;73;2;2
21;73;2;2
22;73;2;2
23;73;2;2
24;73;2;2
25;73;2;2
26;73;0;2
27;73;0;2
28;73;0;2
29;73;0;2
30;73;0;2
31;73;0;2
32;73;0;2
33;73;0;2
34;73;2;2
35;73;2;2
36;73;4167;2
37;73;7;2
38;73;7;2
39;73;7;2
40;73;7;2
41;73;7;2
42;73;7;2
43;73;16455;2
44;73;2;2
45;73;2;2
46;73;2;2
47;73;2;2
48;73;2;2
49;73;2;2
0;74;2;2
1;74;2;2
2;74;2;2
3;74;2;2
4;74;10311;2
5;74;7;2
6;74;7;2
7;74;7;2
8;74;7;2
9;74;7;2
10;74;7;2
11;74;7;2
12;74;12359;2
13;74;2;2
14;74;2;2
15;74;2;2
16;74;2;2
17;74;2;2
18;74;2;2
19;74;2;2
20;74;2;2
21;74;2;2
22;74;2;2
23;74;2;2
24;74;2;2
25;74;2;2
26;74;0;2
27;74;0;2
28;74;0;2
29;74;0;2
30;74;0;2
31;74;0;2
32;74;0;2
33;74;0;2
34;74;0;2
35;74;2;2
36;74;10311;2
37;74;7;2
38;74;7;2
39;74;7;2
40;74;7;2
41;74;7;2
42;74;8263;2
43;74;2;2
44;74;2;2
45;74;2;2
46;74;2;2
47;74;2;2
48;74;2;2
49;74;2;2
0;75;2;2
1;75;2;2
2;75;2;2
3;75;2;2
4;75;10311;2
5;75;7;2
6;75;7;2
7;75;7;2
8;75;7;2
9;75;7;2
10;75;7;2
11;75;7;2
12;75;12359;2
13;75;2;2
14;75;2;2
15;75;2;2
16;75;2;2
17;75;2;2
18;75;2;2
19;75;2;2
20;75;2;2
21;75;2;2
22;75;2;2
23;75;2;2
24;75;2;2
25;75;2;2
26;75;0;2
27;75;0;2
28;75;0;2
29;75;0;2
30;75;0;2
31;75;0;2
32;75;0;2
33;75;0;2
34;75;0;2
35;75;2;2
36;75;20551;2
37;75;7;2
38;75;7;2
39;75;7;2
40;75;7;2
41;75;7;2
42;75;24647;2
43;75;2;2
44;75;2;2
45;75;2;2
46;75;2;2
47;75;2;2
48;75;2;2
49;75;2;2
0;76;2;2
1;76;2;2
2;76;2;2
3;76;2;2
4;76;10311;2
5;76;7;2
6;76;7;2
7;76;7;2
8;76;7;2
9;76;7;2
10;76;7;2
11;76;7;2
12;76;12359;2
13;76;2;2
14;76;2;2
15;76;2;2
16;76;2;2
17;76;2;2
18;76;2;2
19;76;2;2
20;76;2;2
21;76;2;2
22;76;2;2
23;76;2;2
24;76;2;2
25;76;2;2
26;76;2;2
27;76;0;2
28;76;0;2
29;76;0;2
30;76;0;2
31;76;0;2
32;76;0;2
33;76;0;2
34;76;0;2
35;76;2;2
36;76;2;2
37;76;15431;2
38;76;7;2
39;76;7;2
40;76;6215;2
41;76;21575;2
42;76;2;2
43;76;2;2
44;76;2;2
45;76;2;2
46;76;2;2
47;76;2;2
48;76;2;2
49;76;2;2
0;77;2;2
1;77;2;2
2;77;2;2
3;77;2;2
4;77;27719;2
5;77;11335;2
6;77;11335;2
7;77;11335;2
8;77;11335;2
9;77;11335;2
10;77;11335;2
11;77;11335;2
12;77;28743;2
13;77;2;2
14;77;2;2
15;77;2;2
16;77;2;2
17;77;2;2
18;77;2;2
19;77;2;2
20;77;2;2
21;77;2;2
22;77;2;2
23;77;2;2
24;77;2;2
25;77;2;2
26;77;2;2
27;77;0;2
28;77;0;2
29;77;0;2
30;77;0;2
31;77;0;2
32;77;0;2
33;77;0;2
34;77;0;2
35;77;0;2
36;77;2;2
37;77;2;2
38;77;22599;2
39;77;21575;2
40;77;2;2
41;77;2;2
42;77;2;2
43;77;2;2
44;77;2;2
45;77;2;2
46;77;2;2
47;77;2;2
48;77;2;2
49;77;2;2
0;78;2;2
1;78;2;2
2;78;2;2
3;78;2;2
4;78;2;2
5;78;2;2
6;78;2;2
7;78;2;2
8;78;2;2
9;78;2;2
10;78;2;2
11;78;2;2
12;78;2;2
13;78;2;2
14;78;2;2
15;78;2;2
16;78;2;2
17;78;2;2
18;78;2;2
19;78;2;2
20;78;2;2
21;78;2;2
22;78;2;2
23;78;2;2
24;78;2;2
25;78;2;2
26;78;2;2
27;78;0;2
28;78;0;2
29;78;0;2
30;78;0;2
31;78;0;2
32;78;0;2
33;78;0;2
34;78;0;2
35;78;0;2
36;78;2;2
37;78;2;2
38;78;2;2
39;78;2;2
40;78;2;2
41;78;2;2
42;78;2;2
43;78;2;2
44;78;2;2
45;78;2;2
46;78;2;2
47;78;2;2
48;78;2;2
49;78;2;2
0;79;2;2
1;79;2;2
2;79;2;2
3;79;2;2
4;79;2;2
5;79;2;2
6;79;2;2
7;79;2;2
8;79;2;2
9;79;2;2
10;79;2;2
11;79;2;2
12;79;2;2
13;79;2;2
14;79;2;2
15;79;2;2
16;79;2;2
17;79;2;2
18;79;2;2
19;79;2;2
20;79;2;2
21;79;2;2
22;79;2;2
23;79;2;2
24;79;2;2
25;79;2;2
26;79;2;2
27;79;2;2
28;79;0;2
29;79;0;2
30;79;0;2
31;79;0;2
32;79;0;2
33;79;0;2
34;79;0;2
35;79;2;2
36;79;2;2
37;79;2;2
38;79;2;2
39;79;2;2
40;79;2;2
41;79;2;2
42;79;2;2
43;79;2;2
44;79;2;2
45;79;2;2
46;79;2;2
47;79;2;2
48;79;2;2
49;79;2;2
0;80;2;2
1;80;2;2
2;80;2;2
3;80;2;2
4;80;2;2
5;80;2;2
6;80;2;2
7;80;2;2
8;80;2;2
9;80;2;2
10;80;2;2
11;80;2;2
12;80;2;2
13;80;2;2
14;80;2;2
15;80;2;2
16;80;2;2
17;80;2;2
18;80;2;2
19;80;2;2
20;80;2;2
21;80;2;2
22;80;2;2
23;80;2;2
24;80;2;2
25;80;2;2
26;80;2;2
27;80;2;2
28;80;2;2
29;80;2;2
30;80;2;2
31;80;0;2
32;80;0;2
33;80;0;2
34;80;2;2
35;80;2;2
36;80;2;2
37;80;2;2
38;80;2;2
39;80;2;2
40;80;2;2
41;80;2;2
42;80;2;2
43;80;2;2
44;80;2;2
45;80;2;2
46;80;2;2
47;80;2;2
48;80;2;2
49;80;2;2
0;81;2;2
1;81;2;2
2;81;2;2
3;81;2;2
4;81;2;2
5;81;2;2
6;81;2;2
7;81;2;2
8;81;2;2
9;81;2;2
10;81;2;2
11;81;2;2
12;81;2;2
13;81;2;2
14;81;2;2
15;81;2;2
16;81;2;2
17;81;2;2
18;81;2;2
19;81;2;2
20;81;2;2
21;81;2;2
22;81;2;2
23;81;2;2
24;81;2;2
25;81;2;2
26;81;2;2
27;81;2;2
28;81;2;2
29;81;2;2
30;81;2;2
31;81;2;2
32;81;2;2
33;81;2;2
34;81;2;2
35;81;2;2
36;81;2;2
37;81;2;2
38;81;2;2
39;81;2;2
40;81;2;2
41;81;2;2
42;81;2;2
43;81;2;2
44;81;2;2
45;81;2;2
46;81;2;2
47;81;2;2
48;81;2;2
49;81;2;2
0;82;2;2
1;82;2;2
2;82;2;2
3;82;2;2
4;82;2;2
5;82;2;2
6;82;2;2
7;82;2;2
8;82;2;2
9;82;2;2
10;82;2;2
11;82;2;2
12;82;2;2
13;82;2;2
14;82;2;2
15;82;2;2
16;82;2;2
17;82;2;2
18;82;2;2
19;82;2;2
20;82;2;2
21;82;2;2
22;82;2;2
23;82;2;2
24;82;2;2
25;82;2;2
26;82;2;2
27;82;2;2
28;82;2;2
29;82;2;2
30;82;2;2
31;82;2;2
32;82;2;2
33;82;2;2
34;82;2;2
35;82;2;2
36;82;2;2
37;82;2;2
38;82;2;2
39;82;2;2
40;82;2;2
41;82;2;2
42;82;2;2
43;82;2;2
44;82;2;2
45;82;2;2
46;82;2;2
47;82;2;2
48;82;2;2
49;82;2;2
0;83;2;2
1;83;2;2
2;83;2;2
3;83;2;2
4;83;2;2
5;83;2;2
6;83;2;2
7;83;2;2
8;83;2;2
9;83;2;2
10;83;2;2
11;83;2;2
12;83;2;2
13;83;2;2
14;83;2;2
15;83;2;2
16;83;2;2
17;83;2;2
18;83;2;2
19;83;2;2
20;83;2;2
21;83;2;2
22;83;2;2
23;83;2;2
24;83;2;2
25;83;2;2
26;83;2;2
27;83;2;2
28;83;2;2
29;83;2;2
30;83;2;2
31;83;2;2
32;83;2;2
33;83;2;2
34;83;2;2
35;83;2;2
36;83;2;2
37;83;2;2
38;83;2;2
39;83;2;2
40;83;2;2
41;83;2;2
42;83;2;2
43;83;2;2
44;83;2;2
45;83;2;2
46;83;2;2
47;83;2;2
48;83;2;2
49;83;2;2
0;84;2;2
1;84;2;2
2;84;2;2
3;84;2;2
4;84;2;2
5;84;2;2
6;84;2;2
7;84;2;2
8;84;2;2
9;84;2;2
10;84;2;2
11;84;2;2
12;84;2;2
13;84;2;2
14;84;2;2
15;84;2;2
16;84;2;2
17;84;2;2
18;84;2;2
19;84;2;2
20;84;2;2
21;84;2;2
22;84;2;2
23;84;2;2
24;84;2;2
25;84;2;2
26;84;2;2
27;84;2;2
28;84;2;2
29;84;2;2
30;84;2;2
31;84;2;2
32;84;2;2
33;84;2;2
34;84;2;2
35;84;2;2
36;84;2;2
37;84;2;2
38;84;2;2
39;84;2;2
40;84;2;2
41;84;2;2
42;84;2;2
43;84;2;2
44;84;2;2
45;84;2;2
46;84;2;2
47;84;2;2
48;84;2;2
49;84;2;2
