# Illarion Server
# 
# This program is free software: you can redistribute it and/or modify it under
# the terms of the GNU Affero General Public License as published by the Free
# Software Foundation, either version 3 of the License, or (at your option) any
# later version.
# 
# This program is distributed in the hope that it will be useful, but WITHOUT
# ANY WARRANTY; without even the implied warranty of MERCHANTABILITY or FITNESS
# FOR A PARTICULAR PURPOSE.  See the GNU Affero General Public License for more
# details.
# 
# You should have received a copy of the GNU Affero General Public License along
# with this program.  If not, see <http://www.gnu.org/licenses/>.
V: 2
L: -9
X: 386
Y: 595
W: 50
H: 85
0;0;42;2
0;1;42;2
0;2;42;2
0;3;42;2
0;4;42;2
0;5;42;2
0;6;42;2
0;7;42;2
0;8;42;2
0;9;42;2
0;10;42;2
0;11;42;2
0;12;42;2
0;13;42;2
0;14;42;2
0;15;42;2
0;16;42;2
0;17;42;2
0;18;42;2
0;19;42;2
0;20;42;2
0;21;42;2
0;22;42;2
0;23;42;2
0;24;42;2
0;25;42;2
0;26;42;2
0;27;42;2
0;28;42;2
0;29;42;2
0;30;42;2
0;31;42;2
0;32;42;2
0;33;42;2
0;34;42;2
0;35;42;2
0;36;42;2
0;37;42;2
0;38;42;2
0;39;42;2
0;40;42;2
0;41;42;2
0;42;42;2
0;43;42;2
0;44;42;2
0;45;42;2
0;46;42;2
0;47;42;2
0;48;42;2
0;49;42;2
0;50;42;2
0;51;42;2
0;52;42;2
0;53;42;2
0;54;42;2
0;55;42;2
0;56;42;2
0;57;42;2
0;58;42;2
0;59;42;2
0;60;42;2
0;61;42;2
0;62;42;2
0;63;42;2
0;64;42;2
0;65;42;2
0;66;42;2
0;67;42;2
0;68;42;2
0;69;42;2
0;70;42;2
0;71;42;2
0;72;42;2
0;73;42;2
0;74;42;2
0;75;42;2
0;76;42;2
0;77;42;2
0;78;42;2
0;79;42;2
0;80;42;2
0;81;42;2
0;82;42;2
0;83;42;2
0;84;42;2
1;0;2;2
1;1;2;2
1;2;2;2
1;3;2;2
1;4;2;2
1;5;2;2
1;6;2;2
1;7;2;2
1;8;2;2
1;9;2;2
1;10;2;2
1;11;2;2
1;12;2;2
1;13;2;2
1;14;2;2
1;15;2;2
1;16;2;2
1;17;2;2
1;18;2;2
1;19;2;2
1;20;2;2
1;21;2;2
1;22;2;2
1;23;2;2
1;24;2;2
1;25;2;2
1;26;2;2
1;27;2;2
1;28;2;2
1;29;2;2
1;30;2;2
1;31;2;2
1;32;2;2
1;33;2;2
1;34;2;2
1;35;2;2
1;36;2;2
1;37;2;2
1;38;2;2
1;39;2;2
1;40;2;2
1;41;2;2
1;42;2;2
1;43;2;2
1;44;2;2
1;45;2;2
1;46;2;2
1;47;2;2
1;48;2;2
1;49;2;2
1;50;2;2
1;51;2;2
1;52;2;2
1;53;2;2
1;54;2;2
1;55;2;2
1;56;2;2
1;57;2;2
1;58;2;2
1;59;2;2
1;60;2;2
1;61;2;2
1;62;2;2
1;63;2;2
1;64;2;2
1;65;2;2
1;66;2;2
1;67;2;2
1;68;2;2
1;69;2;2
1;70;2;2
1;71;2;2
1;72;2;2
1;73;2;2
1;74;2;2
1;75;2;2
1;76;2;2
1;77;2;2
1;78;2;2
1;79;2;2
1;80;2;2
1;81;2;2
1;82;2;2
1;83;2;2
1;84;42;2
2;0;2;2
2;1;2;2
2;2;2;2
2;3;2;2
2;4;2;2
2;5;2;2
2;6;2;2
2;7;2;2
2;8;2;2
2;9;8674;2
2;10;12770;2
2;11;12770;2
2;12;12770;2
2;13;12770;2
2;14;12770;2
2;15;12770;2
2;16;12770;2
2;17;12770;2
2;18;12770;2
2;19;12770;2
2;20;7650;2
2;21;2;2
2;22;2;2
2;23;2;2
2;24;2;2
2;25;2;2
2;26;2;2
2;27;2;2
2;28;2;2
2;29;2;2
2;30;2;2
2;31;2;2
2;32;2;2
2;33;2;2
2;34;2;2
2;35;2;2
2;36;2;2
2;37;2;2
2;38;2;2
2;39;2;2
2;40;2;2
2;41;2;2
2;42;2;2
2;43;2;2
2;44;2;2
2;45;2;2
2;46;2;2
2;47;2;2
2;48;2;2
2;49;2;2
2;50;2;2
2;51;2;2
2;52;2;2
2;53;2;2
2;54;2;2
2;55;2;2
2;56;2;2
2;57;2;2
2;58;2;2
2;59;2;2
2;60;2;2
2;61;2;2
2;62;2;2
2;63;2;2
2;64;2;2
2;65;2;2
2;66;2;2
2;67;2;2
2;68;2;2
2;69;2;2
2;70;2;2
2;71;2;2
2;72;2;2
2;73;2;2
2;74;2;2
2;75;2;2
2;76;2;2
2;77;2;2
2;78;2;2
2;79;2;2
2;80;2;2
2;81;2;2
2;82;2;2
2;83;2;2
2;84;42;2
3;0;2;2
3;1;2;2
3;2;2;2
3;3;2;2
3;4;2;2
3;5;2;2
3;6;2;2
3;7;2;2
3;8;6626;2
3;9;15;2
3;10;15;2
3;11;15;2
3;12;15;2
3;13;15;2
3;14;15;2
3;15;15;2
3;16;15;2
3;17;15;2
3;18;15;2
3;19;15;2
3;20;15;2
3;21;14818;2
3;22;2;2
3;23;2;2
3;24;2;2
3;25;2;2
3;26;2;2
3;27;2;2
3;28;2;2
3;29;2;2
3;30;2;2
3;31;2;2
3;32;2;2
3;33;2;2
3;34;2;2
3;35;2;2
3;36;2;2
3;37;2;2
3;38;2;2
3;39;2;2
3;40;2;2
3;41;2;2
3;42;2;2
3;43;2;2
3;44;2;2
3;45;2;2
3;46;2;2
3;47;2;2
3;48;2;2
3;49;2;2
3;50;2;2
3;51;2;2
3;52;2;2
3;53;2;2
3;54;2;2
3;55;2;2
3;56;2;2
3;57;2;2
3;58;2;2
3;59;2;2
3;60;2;2
3;61;2;2
3;62;2;2
3;63;2;2
3;64;2;2
3;65;2;2
3;66;2;2
3;67;2;2
3;68;2;2
3;69;2;2
3;70;2;2
3;71;2;2
3;72;2;2
3;73;2;2
3;74;2;2
3;75;2;2
3;76;2;2
3;77;2;2
3;78;2;2
3;79;2;2
3;80;2;2
3;81;2;2
3;82;2;2
3;83;2;2
3;84;42;2
4;0;2;2
4;1;2;2
4;2;2;2
4;3;2;2
4;4;2;2
4;5;2;2
4;6;8674;2
4;7;12770;2
4;8;29154;2
4;9;15;2
4;10;15;2
4;11;19938;2
4;12;10722;2
4;13;10722;2
4;14;10722;2
4;15;10722;2
4;16;10722;2
4;17;20962;2
4;18;15;2
4;19;15;2
4;20;15;2
4;21;15;2
4;22;14818;2
4;23;2;2
4;24;2;2
4;25;2;2
4;26;2;2
4;27;2;2
4;28;2;2
4;29;2;2
4;30;2;2
4;31;2;2
4;32;2;2
4;33;2;2
4;34;2;2
4;35;2;2
4;36;2;2
4;37;2;2
4;38;2;2
4;39;2;2
4;40;2;2
4;41;2;2
4;42;2;2
4;43;2;2
4;44;8674;2
4;45;7650;2
4;46;2;2
4;47;2;2
4;48;2;2
4;49;2;2
4;50;2;2
4;51;2;2
4;52;2;2
4;53;2;2
4;54;2;2
4;55;2;2
4;56;2;2
4;57;2;2
4;58;2;2
4;59;2;2
4;60;2;2
4;61;2;2
4;62;2;2
4;63;2;2
4;64;2;2
4;65;2;2
4;66;2;2
4;67;2;2
4;68;2;2
4;69;2;2
4;70;2;2
4;71;2;2
4;72;2;2
4;73;2;2
4;74;2;2
4;75;2;2
4;76;2;2
4;77;2;2
4;78;2;2
4;79;2;2
4;80;8674;2
4;81;7650;2
4;82;2;2
4;83;2;2
4;84;42;2
5;0;2;2
5;1;2;2
5;2;2;2
5;3;2;2
5;4;2;2
5;5;6626;2
5;6;15;2
5;7;15;2
5;8;15;2
5;9;15;2
5;10;13794;2
5;11;2;2
5;12;2;2
5;13;2;2
5;14;2;2
5;15;2;2
5;16;2;2
5;17;2;2
5;18;4578;2
5;19;20962;2
5;20;15;2
5;21;15;2
5;22;15;2
5;23;14818;2
5;24;2;2
5;25;2;2
5;26;2;2
5;27;2;2
5;28;2;2
5;29;2;2
5;30;2;2
5;31;2;2
5;32;2;2
5;33;2;2
5;34;2;2
5;35;2;2
5;36;2;2
5;37;2;2
5;38;2;2
5;39;2;2
5;40;2;2
5;41;2;2
5;42;2;2
5;43;16866;2
5;44;15;2
5;45;15;2
5;46;2530;2
5;47;2;2
5;48;16866;2
5;49;15;2
5;50;2530;2
5;51;2;2
5;52;2;2
5;53;2;2
5;54;2;2
5;55;2;2
5;56;2;2
5;57;2;2
5;58;2;2
5;59;2;2
5;60;2;2
5;61;2;2
5;62;2;2
5;63;2;2
5;64;2;2
5;65;2;2
5;66;2;2
5;67;2;2
5;68;2;2
5;69;2;2
5;70;2;2
5;71;2;2
5;72;2;2
5;73;2;2
5;74;2;2
5;75;2;2
5;76;2;2
5;77;2;2
5;78;2;2
5;79;16866;2
5;80;15;2
5;81;15;2
5;82;2;2
5;83;2;2
5;84;42;2
6;0;2;2
6;1;2;2
6;2;2;2
6;3;2;2
6;4;2;2
6;5;5602;2
6;6;15;2
6;7;15;2
6;8;19938;2
6;9;3554;2
6;10;2;2
6;11;2;2
6;12;2;2
6;13;2;2
6;14;2;2
6;15;2;2
6;16;2;2
6;17;2;2
6;18;2;2
6;19;2;2
6;20;15842;2
6;21;15;2
6;22;15;2
6;23;15;2
6;24;24034;2
6;25;7650;2
6;26;2;2
6;27;2;2
6;28;2;2
6;29;2;2
6;30;2;2
6;31;2;2
6;32;2;2
6;33;2;2
6;34;2;2
6;35;2;2
6;36;2;2
6;37;2;2
6;38;2;2
6;39;2;2
6;40;2;2
6;41;2;2
6;42;16866;2
6;43;15;2
6;44;15;2
6;45;15;2
6;46;1506;2
6;47;6626;2
6;48;15;2
6;49;15;2
6;50;9698;2
6;51;2;2
6;52;2;2
6;53;2;2
6;54;2;2
6;55;2;2
6;56;2;2
6;57;2;2
6;58;2;2
6;59;2;2
6;60;2;2
6;61;2;2
6;62;2;2
6;63;2;2
6;64;8674;2
6;65;12770;2
6;66;12770;2
6;67;12770;2
6;68;12770;2
6;69;12770;2
6;70;12770;2
6;71;7650;2
6;72;2;2
6;73;2;2
6;74;2;2
6;75;2;2
6;76;2;2
6;77;2;2
6;78;6626;2
6;79;15;2
6;80;15;2
6;81;17890;2
6;82;2;2
6;83;2;2
6;84;42;2
7;0;2;2
7;1;2;2
7;2;2;2
7;3;2;2
7;4;2;2
7;5;2;2
7;6;4578;2
7;7;3554;2
7;8;2;2
7;9;2;2
7;10;2;2
7;11;2;2
7;12;2;2
7;13;2;2
7;14;2;2
7;15;2;2
7;16;2;2
7;17;2;2
7;18;2;2
7;19;2;2
7;20;2;2
7;21;23010;2
7;22;15;2
7;23;15;2
7;24;15;2
7;25;15;2
7;26;24034;2
7;27;12770;2
7;28;7650;2
7;29;2;2
7;30;2;2
7;31;2;2
7;32;2;2
7;33;2;2
7;34;2;2
7;35;2;2
7;36;2;2
7;37;2;2
7;38;2;2
7;39;8674;2
7;40;12770;2
7;41;25058;2
7;42;15;2
7;43;15;2
7;44;15;2
7;45;17890;2
7;46;2;2
7;47;21986;2
7;48;15;2
7;49;15;2
7;50;9698;2
7;51;2;2
7;52;2;2
7;53;2;2
7;54;2;2
7;55;2;2
7;56;2;2
7;57;2;2
7;58;2;2
7;59;2;2
7;60;2;2
7;61;2;2
7;62;2;2
7;63;6626;2
7;64;15;2
7;65;15;2
7;66;15;2
7;67;15;2
7;68;15;2
7;69;15;2
7;70;15;2
7;71;15;2
7;72;2530;2
7;73;2;2
7;74;2;2
7;75;2;2
7;76;2;2
7;77;2;2
7;78;21986;2
7;79;15;2
7;80;15;2
7;81;1506;2
7;82;2;2
7;83;2;2
7;84;42;2
8;0;2;2
8;1;2;2
8;2;2;2
8;3;2;2
8;4;2;2
8;5;2;2
8;6;2;2
8;7;2;2
8;8;2;2
8;9;2;2
8;10;2;2
8;11;2;2
8;12;2;2
8;13;2;2
8;14;2;2
8;15;2;2
8;16;2;2
8;17;2;2
8;18;2;2
8;19;2;2
8;20;2;2
8;21;11746;2
8;22;15;2
8;23;15;2
8;24;15;2
8;25;15;2
8;26;15;2
8;27;15;2
8;28;15;2
8;29;24034;2
8;30;12770;2
8;31;12770;2
8;32;12770;2
8;33;12770;2
8;34;12770;2
8;35;12770;2
8;36;12770;2
8;37;12770;2
8;38;25058;2
8;39;15;2
8;40;15;2
8;41;15;2
8;42;15;2
8;43;15;2
8;44;15;2
8;45;27106;2
8;46;25058;2
8;47;15;2
8;48;15;2
8;49;15;2
8;50;18914;2
8;51;2;2
8;52;2;2
8;53;2;2
8;54;2;2
8;55;2;2
8;56;2;2
8;57;2;2
8;58;2;2
8;59;2;2
8;60;2;2
8;61;2;2
8;62;2;2
8;63;5602;2
8;64;15;2
8;65;15;2
8;66;15;2
8;67;15;2
8;68;19938;2
8;69;28130;2
8;70;15;2
8;71;15;2
8;72;9698;2
8;73;2;2
8;74;2;2
8;75;2;2
8;76;2;2
8;77;6626;2
8;78;15;2
8;79;15;2
8;80;13794;2
8;81;2;2
8;82;2;2
8;83;2;2
8;84;42;2
9;0;2;2
9;1;2;2
9;2;2;2
9;3;2;2
9;4;2;2
9;5;2;2
9;6;2;2
9;7;2;2
9;8;2;2
9;9;2;2
9;10;2;2
9;11;2;2
9;12;2;2
9;13;2;2
9;14;2;2
9;15;2;2
9;16;2;2
9;17;2;2
9;18;2;2
9;19;2;2
9;20;2;2
9;21;11746;2
9;22;15;2
9;23;15;2
9;24;15;2
9;25;15;2
9;26;15;2
9;27;15;2
9;28;15;2
9;29;15;2
9;30;15;2
9;31;15;2
9;32;15;2
9;33;15;2
9;34;15;2
9;35;15;2
9;36;15;2
9;37;15;2
9;38;15;2
9;39;15;2
9;40;15;2
9;41;15;2
9;42;15;2
9;43;15;2
9;44;15;2
9;45;15;2
9;46;15;2
9;47;15;2
9;48;15;2
9;49;15;2
9;50;15;2
9;51;24034;2
9;52;7650;2
9;53;2;2
9;54;2;2
9;55;2;2
9;56;2;2
9;57;2;2
9;58;2;2
9;59;2;2
9;60;2;2
9;61;2;2
9;62;2;2
9;63;2;2
9;64;4578;2
9;65;10722;2
9;66;10722;2
9;67;3554;2
9;68;2;2
9;69;11746;2
9;70;15;2
9;71;15;2
9;72;27106;2
9;73;12770;2
9;74;12770;2
9;75;12770;2
9;76;12770;2
9;77;29154;2
9;78;15;2
9;79;17890;2
9;80;2;2
9;81;2;2
9;82;2;2
9;83;2;2
9;84;42;2
10;0;2;2
10;1;2;2
10;2;2;2
10;3;2;2
10;4;2;2
10;5;2;2
10;6;2;2
10;7;2;2
10;8;2;2
10;9;2;2
10;10;2;2
10;11;2;2
10;12;2;2
10;13;2;2
10;14;2;2
10;15;2;2
10;16;2;2
10;17;2;2
10;18;2;2
10;19;2;2
10;20;2;2
10;21;5602;2
10;22;15;2
10;23;15;2
10;24;19938;2
10;25;10722;2
10;26;10722;2
10;27;10722;2
10;28;20962;2
10;29;15;2
10;30;15;2
10;31;15;2
10;32;15;2
10;33;15;2
10;34;15;2
10;35;19938;2
10;36;10722;2
10;37;10722;2
10;38;10722;2
10;39;20962;2
10;40;15;2
10;41;15;2
10;42;15;2
10;43;15;2
10;44;15;2
10;45;19938;2
10;46;10722;2
10;47;28130;2
10;48;15;2
10;49;15;2
10;50;15;2
10;51;15;2
10;52;15;2
10;53;24034;2
10;54;12770;2
10;55;25058;2
10;56;15;2
10;57;14818;2
10;58;2;2
10;59;2;2
10;60;2;2
10;61;2;2
10;62;2;2
10;63;2;2
10;64;2;2
10;65;2;2
10;66;2;2
10;67;2;2
10;68;2;2
10;69;5602;2
10;70;15;2
10;71;15;2
10;72;15;2
10;73;15;2
10;74;15;2
10;75;15;2
10;76;15;2
10;77;15;2
10;78;15;2
10;79;1506;2
10;80;2;2
10;81;2;2
10;82;2;2
10;83;2;2
10;84;42;2
11;0;2;2
11;1;2;2
11;2;2;2
11;3;2;2
11;4;2;2
11;5;2;2
11;6;2;2
11;7;2;2
11;8;2;2
11;9;2;2
11;10;2;2
11;11;2;2
11;12;2;2
11;13;2;2
11;14;2;2
11;15;2;2
11;16;2;2
11;17;2;2
11;18;2;2
11;19;2;2
11;20;2;2
11;21;2;2
11;22;4578;2
11;23;3554;2
11;24;2;2
11;25;2;2
11;26;2;2
11;27;2;2
11;28;2;2
11;29;15842;2
11;30;15;2
11;31;15;2
11;32;15;2
11;33;15;2
11;34;13794;2
11;35;2;2
11;36;2;2
11;37;2;2
11;38;2;2
11;39;2;2
11;40;23010;2
11;41;15;2
11;42;15;2
11;43;26082;2
11;44;3554;2
11;45;2;2
11;46;2;2
11;47;11746;2
11;48;15;2
11;49;15;2
11;50;15;2
11;51;15;2
11;52;15;2
11;53;15;2
11;54;15;2
11;55;15;2
11;56;15;2
11;57;15;2
11;58;2;2
11;59;2;2
11;60;2;2
11;61;2;2
11;62;2;2
11;63;2;2
11;64;2;2
11;65;2;2
11;66;2;2
11;67;2;2
11;68;2;2
11;69;2;2
11;70;4578;2
11;71;10722;2
11;72;10722;2
11;73;10722;2
11;74;10722;2
11;75;20962;2
11;76;15;2
11;77;15;2
11;78;17890;2
11;79;2;2
11;80;2;2
11;81;2;2
11;82;2;2
11;83;2;2
11;84;42;2
12;0;2;2
12;1;2;2
12;2;2;2
12;3;2;2
12;4;2;2
12;5;2;2
12;6;2;2
12;7;2;2
12;8;2;2
12;9;2;2
12;10;2;2
12;11;2;2
12;12;2;2
12;13;2;2
12;14;8674;2
12;15;12770;2
12;16;12770;2
12;17;7650;2
12;18;2;2
12;19;2;2
12;20;2;2
12;21;2;2
12;22;2;2
12;23;2;2
12;24;2;2
12;25;2;2
12;26;2;2
12;27;2;2
12;28;2;2
12;29;2;2
12;30;4578;2
12;31;10722;2
12;32;10722;2
12;33;3554;2
12;34;2;2
12;35;2;2
12;36;2;2
12;37;2;2
12;38;2;2
12;39;2;2
12;40;11746;2
12;41;15;2
12;42;15;2
12;43;18914;2
12;44;2;2
12;45;2;2
12;46;2;2
12;47;21986;2
12;48;15;2
12;49;15;2
12;50;26082;2
12;51;20962;2
12;52;15;2
12;53;15;2
12;54;19938;2
12;55;10722;2
12;56;10722;2
12;57;3554;2
12;58;2;2
12;59;2;2
12;60;2;2
12;61;2;2
12;62;2;2
12;63;2;2
12;64;2;2
12;65;2;2
12;66;2;2
12;67;2;2
12;68;2;2
12;69;2;2
12;70;2;2
12;71;2;2
12;72;2;2
12;73;2;2
12;74;2;2
12;75;2;2
12;76;23010;2
12;77;15;2
12;78;9698;2
12;79;2;2
12;80;2;2
12;81;2;2
12;82;2;2
12;83;2;2
12;84;42;2
13;0;2;2
13;1;2;2
13;2;2;2
13;3;2;2
13;4;2;2
13;5;2;2
13;6;2;2
13;7;2;2
13;8;2;2
13;9;2;2
13;10;2;2
13;11;2;2
13;12;2;2
13;13;16866;2
13;14;15;2
13;15;15;2
13;16;15;2
13;17;15;2
13;18;24034;2
13;19;12770;2
13;20;7650;2
13;21;2;2
13;22;2;2
13;23;2;2
13;24;2;2
13;25;2;2
13;26;2;2
13;27;2;2
13;28;2;2
13;29;2;2
13;30;2;2
13;31;2;2
13;32;2;2
13;33;2;2
13;34;2;2
13;35;2;2
13;36;2;2
13;37;2;2
13;38;2;2
13;39;2;2
13;40;11746;2
13;41;15;2
13;42;15;2
13;43;15;2
13;44;14818;2
13;45;2;2
13;46;6626;2
13;47;15;2
13;48;15;2
13;49;15;2
13;50;9698;2
13;51;2;2
13;52;4578;2
13;53;3554;2
13;54;2;2
13;55;2;2
13;56;2;2
13;57;2;2
13;58;2;2
13;59;2;2
13;60;2;2
13;61;2;2
13;62;2;2
13;63;2;2
13;64;2;2
13;65;2;2
13;66;2;2
13;67;2;2
13;68;2;2
13;69;2;2
13;70;2;2
13;71;2;2
13;72;2;2
13;73;2;2
13;74;2;2
13;75;2;2
13;76;11746;2
13;77;15;2
13;78;9698;2
13;79;2;2
13;80;2;2
13;81;2;2
13;82;2;2
13;83;2;2
13;84;42;2
14;0;2;2
14;1;2;2
14;2;2;2
14;3;2;2
14;4;2;2
14;5;2;2
14;6;2;2
14;7;2;2
14;8;2;2
14;9;2;2
14;10;2;2
14;11;2;2
14;12;16866;2
14;13;15;2
14;14;15;2
14;15;15;2
14;16;15;2
14;17;15;2
14;18;15;2
14;19;15;2
14;20;15;2
14;21;2;2
14;22;2;2
14;23;2;2
14;24;2;2
14;25;2;2
14;26;2;2
14;27;2;2
14;28;2;2
14;29;2;2
14;30;2;2
14;31;2;2
14;32;2;2
14;33;2;2
14;34;2;2
14;35;2;2
14;36;2;2
14;37;2;2
14;38;2;2
14;39;2;2
14;40;21986;2
14;41;15;2
14;42;15;2
14;43;15;2
14;44;15;2
14;45;2530;2
14;46;5602;2
14;47;15;2
14;48;15;2
14;49;15;2
14;50;18914;2
14;51;2;2
14;52;2;2
14;53;2;2
14;54;2;2
14;55;2;2
14;56;2;2
14;57;2;2
14;58;2;2
14;59;2;2
14;60;2;2
14;61;2;2
14;62;2;2
14;63;2;2
14;64;2;2
14;65;2;2
14;66;2;2
14;67;2;2
14;68;2;2
14;69;2;2
14;70;2;2
14;71;2;2
14;72;2;2
14;73;2;2
14;74;2;2
14;75;2;2
14;76;11746;2
14;77;15;2
14;78;9698;2
14;79;2;2
14;80;2;2
14;81;2;2
14;82;2;2
14;83;2;2
14;84;42;2
15;0;2;2
15;1;2;2
15;2;2;2
15;3;2;2
15;4;2;2
15;5;2;2
15;6;2;2
15;7;8674;2
15;8;7650;2
15;9;2;2
15;10;2;2
15;11;6626;2
15;12;15;2
15;13;15;2
15;14;15;2
15;15;15;2
15;16;15;2
15;17;15;2
15;18;19938;2
15;19;10722;2
15;20;3554;2
15;21;2;2
15;22;2;2
15;23;2;2
15;24;2;2
15;25;2;2
15;26;2;2
15;27;2;2
15;28;2;2
15;29;2;2
15;30;2;2
15;31;2;2
15;32;2;2
15;33;2;2
15;34;2;2
15;35;2;2
15;36;2;2
15;37;2;2
15;38;2;2
15;39;6626;2
15;40;15;2
15;41;15;2
15;42;15;2
15;43;15;2
15;44;15;2
15;45;18914;2
15;46;2;2
15;47;4578;2
15;48;20962;2
15;49;15;2
15;50;15;2
15;51;2;2
15;52;2;2
15;53;2;2
15;54;2;2
15;55;2;2
15;56;2;2
15;57;2;2
15;58;2;2
15;59;2;2
15;60;2;2
15;61;2;2
15;62;2;2
15;63;2;2
15;64;2;2
15;65;2;2
15;66;2;2
15;67;2;2
15;68;2;2
15;69;2;2
15;70;2;2
15;71;2;2
15;72;2;2
15;73;2;2
15;74;2;2
15;75;2;2
15;76;11746;2
15;77;15;2
15;78;9698;2
15;79;2;2
15;80;2;2
15;81;2;2
15;82;2;2
15;83;2;2
15;84;42;2
16;0;2;2
16;1;2;2
16;2;2;2
16;3;2;2
16;4;2;2
16;5;2;2
16;6;6626;2
16;7;15;2
16;8;15;2
16;9;14818;2
16;10;2;2
16;11;5602;2
16;12;15;2
16;13;15;2
16;14;19938;2
16;15;10722;2
16;16;10722;2
16;17;3554;2
16;18;2;2
16;19;2;2
16;20;2;2
16;21;2;2
16;22;2;2
16;23;2;2
16;24;2;2
16;25;2;2
16;26;2;2
16;27;2;2
16;28;2;2
16;29;2;2
16;30;2;2
16;31;2;2
16;32;2;2
16;33;2;2
16;34;2;2
16;35;2;2
16;36;2;2
16;37;2;2
16;38;2;2
16;39;21986;2
16;40;15;2
16;41;15;2
16;42;15;2
16;43;15;2
16;44;15;2
16;45;15;2
16;46;14818;2
16;47;2;2
16;48;2;2
16;49;4578;2
16;50;3554;2
16;51;2;2
16;52;2;2
16;53;2;2
16;54;2;2
16;55;2;2
16;56;2;2
16;57;2;2
16;58;2;2
16;59;2;2
16;60;2;2
16;61;2;2
16;62;2;2
16;63;2;2
16;64;2;2
16;65;2;2
16;66;2;2
16;67;2;2
16;68;2;2
16;69;2;2
16;70;2;2
16;71;2;2
16;72;2;2
16;73;2;2
16;74;2;2
16;75;2;2
16;76;21986;2
16;77;15;2
16;78;9698;2
16;79;2;2
16;80;2;2
16;81;2;2
16;82;2;2
16;83;2;2
16;84;42;2
17;0;2;2
17;1;2;2
17;2;2;2
17;3;2;2
17;4;2;2
17;5;2;2
17;6;5602;2
17;7;15;2
17;8;15;2
17;9;15;2
17;10;14818;2
17;11;2;2
17;12;4578;2
17;13;3554;2
17;14;2;2
17;15;2;2
17;16;2;2
17;17;2;2
17;18;2;2
17;19;2;2
17;20;2;2
17;21;2;2
17;22;2;2
17;23;2;2
17;24;2;2
17;25;2;2
17;26;2;2
17;27;2;2
17;28;2;2
17;29;2;2
17;30;2;2
17;31;2;2
17;32;2;2
17;33;2;2
17;34;2;2
17;35;2;2
17;36;2;2
17;37;2;2
17;38;16866;2
17;39;15;2
17;40;15;2
17;41;15;2
17;42;15;2
17;43;15;2
17;44;15;2
17;45;15;2
17;46;15;2
17;47;2;2
17;48;2;2
17;49;2;2
17;50;2;2
17;51;2;2
17;52;2;2
17;53;2;2
17;54;2;2
17;55;2;2
17;56;2;2
17;57;2;2
17;58;2;2
17;59;2;2
17;60;2;2
17;61;2;2
17;62;2;2
17;63;2;2
17;64;2;2
17;65;2;2
17;66;2;2
17;67;2;2
17;68;2;2
17;69;2;2
17;70;2;2
17;71;2;2
17;72;2;2
17;73;2;2
17;74;2;2
17;75;6626;2
17;76;15;2
17;77;15;2
17;78;9698;2
17;79;2;2
17;80;2;2
17;81;2;2
17;82;2;2
17;83;2;2
17;84;42;2
18;0;2;2
18;1;2;2
18;2;2;2
18;3;2;2
18;4;2;2
18;5;2;2
18;6;2;2
18;7;4578;2
18;8;28130;2
18;9;15;2
18;10;15;2
18;11;2530;2
18;12;2;2
18;13;2;2
18;14;2;2
18;15;2;2
18;16;2;2
18;17;2;2
18;18;2;2
18;19;2;2
18;20;2;2
18;21;2;2
18;22;2;2
18;23;2;2
18;24;2;2
18;25;2;2
18;26;2;2
18;27;2;2
18;28;2;2
18;29;2;2
18;30;2;2
18;31;2;2
18;32;2;2
18;33;2;2
18;34;2;2
18;35;2;2
18;36;2;2
18;37;6626;2
18;38;15;2
18;39;15;2
18;40;15;2
18;41;15;2
18;42;15;2
18;43;19938;2
18;44;10722;2
18;45;10722;2
18;46;3554;2
18;47;2;2
18;48;2;2
18;49;2;2
18;50;2;2
18;51;2;2
18;52;2;2
18;53;2;2
18;54;2;2
18;55;2;2
18;56;2;2
18;57;2;2
18;58;2;2
18;59;2;2
18;60;2;2
18;61;2;2
18;62;2;2
18;63;2;2
18;64;2;2
18;65;2;2
18;66;2;2
18;67;2;2
18;68;2;2
18;69;2;2
18;70;2;2
18;71;2;2
18;72;2;2
18;73;2;2
18;74;2;2
18;75;5602;2
18;76;15;2
18;77;15;2
18;78;1506;2
18;79;2;2
18;80;2;2
18;81;2;2
18;82;2;2
18;83;2;2
18;84;42;2
19;0;2;2
19;1;2;2
19;2;2;2
19;3;2;2
19;4;2;2
19;5;2;2
19;6;2;2
19;7;2;2
19;8;21986;2
19;9;15;2
19;10;15;2
19;11;9698;2
19;12;2;2
19;13;2;2
19;14;2;2
19;15;2;2
19;16;2;2
19;17;2;2
19;18;2;2
19;19;2;2
19;20;2;2
19;21;2;2
19;22;2;2
19;23;2;2
19;24;2;2
19;25;2;2
19;26;2;2
19;27;2;2
19;28;2;2
19;29;2;2
19;30;2;2
19;31;2;2
19;32;2;2
19;33;2;2
19;34;2;2
19;35;2;2
19;36;2;2
19;37;21986;2
19;38;15;2
19;39;15;2
19;40;15;2
19;41;15;2
19;42;13794;2
19;43;2;2
19;44;2;2
19;45;2;2
19;46;19526;2
19;47;20550;2
19;48;2;2
19;49;2;2
19;50;2;2
19;51;19526;2
19;52;10310;2
19;53;10310;2
19;54;10310;2
19;55;20550;2
19;56;2;2
19;57;2;2
19;58;2;2
19;59;2;2
19;60;2;2
19;61;2;2
19;62;2;2
19;63;2;2
19;64;2;2
19;65;2;2
19;66;2;2
19;67;2;2
19;68;2;2
19;69;2;2
19;70;2;2
19;71;2;2
19;72;2;2
19;73;2;2
19;74;2;2
19;75;2;2
19;76;4578;2
19;77;3554;2
19;78;2;2
19;79;2;2
19;80;2;2
19;81;2;2
19;82;2;2
19;83;2;2
19;84;42;2
20;0;2;2
20;1;2;2
20;2;2;2
20;3;2;2
20;4;2;2
20;5;2;2
20;6;2;2
20;7;6626;2
20;8;15;2
20;9;15;2
20;10;15;2
20;11;9698;2
20;12;2;2
20;13;2;2
20;14;2;2
20;15;2;2
20;16;2;2
20;17;2;2
20;18;2;2
20;19;2;2
20;20;2;2
20;21;2;2
20;22;2;2
20;23;2;2
20;24;2;2
20;25;2;2
20;26;2;2
20;27;2;2
20;28;2;2
20;29;2;2
20;30;2;2
20;31;2;2
20;32;2;2
20;33;2;2
20;34;2;2
20;35;2;2
20;36;16866;2
20;37;15;2
20;38;15;2
20;39;15;2
20;40;15;2
20;41;13794;2
20;42;2;2
20;43;2;2
20;44;2;2
20;45;13382;2
20;46;6;2
20;47;6;2
20;48;4166;2
20;49;10310;2
20;50;3142;2
20;51;6;2
20;52;6;2
20;53;6;2
20;54;6;2
20;55;6;2
20;56;4166;2
20;57;10310;2
20;58;20550;2
20;59;2;2
20;60;2;2
20;61;2;2
20;62;2;2
20;63;2;2
20;64;2;2
20;65;2;2
20;66;2;2
20;67;2;2
20;68;2;2
20;69;2;2
20;70;2;2
20;71;2;2
20;72;2;2
20;73;2;2
20;74;2;2
20;75;2;2
20;76;19526;2
20;77;10310;2
20;78;10310;2
20;79;10310;2
20;80;10310;2
20;81;10310;2
20;82;10310;2
20;83;3142;2
20;84;6;2
21;0;2;2
21;1;2;2
21;2;2;2
21;3;2;2
21;4;2;2
21;5;2;2
21;6;2;2
21;7;11746;2
21;8;15;2
21;9;15;2
21;10;15;2
21;11;9698;2
21;12;2;2
21;13;2;2
21;14;2;2
21;15;2;2
21;16;2;2
21;17;2;2
21;18;2;2
21;19;2;2
21;20;2;2
21;21;2;2
21;22;2;2
21;23;2;2
21;24;2;2
21;25;2;2
21;26;2;2
21;27;2;2
21;28;2;2
21;29;2;2
21;30;2;2
21;31;2;2
21;32;2;2
21;33;2;2
21;34;8674;2
21;35;25058;2
21;36;15;2
21;37;15;2
21;38;15;2
21;39;19938;2
21;40;3554;2
21;41;2;2
21;42;2;2
21;43;19526;2
21;44;3142;2
21;45;6;2
21;46;6;2
21;47;6;2
21;48;6;2
21;49;6;2
21;50;6;2
21;51;6;2
21;52;6;2
21;53;6;2
21;54;6;2
21;55;6;2
21;56;6;2
21;57;6;2
21;58;6;2
21;59;4166;2
21;60;20550;2
21;61;2;2
21;62;2;2
21;63;2;2
21;64;19526;2
21;65;10310;2
21;66;10310;2
21;67;10310;2
21;68;10310;2
21;69;10310;2
21;70;10310;2
21;71;10310;2
21;72;10310;2
21;73;10310;2
21;74;10310;2
21;75;3142;2
21;76;6;2
21;77;6;2
21;78;6;2
21;79;6;2
21;80;6;2
21;81;6;2
21;82;6;2
21;83;6;2
21;84;6;2
22;0;2;2
22;1;2;2
22;2;2;2
22;3;2;2
22;4;2;2
22;5;2;2
22;6;2;2
22;7;11746;2
22;8;15;2
22;9;15;2
22;10;15;2
22;11;9698;2
22;12;2;2
22;13;2;2
22;14;2;2
22;15;2;2
22;16;2;2
22;17;2;2
22;18;2;2
22;19;2;2
22;20;2;2
22;21;2;2
22;22;2;2
22;23;2;2
22;24;2;2
22;25;2;2
22;26;2;2
22;27;2;2
22;28;2;2
22;29;2;2
22;30;2;2
22;31;2;2
22;32;2;2
22;33;6626;2
22;34;15;2
22;35;15;2
22;36;15;2
22;37;19938;2
22;38;3554;2
22;39;2;2
22;40;19526;2
22;41;10310;2
22;42;3142;2
22;43;6;2
22;44;6;2
22;45;6;2
22;46;6;2
22;47;6;2
22;48;6;2
22;49;6;2
22;50;6;2
22;51;6;2
22;52;6;2
22;53;6;2
22;54;6;2
22;55;6;2
22;56;6;2
22;57;6;2
22;58;6;2
22;59;6;2
22;60;6;2
22;61;4166;2
22;62;10310;2
22;63;3142;2
22;64;6;2
22;65;6;2
22;66;6;2
22;67;6;2
22;68;6;2
22;69;6;2
22;70;6;2
22;71;6;2
22;72;6;2
22;73;6;2
22;74;6;2
22;75;6;2
22;76;6;2
22;77;6;2
22;78;6;2
22;79;6;2
22;80;6;2
22;81;6;2
22;82;6;2
22;83;6;2
22;84;6;2
23;0;2;2
23;1;2;2
23;2;2;2
23;3;2;2
23;4;2;2
23;5;2;2
23;6;2;2
23;7;5602;2
23;8;15;2
23;9;15;2
23;10;15;2
23;11;18914;2
23;12;2;2
23;13;2;2
23;14;2;2
23;15;2;2
23;16;2;2
23;17;2;2
23;18;2;2
23;19;2;2
23;20;2;2
23;21;2;2
23;22;2;2
23;23;2;2
23;24;2;2
23;25;2;2
23;26;2;2
23;27;2;2
23;28;2;2
23;29;2;2
23;30;2;2
23;31;2;2
23;32;2;2
23;33;5602;2
23;34;15;2
23;35;15;2
23;36;13794;2
23;37;2;2
23;38;19526;2
23;39;3142;2
23;40;6;2
23;41;6;2
23;42;6;2
23;43;6;2
23;44;6;2
23;45;6;2
23;46;6;2
23;47;6;2
23;48;6;2
23;49;6;2
23;50;6;2
23;51;6;2
23;52;6;2
23;53;6;2
23;54;6;2
23;55;6;2
23;56;6;2
23;57;6;2
23;58;6;2
23;59;6;2
23;60;6;2
23;61;6;2
23;62;6;2
23;63;6;2
23;64;6;2
23;65;6;2
23;66;6;2
23;67;6;2
23;68;6;2
23;69;6;2
23;70;6;2
23;71;6;2
23;72;6;2
23;73;6;2
23;74;6;2
23;75;6;2
23;76;6;2
23;77;6;2
23;78;6;2
23;79;6;2
23;80;6;2
23;81;6;2
23;82;6;2
23;83;6;2
23;84;6;2
24;0;2;2
24;1;2;2
24;2;2;2
24;3;2;2
24;4;2;2
24;5;2;2
24;6;2;2
24;7;2;2
24;8;23010;2
24;9;15;2
24;10;15;2
24;11;15;2
24;12;2;2
24;13;2;2
24;14;2;2
24;15;2;2
24;16;2;2
24;17;2;2
24;18;2;2
24;19;2;2
24;20;2;2
24;21;2;2
24;22;2;2
24;23;2;2
24;24;2;2
24;25;2;2
24;26;2;2
24;27;2;2
24;28;2;2
24;29;2;2
24;30;2;2
24;31;2;2
24;32;2;2
24;33;2;2
24;34;4578;2
24;35;3554;2
24;36;2;2
24;37;13382;2
24;38;6;2
24;39;6;2
24;40;6;2
24;41;6;2
24;42;6;2
24;43;6;2
24;44;6;2
24;45;6;2
24;46;6;2
24;47;6;2
24;48;6;2
24;49;6;2
24;50;6;2
24;51;6;2
24;52;6;2
24;53;6;2
24;54;6;2
24;55;6;2
24;56;6;2
24;57;6;2
24;58;6;2
24;59;6;2
24;60;6;2
24;61;6;2
24;62;6;2
24;63;6;2
24;64;6;2
24;65;6;2
24;66;6;2
24;67;6;2
24;68;8262;2
24;69;12358;2
24;70;12358;2
24;71;12358;2
24;72;12358;2
24;73;12358;2
24;74;7238;2
24;75;6;2
24;76;6;2
24;77;6;2
24;78;8262;2
24;79;12358;2
24;80;12358;2
24;81;12358;2
24;82;24646;2
24;83;2;2
24;84;42;2
25;0;2;2
25;1;2;2
25;2;2;2
25;3;2;2
25;4;2;2
25;5;2;2
25;6;2;2
25;7;2;2
25;8;11746;2
25;9;15;2
25;10;15;2
25;11;17890;2
25;12;2;2
25;13;2;2
25;14;2;2
25;15;2;2
25;16;2;2
25;17;2;2
25;18;2;2
25;19;2;2
25;20;2;2
25;21;2;2
25;22;2;2
25;23;2;2
25;24;2;2
25;25;2;2
25;26;2;2
25;27;2;2
25;28;2;2
25;29;2;2
25;30;2;2
25;31;2;2
25;32;19526;2
25;33;10310;2
25;34;10310;2
25;35;10310;2
25;36;3142;2
25;37;6;2
25;38;6;2
25;39;6;2
25;40;6;2
25;41;6;2
25;42;6;2
25;43;6;2
25;44;6;2
25;45;6;2
25;46;6;2
25;47;6;2
25;48;6;2
25;49;6;2
25;50;6;2
25;51;6;2
25;52;6;2
25;53;8262;2
25;54;7238;2
25;55;6;2
25;56;6;2
25;57;6;2
25;58;6;2
25;59;8262;2
25;60;12358;2
25;61;12358;2
25;62;12358;2
25;63;12358;2
25;64;12358;2
25;65;12358;2
25;66;12358;2
25;67;24646;2
25;68;2;2
25;69;2;2
25;70;2;2
25;71;2;2
25;72;2;2
25;73;2;2
25;74;2;2
25;75;23622;2
25;76;12358;2
25;77;24646;2
25;78;2;2
25;79;2;2
25;80;2;2
25;81;2;2
25;82;2;2
25;83;2;2
25;84;42;2
26;0;2;2
26;1;2;2
26;2;2;2
26;3;2;2
26;4;2;2
26;5;2;2
26;6;2;2
26;7;2;2
26;8;5602;2
26;9;15;2
26;10;15;2
26;11;1506;2
26;12;2;2
26;13;19526;2
26;14;10310;2
26;15;10310;2
26;16;10310;2
26;17;10310;2
26;18;10310;2
26;19;10310;2
26;20;10310;2
26;21;10310;2
26;22;10310;2
26;23;10310;2
26;24;10310;2
26;25;10310;2
26;26;10310;2
26;27;10310;2
26;28;10310;2
26;29;10310;2
26;30;10310;2
26;31;3142;2
26;32;6;2
26;33;6;2
26;34;6;2
26;35;6;2
26;36;6;2
26;37;6;2
26;38;6;2
26;39;6;2
26;40;8262;2
26;41;12358;2
26;42;12358;2
26;43;12358;2
26;44;7238;2
26;45;6;2
26;46;6;2
26;47;6;2
26;48;6;2
26;49;6;2
26;50;6;2
26;51;6;2
26;52;16454;2
26;53;2;2
26;54;2;2
26;55;14406;2
26;56;6;2
26;57;6;2
26;58;16454;2
26;59;2;2
26;60;2;2
26;61;2;2
26;62;2;2
26;63;2;2
26;64;2;2
26;65;2;2
26;66;2;2
26;67;2;2
26;68;2;2
26;69;2;2
26;70;2;2
26;71;2;2
26;72;2;2
26;73;2;2
26;74;2;2
26;75;2;2
26;76;2;2
26;77;2;2
26;78;2;2
26;79;2;2
26;80;2;2
26;81;2;2
26;82;2;2
26;83;2;2
26;84;42;2
27;0;2;2
27;1;2;2
27;2;2;2
27;3;2;2
27;4;2;2
27;5;2;2
27;6;2;2
27;7;2;2
27;8;2;2
27;9;4578;2
27;10;3554;2
27;11;2;2
27;12;13382;2
27;13;6;2
27;14;6;2
27;15;6;2
27;16;6;2
27;17;6;2
27;18;6;2
27;19;6;2
27;20;6;2
27;21;6;2
27;22;6;2
27;23;6;2
27;24;6;2
27;25;6;2
27;26;6;2
27;27;6;2
27;28;6;2
27;29;6;2
27;30;8262;2
27;31;7238;2
27;32;6;2
27;33;6;2
27;34;6;2
27;35;6;2
27;36;6;2
27;37;6;2
27;38;8262;2
27;39;24646;2
27;40;2;2
27;41;2;2
27;42;2;2
27;43;2;2
27;44;2;2
27;45;2118;2
27;46;6;2
27;47;6;2
27;48;6;2
27;49;6;2
27;50;6;2
27;51;16454;2
27;52;2;2
27;53;2;2
27;54;2;2
27;55;2;2
27;56;23622;2
27;57;24646;2
27;58;2;2
27;59;2;2
27;60;2;2
27;61;2;2
27;62;2;2
27;63;2;2
27;64;2;2
27;65;2;2
27;66;2;2
27;67;2;2
27;68;2;2
27;69;2;2
27;70;2;2
27;71;2;2
27;72;2;2
27;73;2;2
27;74;2;2
27;75;2;2
27;76;8674;2
27;77;7650;2
27;78;2;2
27;79;2;2
27;80;2;2
27;81;2;2
27;82;2;2
27;83;2;2
27;84;42;2
28;0;2;2
28;1;2;2
28;2;2;2
28;3;2;2
28;4;2;2
28;5;2;2
28;6;2;2
28;7;2;2
28;8;2;2
28;9;19526;2
28;10;10310;2
28;11;3142;2
28;12;6;2
28;13;6;2
28;14;6;2
28;15;8262;2
28;16;12358;2
28;17;12358;2
28;18;12358;2
28;19;12358;2
28;20;12358;2
28;21;12358;2
28;22;12358;2
28;23;12358;2
28;24;12358;2
28;25;12358;2
28;26;12358;2
28;27;12358;2
28;28;12358;2
28;29;24646;2
28;30;2;2
28;31;2;2
28;32;23622;2
28;33;12358;2
28;34;12358;2
28;35;12358;2
28;36;12358;2
28;37;24646;2
28;38;2;2
28;39;2;2
28;40;2;2
28;41;2;2
28;42;2;2
28;43;2;2
28;44;2;2
28;45;18502;2
28;46;6;2
28;47;6;2
28;48;6;2
28;49;8262;2
28;50;24646;2
28;51;2;2
28;52;2;2
28;53;8674;2
28;54;7650;2
28;55;2;2
28;56;2;2
28;57;2;2
28;58;2;2
28;59;2;2
28;60;2;2
28;61;2;2
28;62;2;2
28;63;2;2
28;64;2;2
28;65;2;2
28;66;2;2
28;67;2;2
28;68;2;2
28;69;2;2
28;70;2;2
28;71;2;2
28;72;2;2
28;73;2;2
28;74;2;2
28;75;6626;2
28;76;15;2
28;77;15;2
28;78;2530;2
28;79;2;2
28;80;2;2
28;81;2;2
28;82;2;2
28;83;2;2
28;84;42;2
29;0;2;2
29;1;2;2
29;2;2;2
29;3;2;2
29;4;2;2
29;5;2;2
29;6;2;2
29;7;2;2
29;8;13382;2
29;9;6;2
29;10;6;2
29;11;6;2
29;12;6;2
29;13;8262;2
29;14;24646;2
29;15;2;2
29;16;2;2
29;17;2;2
29;18;2;2
29;19;2;2
29;20;2;2
29;21;2;2
29;22;2;2
29;23;2;2
29;24;2;2
29;25;2;2
29;26;2;2
29;27;2;2
29;28;2;2
29;29;2;2
29;30;2;2
29;31;2;2
29;32;2;2
29;33;2;2
29;34;2;2
29;35;2;2
29;36;2;2
29;37;2;2
29;38;2;2
29;39;2;2
29;40;2;2
29;41;2;2
29;42;2;2
29;43;2;2
29;44;2;2
29;45;2;2
29;46;23622;2
29;47;12358;2
29;48;24646;2
29;49;2;2
29;50;2;2
29;51;2;2
29;52;16866;2
29;53;15;2
29;54;15;2
29;55;2530;2
29;56;2;2
29;57;2;2
29;58;2;2
29;59;2;2
29;60;2;2
29;61;2;2
29;62;2;2
29;63;2;2
29;64;2;2
29;65;2;2
29;66;2;2
29;67;2;2
29;68;2;2
29;69;2;2
29;70;2;2
29;71;2;2
29;72;2;2
29;73;2;2
29;74;2;2
29;75;11746;2
29;76;15;2
29;77;15;2
29;78;9698;2
29;79;2;2
29;80;2;2
29;81;2;2
29;82;2;2
29;83;2;2
29;84;42;2
30;0;2;2
30;1;2;2
30;2;2;2
30;3;2;2
30;4;2;2
30;5;2;2
30;6;2;2
30;7;13382;2
30;8;6;2
30;9;6;2
30;10;6;2
30;11;6;2
30;12;16454;2
30;13;2;2
30;14;2;2
30;15;2;2
30;16;2;2
30;17;2;2
30;18;2;2
30;19;2;2
30;20;2;2
30;21;2;2
30;22;2;2
30;23;2;2
30;24;2;2
30;25;2;2
30;26;2;2
30;27;2;2
30;28;2;2
30;29;2;2
30;30;2;2
30;31;2;2
30;32;2;2
30;33;2;2
30;34;2;2
30;35;2;2
30;36;2;2
30;37;2;2
30;38;2;2
30;39;2;2
30;40;2;2
30;41;2;2
30;42;2;2
30;43;2;2
30;44;2;2
30;45;2;2
30;46;2;2
30;47;2;2
30;48;2;2
30;49;2;2
30;50;2;2
30;51;6626;2
30;52;15;2
30;53;15;2
30;54;15;2
30;55;1506;2
30;56;2;2
30;57;2;2
30;58;2;2
30;59;2;2
30;60;2;2
30;61;2;2
30;62;2;2
30;63;2;2
30;64;2;2
30;65;2;2
30;66;2;2
30;67;2;2
30;68;2;2
30;69;2;2
30;70;2;2
30;71;2;2
30;72;2;2
30;73;2;2
30;74;8674;2
30;75;29154;2
30;76;15;2
30;77;15;2
30;78;1506;2
30;79;2;2
30;80;2;2
30;81;2;2
30;82;2;2
30;83;2;2
30;84;42;2
31;0;2;2
31;1;2;2
31;2;2;2
31;3;2;2
31;4;2;2
31;5;2;2
31;6;17478;2
31;7;6;2
31;8;6;2
31;9;6;2
31;10;6;2
31;11;16454;2
31;12;2;2
31;13;2;2
31;14;2;2
31;15;2;2
31;16;2;2
31;17;2;2
31;18;2;2
31;19;2;2
31;20;2;2
31;21;2;2
31;22;2;2
31;23;2;2
31;24;2;2
31;25;2;2
31;26;2;2
31;27;2;2
31;28;2;2
31;29;2;2
31;30;2;2
31;31;2;2
31;32;2;2
31;33;2;2
31;34;2;2
31;35;2;2
31;36;2;2
31;37;2;2
31;38;2;2
31;39;2;2
31;40;2;2
31;41;2;2
31;42;2;2
31;43;2;2
31;44;2;2
31;45;2;2
31;46;2;2
31;47;2;2
31;48;2;2
31;49;2;2
31;50;2;2
31;51;5602;2
31;52;15;2
31;53;15;2
31;54;13794;2
31;55;2;2
31;56;2;2
31;57;2;2
31;58;2;2
31;59;2;2
31;60;2;2
31;61;2;2
31;62;2;2
31;63;2;2
31;64;2;2
31;65;2;2
31;66;2;2
31;67;2;2
31;68;2;2
31;69;2;2
31;70;2;2
31;71;2;2
31;72;2;2
31;73;6626;2
31;74;15;2
31;75;15;2
31;76;15;2
31;77;17890;2
31;78;2;2
31;79;2;2
31;80;2;2
31;81;2;2
31;82;2;2
31;83;2;2
31;84;42;2
32;0;2;2
32;1;2;2
32;2;2;2
32;3;2;2
32;4;2;2
32;5;2;2
32;6;1094;2
32;7;6;2
32;8;6;2
32;9;16614;2
32;10;6215;2
32;11;2;2
32;12;2;2
32;13;2;2
32;14;2;2
32;15;2;2
32;16;2;2
32;17;2;2
32;18;2;2
32;19;2;2
32;20;2;2
32;21;2;2
32;22;2;2
32;23;2;2
32;24;2;2
32;25;2;2
32;26;2;2
32;27;2;2
32;28;2;2
32;29;2;2
32;30;2;2
32;31;2;2
32;32;2;2
32;33;2;2
32;34;2;2
32;35;2;2
32;36;2;2
32;37;2;2
32;38;2;2
32;39;2;2
32;40;2;2
32;41;2;2
32;42;2;2
32;43;2;2
32;44;2;2
32;45;2;2
32;46;2;2
32;47;2;2
32;48;2;2
32;49;2;2
32;50;2;2
32;51;2;2
32;52;4578;2
32;53;3554;2
32;54;2;2
32;55;2;2
32;56;2;2
32;57;2;2
32;58;2;2
32;59;2;2
32;60;2;2
32;61;2;2
32;62;2;2
32;63;2;2
32;64;2;2
32;65;2;2
32;66;2;2
32;67;2;2
32;68;2;2
32;69;2;2
32;70;2;2
32;71;2;2
32;72;2;2
32;73;11746;2
32;74;15;2
32;75;15;2
32;76;15;2
32;77;9698;2
32;78;2;2
32;79;2;2
32;80;2;2
32;81;2;2
32;82;2;2
32;83;2;2
32;84;42;2
33;0;2;2
33;1;2;2
33;2;2;2
33;3;2;2
33;4;19526;2
33;5;3142;2
33;6;6;2
33;7;6;2
33;8;6374;2
33;9;7;2
33;10;11335;2
33;11;2;2
33;12;2;2
33;13;2;2
33;14;2;2
33;15;2;2
33;16;2;2
33;17;2;2
33;18;2;2
33;19;2;2
33;20;2;2
33;21;2;2
33;22;2;2
33;23;2;2
33;24;2;2
33;25;2;2
33;26;2;2
33;27;2;2
33;28;2;2
33;29;2;2
33;30;2;2
33;31;2;2
33;32;2;2
33;33;2;2
33;34;2;2
33;35;2;2
33;36;8674;2
33;37;12770;2
33;38;7650;2
33;39;2;2
33;40;2;2
33;41;2;2
33;42;2;2
33;43;2;2
33;44;2;2
33;45;2;2
33;46;2;2
33;47;2;2
33;48;2;2
33;49;2;2
33;50;2;2
33;51;2;2
33;52;2;2
33;53;2;2
33;54;2;2
33;55;2;2
33;56;2;2
33;57;2;2
33;58;2;2
33;59;2;2
33;60;2;2
33;61;2;2
33;62;2;2
33;63;2;2
33;64;2;2
33;65;2;2
33;66;2;2
33;67;2;2
33;68;2;2
33;69;2;2
33;70;2;2
33;71;2;2
33;72;2;2
33;73;21986;2
33;74;15;2
33;75;15;2
33;76;15;2
33;77;9698;2
33;78;2;2
33;79;2;2
33;80;2;2
33;81;2;2
33;82;2;2
33;83;2;2
33;84;42;2
34;0;2;2
34;1;2;2
34;2;2;2
34;3;17478;2
34;4;6;2
34;5;6;2
34;6;6;2
34;7;16454;2
34;8;2;2
34;9;2119;2
34;10;11335;2
34;11;2;2
34;12;2;2
34;13;2;2
34;14;2;2
34;15;2;2
34;16;2;2
34;17;2;2
34;18;2;2
34;19;2;2
34;20;2;2
34;21;2;2
34;22;2;2
34;23;2;2
34;24;2;2
34;25;2;2
34;26;2;2
34;27;2;2
34;28;2;2
34;29;2;2
34;30;2;2
34;31;2;2
34;32;2;2
34;33;2;2
34;34;2;2
34;35;16866;2
34;36;15;2
34;37;15;2
34;38;15;2
34;39;2530;2
34;40;2;2
34;41;2;2
34;42;2;2
34;43;2;2
34;44;2;2
34;45;2;2
34;46;2;2
34;47;8674;2
34;48;7650;2
34;49;2;2
34;50;2;2
34;51;2;2
34;52;2;2
34;53;2;2
34;54;2;2
34;55;2;2
34;56;2;2
34;57;2;2
34;58;2;2
34;59;2;2
34;60;2;2
34;61;2;2
34;62;2;2
34;63;2;2
34;64;2;2
34;65;2;2
34;66;2;2
34;67;2;2
34;68;2;2
34;69;2;2
34;70;2;2
34;71;2;2
34;72;16866;2
34;73;15;2
34;74;15;2
34;75;15;2
34;76;15;2
34;77;1506;2
34;78;2;2
34;79;2;2
34;80;2;2
34;81;2;2
34;82;2;2
34;83;2;2
34;84;42;2
35;0;2;2
35;1;2;2
35;2;2;2
35;3;1094;2
35;4;6;2
35;5;6;2
35;6;16454;2
35;7;2;2
35;8;2;2
35;9;9287;2
35;10;11335;2
35;11;2;2
35;12;2;2
35;13;2;2
35;14;2;2
35;15;2;2
35;16;2;2
35;17;2;2
35;18;2;2
35;19;2;2
35;20;2;2
35;21;2;2
35;22;2;2
35;23;2;2
35;24;2;2
35;25;2;2
35;26;2;2
35;27;2;2
35;28;2;2
35;29;2;2
35;30;2;2
35;31;2;2
35;32;2;2
35;33;2;2
35;34;6626;2
35;35;15;2
35;36;15;2
35;37;15;2
35;38;15;2
35;39;9698;2
35;40;2;2
35;41;2;2
35;42;2;2
35;43;2;2
35;44;2;2
35;45;2;2
35;46;6626;2
35;47;15;2
35;48;15;2
35;49;14818;2
35;50;2;2
35;51;2;2
35;52;2;2
35;53;2;2
35;54;2;2
35;55;2;2
35;56;2;2
35;57;2;2
35;58;2;2
35;59;2;2
35;60;2;2
35;61;2;2
35;62;2;2
35;63;2;2
35;64;2;2
35;65;2;2
35;66;2;2
35;67;2;2
35;68;2;2
35;69;2;2
35;70;2;2
35;71;16866;2
35;72;15;2
35;73;15;2
35;74;15;2
35;75;26082;2
35;76;3554;2
35;77;2;2
35;78;2;2
35;79;2;2
35;80;2;2
35;81;2;2
35;82;2;2
35;83;2;2
35;84;42;2
36;0;4166;2
36;1;10310;2
36;2;3142;2
36;3;6;2
36;4;6;2
36;5;16454;2
36;6;2;2
36;7;2;2
36;8;2;2
36;9;1095;2
36;10;11335;2
36;11;2;2
36;12;2;2
36;13;2;2
36;14;2;2
36;15;2;2
36;16;2;2
36;17;2;2
36;18;2;2
36;19;2;2
36;20;2;2
36;21;2;2
36;22;2;2
36;23;19527;2
36;24;10311;2
36;25;10311;2
36;26;10311;2
36;27;20551;2
36;28;2;2
36;29;2;2
36;30;2;2
36;31;2;2
36;32;2;2
36;33;2;2
36;34;5602;2
36;35;15;2
36;36;15;2
36;37;15;2
36;38;15;2
36;39;1506;2
36;40;2;2
36;41;2;2
36;42;2;2
36;43;2;2
36;44;2;2
36;45;2;2
36;46;11746;2
36;47;15;2
36;48;15;2
36;49;15;2
36;50;24034;2
36;51;12770;2
36;52;12770;2
36;53;7650;2
36;54;2;2
36;55;2;2
36;56;2;2
36;57;2;2
36;58;2;2
36;59;2;2
36;60;2;2
36;61;2;2
36;62;2;2
36;63;2;2
36;64;2;2
36;65;2;2
36;66;2;2
36;67;2;2
36;68;2;2
36;69;2;2
36;70;6626;2
36;71;15;2
36;72;15;2
36;73;15;2
36;74;15;2
36;75;1506;2
36;76;2;2
36;77;2;2
36;78;2;2
36;79;2;2
36;80;2;2
36;81;2;2
36;82;2;2
36;83;2;2
36;84;42;2
37;0;6;2
37;1;6;2
37;2;6;2
37;3;6;2
37;4;16454;2
37;5;2;2
37;6;2;2
37;7;2;2
37;8;13383;2
37;9;7;2
37;10;5191;2
37;11;2;2
37;12;2;2
37;13;2;2
37;14;2;2
37;15;2;2
37;16;2;2
37;17;2;2
37;18;2;2
37;19;2;2
37;20;2;2
37;21;2;2
37;22;13383;2
37;23;7;2
37;24;7;2
37;25;7;2
37;26;7;2
37;27;7;2
37;28;15431;2
37;29;2;2
37;30;2;2
37;31;2;2
37;32;2;2
37;33;2;2
37;34;2;2
37;35;4578;2
37;36;10722;2
37;37;10722;2
37;38;3554;2
37;39;2;2
37;40;2;2
37;41;2;2
37;42;2;2
37;43;2;2
37;44;2;2
37;45;2;2
37;46;5602;2
37;47;15;2
37;48;15;2
37;49;15;2
37;50;15;2
37;51;15;2
37;52;15;2
37;53;15;2
37;54;2530;2
37;55;2;2
37;56;2;2
37;57;2;2
37;58;2;2
37;59;2;2
37;60;2;2
37;61;2;2
37;62;2;2
37;63;2;2
37;64;2;2
37;65;2;2
37;66;2;2
37;67;2;2
37;68;2;2
37;69;2;2
37;70;5602;2
37;71;15;2
37;72;15;2
37;73;19938;2
37;74;3554;2
37;75;2;2
37;76;2;2
37;77;2;2
37;78;2;2
37;79;2;2
37;80;2;2
37;81;2;2
37;82;2;2
37;83;2;2
37;84;42;2
38;0;6;2
38;1;6;2
38;2;8262;2
38;3;24646;2
38;4;2;2
38;5;2;2
38;6;19527;2
38;7;3143;2
38;8;7;2
38;9;7;2
38;10;7;2
38;11;15431;2
38;12;2;2
38;13;2;2
38;14;2;2
38;15;2;2
38;16;2;2
38;17;2;2
38;18;2;2
38;19;2;2
38;20;2;2
38;21;17479;2
38;22;7;2
38;23;7;2
38;24;7;2
38;25;7;2
38;26;7;2
38;27;7;2
38;28;7;2
38;29;22599;2
38;30;2;2
38;31;2;2
38;32;2;2
38;33;2;2
38;34;2;2
38;35;2;2
38;36;2;2
38;37;2;2
38;38;2;2
38;39;2;2
38;40;2;2
38;41;2;2
38;42;2;2
38;43;2;2
38;44;2;2
38;45;2;2
38;46;2;2
38;47;4578;2
38;48;10722;2
38;49;20962;2
38;50;15;2
38;51;15;2
38;52;15;2
38;53;15;2
38;54;9698;2
38;55;2;2
38;56;2;2
38;57;2;2
38;58;2;2
38;59;2;2
38;60;2;2
38;61;2;2
38;62;2;2
38;63;2;2
38;64;2;2
38;65;2;2
38;66;2;2
38;67;2;2
38;68;2;2
38;69;2;2
38;70;2;2
38;71;4578;2
38;72;3554;2
38;73;2;2
38;74;2;2
38;75;2;2
38;76;2;2
38;77;2;2
38;78;2;2
38;79;2;2
38;80;2;2
38;81;2;2
38;82;2;2
38;83;2;2
38;84;42;2
39;0;8262;2
39;1;24646;2
39;2;2;2
39;3;2;2
39;4;2;2
39;5;17479;2
39;6;7;2
39;7;7;2
39;8;7;2
39;9;7;2
39;10;7;2
39;11;7;2
39;12;22599;2
39;13;2;2
39;14;2;2
39;15;2;2
39;16;2;2
39;17;2;2
39;18;2;2
39;19;2;2
39;20;2;2
39;21;9287;2
39;22;7;2
39;23;7;2
39;24;7;2
39;25;7;2
39;26;7;2
39;27;7;2
39;28;7;2
39;29;5191;2
39;30;2;2
39;31;2;2
39;32;2;2
39;33;2;2
39;34;2;2
39;35;2;2
39;36;2;2
39;37;2;2
39;38;2;2
39;39;2;2
39;40;2;2
39;41;2;2
39;42;2;2
39;43;2;2
39;44;2;2
39;45;2;2
39;46;2;2
39;47;2;2
39;48;2;2
39;49;2;2
39;50;4578;2
39;51;20962;2
39;52;15;2
39;53;15;2
39;54;27106;2
39;55;12770;2
39;56;7650;2
39;57;2;2
39;58;2;2
39;59;2;2
39;60;2;2
39;61;2;2
39;62;2;2
39;63;2;2
39;64;2;2
39;65;2;2
39;66;2;2
39;67;8674;2
39;68;7650;2
39;69;2;2
39;70;2;2
39;71;2;2
39;72;2;2
39;73;2;2
39;74;2;2
39;75;2;2
39;76;2;2
39;77;2;2
39;78;2;2
39;79;2;2
39;80;2;2
39;81;2;2
39;82;2;2
39;83;2;2
39;84;42;2
40;0;2;2
40;1;2;2
40;2;2;2
40;3;2;2
40;4;2;2
40;5;1095;2
40;6;7;2
40;7;7;2
40;8;6631;2
40;9;15;2
40;10;2535;2
40;11;7;2
40;12;11335;2
40;13;2;2
40;14;2;2
40;15;2;2
40;16;2;2
40;17;2;2
40;18;2;2
40;19;2;2
40;20;2;2
40;21;9287;2
40;22;7;2
40;23;7;2
40;24;7;2
40;25;7;2
40;26;7;2
40;27;7;2
40;28;7;2
40;29;7;2
40;30;22599;2
40;31;2;2
40;32;2;2
40;33;2;2
40;34;2;2
40;35;2;2
40;36;2;2
40;37;2;2
40;38;2;2
40;39;2;2
40;40;2;2
40;41;2;2
40;42;2;2
40;43;2;2
40;44;2;2
40;45;2;2
40;46;2;2
40;47;2;2
40;48;2;2
40;49;2;2
40;50;2;2
40;51;2;2
40;52;15842;2
40;53;15;2
40;54;15;2
40;55;15;2
40;56;15;2
40;57;24034;2
40;58;7650;2
40;59;2;2
40;60;2;2
40;61;2;2
40;62;2;2
40;63;2;2
40;64;2;2
40;65;8674;2
40;66;25058;2
40;67;15;2
40;68;15;2
40;69;14818;2
40;70;2;2
40;71;2;2
40;72;2;2
40;73;2;2
40;74;2;2
40;75;2;2
40;76;2;2
40;77;2;2
40;78;2;2
40;79;2;2
40;80;2;2
40;81;2;2
40;82;2;2
40;83;2;2
40;84;42;2
41;0;2;2
41;1;2;2
41;2;2;2
41;3;19527;2
41;4;3143;2
41;5;7;2
41;6;7;2
41;7;7;2
41;8;21991;2
41;9;15;2
41;10;9703;2
41;11;7;2
41;12;11335;2
41;13;2;2
41;14;2;2
41;15;2;2
41;16;2;2
41;17;2;2
41;18;2;2
41;19;2;2
41;20;2;2
41;21;9287;2
41;22;7;2
41;23;7;2
41;24;7;2
41;25;7;2
41;26;7;2
41;27;7;2
41;28;7;2
41;29;7;2
41;30;21575;2
41;31;2;2
41;32;2;2
41;33;2;2
41;34;2;2
41;35;2;2
41;36;2;2
41;37;2;2
41;38;2;2
41;39;2;2
41;40;2;2
41;41;2;2
41;42;2;2
41;43;2;2
41;44;2;2
41;45;2;2
41;46;2;2
41;47;2;2
41;48;2;2
41;49;2;2
41;50;2;2
41;51;2;2
41;52;2;2
41;53;4578;2
41;54;10722;2
41;55;20962;2
41;56;15;2
41;57;15;2
41;58;15;2
41;59;24034;2
41;60;12770;2
41;61;12770;2
41;62;12770;2
41;63;12770;2
41;64;25058;2
41;65;15;2
41;66;15;2
41;67;15;2
41;68;15;2
41;69;15;2
41;70;2;2
41;71;2;2
41;72;2;2
41;73;2;2
41;74;2;2
41;75;2;2
41;76;2;2
41;77;2;2
41;78;2;2
41;79;2;2
41;80;2;2
41;81;2;2
41;82;2;2
41;83;2;2
41;84;42;2
42;0;4167;2
42;1;10311;2
42;2;3143;2
42;3;7;2
42;4;7;2
42;5;7;2
42;6;7;2
42;7;6631;2
42;8;15;2
42;9;15;2
42;10;9703;2
42;11;7;2
42;12;11335;2
42;13;2;2
42;14;2;2
42;15;2;2
42;16;2;2
42;17;2;2
42;18;2;2
42;19;2;2
42;20;2;2
42;21;18503;2
42;22;7;2
42;23;7;2
42;24;7;2
42;25;7;2
42;26;7;2
42;27;7;2
42;28;7;2
42;29;16455;2
42;30;2;2
42;31;2;2
42;32;2;2
42;33;2;2
42;34;2;2
42;35;2;2
42;36;8674;2
42;37;7650;2
42;38;2;2
42;39;2;2
42;40;2;2
42;41;2;2
42;42;2;2
42;43;2;2
42;44;2;2
42;45;2;2
42;46;2;2
42;47;2;2
42;48;2;2
42;49;2;2
42;50;2;2
42;51;2;2
42;52;2;2
42;53;2;2
42;54;2;2
42;55;2;2
42;56;4578;2
42;57;20962;2
42;58;15;2
42;59;15;2
42;60;15;2
42;61;15;2
42;62;15;2
42;63;15;2
42;64;15;2
42;65;15;2
42;66;15;2
42;67;15;2
42;68;15;2
42;69;13794;2
42;70;2;2
42;71;2;2
42;72;2;2
42;73;2;2
42;74;2;2
42;75;2;2
42;76;2;2
42;77;2;2
42;78;2;2
42;79;2;2
42;80;2;2
42;81;2;2
42;82;2;2
42;83;2;2
42;84;42;2
43;0;7;2
43;1;7;2
43;2;7;2
43;3;7;2
43;4;7;2
43;5;7;2
43;6;7;2
43;7;5607;2
43;8;15;2
43;9;15;2
43;10;9703;2
43;11;7;2
43;12;11335;2
43;13;2;2
43;14;2;2
43;15;2;2
43;16;2;2
43;17;2;2
43;18;2;2
43;19;2;2
43;20;2;2
43;21;2;2
43;22;14407;2
43;23;7;2
43;24;7;2
43;25;7;2
43;26;7;2
43;27;7;2
43;28;16455;2
43;29;2;2
43;30;2;2
43;31;2;2
43;32;2;2
43;33;8674;2
43;34;12770;2
43;35;25058;2
43;36;15;2
43;37;15;2
43;38;2530;2
43;39;2;2
43;40;2;2
43;41;2;2
43;42;2;2
43;43;2;2
43;44;2;2
43;45;2;2
43;46;2;2
43;47;2;2
43;48;2;2
43;49;2;2
43;50;2;2
43;51;2;2
43;52;2;2
43;53;2;2
43;54;2;2
43;55;2;2
43;56;2;2
43;57;2;2
43;58;4578;2
43;59;10722;2
43;60;10722;2
43;61;10722;2
43;62;20962;2
43;63;15;2
43;64;15;2
43;65;15;2
43;66;19938;2
43;67;10722;2
43;68;3554;2
43;69;2;2
43;70;2;2
43;71;2;2
43;72;2;2
43;73;2;2
43;74;2;2
43;75;2;2
43;76;2;2
43;77;2;2
43;78;2;2
43;79;2;2
43;80;2;2
43;81;2;2
43;82;2;2
43;83;2;2
43;84;42;2
44;0;7;2
44;1;7;2
44;2;7;2
44;3;7;2
44;4;8679;2
44;5;7655;2
44;6;7;2
44;7;7;2
44;8;15847;2
44;9;15;2
44;10;1511;2
44;11;7;2
44;12;21575;2
44;13;2;2
44;14;2;2
44;15;2;2
44;16;2;2
44;17;2;2
44;18;2;2
44;19;2;2
44;20;2;2
44;21;2;2
44;22;2;2
44;23;23623;2
44;24;12359;2
44;25;12359;2
44;26;12359;2
44;27;24647;2
44;28;2;2
44;29;2;2
44;30;2;2
44;31;2;2
44;32;2;2
44;33;15;2
44;34;15;2
44;35;15;2
44;36;15;2
44;37;15;2
44;38;1506;2
44;39;2;2
44;40;2;2
44;41;2;2
44;42;2;2
44;43;2;2
44;44;2;2
44;45;2;2
44;46;2;2
44;47;2;2
44;48;2;2
44;49;2;2
44;50;2;2
44;51;2;2
44;52;2;2
44;53;2;2
44;54;2;2
44;55;2;2
44;56;2;2
44;57;2;2
44;58;2;2
44;59;2;2
44;60;2;2
44;61;2;2
44;62;2;2
44;63;4578;2
44;64;10722;2
44;65;3554;2
44;66;2;2
44;67;2;2
44;68;2;2
44;69;2;2
44;70;2;2
44;71;2;2
44;72;2;2
44;73;2;2
44;74;2;2
44;75;2;2
44;76;2;2
44;77;2;2
44;78;2;2
44;79;2;2
44;80;2;2
44;81;2;2
44;82;2;2
44;83;2;2
44;84;42;2
45;0;7;2
45;1;7;2
45;2;7;2
45;3;6631;2
45;4;15;2
45;5;15;2
45;6;14823;2
45;7;8263;2
45;8;12359;2
45;9;12359;2
45;10;12359;2
45;11;24647;2
45;12;2;2
45;13;2;2
45;14;2;2
45;15;2;2
45;16;2;2
45;17;2;2
45;18;2;2
45;19;2;2
45;20;2;2
45;21;2;2
45;22;2;2
45;23;2;2
45;24;2;2
45;25;2;2
45;26;2;2
45;27;2;2
45;28;2;2
45;29;2;2
45;30;2;2
45;31;2;2
45;32;2;2
45;33;4578;2
45;34;10722;2
45;35;10722;2
45;36;10722;2
45;37;3554;2
45;38;2;2
45;39;2;2
45;40;2;2
45;41;2;2
45;42;2;2
45;43;2;2
45;44;2;2
45;45;2;2
45;46;2;2
45;47;2;2
45;48;2;2
45;49;2;2
45;50;2;2
45;51;2;2
45;52;2;2
45;53;2;2
45;54;2;2
45;55;2;2
45;56;2;2
45;57;2;2
45;58;2;2
45;59;2;2
45;60;2;2
45;61;2;2
45;62;2;2
45;63;2;2
45;64;2;2
45;65;2;2
45;66;2;2
45;67;2;2
45;68;2;2
45;69;2;2
45;70;2;2
45;71;2;2
45;72;2;2
45;73;2;2
45;74;2;2
45;75;2;2
45;76;2;2
45;77;2;2
45;78;2;2
45;79;2;2
45;80;2;2
45;81;2;2
45;82;2;2
45;83;2;2
45;84;42;2
46;0;7;2
46;1;7;2
46;2;7;2
46;3;5607;2
46;4;15;2
46;5;15;2
46;6;15;2
46;7;2530;2
46;8;2;2
46;9;2;2
46;10;2;2
46;11;2;2
46;12;2;2
46;13;2;2
46;14;2;2
46;15;2;2
46;16;2;2
46;17;2;2
46;18;2;2
46;19;2;2
46;20;2;2
46;21;2;2
46;22;2;2
46;23;2;2
46;24;2;2
46;25;2;2
46;26;2;2
46;27;2;2
46;28;2;2
46;29;2;2
46;30;2;2
46;31;2;2
46;32;2;2
46;33;2;2
46;34;2;2
46;35;2;2
46;36;2;2
46;37;2;2
46;38;2;2
46;39;2;2
46;40;2;2
46;41;2;2
46;42;2;2
46;43;2;2
46;44;2;2
46;45;2;2
46;46;2;2
46;47;2;2
46;48;2;2
46;49;2;2
46;50;2;2
46;51;2;2
46;52;2;2
46;53;2;2
46;54;2;2
46;55;2;2
46;56;2;2
46;57;2;2
46;58;2;2
46;59;2;2
46;60;2;2
46;61;2;2
46;62;2;2
46;63;2;2
46;64;2;2
46;65;2;2
46;66;2;2
46;67;2;2
46;68;2;2
46;69;2;2
46;70;2;2
46;71;2;2
46;72;2;2
46;73;2;2
46;74;2;2
46;75;2;2
46;76;2;2
46;77;2;2
46;78;2;2
46;79;2;2
46;80;2;2
46;81;2;2
46;82;2;2
46;83;2;2
46;84;42;2
47;0;7;2
47;1;7;2
47;2;7;2
47;3;8263;2
47;4;7239;2
47;5;7;2
47;6;15;2
47;7;9698;2
47;8;2;2
47;9;2;2
47;10;2;2
47;11;2;2
47;12;2;2
47;13;2;2
47;14;2;2
47;15;2;2
47;16;2;2
47;17;2;2
47;18;2;2
47;19;2;2
47;20;2;2
47;21;2;2
47;22;2;2
47;23;2;2
47;24;2;2
47;25;2;2
47;26;2;2
47;27;2;2
47;28;2;2
47;29;2;2
47;30;2;2
47;31;2;2
47;32;2;2
47;33;2;2
47;34;2;2
47;35;2;2
47;36;2;2
47;37;2;2
47;38;2;2
47;39;2;2
47;40;2;2
47;41;2;2
47;42;2;2
47;43;2;2
47;44;2;2
47;45;2;2
47;46;2;2
47;47;2;2
47;48;2;2
47;49;2;2
47;50;2;2
47;51;2;2
47;52;2;2
47;53;2;2
47;54;2;2
47;55;2;2
47;56;2;2
47;57;2;2
47;58;2;2
47;59;2;2
47;60;2;2
47;61;2;2
47;62;2;2
47;63;2;2
47;64;2;2
47;65;2;2
47;66;2;2
47;67;2;2
47;68;2;2
47;69;2;2
47;70;2;2
47;71;2;2
47;72;2;2
47;73;2;2
47;74;2;2
47;75;2;2
47;76;2;2
47;77;2;2
47;78;2;2
47;79;2;2
47;80;2;2
47;81;2;2
47;82;2;2
47;83;2;2
47;84;42;2
48;0;7;2
48;1;7;2
48;2;7;2
48;3;2;2
48;4;2;2
48;5;15;2
48;6;15;2
48;7;1506;2
48;8;2;2
48;9;2;2
48;10;2;2
48;11;2;2
48;12;2;2
48;13;2;2
48;14;2;2
48;15;2;2
48;16;2;2
48;17;2;2
48;18;2;2
48;19;2;2
48;20;2;2
48;21;2;2
48;22;2;2
48;23;2;2
48;24;2;2
48;25;2;2
48;26;2;2
48;27;2;2
48;28;2;2
48;29;2;2
48;30;2;2
48;31;2;2
48;32;2;2
48;33;2;2
48;34;2;2
48;35;2;2
48;36;2;2
48;37;2;2
48;38;2;2
48;39;2;2
48;40;2;2
48;41;2;2
48;42;2;2
48;43;2;2
48;44;2;2
48;45;2;2
48;46;2;2
48;47;2;2
48;48;2;2
48;49;2;2
48;50;2;2
48;51;2;2
48;52;2;2
48;53;2;2
48;54;2;2
48;55;2;2
48;56;2;2
48;57;2;2
48;58;2;2
48;59;2;2
48;60;2;2
48;61;2;2
48;62;2;2
48;63;2;2
48;64;2;2
48;65;2;2
48;66;2;2
48;67;2;2
48;68;2;2
48;69;2;2
48;70;2;2
48;71;2;2
48;72;2;2
48;73;2;2
48;74;2;2
48;75;2;2
48;76;2;2
48;77;2;2
48;78;2;2
48;79;2;2
48;80;2;2
48;81;2;2
48;82;2;2
48;83;2;2
48;84;42;2
49;0;42;2
49;1;42;2
49;2;42;2
49;3;42;2
49;4;42;2
49;5;42;2
49;6;42;2
49;7;42;2
49;8;42;2
49;9;42;2
49;10;42;2
49;11;42;2
49;12;42;2
49;13;42;2
49;14;42;2
49;15;42;2
49;16;42;2
49;17;42;2
49;18;42;2
49;19;42;2
49;20;42;2
49;21;42;2
49;22;42;2
49;23;42;2
49;24;42;2
49;25;42;2
49;26;42;2
49;27;42;2
49;28;42;2
49;29;42;2
49;30;42;2
49;31;42;2
49;32;42;2
49;33;42;2
49;34;42;2
49;35;42;2
49;36;42;2
49;37;42;2
49;38;42;2
49;39;42;2
49;40;42;2
49;41;42;2
49;42;42;2
49;43;42;2
49;44;42;2
49;45;42;2
49;46;42;2
49;47;42;2
49;48;42;2
49;49;42;2
49;50;42;2
49;51;42;2
49;52;42;2
49;53;42;2
49;54;42;2
49;55;42;2
49;56;42;2
49;57;42;2
49;58;42;2
49;59;42;2
49;60;42;2
49;61;42;2
49;62;42;2
49;63;42;2
49;64;42;2
49;65;42;2
49;66;42;2
49;67;42;2
49;68;42;2
49;69;42;2
49;70;42;2
49;71;42;2
49;72;42;2
49;73;42;2
49;74;42;2
49;75;42;2
49;76;42;2
49;77;42;2
49;78;42;2
49;79;42;2
49;80;42;2
49;81;42;2
49;82;42;2
49;83;42;2
49;84;42;2
