# Illarion Server
# 
# This program is free software: you can redistribute it and/or modify it under
# the terms of the GNU Affero General Public License as published by the Free
# Software Foundation, either version 3 of the License, or (at your option) any
# later version.
# 
# This program is distributed in the hope that it will be useful, but WITHOUT
# ANY WARRANTY; without even the implied warranty of MERCHANTABILITY or FITNESS
# FOR A PARTICULAR PURPOSE.  See the GNU Affero General Public License for more
# details.
# 
# You should have received a copy of the GNU Affero General Public License along
# with this program.  If not, see <http://www.gnu.org/licenses/>.
0;0;3091;333
1;0;3085;333
2;0;3085;333
3;0;3085;333
4;0;3085;333
5;0;3085;333
6;0;3085;333
7;0;3085;333
8;0;3085;333
9;0;3085;333
10;0;3085;333
11;0;3085;333
12;0;3085;333
13;0;3085;333
14;0;3085;333
15;0;3085;333
16;0;3085;333
17;0;3085;333
18;0;3085;333
19;0;3085;333
20;0;3085;333
21;0;3085;333
22;0;3085;333
23;0;3085;333
24;0;3085;333
25;0;3085;333
26;0;3085;333
27;0;3085;333
28;0;3085;333
29;0;3085;333
30;0;3085;333
31;0;3085;333
32;0;3085;333
33;0;3085;333
34;0;3085;333
35;0;3085;333
36;0;3085;333
37;0;3085;333
38;0;3085;333
39;0;3085;333
40;0;3085;333
41;0;3085;333
42;0;3085;333
43;0;3085;333
44;0;3085;333
45;0;3085;333
45;0;3088;333
46;0;3085;333
47;0;3085;333
47;0;3087;333
48;0;3085;333
48;0;3087;333
49;0;3085;333
49;0;3087;333
50;0;3085;333
50;0;3087;333
51;0;3085;333
52;0;3085;333
53;0;3085;333
54;0;3085;333
55;0;3085;333
56;0;3085;333
57;0;3085;333
58;0;3085;333
59;0;3085;333
60;0;3085;333
61;0;3085;333
62;0;3085;333
63;0;3085;333
64;0;3085;333
65;0;3085;333
66;0;3085;333
67;0;3085;333
68;0;3085;333
69;0;3085;333
70;0;3085;333
71;0;3085;333
72;0;3085;333
73;0;3085;333
74;0;3085;333
75;0;3085;333
76;0;3085;333
77;0;3085;333
78;0;3085;333
79;0;3085;333
80;0;3085;333
81;0;3085;333
82;0;3085;333
83;0;3085;333
84;0;3085;333
85;0;3085;333
86;0;3085;333
87;0;3085;333
88;0;3085;333
89;0;3085;333
90;0;3085;333
91;0;3085;333
92;0;3085;333
93;0;3085;333
94;0;3085;333
95;0;3085;333
96;0;3085;333
97;0;3085;333
98;0;3085;333
99;0;3088;333
0;1;3087;333
1;1;3091;333
1;1;3091;333
2;1;3091;333
2;1;3091;333
2;1;3091;333
3;1;3091;333
4;1;3095;333
4;1;3091;333
5;1;3095;333
7;1;418;333
8;1;3095;333
9;1;3095;333
10;1;3095;333
13;1;3095;333
15;1;3095;333
17;1;3101;333
18;1;3095;333
20;1;3095;333
22;1;417;333
25;1;3095;333
26;1;3097;333
27;1;3099;333
29;1;3098;333
30;1;3098;333
31;1;3099;333
32;1;419;333
32;1;2039;333
33;1;3099;333
35;1;3098;333
38;1;3095;333
40;1;3095;333
42;1;417;333
43;1;3095;333
43;1;3092;333
44;1;3092;333
45;1;3088;333
46;1;3087;333
47;1;3087;333
48;1;3087;333
49;1;3087;333
50;1;3087;333
51;1;3095;333
54;1;3095;333
55;1;3095;333
56;1;418;333
57;1;1245;333
59;1;411;333
62;1;3095;333
65;1;3098;333
67;1;3100;333
68;1;2039;333
69;1;3099;333
70;1;418;333
71;1;3095;333
71;1;3098;333
72;1;3099;333
74;1;3100;333
78;1;3095;333
80;1;417;333
85;1;3095;333
89;1;3095;333
90;1;3095;333
91;1;3095;333
92;1;405;333
93;1;2039;333
94;1;3093;333
95;1;3092;333
96;1;3092;333
97;1;3092;333
98;1;3092;333
99;1;3088;333
0;2;3087;333
1;2;3091;333
2;2;3091;333
3;2;3091;333
6;2;3101;333
7;2;405;333
15;2;2937;333
22;2;1173;333
24;2;426;333
27;2;3101;333
28;2;3098;333
29;2;3098;333
30;2;3097;333
31;2;3097;333
32;2;3097;333
34;2;3097;333
36;2;3099;333
39;2;426;333
42;2;405;333
43;2;3092;333
44;2;3092;333
45;2;3088;333
46;2;3087;333
47;2;3087;333
47;2;3087;333
48;2;3087;333
48;2;3087;333
49;2;3087;333
50;2;405;333
50;2;3087;333
50;2;3087;333
58;2;405;333
60;2;1254;333
63;2;1246;333
66;2;3098;333
68;2;3097;333
69;2;3101;333
70;2;3099;333
71;2;3100;333
72;2;3099;333
74;2;3098;333
80;2;426;333
94;2;1175;333
94;2;3093;333
95;2;3092;333
96;2;3092;333
97;2;3092;333
98;2;3092;333
99;2;3088;333
0;3;3087;333
1;3;3091;333
2;3;3091;333
4;3;2937;333
4;3;3101;333
8;3;426;333
14;3;3101;333
19;3;3097;333
26;3;3098;333
27;3;3097;333
28;3;498;333
29;3;3098;333
30;3;3098;333
31;3;3098;333
32;3;3099;333
33;3;426;333
34;3;3098;333
35;3;3098;333
36;3;3097;333
42;3;3092;333
43;3;3092;333
44;3;3093;333
44;3;3092;333
45;3;3088;333
46;3;3087;333
47;3;3100;333
47;3;3087;333
48;3;3087;333
48;3;3087;333
49;3;3087;333
50;3;1246;333
51;3;1245;333
55;3;426;333
56;3;1173;333
61;3;426;333
62;3;1245;333
67;3;3099;333
69;3;3099;333
70;3;2937;333
72;3;3099;333
73;3;3100;333
76;3;405;333
81;3;405;333
83;3;2039;333
84;3;3092;333
89;3;426;333
90;3;426;333
91;3;426;333
95;3;3095;333
96;3;3092;333
97;3;3092;333
98;3;3092;333
99;3;3088;333
0;4;3087;333
1;4;3091;333
5;4;405;333
8;4;3092;333
10;4;426;333
18;4;3097;333
19;4;426;333
22;4;405;333
27;4;426;333
28;4;3099;333
29;4;426;333
30;4;3099;333
32;4;3098;333
33;4;3099;333
35;4;2937;333
35;4;405;333
40;4;3092;333
41;4;3085;333
42;4;3092;333
43;4;3092;333
44;4;426;333
44;4;3092;333
45;4;3088;333
46;4;3087;333
47;4;3087;333
47;4;3087;333
48;4;3087;333
48;4;3087;333
48;4;3087;333
51;4;2039;333
52;4;3092;333
54;4;1173;333
59;4;2937;333
68;4;3098;333
70;4;3098;333
72;4;3097;333
83;4;3101;333
86;4;405;333
88;4;426;333
89;4;426;333
94;4;405;333
94;4;3101;333
97;4;3092;333
98;4;3092;333
99;4;3088;333
0;5;3087;333
6;5;426;333
9;5;2039;333
13;5;426;333
15;5;405;333
17;5;3097;333
19;5;3100;333
20;5;3100;333
21;5;3100;333
23;5;426;333
28;5;3101;333
29;5;405;333
30;5;3098;333
31;5;426;333
32;5;3097;333
34;5;3098;333
36;5;3101;333
41;5;1278;333
42;5;1254;333
43;5;3092;333
44;5;3093;333
44;5;3092;333
44;5;3092;333
45;5;3088;333
46;5;3087;333
47;5;3087;333
50;5;3101;333
60;5;3101;333
62;5;3092;333
64;5;405;333
69;5;3098;333
73;5;3101;333
75;5;426;333
84;5;426;333
88;5;426;333
93;5;426;333
95;5;3092;333
96;5;3093;333
97;5;3092;333
98;5;3092;333
99;5;3088;333
0;6;3087;333
10;6;2925;0;descriptionEn=Most who die lose their gear, but one might have held on tight to something dear.;descriptionDe=Das Meiste nimmt der Tod hinfort, manchmal bleibt ein Stück an diesem Ort.
14;6;426;333
17;6;3099;333
18;6;3099;333
19;6;405;333
20;6;3099;333
21;6;426;333
26;6;426;333
28;6;2937;333
31;6;3097;333
32;6;426;333
43;6;629;333
44;6;3092;333
45;6;3088;333
46;6;3087;333
59;6;405;333
73;6;2937;333
89;6;3093;333
90;6;3092;333
92;6;2937;333
94;6;3101;333
95;6;3101;333
96;6;498;333
97;6;3095;333
97;6;1175;333
97;6;3093;333
98;6;3092;333
99;6;3088;333
0;7;3087;333
5;7;426;333
12;7;3101;333
15;7;3097;333
17;7;3101;333
18;7;2937;333
20;7;3099;333
23;7;3100;333
24;7;3100;333
27;7;426;333
29;7;3101;333
32;7;3100;333
40;7;426;333
44;7;3093;333
45;7;3088;333
46;7;3087;333
47;7;426;333
64;7;426;333
67;7;498;333
68;7;3101;333
70;7;405;333
70;7;3101;333
76;7;3093;333
77;7;3092;333
78;7;3094;333
89;7;2039;333
90;7;3095;333
97;7;405;333
98;7;3093;333
99;7;3088;333
0;8;3087;333
10;8;405;333
14;8;3097;333
16;8;3099;333
17;8;3099;333
18;8;3100;333
21;8;3099;333
23;8;3092;333
24;8;3100;333
31;8;3096;333
32;8;3096;333
33;8;3096;333
34;8;3096;333
35;8;3096;333
42;8;498;333
42;8;3101;333
43;8;405;333
44;8;3093;333
45;8;3088;333
46;8;3087;333
48;8;405;333
54;8;3099;333
55;8;3097;333
71;8;426;333
92;8;3101;333
99;8;3088;333
0;9;3087;333
7;9;426;333
16;9;3100;333
17;9;2937;333
19;9;3099;333
21;9;3099;333
31;9;3090;333
32;9;3086;333
33;9;3086;333
34;9;3086;333
35;9;3089;333
44;9;416;333
44;9;3093;333
45;9;3088;333
46;9;3087;333
53;9;1254;333
54;9;3098;333
55;9;3099;333
69;9;3099;333
87;9;498;333
93;9;405;333
96;9;426;333
99;9;3088;333
0;10;3087;333
9;10;3101;333
14;10;3100;333
15;10;3099;333
16;10;3099;333
17;10;3100;333
19;10;3099;333
31;10;3088;333
32;10;3089;333
33;10;3089;333
34;10;3089;333
35;10;3087;333
38;10;426;333
45;10;3088;333
46;10;3087;333
51;10;426;333
53;10;1278;333
53;10;3093;333
54;10;3092;333
55;10;3100;333
56;10;3099;333
60;10;426;333
81;10;3097;333
98;10;3093;333
99;10;3088;333
0;11;3087;333
6;11;3092;333
8;11;426;333
10;11;3090;333
11;11;3086;333
12;11;3086;333
13;11;3086;333
14;11;3086;333
15;11;3086;333
16;11;3086;333
17;11;3086;333
18;11;3086;333
19;11;426;333
19;11;3086;333
20;11;3086;333
21;11;3086;333
22;11;3086;333
23;11;3086;333
24;11;3086;333
25;11;3086;333
26;11;3086;333
27;11;3086;333
28;11;3086;333
29;11;3086;333
30;11;3086;333
31;11;3088;333
32;11;3089;333
33;11;3089;333
34;11;3089;333
35;11;3087;333
42;11;1278;333
43;11;1254;333
44;11;629;333
45;11;3088;333
46;11;3087;333
54;11;2039;333
55;11;3097;333
60;11;3093;333
61;11;3090;333
62;11;3086;333
63;11;3086;333
64;11;3086;333
92;11;626;333
98;11;3093;333
99;11;3088;333
0;12;3087;333
7;12;2937;333
9;12;3093;333
10;12;3088;333
11;12;3087;333
12;12;3085;333
13;12;3085;333
14;12;3085;333
15;12;3085;333
16;12;3085;333
17;12;3085;333
18;12;3085;333
19;12;3085;333
20;12;3085;333
21;12;3085;333
22;12;3085;333
23;12;3085;333
24;12;3085;333
25;12;3085;333
26;12;3085;333
27;12;3085;333
28;12;3085;333
29;12;3085;333
30;12;3085;333
31;12;3088;333
32;12;3089;333
33;12;3089;333
34;12;3089;333
35;12;3087;333
36;12;3094;333
41;12;1278;333
42;12;3100;333
44;12;3093;333
45;12;3088;333
46;12;3087;333
52;12;3101;333
53;12;1257;333
56;12;3097;333
61;12;3088;333
62;12;3089;333
63;12;3089;333
64;12;3087;333
65;12;3086;333
66;12;3086;333
67;12;3086;333
68;12;3086;333
69;12;3086;333
70;12;3086;333
71;12;3086;333
72;12;3086;333
73;12;3086;333
74;12;3086;333
75;12;3086;333
76;12;3086;333
77;12;3086;333
78;12;3086;333
79;12;3086;333
80;12;3086;333
81;12;3086;333
82;12;3086;333
83;12;3086;333
84;12;3086;333
85;12;3086;333
86;12;3086;333
87;12;3086;333
88;12;3089;333
89;12;3100;333
92;12;1254;333
94;12;426;333
99;12;3088;333
0;13;3087;333
7;13;405;333
9;13;3093;333
10;13;3088;333
11;13;3087;333
18;13;419;333
23;13;3102;333
28;13;417;333
30;13;3093;333
31;13;3092;333
32;13;3085;333
33;13;3085;333
34;13;3085;333
35;13;3091;333
36;13;3094;333
44;13;414;333
45;13;3088;333
46;13;3087;333
50;13;2937;333
54;13;1257;333
56;13;1250;333
60;13;3093;333
61;13;3092;333
62;13;3085;333
63;13;3094;333
63;13;3085;333
64;13;3091;333
65;13;3091;333
66;13;3085;333
67;13;3085;333
68;13;3085;333
69;13;3085;333
70;13;3085;333
71;13;3085;333
72;13;3085;333
73;13;3085;333
74;13;3085;333
75;13;3085;333
76;13;3085;333
77;13;3085;333
78;13;3085;333
79;13;3085;333
80;13;3085;333
81;13;3085;333
82;13;3085;333
83;13;3085;333
84;13;3085;333
85;13;3085;333
86;13;3085;333
87;13;3085;333
88;13;3091;333
89;13;3099;333
90;13;3097;333
99;13;3088;333
0;14;3087;333
5;14;426;333
5;14;3101;333
9;14;3093;333
10;14;3088;333
11;14;3087;333
15;14;2039;333
19;14;3102;333
20;14;2937;333
26;14;3099;333
29;14;2937;333
31;14;3095;333
32;14;3095;333
33;14;3095;333
45;14;3088;333
46;14;3087;333
51;14;405;333
53;14;3101;333
55;14;1250;333
58;14;2937;333
62;14;3095;333
63;14;417;333
64;14;3088;333
65;14;3087;333
66;14;630;333
67;14;630;333
68;14;628;333
68;14;628;333
68;14;628;333
69;14;3095;333
69;14;628;333
69;14;630;333
70;14;630;333
71;14;630;333
72;14;630;333
73;14;630;333
74;14;622;333
75;14;3095;333
75;14;622;333
76;14;3095;333
78;14;3095;333
81;14;417;333
82;14;3095;333
83;14;3095;333
84;14;3095;333
86;14;3095;333
88;14;2039;333
92;14;3093;333
92;14;3102;333
93;14;3090;333
94;14;3089;333
95;14;3089;333
99;14;3088;333
0;15;3087;333
6;15;426;333
8;15;1245;333
9;15;416;333
10;15;3088;333
11;15;3087;333
15;15;1257;333
23;15;405;333
28;15;3102;333
33;15;426;333
41;15;3092;333
41;15;629;333
43;15;1246;333
43;15;3101;333
44;15;3093;333
44;15;3090;333
45;15;3088;333
46;15;3087;333
49;15;3101;333
56;15;1250;333
57;15;3101;333
59;15;405;333
64;15;3088;333
65;15;3087;333
66;15;630;333
67;15;628;333
68;15;628;333
69;15;622;333
70;15;622;333
71;15;628;333
72;15;3099;333
73;15;3100;333
74;15;630;333
76;15;3099;333
92;15;416;333
93;15;3088;333
94;15;3092;333
95;15;3087;333
96;15;1175;333
97;15;2937;333
99;15;3088;333
0;16;3087;333
9;16;3093;333
10;16;3088;333
11;16;3087;333
16;16;405;333
19;16;3100;333
28;16;405;333
37;16;1254;333
41;16;1257;333
43;16;3090;333
44;16;3090;333
45;16;3088;333
46;16;3087;333
53;16;426;333
56;16;1250;333
63;16;3093;333
64;16;3088;333
65;16;3087;333
67;16;628;333
68;16;628;333
69;16;628;333
70;16;3099;333
71;16;3095;333
73;16;626;333
74;16;628;333
79;16;3102;333
80;16;3093;333
81;16;3092;333
82;16;3094;333
90;16;2937;333
92;16;3093;333
93;16;3092;333
94;16;3085;333
95;16;3091;333
96;16;3094;333
96;16;426;333
98;16;414;333
99;16;3088;333
0;17;3087;333
6;17;405;333
9;17;415;333
10;17;3088;333
11;17;3087;333
25;17;426;333
39;17;1245;333
42;17;3090;333
43;17;3090;333
44;17;3090;333
45;17;3088;333
46;17;3087;333
57;17;3100;333
64;17;3088;333
65;17;3087;333
66;17;628;333
69;17;3099;333
73;17;3095;333
78;17;1173;333
79;17;2937;333
87;17;426;333
91;17;3102;333
93;17;3095;333
95;17;1175;333
98;17;3093;333
99;17;3088;333
0;18;3087;333
6;18;426;333
10;18;3088;333
11;18;3087;333
16;18;2937;333
29;18;3092;333
30;18;3094;333
41;18;3090;333
42;18;3090;333
42;18;3090;333
43;18;3097;333
43;18;3090;333
44;18;3090;333
45;18;3088;333
46;18;3087;333
48;18;3098;333
52;18;498;333
56;18;426;333
63;18;3093;333
64;18;3088;333
65;18;3087;333
71;18;3101;333
78;18;3102;333
79;18;3101;333
81;18;3102;333
89;18;3102;333
99;18;3088;333
0;19;3087;333
5;19;426;333
9;19;409;333
10;19;3088;333
11;19;3086;333
12;19;3086;333
13;19;3086;333
14;19;3086;333
15;19;3086;333
16;19;3086;333
17;19;3090;333
18;19;3089;333
27;19;3101;333
40;19;3090;333
41;19;3090;333
41;19;3090;333
42;19;3090;333
42;19;3090;333
43;19;3090;333
44;19;3090;333
45;19;3090;333
46;19;3087;333
49;19;2937;333
61;19;405;333
63;19;3093;333
64;19;3088;333
65;19;3087;333
73;19;3092;333
75;19;3101;333
76;19;1173;333
82;19;426;333
91;19;426;333
95;19;626;333
98;19;3093;333
99;19;3088;333
0;20;3087;333
9;20;1254;333
10;20;3092;333
11;20;3085;333
12;20;3085;333
13;20;3085;333
14;20;3085;333
15;20;3085;333
16;20;3085;333
17;20;3088;333
18;20;3087;333
23;20;405;333
29;20;3090;333
30;20;3086;333
31;20;3086;333
32;20;3086;333
33;20;3086;333
34;20;3086;333
35;20;3086;333
36;20;3086;333
37;20;3086;333
38;20;3086;333
39;20;3086;333
40;20;3086;333
41;20;3086;333
42;20;3086;333
43;20;3086;333
44;20;3086;333
45;20;3086;333
46;20;3086;333
47;20;3086;333
48;20;3086;333
49;20;3086;333
50;20;3086;333
51;20;3086;333
52;20;3086;333
53;20;405;333
53;20;3086;333
54;20;3086;333
55;20;3086;333
56;20;3086;333
57;20;3089;333
64;20;3088;333
65;20;3087;333
73;20;2937;333
74;20;3101;333
95;20;1254;333
98;20;3090;333
99;20;3088;333
0;21;3087;333
5;21;426;333
12;21;418;333
13;21;3095;333
14;21;3095;333
16;21;3093;333
16;21;3102;333
17;21;3088;333
18;21;3087;333
24;21;426;333
26;21;2937;333
29;21;3092;333
30;21;3085;333
31;21;3085;333
32;21;3085;333
33;21;3085;333
34;21;3085;333
35;21;3085;333
36;21;3085;333
37;21;3085;333
38;21;3085;333
39;21;3085;333
40;21;3085;333
41;21;3085;333
42;21;3085;333
43;21;3085;333
44;21;3085;333
45;21;3085;333
46;21;3085;333
47;21;3085;333
48;21;3085;333
49;21;3085;333
50;21;3085;333
51;21;3085;333
52;21;3085;333
53;21;3085;333
54;21;3085;333
55;21;3085;333
56;21;3085;333
57;21;3087;333
64;21;3088;333
65;21;3087;333
96;21;405;333
97;21;3090;333
98;21;3093;333
98;21;3090;333
99;21;3088;333
0;22;3087;333
9;22;3102;333
13;22;3102;333
14;22;2937;333
16;22;3093;333
17;22;3088;333
18;22;3087;333
25;22;3101;333
33;22;419;333
34;22;3095;333
35;22;3095;333
37;22;418;333
40;22;3095;333
42;22;3095;333
43;22;411;333
44;22;3095;333
44;22;1245;333
45;22;1278;333
46;22;3095;333
46;22;622;333
47;22;622;333
48;22;3095;333
48;22;622;333
49;22;622;333
51;22;417;333
52;22;417;333
54;22;3097;333
55;22;1278;333
56;22;3088;333
57;22;3087;333
60;22;2937;333
61;22;3101;333
63;22;426;333
63;22;409;333
64;22;3088;333
65;22;3087;333
66;22;405;333
70;22;3098;333
79;22;426;333
87;22;3097;333
91;22;3099;333
92;22;3097;333
97;22;3090;333
98;22;3090;333
99;22;3088;333
0;23;3087;333
4;23;405;333
11;23;426;333
13;23;3102;333
15;23;1254;333
16;23;416;333
17;23;3088;333
18;23;3087;333
38;23;629;333
40;23;3099;333
41;23;1278;333
45;23;2937;333
46;23;629;333
47;23;622;333
48;23;622;333
50;23;915;333
53;23;2937;333
55;23;426;333
56;23;3088;333
57;23;3087;333
60;23;3097;333
62;23;3099;333
63;23;414;333
64;23;3088;333
65;23;3087;333
73;23;3101;333
87;23;3099;333
89;23;3097;333
90;23;3099;333
91;23;3100;333
95;23;3090;333
96;23;3090;333
97;23;3090;333
98;23;3090;333
99;23;3088;333
0;24;3087;333
6;24;426;333
17;24;3092;333
18;24;3092;333
19;24;3089;333
33;24;1246;333
39;24;3101;333
40;24;2937;333
46;24;629;333
47;24;622;333
53;24;3101;333
55;24;3093;333
56;24;3088;333
57;24;3087;333
59;24;3098;333
60;24;3098;333
63;24;3098;333
64;24;3088;333
65;24;3087;333
69;24;405;333
78;24;3090;333
79;24;3086;333
80;24;3086;333
81;24;3086;333
82;24;3086;333
83;24;3086;333
84;24;3086;333
85;24;3086;333
86;24;3086;333
87;24;3086;333
88;24;3086;333
89;24;3086;333
90;24;3086;333
91;24;3086;333
92;24;3086;333
93;24;3086;333
94;24;3086;333
95;24;3086;333
96;24;3086;333
97;24;3086;333
98;24;3086;333
99;24;3088;333
0;25;3087;333
13;25;426;333
15;25;3102;333
17;25;3102;333
18;25;3088;333
19;25;3087;333
23;25;405;333
35;25;3101;333
43;25;629;333
44;25;3092;333
54;25;3101;333
55;25;3093;333
56;25;3088;333
57;25;3087;333
59;25;3098;333
60;25;3098;333
63;25;3098;333
64;25;3088;333
65;25;3087;333
71;25;3101;333
74;25;3101;333
78;25;3088;333
79;25;3085;333
80;25;3085;333
81;25;3085;333
82;25;3085;333
83;25;3085;333
84;25;3085;333
85;25;3085;333
86;25;3085;333
87;25;3085;333
88;25;3085;333
89;25;3085;333
90;25;3085;333
91;25;3085;333
92;25;3085;333
93;25;3085;333
94;25;3085;333
95;25;3085;333
96;25;3085;333
97;25;3085;333
98;25;3085;333
99;25;3088;333
0;26;3087;333
10;26;426;333
16;26;2937;333
18;26;3088;333
19;26;3087;333
28;26;3092;333
36;26;2937;333
44;26;1245;333
56;26;3088;333
57;26;3087;333
59;26;3098;333
62;26;3098;333
64;26;3088;333
65;26;3087;333
72;26;2937;333
74;26;3100;333
77;26;3093;333
78;26;3088;333
79;26;3087;333
85;26;3097;333
86;26;3100;333
87;26;417;333
89;26;3099;333
93;26;418;333
94;26;3095;333
95;26;3095;333
99;26;3088;333
0;27;3087;333
5;27;3092;333
15;27;3097;333
17;27;410;333
18;27;3088;333
19;27;3087;333
20;27;3094;333
28;27;1278;333
29;27;915;333
36;27;3101;333
44;27;3101;333
47;27;1245;333
54;27;2937;333
55;27;3101;333
56;27;3088;333
57;27;3087;333
63;27;3101;333
64;27;3088;333
65;27;3087;333
77;27;3093;333
78;27;3088;333
79;27;3087;333
82;27;3098;333
86;27;3099;333
88;27;3098;333
89;27;3100;333
96;27;629;333
98;27;3093;333
99;27;3088;333
0;28;3087;333
12;28;3097;333
16;28;3099;333
18;28;3088;333
19;28;3087;333
20;28;3089;333
25;28;498;333
34;28;1246;333
44;28;2937;333
46;28;426;333
47;28;1278;333
48;28;1278;333
51;28;3092;333
55;28;416;333
56;28;3088;333
57;28;426;333
57;28;3087;333
59;28;3097;333
61;28;3098;333
63;28;3099;333
64;28;3088;333
65;28;3087;333
68;28;426;333
70;28;405;333
70;28;3100;333
72;28;3101;333
74;28;3092;333
76;28;426;333
78;28;3088;333
79;28;3087;333
81;28;3097;333
86;28;2937;333
88;28;405;333
92;28;2937;333
95;28;915;333
96;28;3092;333
97;28;2039;333
98;28;3093;333
99;28;3088;333
0;29;3087;333
14;29;3098;333
18;29;3088;333
19;29;3087;333
20;29;3089;333
21;29;3089;333
55;29;3098;333
56;29;3088;333
57;29;3087;333
62;29;3098;333
63;29;416;333
64;29;3088;333
65;29;3087;333
69;29;3100;333
71;29;426;333
76;29;3099;333
77;29;3093;333
78;29;3088;333
79;29;3087;333
80;29;3098;333
82;29;426;333
86;29;405;333
87;29;3097;333
88;29;3093;333
88;29;3100;333
89;29;3092;333
91;29;426;333
98;29;3093;333
99;29;3088;333
0;30;3087;333
8;30;426;333
11;30;405;333
13;30;3097;333
14;30;3099;333
18;30;3088;333
19;30;3087;333
20;30;3089;333
21;30;3089;333
24;30;405;333
42;30;405;333
49;30;3099;333
53;30;3100;333
54;30;3100;333
55;30;3100;333
56;30;3088;333
57;30;3087;333
59;30;3097;333
63;30;3100;333
64;30;3088;333
65;30;3087;333
68;30;3100;333
69;30;3097;333
73;30;405;333
76;30;3099;333
77;30;414;333
78;30;3088;333
79;30;3087;333
80;30;3097;333
86;30;3099;333
88;30;3100;333
98;30;3093;333
99;30;3088;333
0;31;3087;333
5;31;405;333
14;31;3099;333
18;31;3088;333
19;31;3087;333
20;31;3089;333
20;31;3089;333
21;31;3089;333
21;31;3089;333
22;31;3089;333
26;31;405;333
32;31;426;333
39;31;426;333
46;31;3097;333
52;31;3100;333
53;31;3101;333
54;31;3098;333
55;31;1278;333
56;31;3088;333
57;31;3087;333
60;31;3099;333
63;31;2038;333
64;31;3088;333
65;31;3087;333
67;31;3099;333
68;31;3099;333
69;31;3100;333
77;31;3097;333
78;31;3088;333
79;31;3087;333
85;31;3097;333
86;31;2038;333
88;31;3098;333
96;31;629;333
97;31;1245;333
99;31;3088;333
0;32;3087;333
7;32;1246;333
15;32;3090;333
16;32;3086;333
17;32;3086;333
18;32;3086;333
18;32;3088;333
19;32;3086;333
20;32;3086;333
21;32;3086;333
22;32;3086;333
23;32;3086;333
24;32;3086;333
25;32;3086;333
26;32;3086;333
27;32;3086;333
28;32;3086;333
29;32;3086;333
30;32;3086;333
31;32;3086;333
32;32;3086;333
33;32;3086;333
34;32;3086;333
35;32;3086;333
36;32;3086;333
37;32;3086;333
38;32;3086;333
39;32;3088;333
40;32;3087;333
44;32;3097;333
45;32;2937;333
47;32;3099;333
49;32;3099;333
50;32;915;333
51;32;3100;333
53;32;2937;333
55;32;3098;333
56;32;3088;333
57;32;3087;333
63;32;3098;333
64;32;3088;333
65;32;3087;333
69;32;3099;333
73;32;426;333
77;32;3100;333
78;32;3088;333
79;32;3087;333
86;32;3097;333
90;32;3090;333
91;32;3089;333
96;32;1254;333
98;32;416;333
99;32;3088;333
0;33;3087;333
10;33;3102;333
13;33;3102;333
14;33;414;333
15;33;3092;333
16;33;3085;333
17;33;3085;333
18;33;3085;333
19;33;3085;333
20;33;3085;333
21;33;3085;333
22;33;3085;333
23;33;3085;333
23;33;3095;333
24;33;3085;333
24;33;3095;333
25;33;3085;333
26;33;3085;333
27;33;3085;333
28;33;3085;333
29;33;3085;333
30;33;3085;333
31;33;3085;333
32;33;3085;333
33;33;3085;333
34;33;3085;333
35;33;3085;333
36;33;3085;333
37;33;3085;333
38;33;3085;333
39;33;3088;333
40;33;3087;333
41;33;426;333
50;33;3099;333
52;33;3101;333
54;33;3098;333
56;33;3088;333
57;33;3087;333
61;33;2937;333
63;33;416;333
64;33;3088;333
65;33;3087;333
76;33;3097;333
77;33;3098;333
78;33;3088;333
79;33;3087;333
81;33;426;333
83;33;405;333
85;33;3099;333
86;33;3100;333
90;33;3088;333
91;33;3087;333
99;33;3088;333
0;34;3087;333
6;34;627;333
7;34;630;333
8;34;628;333
14;34;2937;333
15;34;3095;333
16;34;3095;333
17;34;629;333
19;34;3095;333
21;34;426;333
23;34;3095;333
24;34;3095;333
25;34;413;333
27;34;417;333
30;34;418;333
33;34;3095;333
34;34;3095;333
35;34;3095;333
35;34;418;333
36;34;2039;333
37;34;405;333
38;34;416;333
39;34;3088;333
40;34;3087;333
42;34;372;333
42;34;1174;333
53;34;3097;333
55;34;3100;333
56;34;3088;333
57;34;3087;333
59;34;3097;333
61;34;3101;333
62;34;3098;333
64;34;3088;333
65;34;3087;333
73;34;2937;333
77;34;3100;333
78;34;3088;333
79;34;3087;333
85;34;405;333
88;34;405;333
89;34;3093;333
90;34;3088;333
91;34;3087;333
96;34;426;333
98;34;3093;333
99;34;3088;333
0;35;3087;333
6;35;629;333
7;35;629;333
8;35;1254;333
11;35;3102;333
29;35;1173;333
30;35;426;333
33;35;915;333
34;35;2937;333
34;35;626;333
39;35;3088;333
40;35;3087;333
41;35;3093;333
42;35;3092;333
46;35;405;333
54;35;3100;333
55;35;915;333
56;35;3088;333
57;35;3087;333
64;35;3088;333
65;35;3087;333
70;35;405;333
74;35;3097;333
77;35;416;333
78;35;3088;333
79;35;3087;333
87;35;426;333
88;35;1254;333
89;35;3093;333
90;35;3088;333
91;35;3087;333
95;35;405;333
96;35;2937;333
99;35;3088;333
0;36;3087;333
14;36;915;333
15;36;3100;333
21;36;3098;333
22;36;3100;333
24;36;426;333
27;36;1173;333
33;36;3100;333
37;36;627;333
39;36;3088;333
40;36;3087;333
42;36;417;333
47;36;426;333
50;36;3099;333
55;36;1246;333
56;36;3088;333
57;36;3087;333
63;36;3093;333
64;36;3088;333
65;36;3087;333
68;36;426;333
75;36;426;333
76;36;498;333
78;36;3088;333
79;36;3087;333
83;36;3100;333
84;36;3100;333
89;36;3093;333
89;36;2038;333
90;36;3088;333
91;36;3087;333
98;36;3093;333
99;36;3088;333
0;37;3087;333
21;37;3099;333
22;37;2937;333
24;37;3101;333
27;37;405;333
37;37;629;333
38;37;628;333
39;37;3088;333
40;37;3087;333
43;37;915;333
55;37;415;333
56;37;3088;333
57;37;3087;333
64;37;3088;333
65;37;3087;333
77;37;3093;333
78;37;3088;333
79;37;3087;333
82;37;3100;333
83;37;3100;333
84;37;3097;333
85;37;2937;333
89;37;416;333
90;37;3088;333
91;37;3087;333
98;37;426;333
99;37;3088;333
0;38;3087;333
6;38;915;333
17;38;405;333
20;38;3097;333
21;38;3099;333
23;38;3101;333
28;38;426;333
29;38;3101;333
31;38;3101;333
38;38;415;333
39;38;3088;333
40;38;3087;333
45;38;3100;333
50;38;3097;333
55;38;408;333
56;38;3088;333
57;38;3087;333
64;38;3088;333
65;38;3087;333
68;38;3097;333
70;38;3092;333
71;38;426;333
74;38;405;333
78;38;3092;333
79;38;3091;333
90;38;3088;333
91;38;3087;333
96;38;421;333
99;38;3088;333
0;39;3087;333
15;39;426;333
19;39;3099;333
20;39;3100;333
21;39;3099;333
31;39;2937;333
33;39;3098;333
38;39;3093;333
39;39;3088;333
40;39;3087;333
47;39;405;333
53;39;3097;333
56;39;3088;333
57;39;3087;333
61;39;3098;333
63;39;3097;333
64;39;3088;333
65;39;3087;333
66;39;3097;333
67;39;3099;333
70;39;3100;333
83;39;426;333
86;39;405;333
89;39;3093;333
90;39;3088;333
91;39;3087;333
98;39;415;333
99;39;3088;333
0;40;3087;333
5;40;3092;333
15;40;3093;333
16;40;3092;333
27;40;3100;333
28;40;3098;333
30;40;3101;333
37;40;3098;333
39;40;3088;333
40;40;3087;333
43;40;426;333
49;40;3093;333
50;40;3092;333
56;40;3092;333
57;40;3091;333
58;40;405;333
62;40;2038;333
63;40;3097;333
64;40;3088;333
65;40;3087;333
68;40;3097;333
71;40;3100;333
77;40;405;333
83;40;1173;333
84;40;3092;333
89;40;416;333
90;40;3088;333
91;40;3087;333
95;40;426;333
99;40;3088;333
0;41;3087;333
11;41;405;333
19;41;3101;333
26;41;3099;333
27;41;3101;333
28;41;3099;333
29;41;3100;333
37;41;2937;333
38;41;3093;333
39;41;3088;333
40;41;3087;333
50;41;3095;333
62;41;3098;333
63;41;415;333
63;41;3101;333
64;41;3088;333
65;41;3087;333
75;41;2937;333
89;41;3093;333
90;41;3088;333
91;41;3087;333
97;41;405;333
99;41;3088;333
0;42;3087;333
17;42;3100;333
19;42;2937;333
26;42;2937;333
28;42;3098;333
29;42;3097;333
38;42;629;333
39;42;3088;333
40;42;3087;333
42;42;405;333
46;42;3101;333
51;42;405;333
62;42;2937;333
64;42;3088;333
65;42;3087;333
72;42;426;333
82;42;426;333
85;42;2038;333
86;42;3092;333
90;42;3088;333
91;42;3087;333
98;42;3093;333
99;42;3088;333
0;43;3087;333
1;43;3089;333
8;43;3092;333
12;43;426;333
17;43;3099;333
18;43;3093;333
18;43;3093;333
19;43;3090;333
20;43;3086;333
21;43;3086;333
22;43;3087;333
26;43;3097;333
27;43;3097;333
28;43;3098;333
32;43;3093;333
33;43;3092;333
34;43;629;333
39;43;3092;333
40;43;3091;333
44;43;3098;333
60;43;426;333
61;43;3101;333
62;43;3090;333
63;43;3090;333
63;43;3090;333
64;43;3088;333
65;43;3087;333
66;43;3089;333
67;43;3089;333
75;43;3092;333
77;43;426;333
80;43;405;333
86;43;426;333
87;43;2937;333
89;43;414;333
90;43;3088;333
91;43;3087;333
98;43;2038;333
99;43;3088;333
0;44;3087;333
1;44;3089;333
2;44;3089;333
5;44;2937;333
16;44;3097;333
17;44;3100;333
18;44;3093;333
19;44;3088;333
20;44;3086;333
21;44;3086;333
22;44;3087;333
25;44;3097;333
26;44;3099;333
27;44;3100;333
28;44;3097;333
43;44;3101;333
44;44;2937;333
62;44;3090;333
63;44;3090;333
63;44;3090;333
64;44;3088;333
65;44;3087;333
66;44;3089;333
67;44;3089;333
83;44;421;333
89;44;3093;333
90;44;3088;333
91;44;3087;333
98;44;3093;333
99;44;3088;333
0;45;3087;333
1;45;3089;333
2;45;3089;333
3;45;3089;333
14;45;2038;333
15;45;3101;333
16;45;3097;333
17;45;3099;333
18;45;415;333
19;45;3092;333
20;45;3085;333
21;45;3085;333
22;45;3085;333
56;45;2937;333
58;45;405;333
60;45;3090;333
61;45;3090;333
61;45;3090;333
62;45;3090;333
63;45;3090;333
63;45;3090;333
64;45;3088;333
65;45;3087;333
65;45;3089;333
66;45;3089;333
67;45;3089;333
68;45;3089;333
90;45;3088;333
91;45;3087;333
96;45;426;333
98;45;415;333
99;45;3088;333
0;46;3087;333
1;46;3089;333
2;46;3089;333
3;46;3089;333
4;46;3089;333
5;46;3089;333
14;46;3097;333
17;46;3100;333
18;46;498;333
19;46;3093;333
19;46;1174;333
19;46;3093;333
20;46;3092;333
21;46;3092;333
22;46;1174;333
23;46;3101;333
36;46;426;333
39;46;426;333
42;46;426;333
60;46;3090;333
60;46;3090;333
61;46;3090;333
61;46;3090;333
61;46;3090;333
62;46;3090;333
62;46;3090;333
63;46;3090;333
63;46;3090;333
64;46;3088;333
64;46;3088;333
65;46;3087;333
66;46;3089;333
67;46;3089;333
68;46;3089;333
68;46;3089;333
69;46;3089;333
70;46;3089;333
90;46;3088;333
91;46;3087;333
99;46;3088;333
0;47;3087;333
1;47;3089;333
2;47;3089;333
3;47;3089;333
4;47;3089;333
5;47;3089;333
15;47;426;333
17;47;3099;333
19;47;3097;333
20;47;3095;333
21;47;1174;333
21;47;419;333
24;47;3100;333
25;47;3099;333
29;47;3090;333
30;47;3089;333
37;47;405;333
59;47;3090;333
60;47;3090;333
61;47;3090;333
62;47;3090;333
62;47;3090;333
63;47;3090;333
64;47;3088;333
65;47;3087;333
66;47;3089;333
67;47;3089;333
68;47;3089;333
69;47;3089;333
70;47;3089;333
71;47;3089;333
90;47;3088;333
91;47;3087;333
96;47;405;333
99;47;3088;333
0;48;3087;333
1;48;3089;333
2;48;3089;333
3;48;3089;333
4;48;3089;333
5;48;3089;333
6;48;3089;333
7;48;3089;333
12;48;405;333
19;48;2039;333
20;48;3099;333
21;48;1174;333
22;48;1174;333
23;48;3099;333
24;48;2937;333
26;48;3100;333
28;48;3093;333
29;48;3088;333
30;48;3087;333
36;48;3101;333
40;48;3090;333
41;48;3086;333
42;48;3086;333
43;48;3086;333
44;48;3086;333
45;48;3086;333
46;48;3086;333
47;48;3086;333
48;48;3086;333
49;48;3086;333
50;48;3086;333
51;48;3086;333
52;48;3086;333
53;48;3086;333
54;48;3086;333
55;48;3086;333
56;48;3086;333
56;48;3086;333
57;48;3086;333
58;48;3086;333
59;48;3086;333
60;48;3086;333
61;48;3086;333
62;48;3086;333
63;48;3086;333
64;48;3086;333
65;48;3086;333
66;48;3086;333
67;48;3086;333
68;48;3086;333
69;48;3086;333
70;48;3086;333
71;48;3086;333
72;48;3086;333
73;48;3086;333
74;48;3086;333
75;48;3086;333
76;48;3086;333
77;48;3086;333
78;48;3086;333
79;48;3086;333
80;48;3086;333
81;48;3086;333
82;48;3086;333
83;48;3086;333
84;48;3086;333
85;48;3086;333
86;48;3086;333
87;48;3086;333
88;48;3086;333
89;48;3086;333
90;48;3086;333
91;48;3087;333
98;48;3093;333
99;48;3088;333
0;49;3087;333
1;49;3086;333
2;49;3086;333
2;49;3085;333
3;49;3086;333
3;49;3085;333
4;49;3086;333
4;49;3085;333
5;49;3086;333
5;49;3085;333
6;49;3086;333
6;49;3085;333
7;49;3086;333
7;49;3085;333
8;49;3086;333
8;49;3085;333
9;49;3086;333
9;49;3085;333
10;49;3086;333
10;49;3085;333
11;49;3086;333
11;49;3085;333
12;49;3086;333
12;49;3085;333
13;49;3086;333
13;49;3085;333
14;49;3086;333
14;49;3085;333
15;49;3086;333
15;49;3085;333
16;49;3089;333
19;49;3099;333
20;49;3101;333
22;49;3097;333
22;49;3095;333
23;49;3100;333
25;49;3101;333
28;49;3093;333
29;49;3088;333
30;49;3087;333
40;49;3092;333
41;49;3085;333
42;49;3085;333
43;49;3085;333
44;49;3085;333
45;49;3085;333
46;49;3085;333
47;49;3085;333
48;49;3085;333
49;49;3085;333
50;49;3085;333
51;49;3085;333
52;49;3085;333
53;49;3085;333
54;49;3085;333
55;49;3085;333
56;49;3085;333
57;49;3092;333
58;49;3085;333
59;49;3085;333
60;49;3085;333
61;49;3085;333
62;49;3085;333
63;49;3085;333
64;49;3085;333
65;49;3085;333
66;49;3085;333
66;49;3091;333
66;49;3091;333
67;49;3085;333
68;49;3085;333
69;49;3085;333
70;49;3085;333
71;49;3085;333
72;49;3085;333
73;49;3085;333
74;49;3085;333
75;49;3085;333
76;49;3085;333
77;49;3085;333
78;49;3085;333
79;49;3085;333
80;49;3085;333
81;49;3085;333
82;49;3085;333
83;49;3085;333
84;49;3085;333
85;49;3085;333
86;49;3085;333
87;49;3085;333
88;49;3085;333
89;49;3085;333
90;49;3085;333
91;49;3091;333
95;49;2927;333;descriptionEn=Wander too far and you'll be bones like most in here are.;descriptionDe=Wer hier geht hinein der endet als Gebein
99;49;3088;333
0;50;3087;333
1;50;3085;333
2;50;3085;333
3;50;3085;333
4;50;3085;333
5;50;3085;333
6;50;3085;333
7;50;3085;333
8;50;3085;333
9;50;3085;333
10;50;3085;333
11;50;3085;333
12;50;3085;333
13;50;3085;333
14;50;3085;333
15;50;3085;333
16;50;3091;333
19;50;3098;333
20;50;3100;333
26;50;426;333
28;50;415;333
29;50;426;333
29;50;3088;333
30;50;3087;333
36;50;2937;333
38;50;405;333
42;50;3095;333
44;50;418;333
45;50;3095;333
46;50;3095;333
51;50;3095;333
52;50;3095;333
54;50;417;333
56;50;3095;333
59;50;3095;333
60;50;406;333
61;50;3095;333
62;50;3093;333
62;50;3092;333
63;50;3088;333
64;50;3087;333
65;50;3091;333
66;50;3091;333
66;50;3091;333
66;50;3091;333
67;50;3091;333
68;50;3091;333
69;50;3095;333
70;50;3095;333
71;50;412;333
73;50;419;333
74;50;411;333
75;50;3095;333
76;50;418;333
79;50;3095;333
80;50;417;333
83;50;3095;333
84;50;405;333
85;50;3088;333
86;50;3087;333
90;50;2937;333
96;50;426;333
99;50;3088;333
0;51;3087;333
5;51;417;333
7;51;3095;333
8;51;419;333
9;51;411;333
10;51;3095;333
11;51;3095;333
12;51;412;333
13;51;3095;333
14;51;417;333
15;51;405;333
29;51;3088;333
30;51;3087;333
34;51;426;333
43;51;2937;333
44;51;3101;333
58;51;426;333
62;51;416;333
63;51;3088;333
64;51;3087;333
65;51;3091;333
66;51;3091;333
66;51;3091;333
67;51;3091;333
68;51;3091;333
71;51;426;333
78;51;426;333
82;51;3101;333
84;51;3093;333
85;51;3088;333
86;51;3087;333
91;51;405;333
93;51;426;333
98;51;623;333
99;51;3088;333
0;52;3087;333
4;52;1173;333
6;52;2937;333
10;52;426;333
18;52;3090;333
19;52;3089;333
27;52;171;333;nameDe=Wunderspinner der Witwe;nameEn=Widow's Wondrous Spinner
28;52;3093;333
29;52;3088;333
30;52;3087;333
41;52;3101;333
62;52;3093;333
63;52;3088;333
64;52;3087;333
65;52;3091;333
65;52;3091;333
66;52;3091;333
66;52;3091;333
66;52;3091;333
66;52;3091;333
67;52;3091;333
69;52;426;333
80;52;405;333
80;52;3101;333
80;52;3101;333
81;52;2937;333
85;52;3088;333
86;52;3087;333
96;52;3092;333
98;52;414;333
99;52;3088;333
0;53;3087;333
8;53;426;333
16;53;426;333
18;53;3088;333
18;53;3088;333
19;53;3087;333
22;53;498;333
28;53;3093;333
29;53;3088;333
30;53;3087;333
31;53;405;333
31;53;3089;333
32;53;3089;333
46;53;416;333
47;53;3092;333
49;53;405;333
51;53;426;333
53;53;405;333
56;53;426;333
59;53;3092;333
61;53;405;333
62;53;415;333
63;53;3088;333
64;53;3087;333
65;53;3091;333
66;53;3091;333
69;53;2039;333
85;53;3088;333
86;53;3087;333
96;53;1254;333
97;53;1245;333
98;53;1246;333
99;53;3088;333
0;54;3087;333
9;54;405;333
17;54;416;333
18;54;3088;333
19;54;3087;333
28;54;416;333
28;54;3093;333
29;54;3088;333
30;54;3087;333
31;54;3089;333
31;54;3089;333
31;54;3089;333
32;54;3089;333
32;54;3089;333
32;54;3089;333
33;54;3089;333
47;54;3095;333
51;54;3101;333
52;54;2937;333
54;54;426;333
62;54;3093;333
63;54;3088;333
64;54;3087;333
65;54;3091;333
68;54;3101;333
69;54;405;333
70;54;3099;333
71;54;3098;333
72;54;3097;333
80;54;629;333
81;54;626;333
82;54;626;333
84;54;3093;333
85;54;3088;333
86;54;3087;333
87;54;626;333
88;54;626;333
97;54;1254;333
98;54;3093;333
99;54;3088;333
0;55;3087;333
4;55;405;333
17;55;3093;333
18;55;3088;333
19;55;3087;333
26;55;2038;333
28;55;3093;333
29;55;3088;333
30;55;3087;333
31;55;3089;333
31;55;3089;333
32;55;3089;333
32;55;3089;333
33;55;3089;333
33;55;3089;333
34;55;3089;333
35;55;3089;333
58;55;2937;333
59;55;3101;333
62;55;426;333
63;55;3088;333
64;55;3087;333
69;55;2937;333
71;55;1096;333
72;55;3098;333
73;55;3097;333
75;55;3098;333
76;55;3099;333
82;55;418;333
85;55;3092;333
86;55;3091;333
91;55;1245;333
96;55;1246;333
98;55;623;333
99;55;3088;333
0;56;3087;333
8;56;1173;333
17;56;414;333
18;56;3088;333
19;56;3087;333
25;56;3102;333
28;56;410;333
29;56;3088;333
30;56;3087;333
31;56;3086;333
32;56;3086;333
33;56;3086;333
34;56;3086;333
35;56;3086;333
36;56;3086;333
37;56;3086;333
38;56;3086;333
39;56;3086;333
40;56;3086;333
41;56;3086;333
42;56;3086;333
43;56;3089;333
48;56;426;333
49;56;406;333
50;56;3090;333
51;56;3089;333
52;56;405;333
58;56;3101;333
62;56;2039;333
63;56;3092;333
64;56;3091;333
66;56;406;333
68;56;3100;333
73;56;3097;333
85;56;412;333
98;56;623;333
99;56;3088;333
0;57;3087;333
17;57;414;333
18;57;3088;333
19;57;3087;333
29;57;3088;333
30;57;3087;333
31;57;3085;333
32;57;3085;333
33;57;3085;333
34;57;3085;333
35;57;3085;333
36;57;3085;333
37;57;3085;333
38;57;3085;333
39;57;3085;333
40;57;3085;333
41;57;3085;333
42;57;3085;333
43;57;3091;333
49;57;3093;333
50;57;3088;333
51;57;3087;333
62;57;3101;333
63;57;1173;333
64;57;417;333
71;57;3098;333
72;57;3097;333
74;57;3098;333
75;57;3100;333
79;57;1096;333
84;57;915;333
85;57;1245;333
93;57;915;333
98;57;3093;333
99;57;3088;333
99;57;3088;333
99;57;3088;333
0;58;3087;333
8;58;3090;333
9;58;3089;333
17;58;3093;333
18;58;3088;333
19;58;3087;333
27;58;1254;333
28;58;3097;333
29;58;3088;333
30;58;3087;333
34;58;3095;333
35;58;405;333
36;58;411;333
37;58;3095;333
38;58;418;333
39;58;3095;333
41;58;3095;333
50;58;3088;333
51;58;3087;333
67;58;426;333
68;58;3097;333
69;58;3097;333
76;58;3097;333
78;58;2937;333
80;58;3101;333
85;58;1254;333
86;58;627;333
87;58;630;333
88;58;630;333
89;58;630;333
90;58;630;333
93;58;3093;333
99;58;3088;333
0;59;3087;333
2;59;426;333
7;59;3093;333
8;59;3088;333
9;59;3087;333
17;59;409;333
18;59;3088;333
19;59;3087;333
28;59;3093;333
29;59;3088;333
30;59;3087;333
32;59;426;333
34;59;2937;333
47;59;405;333
49;59;415;333
50;59;3088;333
51;59;3087;333
63;59;405;333
68;59;3099;333
74;59;3099;333
76;59;405;333
79;59;1096;333
79;59;3101;333
81;59;3099;333
85;59;3093;333
86;59;626;333
87;59;626;333
88;59;626;333
89;59;626;333
90;59;626;333
91;59;628;333
92;59;1245;333
93;59;626;333
97;59;3095;333
97;59;1175;333
98;59;3095;333
98;59;626;333
99;59;3088;333
0;60;3087;333
7;60;3093;333
8;60;3088;333
9;60;3087;333
12;60;626;333
17;60;3093;333
18;60;3088;333
19;60;3087;333
26;60;915;333
28;60;416;333
29;60;3088;333
30;60;3087;333
34;60;3101;333
49;60;3093;333
50;60;3088;333
51;60;3087;333
52;60;3089;333
53;60;3089;333
57;60;498;333
65;60;3100;333
71;60;3100;333
86;60;915;333
87;60;626;333
88;60;626;333
89;60;626;333
90;60;1254;333
91;60;3095;333
91;60;1174;333
98;60;915;333
99;60;3088;333
0;61;3087;333
3;61;426;333
7;61;415;333
8;61;3088;333
9;61;3087;333
17;61;3093;333
18;61;3088;333
19;61;3087;333
21;61;3093;333
22;61;3092;333
23;61;3094;333
27;61;915;333
28;61;405;333
29;61;3088;333
30;61;3087;333
34;61;426;333
46;61;426;333
50;61;3088;333
51;61;3087;333
51;61;3087;333
52;61;3089;333
53;61;3089;333
53;61;3089;333
53;61;3089;333
54;61;3089;333
54;61;3089;333
54;61;3089;333
55;61;3089;333
83;61;1245;333
87;61;3095;333
88;61;417;333
89;61;3095;333
96;61;1245;333
98;61;626;333
99;61;3088;333
0;62;3087;333
7;62;3093;333
8;62;3088;333
9;62;3087;333
17;62;408;333
18;62;3088;333
19;62;3087;333
22;62;3095;333
28;62;3093;333
29;62;3088;333
30;62;3087;333
32;62;405;333
43;62;426;333
45;62;405;333
50;62;3088;333
51;62;3087;333
52;62;3089;333
53;62;3089;333
53;62;3089;333
54;62;3089;333
55;62;3089;333
62;62;426;333
71;62;2937;333
99;62;3088;333
0;63;3087;333
1;63;405;333
4;63;426;333
5;63;2937;333
7;63;416;333
8;63;3088;333
9;63;3087;333
13;63;627;333
17;63;626;333
18;63;3092;333
19;63;3091;333
28;63;3093;333
29;63;3088;333
30;63;3087;333
48;63;3088;333
49;63;3086;333
50;63;3086;333
51;63;3087;333
52;63;3086;333
53;63;3086;333
54;63;3086;333
55;63;3086;333
56;63;3086;333
57;63;3086;333
58;63;3086;333
59;63;3086;333
60;63;3086;333
61;63;3086;333
62;63;3086;333
63;63;3086;333
64;63;3086;333
65;63;3086;333
66;63;3086;333
67;63;3086;333
68;63;3086;333
69;63;3086;333
70;63;3086;333
71;63;3086;333
72;63;3086;333
73;63;3086;333
74;63;3086;333
75;63;3086;333
76;63;3086;333
77;63;3086;333
78;63;3086;333
79;63;3086;333
80;63;3086;333
81;63;3086;333
82;63;3086;333
83;63;3086;333
84;63;3086;333
85;63;3086;333
86;63;3086;333
87;63;3086;333
88;63;3086;333
89;63;3086;333
90;63;3086;333
91;63;3086;333
92;63;3086;333
93;63;3086;333
94;63;3086;333
95;63;3086;333
96;63;3086;333
97;63;3086;333
98;63;3086;333
99;63;3088;333
0;64;3087;333
5;64;3102;333
6;64;426;333
7;64;415;333
8;64;3088;333
9;64;3087;333
13;64;629;333
14;64;628;333
18;64;412;333
19;64;405;333
19;64;417;333
28;64;409;333
29;64;3088;333
30;64;3087;333
37;64;3101;333
38;64;3090;333
39;64;3086;333
40;64;3086;333
41;64;3086;333
42;64;3086;333
43;64;3086;333
44;64;3086;333
45;64;3086;333
46;64;3086;333
47;64;3086;333
48;64;3088;333
49;64;3089;333
50;64;3089;333
50;64;3089;333
51;64;3087;333
52;64;3085;333
53;64;3085;333
54;64;3085;333
55;64;3085;333
56;64;3085;333
57;64;3085;333
58;64;3085;333
59;64;3085;333
60;64;3085;333
61;64;3085;333
62;64;3085;333
63;64;3085;333
64;64;3085;333
65;64;3085;333
66;64;3085;333
67;64;3085;333
68;64;3085;333
69;64;3085;333
70;64;3085;333
71;64;3085;333
72;64;3085;333
73;64;3085;333
74;64;3085;333
75;64;3085;333
76;64;3085;333
77;64;3085;333
78;64;3085;333
79;64;3085;333
80;64;3085;333
81;64;3085;333
82;64;3085;333
83;64;3085;333
84;64;3085;333
85;64;3085;333
86;64;3085;333
87;64;3085;333
88;64;3085;333
89;64;3085;333
90;64;3085;333
91;64;3085;333
92;64;3085;333
93;64;3085;333
94;64;3085;333
95;64;3085;333
96;64;3085;333
97;64;3085;333
98;64;3085;333
99;64;3088;333
0;65;3087;333
8;65;3088;333
9;65;3087;333
13;65;417;333
19;65;426;333
28;65;3093;333
29;65;3088;333
30;65;3087;333
32;65;2937;333
37;65;3093;333
38;65;3092;333
39;65;3094;333
39;65;3085;333
40;65;3085;333
41;65;3085;333
42;65;3085;333
43;65;3085;333
44;65;3085;333
45;65;3085;333
46;65;3085;333
47;65;3085;333
48;65;3092;333
49;65;3089;333
50;65;3089;333
51;65;3091;333
58;65;426;333
61;65;419;333
62;65;418;333
63;65;3099;333
64;65;3100;333
65;65;3095;333
65;65;3097;333
66;65;3100;333
68;65;426;333
69;65;412;333
71;65;417;333
72;65;419;333
72;65;3095;333
75;65;2039;333
76;65;3095;333
78;65;418;333
78;65;3095;333
79;65;412;333
80;65;3095;333
82;65;3095;333
85;65;66;333;markerstone=546
87;65;419;333
89;65;3095;333
90;65;3095;333
91;65;622;333
92;65;1254;333
94;65;418;333
95;65;3095;333
96;65;2937;333
98;65;3092;333
99;65;3088;333
0;66;3087;333
7;66;409;333
8;66;3088;333
9;66;3087;333
16;66;915;333
19;66;2937;333
23;66;3093;333
24;66;2924;0;descriptionEn=Do you dare brave the deep, seeking the thing that one dared keep?;descriptionDe=Kannst du dich beweisen, und selbst den letzten Schatz entreißen?
26;66;626;333
28;66;3093;333
29;66;3088;333
30;66;3087;333
34;66;3099;333
38;66;3095;333
39;66;412;333
40;66;3095;333
41;66;405;333
42;66;419;333
43;66;3095;333
44;66;418;333
45;66;426;333
46;66;417;333
46;66;3097;333
47;66;3093;333
48;66;3092;333
49;66;3085;333
50;66;3085;333
51;66;3091;333
53;66;405;333
62;66;2039;333
63;66;3098;333
64;66;3100;333
65;66;3097;333
66;66;3099;333
89;66;626;333
94;66;3101;333
97;66;3101;333
98;66;3092;333
99;66;3088;333
0;67;3087;333
3;67;405;333
7;67;3093;333
8;67;3088;333
9;67;3087;333
22;67;405;333
29;67;3088;333
30;67;3087;333
35;67;3101;333
36;67;426;333
39;67;405;333
45;67;3097;333
48;67;3095;333
50;67;419;333
50;67;2937;333
59;67;405;333
62;67;3098;333
63;67;3098;333
64;67;3098;333
65;67;3097;333
66;67;3097;333
67;67;3097;333
68;67;3097;333
70;67;3101;333
78;67;3101;333
79;67;3092;333
87;67;2937;333
89;67;3101;333
96;67;405;333
98;67;3093;333
99;67;3088;333
0;68;3087;333
6;68;426;333
7;68;3093;333
8;68;3088;333
9;68;3087;333
18;68;408;333
19;68;627;333
23;68;3093;333
24;68;627;333
28;68;414;333
29;68;3088;333
30;68;3087;333
33;68;3099;333
35;68;3101;333
36;68;3101;333
52;68;3101;333
53;68;426;333
54;68;3098;333
62;68;3098;333
63;68;3098;333
64;68;3097;333
65;68;3097;333
66;68;3097;333
68;68;2937;333
80;68;2925;333;descriptionEn=Warning! Danger ahead, those who enter, end up dead!;descriptionDe=Vorsicht! Achtet was dort droht, es wartet hier der Tod
87;68;3101;333
94;68;426;333
95;68;3101;333
98;68;3093;333
99;68;3088;333
0;69;3087;333
7;69;408;333
8;69;3088;333
9;69;3087;333
18;69;416;333
19;69;629;333
20;69;628;333
23;69;3093;333
24;69;629;333
25;69;630;333
28;69;410;333
29;69;3088;333
30;69;3087;333
36;69;3099;333
37;69;3101;333
48;69;3101;333
56;69;405;333
62;69;405;333
63;69;3098;333
64;69;2937;333
67;69;421;333
70;69;3101;333
80;69;3095;333
98;69;3093;333
99;69;3088;333
0;70;3087;333
4;70;426;333
6;70;498;333
7;70;3093;333
8;70;3088;333
9;70;3087;333
10;70;3089;333
13;70;1245;333
19;70;3095;333
20;70;3095;333
21;70;915;333
23;70;3093;333
24;70;629;333
25;70;629;333
26;70;628;333
29;70;3088;333
30;70;3087;333
32;70;426;333
35;70;2937;333
37;70;3099;333
37;70;3101;333
49;70;426;333
60;70;426;333
63;70;426;333
68;70;3100;333
75;70;3097;333
81;70;626;333
95;70;1254;333
97;70;426;333
98;70;414;333
99;70;3088;333
0;71;3087;333
7;71;415;333
8;71;3088;333
9;71;3087;333
10;71;3089;333
10;71;3089;333
11;71;3089;333
16;71;626;333
25;71;3095;333
26;71;3095;333
29;71;3088;333
30;71;3087;333
35;71;3100;333
36;71;3100;333
40;71;426;333
45;71;405;333
61;71;3101;333
65;71;3101;333
66;71;426;333
80;71;2937;333
83;71;626;333
88;71;3099;333
89;71;3092;333
90;71;626;333
92;71;626;333
94;71;1245;333
95;71;2038;333
96;71;626;333
98;71;3093;333
99;71;3088;333
0;72;3087;333
5;72;3101;333
7;72;3093;333
8;72;3088;333
9;72;3087;333
10;72;3089;333
10;72;3089;333
11;72;3089;333
29;72;3088;333
30;72;3087;333
35;72;3099;333
36;72;3100;333
54;72;3098;333
81;72;1245;333
82;72;1245;333
94;72;1096;333
95;72;915;333
97;72;405;333
98;72;3090;333
99;72;3088;333
0;73;3087;333
2;73;426;333
7;73;405;333
8;73;3088;333
9;73;3087;333
10;73;3089;333
10;73;3089;333
11;73;3089;333
11;73;3089;333
12;73;3089;333
28;73;3100;333
29;73;3100;333
29;73;3088;333
30;73;3100;333
30;73;3087;333
33;73;3100;333
34;73;3100;333
35;73;3100;333
36;73;3100;333
37;73;3100;333
80;73;1245;333
81;73;1245;333
82;73;1245;333
83;73;1245;333
92;73;426;333
97;73;3090;333
98;73;3090;333
99;73;3088;333
0;74;3087;333
3;74;426;333
6;74;3101;333
7;74;2038;333
8;74;3088;333
9;74;3087;333
10;74;3089;333
11;74;3089;333
12;74;3089;333
13;74;3089;333
18;74;626;333
26;74;3100;333
27;74;3100;333
28;74;3100;333
29;74;3100;333
29;74;3088;333
30;74;3100;333
30;74;3087;333
31;74;3100;333
32;74;3100;333
33;74;3100;333
34;74;3100;333
35;74;3100;333
36;74;3100;333
37;74;3100;333
38;74;3100;333
50;74;3098;333
54;74;3098;333
80;74;1245;333
81;74;1245;333
82;74;1245;333
83;74;1245;333
84;74;1245;333
91;74;405;333
96;74;3090;333
97;74;3090;333
98;74;3090;333
99;74;3088;333
0;75;3087;333
4;75;3101;333
7;75;3090;333
8;75;3086;333
9;75;3086;333
9;75;3087;333
10;75;3086;333
11;75;3086;333
12;75;3086;333
13;75;3086;333
14;75;3086;333
15;75;3086;333
16;75;3086;333
17;75;3086;333
18;75;3086;333
19;75;3086;333
20;75;3086;333
21;75;3086;333
22;75;3086;333
23;75;3086;333
24;75;3086;333
25;75;3086;333
26;75;3086;333
27;75;3086;333
28;75;3086;333
29;75;3086;333
30;75;3086;333
31;75;3086;333
32;75;3086;333
33;75;3086;333
34;75;3086;333
35;75;3086;333
36;75;3086;333
37;75;3086;333
38;75;3086;333
39;75;3086;333
40;75;3086;333
41;75;3086;333
42;75;3086;333
43;75;3086;333
44;75;3086;333
45;75;3086;333
46;75;3086;333
47;75;3086;333
48;75;3086;333
49;75;3086;333
50;75;3086;333
51;75;3086;333
52;75;3086;333
53;75;3086;333
53;75;3098;333
54;75;3086;333
55;75;3086;333
56;75;3086;333
57;75;3086;333
58;75;3086;333
59;75;3086;333
60;75;3086;333
61;75;3086;333
62;75;3086;333
63;75;3086;333
64;75;3086;333
65;75;3086;333
66;75;3086;333
67;75;3086;333
68;75;3086;333
69;75;3086;333
70;75;3086;333
71;75;3086;333
72;75;3086;333
73;75;3086;333
74;75;3086;333
75;75;3086;333
76;75;3086;333
77;75;3086;333
78;75;3086;333
79;75;3086;333
80;75;3086;333
81;75;3086;333
82;75;3086;333
83;75;3086;333
84;75;3086;333
84;75;3085;333
85;75;3086;333
85;75;3085;333
86;75;3086;333
86;75;3085;333
87;75;3086;333
87;75;3085;333
88;75;3086;333
88;75;3085;333
89;75;3086;333
89;75;3085;333
90;75;3086;333
90;75;3085;333
91;75;3086;333
91;75;3085;333
92;75;3086;333
92;75;3085;333
93;75;3086;333
93;75;3085;333
94;75;3086;333
94;75;3085;333
95;75;3086;333
95;75;3085;333
96;75;3086;333
96;75;3085;333
97;75;3086;333
97;75;3085;333
98;75;3086;333
98;75;3085;333
99;75;3088;333
0;76;3087;333
6;76;3093;333
7;76;3092;333
8;76;3085;333
9;76;3085;333
10;76;3085;333
11;76;3085;333
12;76;3085;333
13;76;3085;333
14;76;3085;333
15;76;3085;333
16;76;3085;333
17;76;3085;333
18;76;3085;333
19;76;3085;333
20;76;3085;333
21;76;3085;333
22;76;3085;333
23;76;3085;333
24;76;3085;333
25;76;3085;333
26;76;3085;333
27;76;3085;333
28;76;3085;333
29;76;3085;333
30;76;3085;333
31;76;3085;333
32;76;3085;333
33;76;3085;333
34;76;3085;333
35;76;3085;333
36;76;3085;333
37;76;3085;333
38;76;3085;333
39;76;3085;333
40;76;3085;333
41;76;3085;333
42;76;3085;333
43;76;3085;333
44;76;3085;333
45;76;3085;333
46;76;3085;333
47;76;3085;333
48;76;3085;333
49;76;3085;333
50;76;3085;333
51;76;3085;333
52;76;3085;333
53;76;3085;333
54;76;3085;333
55;76;3085;333
56;76;3085;333
57;76;3085;333
58;76;3085;333
59;76;3085;333
60;76;3085;333
61;76;3085;333
62;76;3085;333
63;76;3085;333
64;76;3085;333
65;76;3085;333
66;76;3085;333
67;76;3085;333
68;76;3085;333
69;76;3085;333
70;76;3085;333
71;76;3085;333
72;76;3085;333
73;76;3085;333
74;76;3085;333
75;76;3085;333
76;76;3085;333
77;76;3085;333
78;76;3085;333
79;76;3085;333
80;76;3085;333
81;76;3085;333
82;76;3085;333
83;76;3085;333
84;76;3085;333
85;76;3085;333
86;76;3085;333
87;76;3085;333
88;76;3085;333
89;76;3085;333
90;76;3085;333
91;76;3085;333
92;76;3085;333
93;76;3085;333
94;76;3085;333
95;76;3085;333
96;76;3085;333
97;76;426;333
97;76;3085;333
98;76;3085;333
99;76;3088;333
0;77;3087;333
3;77;426;333
6;77;2937;333
8;77;418;333
9;77;626;333
10;77;3095;333
11;77;3095;333
12;77;915;333
15;77;412;333
19;77;411;333
24;77;417;333
27;77;3100;333
28;77;3098;333
29;77;3098;333
30;77;3099;333
32;77;418;333
34;77;3099;333
35;77;3098;333
36;77;3100;333
37;77;3100;333
38;77;419;333
39;77;3088;333
40;77;3087;333
48;77;3100;333
50;77;418;333
51;77;3099;333
52;77;2039;333
53;77;3098;333
54;77;2937;333
57;77;3088;333
58;77;3087;333
60;77;3095;333
63;77;418;333
64;77;3095;333
68;77;3095;333
69;77;3095;333
73;77;419;333
74;77;3095;333
76;77;3095;333
78;77;1245;333
79;77;3095;333
80;77;425;333
80;77;3093;333
81;77;627;333
82;77;630;333
84;77;3095;333
85;77;915;333
87;77;626;333
88;77;3095;333
89;77;3095;333
91;77;417;333
92;77;426;333
96;77;3093;333
97;77;627;333
99;77;3088;333
0;78;3087;333
4;78;405;333
5;78;3101;333
14;78;3100;333
19;78;3098;333
25;78;426;333
26;78;405;333
27;78;498;333
28;78;3100;333
35;78;2937;333
39;78;3088;333
40;78;3087;333
46;78;2937;333
49;78;3099;333
51;78;1096;333
54;78;3101;333
55;78;3099;333
56;78;416;333
57;78;3088;333
58;78;3087;333
60;78;426;333
62;78;3097;333
65;78;405;333
70;78;3102;333
78;78;915;333
80;78;1246;333
81;78;629;333
82;78;629;333
83;78;628;333
84;78;1254;333
85;78;1254;333
97;78;629;333
98;78;628;333
99;78;3088;333
0;79;3087;333
5;79;426;333
7;79;626;333
11;79;626;333
21;79;405;333
25;79;3101;333
28;79;1096;333
32;79;426;333
34;79;1096;333
35;79;3100;333
38;79;426;333
39;79;3088;333
40;79;3087;333
43;79;426;333
47;79;3100;333
49;79;3100;333
54;79;3098;333
56;79;3093;333
57;79;3088;333
58;79;3087;333
60;79;2937;333
62;79;3099;333
64;79;2937;333
66;79;3102;333
68;79;3099;333
72;79;3102;333
80;79;915;333
81;79;1246;333
82;79;419;333
82;79;3095;333
83;79;3095;333
83;79;3095;333
93;79;405;333
97;79;405;333
98;79;3095;333
99;79;3088;333
0;80;3087;333
7;80;915;333
8;80;627;333
13;80;3097;333
15;80;3098;333
24;80;2937;333
30;80;3092;333
31;80;1173;333
34;80;405;333
36;80;3098;333
38;80;3093;333
39;80;3088;333
40;80;426;333
40;80;3087;333
45;80;3101;333
47;80;1096;333
54;80;1096;333
55;80;405;333
56;80;3093;333
57;80;3088;333
58;80;3087;333
59;80;3094;333
60;80;1096;333
62;80;3099;333
63;80;3097;333
65;80;3102;333
68;80;3093;333
69;80;3092;333
70;80;3094;333
71;80;2937;333
76;80;3098;333
89;80;3093;333
90;80;3092;333
94;80;426;333
99;80;3088;333
0;81;3087;333
7;81;3093;333
7;81;3093;333
8;81;629;333
9;81;628;333
12;81;3098;333
15;81;3097;333
18;81;2039;333
19;81;3098;333
20;81;405;333
21;81;3101;333
23;81;405;333
24;81;3101;333
32;81;3101;333
35;81;1173;333
38;81;3093;333
39;81;3092;333
40;81;3091;333
42;81;405;333
57;81;3088;333
58;81;3087;333
59;81;3094;333
60;81;3098;333
61;81;405;333
68;81;1173;333
69;81;3095;333
71;81;3102;333
97;81;3100;333
98;81;3093;333
99;81;3088;333
0;82;3087;333
4;82;426;333
5;82;626;333
8;82;3095;333
8;82;417;333
9;82;3095;333
17;82;3097;333
19;82;1096;333
22;82;426;333
39;82;498;333
40;82;3098;333
45;82;426;333
45;82;3101;333
48;82;3098;333
57;82;3092;333
58;82;3091;333
59;82;3094;333
60;82;3097;333
64;82;3097;333
66;82;426;333
80;82;3096;333
81;82;3096;333
94;82;3093;333
95;82;3092;333
96;82;426;333
99;82;3088;333
0;83;3087;333
9;83;1245;333
10;83;1246;333
12;83;3100;333
13;83;1096;333
14;83;498;333
14;83;3093;333
15;83;3092;333
16;83;3097;333
17;83;3097;333
18;83;2937;333
20;83;3101;333
36;83;405;333
40;83;915;333
54;83;3101;333
58;83;3095;333
63;83;3099;333
66;83;1173;333
74;83;3096;333
80;83;3090;333
81;83;3089;333
90;83;405;333
96;83;426;333
97;83;3098;333
98;83;414;333
99;83;3088;333
0;84;3087;333
2;84;426;333
9;84;405;333
10;84;3098;333
12;84;2039;333
13;84;3100;333
15;84;405;333
15;84;412;333
15;84;3101;333
16;84;1096;333
38;84;915;333
39;84;3093;333
40;84;627;333
48;84;3101;333
50;84;405;333
51;84;3098;333
60;84;3092;333
61;84;3094;333
62;84;3097;333
64;84;3098;333
74;84;3092;333
80;84;3088;333
81;84;3087;333
95;84;3098;333
99;84;3088;333
0;85;3087;333
4;85;915;333
10;85;2937;333
13;85;1096;333
17;85;426;333
38;85;3097;333
39;85;1245;333
40;85;629;333
41;85;628;333
51;85;2937;333
60;85;3095;333
62;85;3098;333
73;85;3101;333
74;85;3095;333
79;85;3093;333
80;85;3088;333
81;85;3087;333
82;85;3094;333
86;85;426;333
90;85;426;333
97;85;3098;333
98;85;3093;333
99;85;3088;333
0;86;3087;333
1;86;3089;333
6;86;626;333
7;86;1245;333
10;86;3101;333
12;86;3101;333
15;86;426;333
19;86;2937;333
27;86;3099;333
39;86;1254;333
40;86;1254;333
41;86;417;333
46;86;405;333
53;86;426;333
57;86;3099;333
68;86;3100;333
73;86;2937;333
74;86;3101;333
79;86;3093;333
79;86;414;333
80;86;3088;333
81;86;3087;333
82;86;3094;333
88;86;3097;333
94;86;405;333
97;86;3097;333
98;86;2038;333
99;86;3088;333
0;87;3087;333
1;87;3089;333
21;87;498;333
22;87;3090;333
23;87;3086;333
24;87;3086;333
25;87;3086;333
26;87;3089;333
39;87;1246;333
42;87;3098;333
46;87;1245;333
49;87;426;333
55;87;2937;333
60;87;426;333
76;87;3100;333
80;87;3088;333
81;87;3087;333
82;87;3094;333
94;87;1096;333
95;87;3097;333
98;87;3100;333
99;87;3088;333
0;88;3087;333
1;88;3089;333
2;88;3089;333
4;88;1245;333
5;88;1246;333
8;88;626;333
19;88;915;333
21;88;3090;333
22;88;3089;333
23;88;3089;333
24;88;3089;333
25;88;3089;333
26;88;3087;333
30;88;3092;333
31;88;3094;333
80;88;3088;333
81;88;3087;333
88;88;3093;333
89;88;3092;333
91;88;426;333
94;88;3101;333
96;88;3098;333
97;88;3100;333
98;88;3093;333
99;88;3088;333
0;89;3087;333
0;89;3089;333
1;89;3089;333
2;89;426;333
2;89;3089;333
3;89;3089;333
4;89;1254;333
4;89;3089;333
5;89;3098;333
5;89;3089;333
6;89;2937;333
6;89;3089;333
12;89;915;333
13;89;3098;333
20;89;3090;333
21;89;3089;333
22;89;3089;333
23;89;3089;333
24;89;3089;333
25;89;3089;333
26;89;3087;333
30;89;3095;333
31;89;3097;333
36;89;3098;333
49;89;3100;333
51;89;627;333
52;89;626;333
57;89;3096;333
58;89;3096;333
59;89;3096;333
60;89;3096;333
69;89;426;333
72;89;3098;333
80;89;3088;333
81;89;3087;333
86;89;3097;333
92;89;3098;333
93;89;2039;333
94;89;3098;333
96;89;3101;333
97;89;3097;333
98;89;3093;333
98;89;3093;333
99;89;3088;333
0;90;3087;333
1;90;3086;333
2;90;3086;333
3;90;3086;333
4;90;3086;333
5;90;3086;333
6;90;3086;333
6;90;3086;333
7;90;3086;333
8;90;3086;333
9;90;3086;333
10;90;3086;333
11;90;3086;333
12;90;3086;333
13;90;3086;333
14;90;3086;333
15;90;3086;333
16;90;3086;333
17;90;3086;333
18;90;3086;333
19;90;3086;333
20;90;3089;333
21;90;3089;333
22;90;3089;333
23;90;3089;333
24;90;3089;333
25;90;3089;333
26;90;3089;333
27;90;3086;333
28;90;3086;333
29;90;3086;333
30;90;3086;333
31;90;3086;333
32;90;3086;333
33;90;3086;333
34;90;3086;333
35;90;3086;333
36;90;3086;333
37;90;3086;333
38;90;3086;333
39;90;3086;333
40;90;3086;333
41;90;3086;333
42;90;3086;333
43;90;3086;333
44;90;3086;333
45;90;3086;333
46;90;3086;333
47;90;3086;333
48;90;3086;333
49;90;3086;333
50;90;3086;333
51;90;3086;333
52;90;3086;333
53;90;3086;333
54;90;3086;333
55;90;3086;333
56;90;3086;333
57;90;3086;333
58;90;3086;333
59;90;3086;333
60;90;3086;333
61;90;3086;333
62;90;3086;333
63;90;3086;333
64;90;3086;333
65;90;3086;333
66;90;3086;333
67;90;3086;333
68;90;3086;333
69;90;3086;333
70;90;3086;333
71;90;3086;333
72;90;3086;333
73;90;3086;333
74;90;3086;333
75;90;3086;333
76;90;426;333
76;90;3086;333
77;90;3086;333
78;90;3086;333
79;90;3086;333
80;90;3086;333
81;90;3086;333
82;90;3089;333
83;90;3097;333
84;90;405;333
89;90;3101;333
90;90;3101;333
97;90;2937;333
98;90;3093;333
99;90;3088;333
0;91;3087;333
1;91;3085;333
2;91;3085;333
3;91;3085;333
4;91;3085;333
5;91;3085;333
6;91;3085;333
7;91;3085;333
8;91;3085;333
9;91;3085;333
10;91;3085;333
11;91;3085;333
12;91;3085;333
13;91;3085;333
14;91;3085;333
15;91;3085;333
16;91;3085;333
17;91;3085;333
18;91;3085;333
19;91;3085;333
20;91;3092;333
21;91;3089;333
22;91;3089;333
23;91;3089;333
24;91;3089;333
25;91;3089;333
26;91;3089;333
27;91;3094;333
27;91;3085;333
28;91;3085;333
29;91;3085;333
30;91;3085;333
31;91;3085;333
32;91;3085;333
33;91;3085;333
34;91;3085;333
35;91;3085;333
36;91;3085;333
37;91;3085;333
38;91;3085;333
39;91;3085;333
40;91;3085;333
41;91;3085;333
42;91;3085;333
43;91;3085;333
44;91;3085;333
45;91;3085;333
46;91;3085;333
47;91;3085;333
48;91;3085;333
49;91;3085;333
50;91;3085;333
51;91;3095;333
51;91;3085;333
52;91;3085;333
53;91;3085;333
54;91;3085;333
55;91;3085;333
56;91;3085;333
57;91;3085;333
58;91;3085;333
59;91;3085;333
60;91;3085;333
61;91;3085;333
62;91;3085;333
63;91;3085;333
64;91;3085;333
65;91;3085;333
66;91;3085;333
67;91;3085;333
68;91;3085;333
69;91;3085;333
70;91;3085;333
71;91;3085;333
72;91;3085;333
73;91;3085;333
74;91;3085;333
75;91;3085;333
76;91;3085;333
77;91;3085;333
78;91;3085;333
79;91;3085;333
80;91;3085;333
81;91;3085;333
82;91;3091;333
86;91;3101;333
88;91;2937;333
92;91;3098;333
93;91;3101;333
94;91;3097;333
95;91;3097;333
96;91;3101;333
97;91;3097;333
98;91;3097;333
99;91;3088;333
0;92;3087;333
1;92;1096;333
2;92;3098;333
4;92;3099;333
6;92;417;333
7;92;3099;333
8;92;3102;333
9;92;3095;333
10;92;3095;333
13;92;3095;333
14;92;3095;333
15;92;3101;333
17;92;419;333
18;92;3095;333
19;92;2039;333
20;92;3088;333
21;92;3089;333
22;92;3089;333
23;92;3089;333
24;92;3089;333
25;92;3089;333
26;92;3087;333
27;92;3094;333
29;92;418;333
29;92;3095;333
30;92;3095;333
31;92;2039;333
32;92;3095;333
34;92;3095;333
35;92;3095;333
38;92;3095;333
40;92;419;333
41;92;417;333
42;92;2937;333
45;92;3095;333
47;92;3095;333
53;92;418;333
54;92;2937;333
56;92;3095;333
57;92;3095;333
58;92;3095;333
62;92;419;333
65;92;3095;333
66;92;426;333
68;92;418;333
69;92;3095;333
70;92;3095;333
73;92;405;333
77;92;3095;333
78;92;417;333
80;92;3095;333
81;92;3095;333
87;92;1096;333
89;92;3101;333
91;92;2937;333
93;92;3097;333
94;92;3097;333
95;92;2039;333
96;92;3097;333
97;92;3101;333
98;92;3097;333
98;92;415;333
99;92;3088;333
0;93;3087;333
3;93;3102;333
4;93;3102;333
5;93;3101;333
6;93;498;333
7;93;3102;333
8;93;3101;333
9;93;3102;333
10;93;2937;333
12;93;3101;333
13;93;426;333
13;93;3101;333
14;93;3101;333
16;93;3101;333
18;93;426;333
19;93;3093;333
20;93;3092;333
21;93;3085;333
22;93;3085;333
23;93;3085;333
24;93;3085;333
25;93;3085;333
26;93;3091;333
27;93;3094;333
34;93;3097;333
53;93;3099;333
67;93;3097;333
69;93;3099;333
71;93;3099;333
72;93;1096;333
75;93;3100;333
80;93;405;333
83;93;426;333
85;93;3101;333
87;93;3097;333
90;93;3098;333
92;93;3100;333
93;93;2038;333
94;93;3097;333
95;93;3097;333
96;93;405;333
97;93;3099;333
98;93;3099;333
99;93;3088;333
0;94;3087;333
4;94;3101;333
5;94;3099;333
6;94;3102;333
7;94;3098;333
9;94;405;333
9;94;3093;333
10;94;793;999
11;94;3100;333
12;94;3102;333
13;94;1096;333
13;94;3102;333
14;94;3099;333
16;94;3099;333
17;94;3101;333
20;94;3095;333
21;94;3095;333
22;94;915;333
23;94;417;333
24;94;418;333
25;94;3095;333
63;94;405;333
68;94;1096;333
72;94;3100;333
77;94;405;333
87;94;2937;333
89;94;3101;333
92;94;3097;333
93;94;3098;333
94;94;3101;333
95;94;3098;333
96;94;3099;333
97;94;2038;333
98;94;3099;333
99;94;3088;333
0;95;3087;333
1;95;3089;333
3;95;3102;333
4;95;3101;333
6;95;2937;333
8;95;3101;333
9;95;3102;333
10;95;3101;333
11;95;3101;333
12;95;3101;333
12;95;3101;333
14;95;3102;333
15;95;3101;333
16;95;3101;333
17;95;3102;333
18;95;3102;333
22;95;3097;333
36;95;2937;333
38;95;3093;333
39;95;3092;333
61;95;3100;333
63;95;426;333
68;95;3099;333
74;95;2937;333
78;95;426;333
80;95;3097;333
85;95;3097;333
88;95;405;333
89;95;3097;333
91;95;2937;333
93;95;3098;333
94;95;3098;333
96;95;3099;333
97;95;3099;333
98;95;3099;333
99;95;3088;333
0;96;3087;333
1;96;3089;333
2;96;3089;333
3;96;1096;333
4;96;3099;333
5;96;3102;333
6;96;3101;333
7;96;3100;333
11;96;405;333
12;96;3101;333
13;96;3098;333
16;96;3100;333
25;96;3097;333
26;96;1254;333
32;96;3100;333
39;96;3095;333
44;96;3100;333
54;96;3099;333
69;96;3097;333
71;96;3100;333
85;96;3097;333
90;96;3098;333
92;96;3100;333
93;96;3097;333
94;96;3100;333
95;96;3100;333
96;96;3100;333
97;96;3100;333
98;96;3100;333
99;96;3088;333
0;97;3087;333
1;97;3089;333
2;97;3089;333
6;97;3102;333
7;97;3102;333
13;97;3099;333
14;97;2937;333
16;97;1096;333
17;97;426;333
25;97;1246;333
42;97;2937;333
75;97;405;333
87;97;3097;333
92;97;3097;333
94;97;3100;333
95;97;3100;333
96;97;3100;333
97;97;3100;333
98;97;3100;333
99;97;3088;333
0;98;3087;333
1;98;3089;333
2;98;3089;333
3;98;3089;333
9;98;3099;333
14;98;3100;333
72;98;426;333
85;98;3097;333
89;98;3097;333
90;98;3100;333
94;98;3100;333
95;98;3100;333
96;98;3100;333
97;98;3100;333
98;98;3100;333
99;98;3088;333
0;99;3087;333
0;99;3086;333
1;99;3086;333
2;99;3086;333
3;99;3086;333
4;99;3086;333
5;99;3086;333
6;99;3086;333
7;99;3086;333
8;99;3086;333
9;99;3086;333
10;99;3086;333
11;99;3086;333
12;99;3086;333
13;99;3086;333
14;99;3086;333
15;99;3086;333
16;99;3086;333
17;99;3086;333
18;99;3086;333
19;99;3086;333
20;99;3086;333
21;99;3086;333
22;99;3086;333
23;99;3086;333
24;99;3086;333
25;99;3086;333
26;99;3086;333
27;99;3086;333
28;99;3086;333
29;99;3086;333
30;99;3086;333
31;99;3086;333
32;99;3086;333
33;99;3086;333
34;99;3086;333
35;99;3086;333
36;99;3086;333
37;99;3086;333
38;99;3086;333
39;99;3086;333
40;99;3086;333
41;99;3086;333
42;99;3086;333
43;99;3086;333
44;99;3086;333
45;99;3086;333
46;99;3086;333
47;99;3086;333
48;99;3086;333
49;99;3086;333
50;99;3086;333
51;99;3086;333
52;99;3086;333
53;99;3086;333
54;99;3086;333
55;99;3086;333
56;99;3086;333
57;99;3086;333
58;99;3086;333
59;99;3086;333
60;99;3086;333
61;99;3086;333
62;99;3086;333
63;99;3086;333
64;99;3086;333
65;99;3086;333
66;99;3086;333
67;99;3086;333
68;99;3086;333
69;99;3086;333
70;99;3086;333
71;99;3086;333
72;99;3086;333
73;99;3086;333
74;99;3086;333
75;99;3086;333
76;99;3086;333
77;99;3086;333
78;99;3086;333
79;99;3086;333
80;99;3086;333
81;99;3086;333
82;99;3086;333
83;99;3086;333
84;99;3086;333
85;99;3086;333
86;99;3086;333
87;99;3086;333
88;99;3086;333
89;99;3086;333
90;99;3086;333
91;99;3086;333
92;99;3086;333
93;99;3086;333
94;99;3086;333
95;99;3086;333
96;99;3086;333
97;99;3086;333
98;99;3086;333
99;99;3086;333
