# Illarion Server
# 
# This program is free software: you can redistribute it and/or modify it under
# the terms of the GNU Affero General Public License as published by the Free
# Software Foundation, either version 3 of the License, or (at your option) any
# later version.
# 
# This program is distributed in the hope that it will be useful, but WITHOUT
# ANY WARRANTY; without even the implied warranty of MERCHANTABILITY or FITNESS
# FOR A PARTICULAR PURPOSE.  See the GNU Affero General Public License for more
# details.
# 
# You should have received a copy of the GNU Affero General Public License along
# with this program.  If not, see <http://www.gnu.org/licenses/>.
0;0;3087;333
1;0;3085;333
2;0;3085;333
3;0;3085;333
4;0;3085;333
5;0;3085;333
6;0;3085;333
7;0;3085;333
8;0;3085;333
9;0;3085;333
10;0;3085;333
11;0;3085;333
12;0;3085;333
13;0;3085;333
14;0;3085;333
15;0;3085;333
16;0;3085;333
17;0;3085;333
18;0;3085;333
19;0;3085;333
20;0;3085;333
21;0;3085;333
22;0;3085;333
23;0;3085;333
24;0;3085;333
25;0;3085;333
26;0;3085;333
27;0;3085;333
28;0;3085;333
29;0;3085;333
30;0;3085;333
31;0;3085;333
32;0;3085;333
33;0;3085;333
34;0;3085;333
35;0;3085;333
36;0;3085;333
37;0;3085;333
38;0;3092;333
95;0;3092;333
96;0;3092;333
97;0;3092;333
98;0;3092;333
99;0;3092;333
100;0;3092;333
100;0;3092;333
100;0;3092;333
101;0;3092;333
102;0;3092;333
103;0;3092;333
129;0;3092;333
130;0;3092;333
133;0;3092;333
134;0;3092;333
137;0;3092;333
154;0;3092;333
155;0;3092;333
156;0;3092;333
156;0;3092;333
157;0;3092;333
164;0;3092;333
165;0;3092;333
166;0;3092;333
0;1;3087;333
3;1;402;333
4;1;292;333
5;1;75;333
6;1;3095;333
7;1;3095;333
8;1;3095;333
9;1;292;333
10;1;3095;333
11;1;3095;333
14;1;401;333
14;1;402;333
16;1;3095;333
17;1;3095;333
18;1;520;333;nameDe=Lioth ;nameEn=Lioth ;descriptionEn=Firebreath;descriptionDe=Feueratem
20;1;75;333
21;1;401;333
21;1;402;333
22;1;3095;333
24;1;292;333
27;1;3095;333
29;1;401;333
29;1;402;333
30;1;3095;333
30;1;964;333
31;1;3095;333
31;1;964;333
32;1;520;333;nameDe=Heralth ;nameEn=Heralth ;descriptionEn=The Redeemer;descriptionDe=der Erlöser
33;1;292;333
34;1;3095;333
35;1;401;333
35;1;402;333
36;1;2038;333
37;1;3095;333
37;1;3101;333
38;1;3092;333
39;1;3085;333
40;1;3085;333
41;1;3085;333
42;1;3085;333
43;1;3085;333
44;1;3085;333
45;1;3085;333
46;1;3085;333
47;1;3085;333
48;1;3085;333
49;1;3085;333
50;1;3085;333
51;1;3085;333
52;1;3092;333
52;1;3085;333
53;1;3085;333
54;1;3085;333
55;1;3085;333
56;1;3085;333
57;1;3085;333
58;1;3085;333
59;1;3085;333
60;1;3085;333
61;1;3085;333
62;1;3085;333
63;1;3085;333
64;1;3085;333
65;1;3085;333
66;1;3085;333
67;1;3085;333
68;1;3085;333
69;1;3085;333
70;1;3085;333
71;1;3085;333
72;1;3085;333
73;1;3085;333
74;1;3085;333
75;1;3085;333
76;1;3085;333
77;1;3085;333
78;1;3085;333
79;1;3085;333
80;1;3085;333
80;1;402;333
81;1;3085;333
82;1;3085;333
83;1;3085;333
84;1;3085;333
85;1;3085;333
86;1;3085;333
87;1;3085;333
88;1;3085;333
89;1;3085;333
90;1;3085;333
91;1;3085;333
92;1;3085;333
93;1;3085;333
94;1;3085;333
95;1;3085;333
96;1;3085;333
97;1;3085;333
98;1;3085;333
98;1;3092;333
99;1;3092;333
99;1;3092;333
100;1;3092;333
100;1;3092;333
100;1;3092;333
100;1;3092;333
101;1;3092;333
101;1;3092;333
101;1;3092;333
101;1;3092;333
102;1;3092;333
103;1;3092;333
103;1;3092;333
103;1;3092;333
104;1;3092;333
105;1;3092;333
111;1;3092;333
111;1;3092;333
120;1;3092;333
121;1;3092;333
126;1;3092;333
126;1;3092;333
127;1;3092;333
128;1;3092;333
129;1;3092;333
130;1;3092;333
131;1;3092;333
132;1;3092;333
133;1;3092;333
134;1;3092;333
136;1;3092;333
136;1;3092;333
137;1;3092;333
138;1;3092;333
139;1;3092;333
145;1;3092;333
146;1;3092;333
146;1;3092;333
150;1;3092;333
151;1;3092;333
151;1;3092;333
152;1;3092;333
152;1;3092;333
152;1;3092;333
152;1;3092;333
153;1;3092;333
153;1;3092;333
154;1;3092;333
155;1;3092;333
155;1;3092;333
156;1;3092;333
157;1;3092;333
163;1;3092;333
164;1;3092;333
165;1;3092;333
166;1;3092;333
167;1;3092;333
167;1;3092;333
168;1;3092;333
168;1;3092;333
168;1;3092;333
168;1;3092;333
0;2;3087;333
34;2;506;333
35;2;3094;333
37;2;75;333
38;2;3088;333
44;2;2905;333
49;2;2905;333
50;2;3095;333
51;2;3093;333
52;2;3088;333
55;2;3095;333
56;2;3095;333
57;2;3095;333
58;2;402;333
61;2;2927;333
65;2;402;333
72;2;402;333
79;2;402;333
85;2;402;333
89;2;3092;333
96;2;3088;333
97;2;3092;333
98;2;3088;333
98;2;3092;333
98;2;3092;333
99;2;3092;333
100;2;3092;333
100;2;3092;333
100;2;3092;333
100;2;3092;333
100;2;3092;333
100;2;3092;333
101;2;3092;333
102;2;3092;333
103;2;3092;333
104;2;3092;333
105;2;3092;333
106;2;3092;333
110;2;3092;333
111;2;3092;333
112;2;3092;333
116;2;3092;333
116;2;3092;333
119;2;3092;333
120;2;3092;333
121;2;3092;333
121;2;3092;333
122;2;3092;333
126;2;3092;333
127;2;3092;333
128;2;3092;333
129;2;3092;333
129;2;3092;333
130;2;3092;333
131;2;3092;333
132;2;3092;333
132;2;3092;333
133;2;3092;333
133;2;3092;333
133;2;3092;333
133;2;3092;333
133;2;3092;333
134;2;3092;333
134;2;3092;333
135;2;3092;333
135;2;3092;333
135;2;3092;333
135;2;3092;333
136;2;3092;333
136;2;3092;333
136;2;3092;333
137;2;3092;333
137;2;3092;333
138;2;3092;333
139;2;3092;333
140;2;3092;333
144;2;3092;333
145;2;3092;333
146;2;3092;333
150;2;3092;333
151;2;3092;333
152;2;3092;333
153;2;3092;333
153;2;3092;333
154;2;3092;333
155;2;3092;333
156;2;3092;333
157;2;3092;333
158;2;3092;333
159;2;3092;333
159;2;3092;333
162;2;3092;333
163;2;3092;333
163;2;3092;333
164;2;3092;333
164;2;3092;333
165;2;3092;333
165;2;3092;333
165;2;3092;333
166;2;3092;333
166;2;3092;333
166;2;3092;333
167;2;3092;333
167;2;3092;333
168;2;3092;333
169;2;3092;333
170;2;3092;333
0;3;3087;333
32;3;3096;333
34;3;3095;333
37;3;292;333
38;3;3088;333
41;3;337;333
42;3;337;333
43;3;337;333
44;3;337;333
45;3;337;333
46;3;337;333
47;3;337;333
48;3;337;333
49;3;337;333
50;3;337;333
51;3;3093;333
52;3;3088;333
55;3;3094;333
56;3;3093;333
57;3;3096;333
96;3;3092;333
97;3;3092;333
98;3;3088;333
98;3;3092;333
98;3;3092;333
99;3;3092;333
99;3;3092;333
99;3;3092;333
100;3;3092;333
100;3;3092;333
100;3;3092;333
100;3;3092;333
100;3;3092;333
101;3;3092;333
101;3;3092;333
101;3;3092;333
101;3;3092;333
102;3;3092;333
103;3;3092;333
104;3;3092;333
105;3;3092;333
106;3;3092;333
107;3;3092;333
108;3;3092;333
109;3;3092;333
110;3;3092;333
111;3;3092;333
112;3;3092;333
112;3;3092;333
113;3;3092;333
113;3;3092;333
114;3;3092;333
115;3;3092;333
116;3;3092;333
117;3;3092;333
118;3;3092;333
119;3;3092;333
120;3;3092;333
120;3;3092;333
121;3;3092;333
121;3;3092;333
122;3;3092;333
123;3;3092;333
124;3;3092;333
125;3;3092;333
126;3;3092;333
127;3;3092;333
128;3;3092;333
129;3;3088;333
129;3;3092;333
130;3;3092;333
131;3;3092;333
132;3;3092;333
132;3;3092;333
133;3;3092;333
133;3;3092;333
134;3;3092;333
134;3;3092;333
135;3;3092;333
135;3;3092;333
136;3;3092;333
136;3;3092;333
137;3;3092;333
138;3;3092;333
139;3;3092;333
140;3;3092;333
141;3;3092;333
142;3;3092;333
143;3;3092;333
144;3;3092;333
144;3;3092;333
145;3;3092;333
145;3;3092;333
145;3;3092;333
146;3;3092;333
146;3;3092;333
146;3;3092;333
146;3;3092;333
147;3;3092;333
147;3;3092;333
147;3;3092;333
148;3;3092;333
149;3;3092;333
150;3;3092;333
151;3;3092;333
151;3;3092;333
152;3;3092;333
153;3;3092;333
154;3;3092;333
155;3;3092;333
155;3;3092;333
156;3;3092;333
156;3;3092;333
157;3;3092;333
157;3;3092;333
157;3;3092;333
158;3;3092;333
158;3;3092;333
158;3;3092;333
158;3;3092;333
158;3;3092;333
159;3;3092;333
160;3;3092;333
161;3;3092;333
162;3;3092;333
163;3;3092;333
163;3;3092;333
164;3;3092;333
164;3;3092;333
165;3;3092;333
165;3;3092;333
166;3;3092;333
166;3;3092;333
167;3;3092;333
168;3;3092;333
169;3;3092;333
170;3;3092;333
171;3;3092;333
172;3;3092;333
173;3;3092;333
174;3;3092;333
175;3;3092;333
0;4;3087;333
11;4;3093;333
31;4;3093;333
32;4;664;333
33;4;3094;333
38;4;3088;333
50;4;395;333
50;4;396;333
51;4;3093;333
52;4;3088;333
54;4;3094;333
55;4;3094;333
56;4;3093;333
57;4;3088;333
62;4;301;333
63;4;301;333
64;4;301;333
65;4;301;333
66;4;301;333
67;4;301;333
68;4;301;333
69;4;301;333
70;4;301;333
71;4;301;333
72;4;301;333
73;4;301;333
74;4;301;333
75;4;301;333
76;4;301;333
77;4;301;333
78;4;301;333
79;4;301;333
80;4;301;333
81;4;301;333
82;4;301;333
83;4;301;333
84;4;301;333
85;4;301;333
86;4;301;333
87;4;301;333
87;4;1783;333
96;4;221;333
97;4;3088;333
98;4;3088;333
99;4;3092;333
100;4;3092;333
102;4;359;333
104;4;359;333
105;4;3092;333
106;4;3092;333
107;4;359;333
107;4;3092;333
109;4;359;333
112;4;3092;333
112;4;3092;333
113;4;3092;333
114;4;3092;333
114;4;3092;333
116;4;359;333
118;4;359;333
119;4;3092;333
120;4;3092;333
121;4;3092;333
123;4;359;333
125;4;359;333
126;4;3098;333
127;4;359;333
129;4;3088;333
129;4;3092;333
130;4;3092;333
131;4;3092;333
132;4;3092;333
133;4;3092;333
134;4;3092;333
135;4;3092;333
136;4;3092;333
137;4;3092;333
138;4;3092;333
139;4;3092;333
140;4;3092;333
141;4;3092;333
142;4;3092;333
143;4;3092;333
144;4;3092;333
144;4;3092;333
145;4;3092;333
145;4;3092;333
146;4;3092;333
146;4;3092;333
147;4;3092;333
147;4;3092;333
148;4;3092;333
149;4;3092;333
150;4;3092;333
151;4;3092;333
152;4;3092;333
153;4;3092;333
154;4;3092;333
155;4;3092;333
156;4;3092;333
157;4;3092;333
158;4;3092;333
158;4;3092;333
159;4;3092;333
160;4;3092;333
161;4;3092;333
162;4;3092;333
163;4;3092;333
164;4;3092;333
165;4;3092;333
166;4;3092;333
167;4;3092;333
168;4;3092;333
169;4;3092;333
170;4;3092;333
171;4;3092;333
172;4;3092;333
173;4;3092;333
174;4;3092;333
175;4;3092;333
176;4;3092;333
0;5;3087;333
1;5;3085;333
2;5;3085;333
3;5;3085;333
4;5;3085;333
5;5;3085;333
6;5;3085;333
7;5;3085;333
8;5;3085;333
9;5;3085;333
11;5;3093;333
12;5;3092;333
13;5;3085;333
14;5;3085;333
15;5;3085;333
16;5;3092;333
17;5;3085;333
18;5;3085;333
19;5;3085;333
20;5;3085;333
21;5;3085;333
22;5;3085;333
23;5;3085;333
24;5;3085;333
25;5;3092;333
32;5;3095;333
37;5;3093;333
38;5;3092;333
39;5;3085;333
40;5;3085;333
45;5;677;333
46;5;672;333
47;5;676;333
51;5;66;333;markerstone=181
52;5;3088;333
56;5;3093;333
56;5;3093;333
57;5;3088;333
62;5;1783;333
64;5;301;333
66;5;1783;333
68;5;301;333
70;5;301;333
71;5;301;333
77;5;422;333
86;5;422;333
87;5;301;333
88;5;1783;333
96;5;221;333
97;5;3088;333
98;5;3088;333
99;5;3092;333
100;5;3092;333
106;5;3092;333
113;5;3092;333
118;5;3099;333
120;5;1245;333
121;5;3092;333
123;5;1246;333
128;5;3097;333
129;5;3092;333
130;5;3092;333
131;5;3092;333
132;5;3092;333
133;5;3092;333
134;5;3092;333
135;5;3092;333
136;5;3092;333
137;5;3092;333
138;5;3092;333
139;5;3092;333
140;5;3092;333
141;5;3092;333
142;5;3092;333
143;5;3092;333
144;5;3092;333
145;5;3092;333
146;5;3092;333
147;5;3092;333
148;5;3092;333
149;5;3092;333
150;5;3092;333
151;5;3092;333
152;5;3092;333
153;5;3092;333
154;5;3092;333
155;5;3092;333
156;5;3092;333
157;5;3092;333
158;5;3092;333
159;5;3092;333
160;5;3092;333
161;5;3092;333
162;5;3092;333
163;5;3092;333
164;5;3092;333
165;5;3092;333
166;5;3092;333
167;5;3092;333
168;5;3092;333
169;5;3092;333
170;5;3092;333
171;5;3092;333
172;5;3092;333
173;5;3092;333
174;5;3092;333
175;5;3092;333
176;5;3092;333
177;5;3092;333
178;5;3092;333
0;6;3087;333
4;6;3095;333
5;6;3095;333
6;6;3095;333
6;6;2907;333
7;6;3095;333
8;6;3095;333
9;6;3095;333
9;6;401;333
9;6;402;333
12;6;3095;333
12;6;401;333
12;6;402;333
13;6;2907;333
14;6;3095;333
15;6;3095;333
16;6;3088;333
20;6;3095;333
20;6;402;333
20;6;1266;333
21;6;3095;333
21;6;2937;333
21;6;3101;333
22;6;3095;333
23;6;964;333
24;6;3095;333
25;6;3088;333
36;6;3096;333
37;6;3095;333
38;6;3095;333
39;6;3095;333
40;6;3095;333
45;6;674;333
47;6;675;333
51;6;3093;333
52;6;3088;333
56;6;3093;333
56;6;404;333
57;6;3088;333
62;6;301;333
64;6;301;333
66;6;301;333
68;6;301;333
70;6;422;333
71;6;301;333
72;6;1783;333
73;6;301;333
74;6;301;333
75;6;301;333
76;6;301;333
77;6;301;333
78;6;301;333
79;6;301;333
80;6;301;333
81;6;301;333
82;6;301;333
83;6;301;333
84;6;301;333
84;6;203;333
85;6;301;333
86;6;301;333
87;6;301;333
96;6;221;333
97;6;3088;333
98;6;3088;333
99;6;3092;333
100;6;3092;333
110;6;3099;333
118;6;2937;333
129;6;232;333
130;6;232;333
130;6;1276;333
135;6;3092;333
136;6;3092;333
137;6;3092;333
138;6;3092;333
139;6;3092;333
140;6;3092;333
141;6;3092;333
142;6;3092;333
143;6;3092;333
144;6;3092;333
145;6;3092;333
146;6;3092;333
147;6;3092;333
148;6;3092;333
149;6;3092;333
150;6;3092;333
151;6;3092;333
152;6;3092;333
153;6;3092;333
154;6;3092;333
155;6;3092;333
156;6;3092;333
157;6;3092;333
158;6;3092;333
159;6;3092;333
160;6;3092;333
161;6;3092;333
162;6;3092;333
163;6;3092;333
164;6;3092;333
165;6;3092;333
166;6;3092;333
167;6;3092;333
168;6;3092;333
169;6;3092;333
170;6;3092;333
171;6;3092;333
172;6;3092;333
173;6;3092;333
174;6;3092;333
175;6;3092;333
176;6;3092;333
177;6;3092;333
177;6;3092;333
178;6;3092;333
178;6;3092;333
178;6;3092;333
179;6;3092;333
180;6;3092;333
0;7;3087;333
4;7;513;333
9;7;3096;333
15;7;75;333
16;7;3088;333
21;7;75;333
24;7;3093;333
25;7;3088;333
35;7;3096;333
36;7;3096;333
37;7;3094;333
38;7;3096;333
39;7;3096;333
45;7;678;333
46;7;673;333
47;7;679;333
50;7;395;333
50;7;396;333
51;7;3093;333
52;7;3092;333
56;7;3093;333
57;7;3088;333
62;7;301;333
64;7;301;333
65;7;1783;333
65;7;422;333
66;7;301;333
68;7;301;333
69;7;301;333
71;7;1783;333
73;7;301;333
74;7;422;333
75;7;1783;333
83;7;422;333
87;7;301;333
93;7;359;333
96;7;221;333
97;7;3088;333
98;7;3088;333
99;7;3092;333
100;7;3092;333
106;7;3099;333
120;7;2039;333
122;7;3097;333
129;7;915;333
135;7;3092;333
136;7;3092;333
137;7;3092;333
138;7;3092;333
139;7;3092;333
140;7;3092;333
141;7;3092;333
142;7;3092;333
143;7;3092;333
144;7;3092;333
145;7;3092;333
146;7;3092;333
147;7;3092;333
148;7;3092;333
149;7;3092;333
150;7;3092;333
151;7;3092;333
152;7;3092;333
153;7;3085;333
154;7;3101;333
157;7;3098;333
158;7;295;333
159;7;3095;333
160;7;3095;333
160;7;2907;333
161;7;3095;333
163;7;3092;333
164;7;3085;333
165;7;3092;333
166;7;3092;333
167;7;3092;333
168;7;3092;333
170;7;520;333;nameDe=Tenelth ;nameEn=Tenelth ;descriptionEn=Lord of Ice;descriptionDe=Herr des Eises
172;7;2907;333
172;7;425;333
173;7;1254;333
174;7;1254;333
175;7;1247;333
176;7;1247;333
177;7;3092;333
178;7;3092;333
179;7;3092;333
180;7;3092;333
0;8;3087;333
5;8;3096;333
8;8;1360;333
9;8;2915;333;descriptionEn=As you stare at the throne, its size grows til a grown dragon could sit in it.;descriptionDe=Wie du auf den Thron starrst, vergrößert er sich, bis ein ausgewachsener Drache darauf sitzen kann.
10;8;1360;333
12;8;3096;333
15;8;3093;333
16;8;3088;333
22;8;651;333
24;8;292;333
25;8;3088;333
34;8;3093;333
36;8;3094;333
51;8;3093;333
52;8;3095;333
53;8;2038;333
56;8;3093;333
57;8;3088;333
62;8;301;333
66;8;301;333
67;8;1783;333
68;8;301;333
70;8;1783;333
71;8;301;333
72;8;1783;333
73;8;301;333
75;8;301;333
76;8;301;333
77;8;301;333
78;8;301;333
79;8;301;333
80;8;301;333
81;8;301;333
82;8;301;333
83;8;301;333
84;8;301;333
84;8;203;333
85;8;301;333
87;8;301;333
96;8;221;333
97;8;3088;333
98;8;3088;333
99;8;3092;333
100;8;3092;333
112;8;3099;333
127;8;359;333
137;8;3092;333
138;8;3085;333
139;8;3100;333
141;8;1360;333
142;8;2907;333
145;8;3092;333
146;8;3095;333
146;8;3085;333
147;8;3091;333
148;8;295;333
149;8;1257;333
150;8;3092;333
151;8;3085;333
152;8;3085;333
163;8;513;333
165;8;3092;333
166;8;3092;333
167;8;3092;333
168;8;3092;333
169;8;514;333
172;8;3099;333
173;8;1254;333
174;8;3098;333
175;8;3099;333
176;8;3098;333
177;8;3092;333
178;8;3092;333
179;8;3092;333
180;8;3092;333
0;9;3087;333
4;9;3093;333
5;9;3092;333
6;9;3094;333
7;9;66;333;markerstone=180
10;9;3095;333
11;9;2038;333
11;9;3093;333
12;9;3092;333
13;9;3094;333
15;9;3093;333
16;9;3088;333
20;9;3093;333
22;9;2850;333
24;9;3093;333
25;9;3088;333
34;9;3093;333
35;9;3088;333
50;9;3096;333
56;9;3093;333
57;9;3088;333
62;9;301;333
63;9;301;333
64;9;301;333
65;9;301;333
66;9;301;333
67;9;1783;333
68;9;301;333
70;9;301;333
71;9;301;333
73;9;301;333
75;9;301;333
77;9;1783;333
79;9;422;333
82;9;1783;333
83;9;1783;333
85;9;301;333
87;9;301;333
96;9;221;333
97;9;3088;333
98;9;3088;333
99;9;3092;333
100;9;3092;333
118;9;3099;333
121;9;359;333
124;9;359;333
142;9;3101;333
147;9;3100;333
154;9;3101;333
166;9;295;333
173;9;3099;333
177;9;3092;333
178;9;3099;333
178;9;3092;333
179;9;3092;333
0;10;3087;333
5;10;3095;333
5;10;402;333
6;10;2038;333
12;10;2937;333
12;10;3095;333
12;10;402;333
15;10;3093;333
16;10;3088;333
24;10;3093;333
24;10;403;333
24;10;404;333
25;10;3092;333
26;10;3085;333
27;10;3085;333
28;10;3085;333
29;10;3085;333
30;10;3085;333
31;10;3085;333
34;10;3093;333
35;10;3092;333
36;10;3085;333
37;10;3085;333
38;10;3092;333
51;10;3094;333
56;10;3093;333
57;10;3088;333
62;10;301;333
63;10;1783;333
64;10;1783;333
68;10;301;333
71;10;301;333
73;10;301;333
75;10;301;333
77;10;301;333
78;10;301;333
79;10;301;333
80;10;301;333
81;10;301;333
82;10;301;333
83;10;301;333
85;10;301;333
87;10;301;333
96;10;221;333
97;10;3088;333
98;10;3088;333
99;10;3092;333
100;10;3092;333
104;10;3099;333
118;10;359;333
119;10;3098;333
122;10;1246;333
123;10;3099;333
138;10;63;333
166;10;2805;333
166;10;2039;333
167;10;607;333
168;10;2805;333
168;10;2039;333
172;10;3097;333
173;10;359;333
174;10;3098;333
175;10;3099;333
177;10;3092;333
178;10;3092;333
0;11;3087;333
6;11;75;333
16;11;3088;333
25;11;3095;333
26;11;3095;333
27;11;292;333
28;11;3095;333
29;11;292;333
30;11;292;333
31;11;3095;333
31;11;402;333
35;11;3095;333
36;11;3095;333
37;11;75;333
38;11;3088;333
51;11;3094;333
56;11;403;333
56;11;404;333
57;11;3088;333
62;11;301;333
64;11;301;333
65;11;301;333
66;11;301;333
67;11;301;333
68;11;301;333
69;11;301;333
69;11;203;333
70;11;1783;333
71;11;301;333
73;11;301;333
75;11;301;333
77;11;301;333
79;11;1783;333
83;11;301;333
85;11;301;333
87;11;301;333
93;11;359;333
96;11;221;333
97;11;3088;333
98;11;3088;333
99;11;3092;333
100;11;3092;333
115;11;359;333
117;11;359;333
121;11;3098;333
124;11;3090;333
125;11;3089;333
127;11;359;333
158;11;359;333
165;11;3097;333
167;11;609;333
173;11;359;333
174;11;1254;333
177;11;3092;333
0;12;3087;333
7;12;2937;333
15;12;3093;333
15;12;404;333
16;12;3088;333
37;12;403;333
37;12;404;333
38;12;3092;333
39;12;3085;333
40;12;3085;333
41;12;3085;333
42;12;3085;333
43;12;3085;333
44;12;3085;333
45;12;3085;333
46;12;3085;333
47;12;3085;333
48;12;3092;333
51;12;3094;333
52;12;337;333
53;12;337;333
54;12;337;333
55;12;337;333
56;12;3093;333
57;12;3088;333
62;12;301;333
64;12;301;333
66;12;1783;333
66;12;422;333
68;12;301;333
70;12;1783;333
71;12;301;333
73;12;301;333
75;12;301;333
77;12;301;333
79;12;301;333
80;12;301;333
81;12;301;333
83;12;301;333
85;12;301;333
86;12;422;333
87;12;301;333
96;12;221;333
97;12;3088;333
98;12;3088;333
99;12;3092;333
100;12;3092;333
102;12;359;333
112;12;3097;333
117;12;549;333
124;12;3092;333
125;12;3091;333
133;12;2937;333
136;12;3100;333
137;12;3090;333
138;12;3089;333
139;12;3101;333
154;12;359;333
164;12;359;333
166;12;3097;333
167;12;609;333
169;12;359;333
174;12;1254;333
176;12;3092;333
177;12;3092;333
178;12;3092;333
0;13;3087;333
5;13;3096;333
12;13;3096;333
15;13;3093;333
16;13;3088;333
38;13;3095;333
39;13;3095;333
40;13;3095;333
42;13;402;333
43;13;3095;333
44;13;3095;333
45;13;2907;333
46;13;3095;333
48;13;3088;333
51;13;3094;333
56;13;3093;333
57;13;3088;333
62;13;301;333
64;13;301;333
66;13;301;333
68;13;301;333
70;13;301;333
71;13;301;333
73;13;301;333
75;13;301;333
75;13;203;333
77;13;301;333
78;13;422;333
79;13;301;333
80;13;1783;333
80;13;2862;333
81;13;301;333
83;13;301;333
85;13;301;333
87;13;301;333
96;13;221;333
97;13;3088;333
98;13;3088;333
99;13;3092;333
100;13;3092;333
107;13;3101;333
109;13;1254;333
110;13;1254;333
111;13;1254;333
112;13;1254;333
113;13;1254;333
114;13;66;333;markerstone=184
125;13;3101;333
128;13;359;333
130;13;3099;333
131;13;2805;333
131;13;2039;333
132;13;607;333
133;13;2805;333
133;13;2039;333
137;13;3092;333
138;13;3091;333
139;13;3097;333
142;13;3090;333
143;13;3089;333
144;13;3100;333
149;13;3100;333
151;13;359;333
159;13;359;333
167;13;609;333
170;13;3100;333
171;13;3090;333
172;13;3089;333
176;13;3092;333
177;13;3092;333
178;13;3092;333
179;13;3092;333
0;14;3087;333
4;14;3093;333
5;14;3092;333
6;14;3094;333
10;14;2937;333
11;14;3093;333
11;14;403;333
11;14;404;333
12;14;3092;333
13;14;3094;333
15;14;75;333
16;14;3088;333
47;14;292;333
48;14;3088;333
51;14;3094;333
52;14;337;333
53;14;337;333
54;14;337;333
55;14;337;333
56;14;403;333
56;14;404;333
57;14;3088;333
62;14;301;333
63;14;1783;333
64;14;301;333
65;14;1783;333
66;14;301;333
71;14;301;333
72;14;422;333
73;14;301;333
75;14;301;333
75;14;203;333
77;14;301;333
79;14;1783;333
80;14;1783;333
80;14;66;333;markerstone=183
81;14;301;333
83;14;301;333
85;14;301;333
87;14;301;333
96;14;221;333
97;14;3092;333
98;14;3088;333
99;14;3092;333
100;14;3092;333
103;14;359;333
109;14;1254;333
110;14;738;333
111;14;498;333
112;14;738;333
123;14;3098;333
132;14;609;333
136;14;3097;333
139;14;3100;333
141;14;3100;333
142;14;3092;333
143;14;3091;333
144;14;3100;333
146;14;359;333
147;14;3097;333
155;14;359;333
161;14;359;333
166;14;2805;333
166;14;2039;333
167;14;612;333
170;14;2937;333
171;14;3092;333
172;14;3091;333
176;14;3092;333
177;14;3092;333
178;14;3092;333
179;14;3092;333
180;14;3092;333
0;15;3087;333
5;15;3095;333
5;15;401;333
5;15;402;333
7;15;2038;333
12;15;3095;333
15;15;3093;333
16;15;3088;333
27;15;3096;333
47;15;404;333
48;15;3088;333
51;15;3094;333
56;15;3093;333
57;15;3088;333
62;15;301;333
66;15;301;333
68;15;301;333
69;15;301;333
71;15;301;333
73;15;301;333
74;15;422;333
75;15;301;333
77;15;301;333
81;15;301;333
83;15;301;333
85;15;301;333
87;15;301;333
93;15;359;333
95;15;221;333
96;15;3092;333
97;15;3085;333
98;15;3085;333
99;15;3092;333
100;15;3092;333
104;15;3099;333
113;15;738;333
114;15;1254;333
127;15;3099;333
130;15;359;333
132;15;609;333
134;15;359;333
136;15;3097;333
151;15;359;333
163;15;359;333
167;15;607;333
171;15;3101;333
175;15;3092;333
176;15;3092;333
177;15;3092;333
178;15;3092;333
179;15;3092;333
0;16;3087;333
16;16;3088;333
26;16;3093;333
27;16;3088;333
42;16;3096;333
47;16;3093;333
48;16;3088;333
51;16;3094;333
52;16;337;333
53;16;337;333
54;16;337;333
55;16;337;333
57;16;3088;333
62;16;301;333
63;16;301;333
64;16;301;333
65;16;301;333
65;16;203;333
66;16;301;333
67;16;1813;333
68;16;301;333
69;16;1783;333
71;16;301;333
73;16;301;333
75;16;301;333
77;16;301;333
79;16;29;333
81;16;301;333
83;16;301;333
83;16;203;333
85;16;301;333
87;16;301;333
96;16;3088;333
97;16;3088;333
97;16;3088;333
98;16;3088;333
99;16;3092;333
100;16;3092;333
112;16;738;333
113;16;1254;333
124;16;3101;333
129;16;232;333
132;16;609;333
147;16;359;333
157;16;359;333
167;16;609;333
175;16;3092;333
176;16;3092;333
177;16;3092;333
178;16;3092;333
0;17;3087;333
11;17;2937;333
12;17;215;333
15;17;3093;333
16;17;3092;333
17;17;3088;333
18;17;3085;333
19;17;3085;333
20;17;3085;333
21;17;3085;333
22;17;3085;333
23;17;3085;333
26;17;3093;333
27;17;3092;333
28;17;3085;333
29;17;3085;333
30;17;3085;333
31;17;3085;333
32;17;3092;333
33;17;3085;333
34;17;3085;333
35;17;3085;333
36;17;3085;333
37;17;3085;333
38;17;3085;333
39;17;3085;333
40;17;3085;333
41;17;3085;333
42;17;3085;333
48;17;3088;333
57;17;3088;333
62;17;301;333
63;17;1783;333
63;17;422;333
68;17;301;333
70;17;301;333
71;17;301;333
73;17;301;333
75;17;301;333
77;17;301;333
81;17;301;333
83;17;301;333
85;17;301;333
86;17;1783;333
87;17;301;333
96;17;3088;333
97;17;3088;333
97;17;3088;333
98;17;3088;333
99;17;3092;333
100;17;3092;333
102;17;359;333
103;17;359;333
106;17;2937;333
109;17;3099;333
112;17;2937;333
118;17;498;333
131;17;2805;333
131;17;2039;333
132;17;612;333
133;17;2805;333
133;17;2039;333
134;17;3092;333
135;17;3092;333
136;17;3092;333
137;17;3092;333
139;17;359;333
141;17;359;333
148;17;359;333
158;17;359;333
163;17;359;333
167;17;609;333
169;17;359;333
172;17;359;333
175;17;3092;333
176;17;3092;333
177;17;3092;333
0;18;3087;333
5;18;3096;333
8;18;525;333
10;18;3094;333
12;18;2937;333
16;18;3095;333
17;18;3088;333
20;18;402;333
21;18;3095;333
22;18;292;333
23;18;3095;333
27;18;3095;333
28;18;525;333
30;18;3095;333
32;18;3088;333
36;18;3095;333
37;18;220;333
37;18;2038;333
37;18;3101;333
38;18;3095;333
39;18;402;333
40;18;524;333
40;18;2038;333
42;18;3095;333
47;18;75;333
48;18;3088;333
57;18;3088;333
62;18;301;333
64;18;301;333
65;18;301;333
66;18;301;333
67;18;301;333
68;18;301;333
71;18;301;333
73;18;301;333
75;18;301;333
77;18;301;333
78;18;422;333
81;18;301;333
83;18;301;333
85;18;1783;333
85;18;301;333
87;18;301;333
95;18;221;333
96;18;3092;333
97;18;3086;333
98;18;3086;333
99;18;3092;333
100;18;3092;333
106;18;3101;333
119;18;2038;333
127;18;359;333
128;18;3098;333
134;18;3092;333
135;18;3092;333
136;18;3092;333
137;18;3092;333
143;18;359;333
151;18;359;333
155;18;359;333
159;18;359;333
164;18;359;333
167;18;609;333
175;18;3092;333
176;18;3092;333
177;18;3092;333
178;18;3092;333
0;19;3087;333
4;19;3093;333
5;19;3092;333
6;19;2937;333
6;19;3094;333
11;19;3093;333
11;19;404;333
12;19;3092;333
13;19;3094;333
15;19;3093;333
16;19;523;333
17;19;3088;333
31;19;522;333
31;19;292;333
32;19;3088;333
36;19;3101;333
37;19;3101;333
38;19;3101;333
40;19;3101;333
47;19;3093;333
48;19;3092;333
49;19;3085;333
50;19;3085;333
51;19;3085;333
52;19;3085;333
53;19;3085;333
54;19;3085;333
55;19;3085;333
56;19;3085;333
57;19;3092;333
62;19;301;333
64;19;301;333
65;19;1783;333
66;19;1783;333
66;19;422;333
68;19;301;333
69;19;301;333
71;19;301;333
73;19;301;333
75;19;301;333
76;19;422;333
77;19;301;333
78;19;301;333
79;19;301;333
80;19;301;333
81;19;301;333
82;19;1783;333
82;19;422;333
83;19;301;333
85;19;301;333
86;19;422;333
87;19;301;333
93;19;359;333
96;19;221;333
97;19;3088;333
98;19;3088;333
99;19;3092;333
100;19;3092;333
105;19;3098;333
128;19;3090;333
129;19;3089;333
133;19;221;333
134;19;3092;333
135;19;3092;333
136;19;3092;333
137;19;3092;333
167;19;612;333
168;19;2805;333
168;19;2039;333
170;19;1251;333
175;19;3092;333
175;19;3092;333
176;19;3092;333
176;19;3092;333
176;19;3092;333
177;19;3092;333
177;19;3092;333
177;19;3092;333
178;19;3092;333
178;19;3092;333
178;19;3092;333
179;19;3092;333
179;19;3092;333
0;20;3087;333
4;20;513;333
5;20;3095;333
5;20;402;333
6;20;213;333
11;20;515;333
12;20;3095;333
13;20;2038;333
16;20;3093;333
17;20;3088;333
28;20;51;333
32;20;3088;333
36;20;3101;333
37;20;3101;333
38;20;2038;333
38;20;3101;333
39;20;3101;333
41;20;3101;333
42;20;3096;333
48;20;66;333;markerstone=182
50;20;525;333
52;20;3095;333
52;20;402;333
52;20;1266;333
53;20;524;333
55;20;3095;333
56;20;3093;333
57;20;3088;333
62;20;301;333
64;20;301;333
66;20;301;333
68;20;301;333
70;20;1783;333
71;20;301;333
73;20;301;333
75;20;301;333
83;20;301;333
85;20;301;333
86;20;338;333
87;20;301;333
96;20;221;333
97;20;3092;333
98;20;3088;333
99;20;3092;333
100;20;3092;333
103;20;359;333
105;20;2039;333
108;20;3099;333
114;20;359;333
116;20;3101;333
127;20;3097;333
128;20;3092;333
129;20;3091;333
134;20;3092;333
134;20;3098;333
135;20;3092;333
136;20;3092;333
137;20;3092;333
146;20;359;333
149;20;359;333
152;20;359;333
154;20;359;333
161;20;359;333
164;20;359;333
175;20;3092;333
176;20;3092;333
177;20;3092;333
178;20;3092;333
179;20;3092;333
180;20;3092;333
0;21;3087;333
12;21;215;333
16;21;3093;333
16;21;404;333
17;21;3088;333
27;21;520;333;nameDe=Marganth ;nameEn=Marganth ;descriptionEn=The Magnificent;descriptionDe=der Großartige
31;21;3093;333
32;21;3088;333
36;21;2038;333
36;21;3101;333
37;21;3101;333
38;21;2937;333
38;21;3101;333
40;21;3101;333
41;21;3101;333
42;21;3088;333
47;21;3101;333
50;21;3095;333
53;21;3095;333
55;21;506;333
57;21;3088;333
62;21;301;333
64;21;301;333
65;21;1783;333
66;21;301;333
68;21;301;333
70;21;301;333
71;21;301;333
72;21;422;333
73;21;301;333
75;21;301;333
75;21;203;333
76;21;301;333
76;21;203;333
77;21;301;333
78;21;301;333
79;21;301;333
80;21;301;333
81;21;301;333
82;21;301;333
83;21;301;333
85;21;301;333
86;21;338;333
87;21;301;333
98;21;3088;333
99;21;3092;333
100;21;3092;333
102;21;359;333
104;21;3099;333
118;21;3101;333
122;21;3099;333
124;21;359;333
128;21;1361;333
129;21;1361;333
131;21;3101;333
133;21;3093;333
134;21;3092;333
135;21;3092;333
136;21;3092;333
137;21;3092;333
139;21;359;333
143;21;359;333
152;21;359;333
156;21;359;333
169;21;914;333
175;21;3092;333
176;21;3092;333
176;21;3092;333
177;21;3092;333
177;21;3092;333
178;21;3092;333
178;21;3092;333
179;21;3092;333
0;22;3087;333
16;22;519;333;descriptionEn=Protector of Life;nameEn=Kayerith;nameDe=Kayerith;descriptionDe=Beschützer des Lebens
17;22;3088;333
23;22;3096;333
28;22;631;333;descriptionEn=The fountain runs red with blood.;descriptionDe=Der Brunnen sprudelt rot mit Blut.
31;22;403;333
31;22;404;333
32;22;3088;333
36;22;3101;333
37;22;519;333;nameDe=Sirath ;nameEn=Sirath ;descriptionEn=Eater of Bunnies;descriptionDe=Hasenfresser
38;22;613;333
39;22;3101;333
40;22;3101;333
41;22;522;333
41;22;2038;333
41;22;3101;333
42;22;3088;333
56;22;221;333
57;22;3088;333
62;22;301;333
66;22;301;333
68;22;301;333
71;22;301;333
73;22;301;333
77;22;422;333
79;22;422;333
81;22;1783;333
85;22;301;333
87;22;301;333
97;22;625;333
98;22;3088;333
99;22;3092;333
100;22;3092;333
106;22;498;333
111;22;359;333
117;22;498;333
127;22;1247;333
133;22;1362;333
134;22;3092;333
135;22;3092;333
136;22;3092;333
137;22;3092;333
140;22;359;333
145;22;359;333
158;22;359;333
162;22;359;333
167;22;1250;333
172;22;3092;333
173;22;3092;333
174;22;3092;333
175;22;3092;333
175;22;3092;333
176;22;3092;333
176;22;3092;333
177;22;3092;333
177;22;3092;333
178;22;3092;333
0;23;3087;333
5;23;3096;333
8;23;2038;333
10;23;2038;333
12;23;3096;333
16;23;3093;333
17;23;3088;333
22;23;3093;333
23;23;3088;333
31;23;3093;333
32;23;3088;333
36;23;3101;333
37;23;2937;333
37;23;3101;333
38;23;520;333;nameDe=Tiemeth ;nameEn=Tiemeth ;descriptionEn=The Evil One;descriptionDe=der Böse
39;23;2937;333
39;23;3101;333
40;23;3101;333
42;23;3088;333
56;23;964;333
57;23;3088;333
62;23;301;333
63;23;301;333
64;23;301;333
65;23;301;333
66;23;301;333
68;23;301;333
69;23;301;333
70;23;1783;333
71;23;301;333
73;23;301;333
74;23;301;333
75;23;301;333
76;23;301;333
77;23;301;333
78;23;301;333
79;23;301;333
80;23;301;333
81;23;301;333
82;23;301;333
82;23;203;333
83;23;301;333
84;23;301;333
85;23;301;333
86;23;1783;333
87;23;301;333
88;23;301;333
89;23;301;333
90;23;301;333
91;23;301;333
92;23;301;333
93;23;301;333
94;23;301;333
95;23;301;333
96;23;221;333
96;23;301;333
97;23;3092;333
98;23;3088;333
99;23;3092;333
100;23;3092;333
118;23;770;333
123;23;359;333
125;23;359;333
133;23;1362;333
134;23;3092;333
134;23;3099;333
135;23;3092;333
136;23;3092;333
137;23;3092;333
144;23;359;333
154;23;359;333
169;23;3092;333
170;23;3092;333
171;23;3092;333
172;23;3092;333
173;23;3092;333
174;23;3092;333
175;23;3092;333
176;23;3092;333
177;23;3092;333
0;24;3087;333
4;24;3093;333
5;24;3092;333
6;24;3094;333
11;24;3093;333
11;24;403;333
11;24;404;333
12;24;3092;333
13;24;3094;333
16;24;3093;333
17;24;3088;333
22;24;292;333
23;24;3088;333
32;24;3088;333
39;24;3101;333
40;24;3101;333
42;24;3088;333
57;24;3088;333
62;24;301;333
64;24;1783;333
65;24;422;333
68;24;301;333
71;24;301;333
88;24;1783;333
90;24;422;333
98;24;3088;333
99;24;3092;333
100;24;3092;333
103;24;359;333
106;24;3090;333
107;24;3089;333
116;24;3101;333
132;24;3101;333
133;24;2906;333
133;24;3090;333
134;24;3092;333
135;24;3092;333
136;24;3092;333
137;24;3092;333
146;24;359;333
148;24;359;333
156;24;359;333
159;24;66;333;markerstone=185
160;24;2805;333
160;24;2038;333
161;24;1246;333
167;24;221;333
168;24;3092;333
169;24;3092;333
170;24;3092;333
171;24;3092;333
172;24;3092;333
173;24;3092;333
174;24;3092;333
175;24;3092;333
176;24;3092;333
177;24;3092;333
178;24;3092;333
0;25;3087;333
5;25;3095;333
5;25;402;333
6;25;220;333
11;25;292;333
12;25;2937;333
12;25;3095;333
16;25;292;333
17;25;3088;333
22;25;3093;333
23;25;3088;333
32;25;3088;333
37;25;3101;333
38;25;2038;333
42;25;3088;333
57;25;3088;333
62;25;301;333
64;25;301;333
65;25;301;333
66;25;301;333
67;25;301;333
68;25;301;333
70;25;301;333
71;25;301;333
72;25;301;333
73;25;301;333
74;25;301;333
75;25;301;333
76;25;301;333
77;25;301;333
78;25;301;333
79;25;301;333
80;25;301;333
81;25;301;333
82;25;301;333
82;25;203;333
83;25;301;333
84;25;301;333
85;25;301;333
86;25;301;333
87;25;301;333
88;25;301;333
89;25;301;333
90;25;301;333
91;25;301;333
92;25;301;333
93;25;301;333
93;25;203;333
94;25;301;333
95;25;301;333
96;25;301;333
98;25;3088;333
99;25;3092;333
100;25;3092;333
106;25;3092;333
107;25;3091;333
132;25;220;333
133;25;3088;333
134;25;3092;333
135;25;3092;333
136;25;3092;333
140;25;359;333
150;25;359;333
151;25;604;333
152;25;603;333
153;25;603;333
154;25;603;333
154;25;2937;333
155;25;603;333
156;25;603;333
157;25;603;333
158;25;603;333
159;25;603;333
160;25;601;333
167;25;513;333
168;25;3092;333
169;25;3092;333
170;25;3092;333
171;25;3092;333
172;25;3092;333
173;25;3092;333
174;25;3092;333
175;25;3092;333
176;25;3092;333
177;25;3092;333
178;25;3092;333
179;25;3092;333
0;26;3087;333
5;26;213;333
16;26;3093;333
17;26;3088;333
22;26;292;333
23;26;3088;333
32;26;3088;333
37;26;3096;333
42;26;3088;333
57;26;3088;333
62;26;301;333
64;26;301;333
68;26;301;333
71;26;301;333
72;26;1783;333
73;26;1783;333
74;26;422;333
75;26;301;333
76;26;1783;333
78;26;1783;333
79;26;301;333
80;26;1783;333
80;26;422;333
81;26;1783;333
83;26;301;333
84;26;1783;333
85;26;1783;333
87;26;301;333
88;26;1783;333
89;26;1783;333
91;26;301;333
92;26;1783;333
93;26;1783;333
93;26;422;333
95;26;301;333
96;26;301;333
98;26;3088;333
99;26;3092;333
100;26;3092;333
103;26;359;333
105;26;3101;333
116;26;2805;333
116;26;2039;333
117;26;607;333
117;26;3101;333
118;26;2805;333
118;26;2039;333
120;26;3099;333
123;26;359;333
128;26;2805;333
128;26;2039;333
129;26;607;333
130;26;2805;333
130;26;2039;333
132;26;220;333
133;26;3092;333
134;26;3092;333
135;26;3092;333
146;26;359;333
151;26;604;333
152;26;603;333
153;26;603;333
153;26;63;333
154;26;603;333
155;26;603;333
155;26;2750;333
156;26;603;333
157;26;603;333
157;26;3101;333
158;26;603;333
159;26;603;333
160;26;601;333
167;26;3092;333
168;26;3091;333
169;26;513;333
170;26;3095;333
171;26;3100;333
172;26;3092;333
173;26;3085;333
174;26;3095;333
176;26;520;333;nameDe=Kalurth ;nameEn=Kalurth ;descriptionEn=Lord of the Black;descriptionDe=der schwarze Lord
176;26;3093;333
178;26;3085;333
179;26;3085;333
180;26;3085;333
0;27;3087;333
16;27;3093;333
16;27;404;333
17;27;3088;333
22;27;3093;333
23;27;3092;333
24;27;3085;333
25;27;3085;333
26;27;3085;333
27;27;3085;333
28;27;3085;333
29;27;3085;333
30;27;3085;333
31;27;3085;333
32;27;3092;333
36;27;3093;333
37;27;3092;333
38;27;3085;333
39;27;3085;333
40;27;3085;333
41;27;3085;333
42;27;3085;333
43;27;3085;333
44;27;3085;333
45;27;3085;333
46;27;3085;333
47;27;3085;333
48;27;3085;333
49;27;3085;333
50;27;3085;333
51;27;3085;333
52;27;3085;333
53;27;3085;333
54;27;3085;333
55;27;3085;333
56;27;3085;333
57;27;3092;333
62;27;301;333
63;27;422;333
64;27;301;333
66;27;301;333
68;27;301;333
68;27;203;333
69;27;301;333
73;27;301;333
77;27;301;333
81;27;301;333
85;27;301;333
89;27;301;333
93;27;301;333
95;27;1783;333
96;27;301;333
98;27;3088;333
99;27;3092;333
100;27;3092;333
107;27;3099;333
109;27;3101;333
112;27;1276;333
117;27;609;333
124;27;3090;333
125;27;3089;333
129;27;609;333
160;27;2805;333
160;27;2038;333
167;27;3101;333
171;27;3092;333
172;27;3085;333
174;27;3095;333
177;27;3092;333
180;27;3092;333
0;28;3087;333
5;28;3096;333
11;28;2937;333
12;28;3096;333
17;28;3088;333
26;28;3095;333
28;28;3095;333
29;28;402;333
30;28;3095;333
31;28;292;333
32;28;3088;333
37;28;3095;333
38;28;3095;333
39;28;402;333
40;28;75;333
41;28;3095;333
42;28;3095;333
43;28;292;333
44;28;3088;333
48;28;3095;333
49;28;525;333
51;28;3095;333
52;28;402;333
52;28;1266;333
54;28;3095;333
55;28;2937;333
55;28;3101;333
56;28;3093;333
57;28;3088;333
62;28;301;333
64;28;301;333
65;28;1783;333
66;28;301;333
67;28;422;333
68;28;301;333
69;28;301;333
70;28;301;333
71;28;301;333
72;28;301;333
73;28;301;333
74;28;301;333
75;28;301;333
75;28;301;333
76;28;301;333
77;28;301;333
78;28;301;333
79;28;301;333
80;28;301;333
81;28;301;333
82;28;301;333
83;28;301;333
84;28;301;333
85;28;301;333
86;28;301;333
87;28;301;333
88;28;301;333
89;28;301;333
90;28;301;333
91;28;301;333
92;28;301;333
93;28;301;333
94;28;1783;333
95;28;301;333
96;28;301;333
98;28;3088;333
99;28;3092;333
100;28;3092;333
102;28;359;333
114;28;359;333
117;28;609;333
118;28;359;333
121;28;359;333
124;28;3092;333
125;28;3091;333
126;28;359;333
129;28;609;333
133;28;359;333
156;28;359;333
170;28;3100;333
177;28;3094;333
180;28;3092;333
0;29;3087;333
4;29;3093;333
5;29;3092;333
6;29;2937;333
6;29;3094;333
11;29;3093;333
11;29;404;333
12;29;3092;333
13;29;3094;333
16;29;523;333
17;29;3088;333
31;29;3093;333
32;29;3088;333
44;29;3088;333
56;29;3093;333
57;29;3088;333
62;29;301;333
66;29;301;333
68;29;301;333
69;29;1783;333
69;29;1783;333
70;29;1783;333
71;29;422;333
75;29;301;333
76;29;1783;333
77;29;1783;333
82;29;301;333
83;29;1783;333
84;29;1783;333
89;29;301;333
90;29;1783;333
91;29;1783;333
96;29;301;333
97;29;422;333
98;29;3088;333
99;29;3092;333
100;29;3092;333
107;29;1246;333
109;29;359;333
113;29;3099;333
117;29;609;333
123;29;359;333
129;29;609;333
136;29;3092;333
137;29;3092;333
138;29;3092;333
144;29;359;333
146;29;359;333
149;29;359;333
150;29;359;333
153;29;359;333
180;29;3092;333
0;30;3087;333
5;30;3095;333
5;30;401;333
5;30;402;333
6;30;2038;333
7;30;292;333
10;30;525;333
12;30;2038;333
12;30;3095;333
16;30;3093;333
17;30;3088;333
31;30;292;333
32;30;3088;333
43;30;2906;333
44;30;3088;333
57;30;3088;333
62;30;301;333
63;30;301;333
64;30;301;333
65;30;301;333
66;30;301;333
68;30;301;333
70;30;301;333
71;30;301;333
72;30;301;333
73;30;301;333
74;30;1783;333
74;30;422;333
75;30;301;333
77;30;301;333
78;30;301;333
79;30;301;333
80;30;301;333
82;30;301;333
84;30;301;333
85;30;301;333
86;30;301;333
87;30;301;333
88;30;1783;333
89;30;301;333
91;30;301;333
92;30;301;333
93;30;301;333
94;30;301;333
95;30;1783;333
96;30;301;333
98;30;3088;333
99;30;3092;333
100;30;3092;333
116;30;2805;333
116;30;2039;333
117;30;612;333
118;30;2805;333
118;30;2039;333
120;30;2937;333
129;30;612;333
130;30;2805;333
130;30;2039;333
133;30;3092;333
134;30;3092;333
135;30;3092;333
136;30;3092;333
137;30;3092;333
138;30;3092;333
141;30;359;333
165;30;2805;333
165;30;2039;333
166;30;607;333
167;30;2805;333
167;30;2039;333
172;30;3097;333
174;30;359;333
175;30;3098;333
180;30;3092;333
0;31;3087;333
16;31;3093;333
17;31;3088;333
21;31;292;333
22;31;3088;333
31;31;3093;333
32;31;3088;333
39;31;3096;333
44;31;3088;333
51;31;3094;333
57;31;3088;333
64;31;1783;333
68;31;301;333
70;31;301;333
72;31;1783;333
75;31;301;333
77;31;301;333
82;31;301;333
84;31;301;333
85;31;422;333
86;31;1783;333
89;31;301;333
91;31;301;333
93;31;1783;333
96;31;301;333
98;31;3088;333
99;31;3092;333
100;31;3092;333
102;31;3092;333
103;31;3092;333
105;31;359;333
123;31;359;333
129;31;1362;333
130;31;3093;333
130;31;402;333
130;31;3088;333
131;31;3092;333
132;31;3092;333
133;31;3092;333
134;31;3092;333
135;31;3092;333
136;31;3092;333
137;31;3092;333
145;31;359;333
157;31;359;333
163;31;359;333
166;31;609;333
170;31;359;333
175;31;3090;333
176;31;3089;333
180;31;3092;333
0;32;3087;333
9;32;214;333
16;32;3093;333
17;32;3088;333
21;32;3093;333
22;32;3092;333
23;32;3085;333
24;32;3085;333
25;32;3092;333
31;32;75;333
32;32;3088;333
38;32;3093;333
39;32;3088;333
43;32;3093;333
44;32;3088;333
49;32;3093;333
50;32;3088;333
56;32;3093;333
57;32;3088;333
62;32;301;333
64;32;301;333
65;32;301;333
66;32;301;333
67;32;301;333
68;32;301;333
69;32;1783;333
70;32;301;333
72;32;301;333
72;32;203;333
73;32;301;333
74;32;301;333
75;32;301;333
76;32;1783;333
77;32;301;333
77;32;203;333
78;32;422;333
79;32;301;333
80;32;301;333
81;32;301;333
82;32;301;333
83;32;1783;333
84;32;301;333
86;32;301;333
87;32;301;333
88;32;301;333
89;32;301;333
90;32;1783;333
90;32;422;333
91;32;301;333
93;32;301;333
94;32;301;333
95;32;301;333
96;32;301;333
98;32;3088;333
99;32;3092;333
100;32;3092;333
102;32;3092;333
103;32;3092;333
108;32;3090;333
109;32;3089;333
114;32;3101;333
118;32;1245;333
120;32;1246;333
126;32;2937;333
129;32;513;333
130;32;3092;333
131;32;3092;333
132;32;3092;333
133;32;3092;333
134;32;3092;333
135;32;3092;333
142;32;359;333
154;32;359;333
166;32;609;333
174;32;3093;333
175;32;3092;333
176;32;3091;333
180;32;3092;333
0;33;3087;333
5;33;3096;333
11;33;2937;333
12;33;3096;333
16;33;3093;333
17;33;3088;333
22;33;3095;333
23;33;75;333
25;33;3088;333
32;33;3092;333
33;33;3085;333
34;33;3085;333
35;33;3094;333
38;33;404;333
39;33;3088;333
41;33;3094;333
43;33;3093;333
44;33;3092;333
45;33;3085;333
46;33;3085;333
47;33;3094;333
49;33;3093;333
50;33;3092;333
51;33;3085;333
52;33;3092;333
57;33;3088;333
62;33;301;333
62;33;203;333
70;33;301;333
77;33;301;333
82;33;422;333
84;33;301;333
84;33;203;333
90;33;1783;333
91;33;301;333
95;33;422;333
98;33;3088;333
99;33;3092;333
100;33;3092;333
102;33;3092;333
103;33;3092;333
107;33;394;333
108;33;3092;333
109;33;3091;333
111;33;63;333
130;33;3098;333
131;33;3092;333
132;33;3092;333
133;33;3092;333
134;33;3092;333
135;33;3092;333
148;33;359;333
151;33;359;333
165;33;2805;333
165;33;2039;333
166;33;612;333
170;33;3097;333
175;33;3095;333
178;33;3098;333
180;33;3092;333
0;34;3087;333
4;34;3093;333
5;34;3092;333
6;34;3094;333
8;34;2038;333
11;34;3093;333
11;34;403;333
11;34;404;333
12;34;3092;333
13;34;3094;333
16;34;3093;333
17;34;3088;333
24;34;404;333
25;34;3088;333
32;34;3095;333
33;34;402;333
34;34;3095;333
38;34;292;333
39;34;3088;333
44;34;3095;333
44;34;3101;333
45;34;3095;333
45;34;2937;333
45;34;402;333
45;34;1266;333
46;34;3095;333
46;34;3101;333
51;34;3093;333
52;34;3088;333
53;34;3094;333
56;34;404;333
56;34;1266;333
57;34;3088;333
62;34;301;333
63;34;301;333
64;34;301;333
65;34;301;333
66;34;301;333
67;34;301;333
68;34;301;333
69;34;301;333
70;34;301;333
71;34;301;333
72;34;301;333
73;34;301;333
74;34;301;333
75;34;301;333
76;34;301;333
77;34;301;333
78;34;301;333
79;34;301;333
80;34;301;333
81;34;301;333
82;34;301;333
83;34;301;333
84;34;301;333
85;34;301;333
86;34;301;333
87;34;301;333
88;34;301;333
89;34;301;333
90;34;301;333
91;34;301;333
92;34;301;333
93;34;301;333
93;34;203;333
94;34;301;333
95;34;301;333
96;34;301;333
97;34;301;333
98;34;3088;333
99;34;3092;333
100;34;3092;333
102;34;3092;333
103;34;3092;333
104;34;1246;333
106;34;2937;333
117;34;1245;333
127;34;607;333
128;34;2805;333
128;34;2039;333
130;34;3088;333
131;34;3092;333
132;34;3092;333
133;34;3092;333
134;34;3092;333
138;34;359;333
143;34;359;333
145;34;359;333
180;34;3092;333
0;35;3087;333
5;35;3095;333
5;35;402;333
12;35;3095;333
16;35;3093;333
17;35;3092;333
24;35;292;333
25;35;3088;333
38;35;2906;333
39;35;3088;333
45;35;3101;333
51;35;519;333;nameDe=Xalanth ;nameEn=Xalanth ;descriptionEn=Lord of the Skies;descriptionDe=Herr der Lüfte
52;35;3088;333
56;35;3093;333
57;35;3088;333
98;35;3088;333
99;35;3092;333
100;35;3092;333
102;35;3092;333
103;35;3095;333
103;35;3085;333
118;35;3092;333
119;35;3092;333
120;35;3092;333
121;35;3099;333
123;35;359;333
127;35;609;333
130;35;3092;333
131;35;3092;333
132;35;3092;333
133;35;3092;333
140;35;359;333
154;35;3092;333
155;35;3092;333
156;35;3092;333
180;35;3092;333
0;36;3087;333
17;36;3095;333
17;36;402;333
25;36;3088;333
39;36;3088;333
51;36;404;333
51;36;1266;333
52;36;3088;333
57;36;3088;333
98;36;3088;333
99;36;3092;333
100;36;3092;333
117;36;3098;333
118;36;3098;333
119;36;3095;333
127;36;609;333
130;36;1276;333
132;36;3098;333
135;36;1276;333
151;36;3092;333
152;36;3092;333
153;36;3092;333
154;36;3092;333
155;36;3092;333
156;36;3092;333
157;36;3092;333
158;36;3092;333
169;36;3092;333
170;36;3092;333
171;36;3092;333
172;36;3092;333
173;36;3092;333
174;36;3092;333
175;36;3092;333
176;36;3092;333
177;36;3092;333
178;36;3092;333
179;36;3092;333
180;36;3092;333
0;37;3087;333
25;37;3088;333
39;37;3088;333
52;37;3088;333
57;37;3088;333
98;37;3088;333
99;37;3092;333
100;37;3092;333
104;37;359;333
106;37;2038;333
109;37;3101;333
112;37;3090;333
113;37;3089;333
114;37;3098;333
116;37;3099;333
119;37;359;333
127;37;609;333
138;37;359;333
145;37;3100;333
151;37;3092;333
152;37;3092;333
153;37;3092;333
154;37;3092;333
155;37;3092;333
156;37;3092;333
157;37;3092;333
158;37;3092;333
167;37;3092;333
168;37;3092;333
169;37;3092;333
170;37;3092;333
171;37;3092;333
172;37;3092;333
173;37;3092;333
174;37;3092;333
175;37;3092;333
176;37;3092;333
177;37;3092;333
178;37;3092;333
179;37;3092;333
180;37;3092;333
0;38;3087;333
25;38;3088;333
39;38;3088;333
52;38;3088;333
57;38;3088;333
98;38;3088;333
99;38;3092;333
100;38;3092;333
102;38;359;333
106;38;1246;333
112;38;3092;333
113;38;3091;333
114;38;3098;333
121;38;359;333
124;38;359;333
127;38;609;333
129;38;359;333
131;38;359;333
142;38;359;333
144;38;3097;333
147;38;3097;333
151;38;3092;333
152;38;3092;333
153;38;3092;333
154;38;3092;333
155;38;3092;333
156;38;3092;333
157;38;3092;333
158;38;3092;333
159;38;3092;333
164;38;404;333
165;38;3088;333
165;38;3092;333
166;38;3092;333
167;38;3092;333
168;38;3092;333
169;38;3092;333
170;38;3092;333
171;38;3092;333
172;38;3092;333
173;38;3092;333
174;38;3092;333
175;38;3092;333
176;38;3092;333
177;38;3092;333
178;38;3092;333
179;38;3092;333
180;38;3092;333
0;39;3087;333
1;39;3085;333
2;39;3085;333
3;39;3085;333
4;39;3085;333
5;39;3085;333
6;39;3085;333
7;39;3085;333
8;39;3085;333
9;39;3085;333
10;39;3085;333
11;39;3085;333
12;39;3085;333
13;39;3085;333
14;39;3085;333
15;39;3085;333
16;39;3085;333
17;39;3085;333
18;39;3085;333
19;39;3085;333
20;39;3085;333
21;39;3085;333
22;39;3085;333
23;39;3085;333
24;39;3085;333
25;39;3085;333
26;39;3085;333
27;39;3085;333
28;39;3085;333
29;39;3085;333
30;39;3085;333
31;39;3085;333
32;39;3085;333
33;39;3085;333
34;39;3085;333
35;39;3085;333
36;39;3085;333
37;39;3085;333
38;39;3085;333
39;39;3085;333
40;39;3085;333
41;39;3085;333
42;39;3085;333
43;39;3085;333
44;39;3085;333
45;39;3085;333
46;39;3085;333
47;39;3085;333
48;39;3085;333
49;39;3085;333
50;39;3085;333
51;39;3085;333
52;39;3085;333
53;39;3085;333
56;39;3093;333
57;39;3092;333
58;39;3085;333
59;39;3085;333
60;39;3085;333
61;39;3085;333
62;39;3085;333
63;39;3085;333
64;39;3085;333
65;39;3085;333
66;39;3085;333
67;39;3085;333
68;39;3085;333
69;39;3085;333
70;39;3085;333
71;39;3085;333
72;39;3085;333
73;39;3085;333
74;39;3085;333
75;39;3085;333
76;39;3085;333
77;39;3085;333
78;39;3085;333
79;39;3085;333
80;39;3085;333
81;39;3085;333
82;39;3085;333
83;39;3085;333
84;39;3085;333
85;39;3092;333
89;39;3092;333
90;39;3085;333
91;39;3085;333
92;39;3085;333
93;39;3085;333
94;39;3085;333
95;39;3085;333
96;39;3085;333
97;39;3085;333
98;39;3085;333
99;39;3092;333
100;39;3092;333
103;39;359;333
113;39;359;333
120;39;3098;333
126;39;2805;333
126;39;2039;333
127;39;612;333
132;39;3097;333
133;39;3092;333
134;39;3092;333
135;39;3092;333
148;39;3092;333
149;39;3092;333
150;39;3092;333
151;39;3092;333
152;39;3092;333
153;39;3092;333
154;39;3092;333
155;39;3092;333
156;39;3092;333
157;39;3092;333
158;39;3092;333
159;39;3092;333
160;39;3092;333
164;39;3093;333
166;39;3092;333
167;39;3092;333
168;39;3092;333
169;39;3092;333
170;39;3092;333
171;39;3092;333
172;39;3092;333
173;39;3092;333
174;39;3092;333
175;39;3092;333
176;39;3092;333
177;39;3092;333
178;39;3092;333
179;39;3092;333
180;39;3092;333
0;40;3087;333
2;40;3098;333
4;40;3099;333
5;40;402;333
7;40;3098;333
8;40;3100;333
11;40;3100;333
12;40;3098;333
13;40;402;333
14;40;3099;333
15;40;3098;333
16;40;3100;333
21;40;402;333
23;40;3099;333
24;40;3098;333
27;40;3098;333
28;40;3100;333
29;40;3099;333
30;40;3098;333
31;40;3100;333
32;40;402;333
32;40;1266;333
40;40;402;333
40;40;1266;333
51;40;2907;333
52;40;2937;333
56;40;3093;333
58;40;3094;333
59;40;2038;333
60;40;2907;333
61;40;359;333
66;40;359;333
70;40;359;333
73;40;359;333
76;40;359;333
85;40;402;333
89;40;402;333
95;40;359;333
132;40;3088;333
133;40;3092;333
134;40;3092;333
135;40;3092;333
136;40;3092;333
144;40;3100;333
147;40;3092;333
148;40;3092;333
149;40;3092;333
150;40;3092;333
151;40;3092;333
152;40;3092;333
153;40;3092;333
154;40;3085;333
155;40;3085;333
156;40;3085;333
157;40;3085;333
158;40;3085;333
159;40;3085;333
160;40;3085;333
161;40;3085;333
162;40;3094;333
164;40;3093;333
167;40;3085;333
167;40;3092;333
167;40;3092;333
167;40;3092;333
168;40;3085;333
169;40;3085;333
170;40;3085;333
171;40;3085;333
172;40;3085;333
173;40;3085;333
174;40;3085;333
175;40;3092;333
176;40;3092;333
177;40;3092;333
178;40;3092;333
179;40;3092;333
180;40;3092;333
0;41;3087;333
2;41;3097;333
3;41;3098;333
44;41;359;333
46;41;359;333
49;41;509;333
51;41;359;333
53;41;2927;333;descriptionEn=Royal Hall;descriptionDe=Königssaal
55;41;607;333
56;41;607;333
58;41;2927;333;descriptionEn=Royal Hall;descriptionDe=Königssaal
63;41;509;333
87;41;611;333
102;41;1276;333
106;41;607;333
107;41;2805;333
107;41;2039;333
118;41;63;333
125;41;359;333
131;41;513;333
132;41;3092;333
133;41;3092;333
134;41;3092;333
135;41;3092;333
136;41;3092;333
141;41;359;333
146;41;3092;333
147;41;3092;333
148;41;3092;333
149;41;3092;333
150;41;3092;333
151;41;3092;333
152;41;3092;333
153;41;3092;333
156;41;402;333
157;41;232;333
157;41;295;333
158;41;1361;333
159;41;3099;333
159;41;2907;333
160;41;3095;333
161;41;2927;333;descriptionEn=Sacred Ground;descriptionDe=Heiliger Boden
165;41;2927;333;descriptionEn=Sacred Ground;descriptionDe=Heiliger Boden
166;41;3095;333
167;41;295;333
169;41;402;333
171;41;1360;333
171;41;529;333
173;41;3099;333
174;41;3088;333
175;41;3092;333
176;41;3092;333
177;41;3092;333
178;41;3092;333
179;41;3092;333
180;41;3092;333
0;42;3087;333
1;42;3100;333
2;42;3098;333
3;42;3100;333
55;42;609;333
56;42;609;333
77;42;359;333
78;42;359;333
87;42;609;333
103;42;1251;333
106;42;609;333
131;42;3093;333
132;42;3093;333
133;42;3092;333
134;42;3092;333
135;42;3092;333
136;42;3092;333
137;42;3092;333
144;42;3100;333
146;42;3092;333
147;42;3092;333
148;42;3092;333
149;42;3092;333
150;42;3092;333
151;42;3092;333
152;42;3092;333
153;42;3092;333
155;42;337;333
156;42;337;333
157;42;233;333
168;42;3097;333
173;42;1246;333
174;42;3088;333
175;42;3092;333
176;42;3092;333
177;42;3092;333
178;42;3092;333
179;42;3092;333
180;42;3092;333
0;43;3087;333
8;43;3097;333
23;43;3100;333
24;43;3098;333
30;43;3100;333
31;43;3098;333
32;43;3098;333
45;43;359;333
53;43;359;333
55;43;608;333
56;43;608;333
59;43;359;333
63;43;359;333
65;43;359;333
67;43;359;333
70;43;359;333
73;43;359;333
76;43;359;333
82;43;359;333
85;43;359;333
87;43;610;333
89;43;359;333
93;43;359;333
95;43;359;333
106;43;609;333
109;43;359;333
118;43;2038;333
127;43;63;333
132;43;233;333
132;43;221;333
133;43;3092;333
134;43;3092;333
135;43;3092;333
136;43;3092;333
137;43;3092;333
138;43;3092;333
141;43;359;333
146;43;3092;333
147;43;3092;333
148;43;3092;333
149;43;3092;333
150;43;3092;333
151;43;3092;333
173;43;404;333
174;43;3088;333
175;43;3092;333
176;43;3092;333
177;43;3092;333
178;43;3092;333
179;43;3092;333
180;43;3092;333
0;44;3087;333
2;44;3100;333
7;44;3098;333
8;44;3098;333
22;44;3100;333
23;44;3097;333
24;44;3098;333
26;44;3100;333
28;44;3097;333
30;44;3098;333
31;44;3097;333
39;44;2937;333
54;44;2927;333;descriptionEn=Royal Hall;descriptionDe=Königssaal
55;44;612;333
56;44;612;333
57;44;2927;333;descriptionEn=Royal Hall;descriptionDe=Königssaal
60;44;359;333
68;44;359;333
78;44;359;333
87;44;611;333
88;44;359;333
91;44;359;333
106;44;609;333
109;44;3090;333
110;44;3089;333
129;44;3101;333
131;44;1254;333
132;44;220;333
133;44;3092;333
134;44;3092;333
135;44;3092;333
136;44;3092;333
137;44;3092;333
142;44;359;333
145;44;2038;333
146;44;3092;333
147;44;3092;333
148;44;3092;333
149;44;3092;333
150;44;3092;333
151;44;3092;333
155;44;3099;333
160;44;404;333
161;44;3090;333
162;44;3089;333
174;44;3088;333
175;44;3092;333
176;44;3092;333
177;44;3092;333
178;44;3092;333
179;44;3092;333
180;44;3092;333
0;45;3087;333
1;45;3100;333
3;45;3100;333
7;45;3098;333
8;45;3098;333
23;45;3100;333
27;45;3098;333
28;45;3098;333
29;45;3100;333
47;45;359;333
50;45;359;333
54;45;2038;333
57;45;3095;333
71;45;359;333
72;45;359;333
87;45;608;333
104;45;359;333
106;45;609;333
109;45;3092;333
110;45;3091;333
113;45;359;333
121;45;3100;333
130;45;63;333
132;45;3090;333
133;45;3092;333
133;45;3097;333
134;45;3092;333
135;45;3092;333
136;45;3092;333
137;45;3092;333
142;45;3090;333
143;45;3089;333
144;45;915;333
146;45;3092;333
147;45;3092;333
148;45;3092;333
149;45;3092;333
150;45;3092;333
151;45;3092;333
157;45;1246;333
161;45;3092;333
162;45;3091;333
164;45;3101;333
165;45;3101;333
168;45;3090;333
169;45;3089;333
173;45;424;333
174;45;3088;333
175;45;3092;333
176;45;3092;333
177;45;3092;333
178;45;3092;333
179;45;3092;333
180;45;3092;333
0;46;3087;333
1;46;3098;333
2;46;3097;333
7;46;3097;333
8;46;404;333
9;46;3088;333
10;46;3087;333
11;46;3085;333
12;46;3085;333
13;46;3085;333
14;46;3085;333
15;46;3085;333
16;46;3085;333
17;46;3085;333
18;46;3092;333
59;46;359;333
61;46;359;333
75;46;359;333
79;46;359;333
82;46;359;333
85;46;359;333
87;46;612;333
92;46;359;333
98;46;3100;333
105;46;2805;333
105;46;2039;333
106;46;612;333
119;46;3095;333
132;46;3092;333
132;46;424;333
133;46;3092;333
134;46;3092;333
135;46;3092;333
136;46;3092;333
137;46;3092;333
142;46;3092;333
143;46;3091;333
145;46;3093;333
145;46;3088;333
146;46;3092;333
147;46;3092;333
148;46;3092;333
149;46;3092;333
150;46;3092;333
151;46;3092;333
160;46;3092;333
164;46;3101;333
167;46;220;333
168;46;3092;333
169;46;3091;333
173;46;1367;333
174;46;3088;333
175;46;3092;333
176;46;3092;333
177;46;3092;333
178;46;3092;333
179;46;3092;333
180;46;3092;333
0;47;3087;333
2;47;3098;333
8;47;3100;333
9;47;3088;333
10;47;3087;333
13;47;402;333
14;47;3097;333
15;47;3098;333
18;47;3088;333
22;47;359;333
44;47;606;333
45;47;605;333
46;47;359;333
51;47;604;333
52;47;605;333
53;47;359;333
55;47;604;333
56;47;601;333
76;47;359;333
80;47;359;333
89;47;607;333
94;47;359;333
95;47;359;333
110;47;359;333
116;47;3097;333
121;47;2805;333
121;47;2038;333
124;47;359;333
130;47;3101;333
132;47;513;333
133;47;3092;333
134;47;3092;333
135;47;3092;333
136;47;3092;333
146;47;3092;333
147;47;3092;333
148;47;3092;333
149;47;3092;333
150;47;3092;333
151;47;3092;333
156;47;1273;333
158;47;3088;333
159;47;3087;333
164;47;3101;333
167;47;220;333
168;47;513;333
169;47;402;333
172;47;3097;333
173;47;221;333
174;47;3088;333
175;47;3092;333
176;47;3092;333
177;47;3092;333
178;47;3092;333
179;47;3092;333
180;47;3092;333
0;48;3087;333
9;48;3088;333
10;48;3087;333
13;48;3098;333
18;48;3088;333
44;48;606;333
45;48;605;333
48;48;359;333
51;48;604;333
52;48;603;333
53;48;603;333
54;48;603;333
55;48;602;333
56;48;601;333
58;48;606;333
59;48;602;333
60;48;605;333
61;48;359;333
62;48;604;333
63;48;601;333
66;48;2038;333
69;48;2038;333
89;48;608;333
98;48;3097;333
99;48;3088;333
99;48;3092;333
100;48;3092;333
102;48;1245;333
121;48;606;333
122;48;603;333
123;48;603;333
124;48;603;333
125;48;601;333
131;48;1362;333
132;48;3088;333
133;48;3092;333
134;48;3092;333
135;48;3092;333
142;48;359;333
145;48;3097;333
146;48;3092;333
147;48;3092;333
148;48;3092;333
149;48;3092;333
150;48;3092;333
151;48;3092;333
157;48;1273;333
158;48;3088;333
159;48;3087;333
174;48;3088;333
175;48;3092;333
176;48;3092;333
177;48;3092;333
178;48;3092;333
179;48;3092;333
180;48;3092;333
0;49;3087;333
5;49;607;333
9;49;3088;333
10;49;3087;333
18;49;3088;333
22;49;359;333
30;49;359;333
40;49;359;333
63;49;607;333
66;49;359;333
74;49;606;333
75;49;602;333
76;49;603;333
77;49;603;333
78;49;603;333
79;49;603;333
80;49;602;333
81;49;602;333
82;49;605;333
85;49;604;333
86;49;601;333
89;49;610;333
95;49;3099;333
96;49;3097;333
97;49;3098;333
98;49;3100;333
99;49;3088;333
100;49;3092;333
101;49;3092;333
106;49;606;333
107;49;603;333
108;49;603;333
109;49;603;333
110;49;602;333
111;49;602;333
112;49;603;333
113;49;603;333
114;49;601;333
114;49;3101;333
117;49;3100;333
121;49;2805;333
121;49;2038;333
127;49;3101;333
132;49;3092;333
133;49;3100;333
134;49;232;333
134;49;233;333
136;49;3097;333
143;49;3100;333
145;49;3088;333
146;49;3092;333
147;49;3092;333
148;49;3092;333
149;49;3092;333
150;49;3092;333
151;49;3092;333
155;49;1257;333
158;49;3088;333
159;49;3087;333
173;49;2906;333
174;49;3088;333
175;49;3092;333
176;49;3092;333
177;49;3092;333
178;49;3092;333
179;49;3092;333
180;49;3092;333
0;50;3087;333
5;50;608;333
9;50;3088;333
10;50;3087;333
14;50;3098;333
18;50;3088;333
42;50;359;333
55;50;607;333
56;50;607;333
61;50;359;333
63;50;608;333
70;50;359;333
74;50;606;333
75;50;602;333
76;50;603;333
77;50;603;333
78;50;603;333
79;50;602;333
80;50;602;333
81;50;605;333
82;50;359;333
84;50;604;333
85;50;602;333
86;50;601;333
89;50;611;333
92;50;359;333
96;50;3098;333
97;50;3099;333
98;50;3097;333
99;50;3088;333
100;50;3092;333
101;50;3092;333
102;50;3092;333
106;50;606;333
107;50;603;333
108;50;603;333
109;50;603;333
110;50;602;333
111;50;602;333
112;50;603;333
113;50;603;333
113;50;3101;333
114;50;601;333
137;50;359;333
139;50;3100;333
144;50;498;333
146;50;3092;333
147;50;3092;333
148;50;3092;333
149;50;3092;333
150;50;3087;333
157;50;404;333
158;50;3088;333
159;50;3087;333
165;50;2926;333;descriptionEn=Sacred Ground;descriptionDe=Heiliger Boden
166;50;680;333
167;50;633;333
168;50;633;333
168;50;402;333
169;50;633;333
170;50;633;333
171;50;633;333
171;50;402;333
172;50;633;333
172;50;220;333
173;50;681;333
173;50;513;333
174;50;3088;333
175;50;3092;333
176;50;3092;333
177;50;3092;333
178;50;3092;333
179;50;3092;333
180;50;3092;333
0;51;3087;333
5;51;609;333
9;51;3088;333
10;51;3087;333
14;51;3098;333
15;51;3097;333
18;51;3088;333
23;51;359;333
40;51;359;333
49;51;359;333
52;51;359;333
55;51;608;333
56;51;608;333
63;51;609;333
67;51;359;333
76;51;359;333
89;51;610;333
96;51;3099;333
97;51;3097;333
98;51;3098;333
99;51;3088;333
100;51;3092;333
101;51;3092;333
106;51;2805;333
106;51;2038;333
114;51;2805;333
114;51;2038;333
130;51;3090;333
131;51;3089;333
138;51;359;333
146;51;3092;333
147;51;3092;333
148;51;3092;333
149;51;3092;333
150;51;3087;333
158;51;3088;333
159;51;3087;333
165;51;3100;333
166;51;674;333
166;51;691;333
172;51;3093;333
173;51;635;333
173;51;404;333
174;51;3088;333
175;51;3092;333
176;51;3092;333
177;51;3092;333
178;51;3092;333
179;51;3092;333
180;51;3092;333
0;52;3087;333
2;52;3098;333
5;52;609;333
7;52;3100;333
9;52;3088;333
10;52;3087;333
17;52;404;333
18;52;3088;333
20;52;359;333
31;52;359;333
37;52;607;333
55;52;609;333
56;52;609;333
58;52;359;333
62;52;359;333
63;52;609;333
71;52;359;333
73;52;359;333
79;52;359;333
87;52;359;333
89;52;611;333
91;52;359;333
99;52;3092;333
100;52;3092;333
112;52;359;333
129;52;3093;333
130;52;3092;333
131;52;3091;333
135;52;359;333
137;52;359;333
146;52;3092;333
147;52;3092;333
148;52;3092;333
149;52;3092;333
155;52;1251;333
158;52;3101;333
158;52;3088;333
159;52;3087;333
164;52;66;333;markerstone=186
166;52;674;333
167;52;3093;333
168;52;28;333
173;52;635;333
174;52;3088;333
175;52;3092;333
176;52;3092;333
177;52;3092;333
178;52;3092;333
179;52;3092;333
180;52;3092;333
0;53;3087;333
1;53;3100;333
2;53;3100;333
3;53;3097;333
5;53;608;333
7;53;3098;333
8;53;3097;333
9;53;3088;333
10;53;3087;333
18;53;3088;333
27;53;359;333
35;53;359;333
37;53;608;333
38;53;607;333
45;53;607;333
55;53;609;333
56;53;609;333
63;53;609;333
65;53;359;333
81;53;359;333
85;53;359;333
89;53;609;333
93;53;359;333
103;53;359;333
108;53;359;333
116;53;3097;333
126;53;2039;333
142;53;3092;333
143;53;3092;333
144;53;3092;333
145;53;3092;333
146;53;3092;333
147;53;3092;333
148;53;3092;333
155;53;3085;333
156;53;3085;333
157;53;3085;333
158;53;3092;333
159;53;3092;333
160;53;3094;333
163;53;2937;333
165;53;513;333
166;53;674;333
172;53;3093;333
173;53;635;333
174;53;3088;333
175;53;3092;333
176;53;3092;333
177;53;3092;333
178;53;3092;333
179;53;3092;333
180;53;3092;333
180;53;3092;333
0;54;3087;333
1;54;3100;333
2;54;3098;333
5;54;609;333
7;54;3098;333
8;54;3100;333
9;54;3088;333
10;54;3087;333
18;54;3088;333
22;54;359;333
24;54;359;333
28;54;359;333
37;54;609;333
38;54;608;333
45;54;609;333
53;54;359;333
55;54;609;333
56;54;609;333
59;54;359;333
63;54;609;333
66;54;359;333
68;54;359;333
89;54;608;333
110;54;3086;333
111;54;3086;333
112;54;3086;333
114;54;359;333
116;54;3097;333
117;54;3097;333
121;54;359;333
135;54;3097;333
142;54;3092;333
143;54;3092;333
144;54;3092;333
145;54;3092;333
146;54;3092;333
147;54;3092;333
154;54;1250;333
154;54;3088;333
155;54;3087;333
158;54;402;333
162;54;3101;333
164;54;3093;333
165;54;2926;333;descriptionEn=Sacred Ground;descriptionDe=Heiliger Boden
166;54;674;333
173;54;635;333
173;54;404;333
174;54;3088;333
175;54;3092;333
176;54;3092;333
177;54;3092;333
178;54;3092;333
179;54;3092;333
180;54;3092;333
0;55;3087;333
5;55;609;333
9;55;3088;333
10;55;3087;333
18;55;3088;333
30;55;359;333
32;55;359;333
37;55;609;333
38;55;609;333
45;55;609;333
48;55;359;333
49;55;359;333
53;55;359;333
55;55;609;333
56;55;609;333
57;55;359;333
60;55;359;333
62;55;359;333
63;55;609;333
71;55;359;333
82;55;359;333
84;55;359;333
86;55;359;333
89;55;612;333
91;55;2038;333
94;55;359;333
96;55;359;333
109;55;3090;333
110;55;3085;333
111;55;3092;333
112;55;3092;333
134;55;359;333
138;55;3088;333
142;55;3092;333
143;55;3092;333
144;55;3092;333
145;55;3092;333
146;55;3092;333
147;55;3092;333
154;55;3088;333
155;55;3087;333
166;55;678;333
167;55;673;333
173;55;635;333
174;55;3088;333
175;55;3092;333
176;55;3092;333
177;55;3092;333
178;55;3092;333
179;55;3092;333
180;55;3092;333
0;56;3087;333
5;56;608;333
9;56;3088;333
10;56;3087;333
17;56;404;333
18;56;3088;333
37;56;609;333
38;56;610;333
45;56;609;333
55;56;608;333
56;56;608;333
63;56;609;333
73;56;359;333
76;56;359;333
79;56;2038;333
102;56;3093;333
103;56;3090;333
104;56;3089;333
109;56;3092;333
110;56;3092;333
111;56;3092;333
112;56;3091;333
123;56;3100;333
127;56;359;333
131;56;359;333
137;56;1250;333
138;56;3092;333
139;56;3092;333
140;56;3092;333
141;56;3092;333
142;56;3092;333
143;56;3092;333
144;56;3092;333
145;56;3092;333
146;56;3092;333
147;56;3092;333
154;56;3088;333
155;56;3089;333
164;56;3093;333
167;56;632;333
167;56;689;333
168;56;652;333
169;56;656;333
170;56;632;333
171;56;632;333
172;56;632;333
173;56;683;333
174;56;3088;333
175;56;3092;333
176;56;3092;333
177;56;3092;333
178;56;3092;333
179;56;3092;333
180;56;3092;333
0;57;3087;333
5;57;609;333
9;57;3088;333
10;57;3087;333
17;57;3098;333
18;57;3088;333
26;57;359;333
37;57;610;333
41;57;359;333
45;57;608;333
50;57;359;333
55;57;612;333
56;57;612;333
63;57;608;333
65;57;359;333
67;57;359;333
82;57;606;333
83;57;602;333
84;57;603;333
85;57;603;333
86;57;603;333
87;57;603;333
88;57;602;333
89;57;601;333
102;57;3093;333
103;57;3092;333
104;57;3091;333
113;57;359;333
115;57;3097;333
133;57;3090;333
134;57;3089;333
135;57;3097;333
138;57;3092;333
139;57;3092;333
140;57;3092;333
141;57;3092;333
142;57;3092;333
143;57;3092;333
144;57;3092;333
145;57;3092;333
146;57;3092;333
147;57;3092;333
153;57;404;333
154;57;3092;333
155;57;3085;333
159;57;3101;333
165;57;513;333
166;57;3095;333
167;57;3095;333
170;57;3095;333
171;57;402;333
172;57;3095;333
174;57;3088;333
175;57;3092;333
176;57;3092;333
177;57;3092;333
178;57;3092;333
179;57;3092;333
180;57;3092;333
0;58;3087;333
2;58;3098;333
3;58;3100;333
5;58;609;333
9;58;3088;333
10;58;3087;333
17;58;3097;333
18;58;3088;333
24;58;359;333
32;58;359;333
35;58;359;333
43;58;359;333
45;58;608;333
59;58;359;333
63;58;612;333
68;58;359;333
76;58;2038;333
86;58;359;333
88;58;607;333
92;58;359;333
116;58;3097;333
124;58;520;333;nameDe=Cheselth ;nameEn=Cheselth ;descriptionEn=The Gifted;descriptionDe=der Begabte
127;58;359;333
130;58;915;333
131;58;915;333
133;58;3092;333
134;58;3091;333
138;58;1251;333
139;58;3088;333
140;58;3087;333
141;58;2039;333
142;58;3092;333
143;58;3092;333
144;58;3092;333
145;58;3092;333
146;58;3092;333
147;58;3092;333
153;58;3099;333
174;58;3088;333
175;58;3092;333
176;58;3092;333
177;58;3092;333
178;58;3092;333
179;58;3092;333
180;58;3092;333
0;59;3087;333
1;59;3100;333
2;59;3098;333
3;59;3100;333
5;59;608;333
8;59;3098;333
9;59;3088;333
10;59;3087;333
18;59;3088;333
21;59;359;333
29;59;359;333
37;59;359;333
38;59;611;333
45;59;608;333
48;59;359;333
52;59;359;333
57;59;606;333
58;59;603;333
59;59;603;333
60;59;603;333
61;59;601;333
70;59;359;333
78;59;359;333
88;59;610;333
108;59;3093;333
109;59;3090;333
110;59;3092;333
113;59;359;333
129;59;1276;333
133;59;3095;333
139;59;3092;333
140;59;1361;333
142;59;3092;333
143;59;3092;333
144;59;3092;333
145;59;3092;333
146;59;3092;333
147;59;3092;333
148;59;3092;333
157;59;2039;333
174;59;3088;333
175;59;3092;333
176;59;3092;333
177;59;3092;333
178;59;3092;333
179;59;3092;333
180;59;3092;333
0;60;3087;333
2;60;3098;333
3;60;3097;333
5;60;609;333
7;60;3098;333
8;60;3100;333
9;60;3088;333
10;60;3087;333
18;60;3088;333
26;60;359;333
37;60;611;333
38;60;608;333
39;60;359;333
45;60;609;333
57;60;606;333
58;60;602;333
59;60;603;333
60;60;603;333
61;60;601;333
63;60;606;333
64;60;602;333
65;60;603;333
66;60;603;333
67;60;603;333
68;60;605;333
70;60;604;333
71;60;603;333
72;60;603;333
73;60;603;333
74;60;602;333
75;60;601;333
83;60;2937;333
88;60;359;333
92;60;359;333
97;60;359;333
108;60;3093;333
109;60;3092;333
110;60;3092;333
111;60;3092;333
114;60;359;333
127;60;359;333
129;60;359;333
142;60;3092;333
143;60;3092;333
144;60;3092;333
145;60;3092;333
146;60;3092;333
147;60;3092;333
148;60;3092;333
165;60;3093;333
169;60;3092;333
170;60;3092;333
171;60;3092;333
172;60;3092;333
173;60;3092;333
174;60;3092;333
175;60;3092;333
176;60;3092;333
177;60;3092;333
178;60;3092;333
179;60;3092;333
0;61;3087;333
2;61;3100;333
5;61;609;333
8;61;3100;333
9;61;3088;333
10;61;3087;333
15;61;3098;333
16;61;3098;333
17;61;3097;333
18;61;3088;333
30;61;359;333
33;61;359;333
37;61;612;333
38;61;612;333
42;61;359;333
45;61;609;333
48;61;359;333
62;61;607;333
63;61;607;333
74;61;607;333
86;61;359;333
88;61;611;333
109;61;3092;333
110;61;3092;333
111;61;3092;333
113;61;3100;333
115;61;3088;333
116;61;3092;333
117;61;3092;333
118;61;3092;333
130;61;1254;333
131;61;915;333
141;61;3097;333
142;61;3101;333
143;61;232;333
144;61;3092;333
145;61;3092;333
146;61;3092;333
147;61;3092;333
148;61;3092;333
165;61;3098;333
168;61;3092;333
169;61;3092;333
170;61;3092;333
171;61;3092;333
172;61;3092;333
173;61;3092;333
174;61;3092;333
175;61;3092;333
176;61;3092;333
177;61;3092;333
178;61;3092;333
0;62;3087;333
5;62;612;333
7;62;3098;333
8;62;3100;333
9;62;3088;333
10;62;3087;333
16;62;3098;333
17;62;404;333
18;62;3092;333
23;62;606;333
24;62;602;333
25;62;602;333
26;62;603;333
27;62;603;333
28;62;603;333
29;62;603;333
30;62;603;333
31;62;603;333
32;62;603;333
33;62;603;333
34;62;603;333
35;62;602;333
36;62;601;333
45;62;608;333
48;62;359;333
51;62;359;333
59;62;359;333
62;62;608;333
63;62;608;333
67;62;359;333
71;62;611;333
74;62;610;333
77;62;607;333
84;62;359;333
88;62;609;333
92;62;359;333
110;62;3100;333
111;62;232;333
111;62;233;333
114;62;359;333
115;62;3088;333
116;62;3092;333
117;62;3092;333
118;62;3092;333
119;62;3092;333
120;62;3092;333
121;62;3092;333
122;62;3092;333
137;62;520;333;nameDe=Dennenth ;nameEn=Dennenth ;descriptionEn=The Voiceless One;descriptionDe=der Stumme
138;62;359;333
142;62;404;333
143;62;3092;333
144;62;3092;333
145;62;3092;333
146;62;3092;333
147;62;3092;333
148;62;3092;333
155;62;2038;333
158;62;3093;333
158;62;404;333
159;62;3092;333
160;62;3090;333
161;62;3089;333
165;62;221;333
166;62;3088;333
167;62;3092;333
168;62;3092;333
169;62;3092;333
170;62;3092;333
171;62;3092;333
172;62;3092;333
173;62;3092;333
174;62;3092;333
175;62;3092;333
176;62;3092;333
177;62;3092;333
0;63;3087;333
7;63;3100;333
8;63;3098;333
9;63;3088;333
10;63;3087;333
23;63;606;333
24;63;602;333
25;63;602;333
26;63;603;333
27;63;603;333
28;63;603;333
29;63;603;333
30;63;603;333
31;63;603;333
32;63;603;333
33;63;603;333
34;63;603;333
35;63;602;333
36;63;601;333
37;63;607;333
38;63;607;333
45;63;608;333
62;63;609;333
63;63;609;333
71;63;608;333
77;63;610;333
88;63;609;333
90;63;359;333
94;63;359;333
102;63;3090;333
103;63;3089;333
115;63;3088;333
116;63;3092;333
117;63;3092;333
118;63;3092;333
119;63;3092;333
120;63;3092;333
121;63;3092;333
122;63;3092;333
128;63;1254;333
129;63;915;333
131;63;3092;333
139;63;1245;333
142;63;3101;333
143;63;3092;333
144;63;3092;333
145;63;3092;333
146;63;3092;333
147;63;3092;333
148;63;3092;333
160;63;3092;333
161;63;3091;333
165;63;1257;333
166;63;3088;333
167;63;3092;333
168;63;3092;333
169;63;3092;333
170;63;3092;333
171;63;3092;333
172;63;3092;333
173;63;3092;333
174;63;3092;333
175;63;3092;333
176;63;3092;333
0;64;3087;333
1;64;3097;333
7;64;3098;333
8;64;3098;333
9;64;3088;333
10;64;3087;333
37;64;608;333
38;64;610;333
45;64;608;333
49;64;359;333
53;64;359;333
56;64;359;333
57;64;359;333
62;64;609;333
63;64;609;333
65;64;359;333
68;64;359;333
71;64;609;333
74;64;359;333
80;64;359;333
82;64;359;333
88;64;609;333
99;64;3092;333
100;64;3092;333
100;64;3092;333
102;64;3092;333
103;64;3091;333
111;64;359;333
114;64;3090;333
115;64;3089;333
116;64;3092;333
117;64;3092;333
118;64;3092;333
119;64;3092;333
120;64;3092;333
121;64;3092;333
122;64;3092;333
123;64;3097;333
124;64;3097;333
127;64;359;333
130;64;3092;333
131;64;3085;333
133;64;359;333
139;64;359;333
144;64;3100;333
145;64;3092;333
146;64;3092;333
147;64;3092;333
148;64;3092;333
149;64;3092;333
160;64;402;333
164;64;3093;333
165;64;3093;333
165;64;404;333
166;64;3088;333
167;64;3092;333
168;64;3092;333
169;64;3092;333
170;64;3092;333
171;64;3092;333
172;64;3092;333
173;64;3092;333
174;64;3092;333
175;64;3092;333
0;65;3087;333
1;65;3097;333
7;65;3097;333
8;65;404;333
9;65;3088;333
10;65;3087;333
28;65;359;333
34;65;359;333
37;65;609;333
40;65;359;333
45;65;609;333
59;65;359;333
62;65;609;333
63;65;610;333
71;65;609;333
74;65;611;333
83;65;359;333
88;65;609;333
91;65;359;333
98;65;3097;333
99;65;3088;333
99;65;3092;333
100;65;3092;333
102;65;3095;333
104;65;359;333
114;65;3092;333
115;65;3092;333
116;65;3092;333
117;65;3092;333
118;65;3092;333
122;65;3100;333
131;65;3095;333
144;65;2039;333
145;65;3092;333
146;65;3092;333
147;65;3092;333
148;65;3092;333
149;65;3092;333
151;65;3099;333
164;65;1251;333
165;65;8;333
166;65;3088;333
167;65;3092;333
168;65;3092;333
169;65;3092;333
170;65;3092;333
171;65;3092;333
172;65;3092;333
173;65;3092;333
174;65;3092;333
0;66;3087;333
9;66;3088;333
10;66;3087;333
18;66;3092;333
22;66;359;333
25;66;359;333
30;66;359;333
37;66;609;333
45;66;609;333
50;66;359;333
54;66;359;333
61;66;359;333
62;66;609;333
64;66;359;333
66;66;359;333
69;66;359;333
71;66;609;333
74;66;609;333
77;66;611;333
79;66;606;333
80;66;602;333
81;66;603;333
82;66;603;333
83;66;603;333
84;66;603;333
85;66;602;333
86;66;601;333
88;66;609;333
94;66;359;333
98;66;3098;333
99;66;3088;333
100;66;3092;333
100;66;3092;333
100;66;3092;333
100;66;3092;333
101;66;3092;333
101;66;3092;333
107;66;359;333
116;66;3092;333
117;66;3092;333
118;66;3092;333
123;66;1245;333
130;66;3101;333
131;66;606;333
132;66;604;333
135;66;2937;333
144;66;3093;333
145;66;3092;333
146;66;3092;333
147;66;3092;333
148;66;3092;333
149;66;3092;333
153;66;3101;333
166;66;3088;333
167;66;3092;333
168;66;3092;333
169;66;3092;333
170;66;3092;333
171;66;3092;333
172;66;3092;333
173;66;3092;333
174;66;3092;333
0;67;3087;333
1;67;3097;333
9;67;3088;333
10;67;3087;333
13;67;3098;333
14;67;3097;333
15;67;3098;333
17;67;3098;333
18;67;3088;333
37;67;609;333
38;67;359;333
45;67;609;333
47;67;359;333
48;67;359;333
51;67;359;333
62;67;609;333
71;67;609;333
74;67;609;333
75;67;359;333
77;67;608;333
87;67;359;333
88;67;609;333
92;67;359;333
96;67;3098;333
97;67;3099;333
98;67;3099;333
99;67;3088;333
100;67;3092;333
100;67;3092;333
100;67;3092;333
100;67;3092;333
100;67;3092;333
101;67;3092;333
116;67;3092;333
117;67;3092;333
118;67;3092;333
122;67;1276;333
138;67;3098;333
139;67;3098;333
140;67;604;333
141;67;603;333
141;67;2937;333
142;67;601;333
144;67;3092;333
145;67;3085;333
146;67;3085;333
147;67;3085;333
148;67;3085;333
149;67;3085;333
150;67;3097;333
165;67;1362;333
166;67;3088;333
167;67;3092;333
168;67;3092;333
169;67;3092;333
170;67;3092;333
171;67;3092;333
172;67;3092;333
173;67;3092;333
174;67;3092;333
175;67;3092;333
0;68;3087;333
1;68;3098;333
2;68;3098;333
9;68;3088;333
10;68;3087;333
14;68;3098;333
17;68;3098;333
18;68;3088;333
27;68;359;333
33;68;359;333
37;68;609;333
42;68;359;333
45;68;612;333
56;68;359;333
62;68;608;333
63;68;611;333
69;68;359;333
71;68;609;333
72;68;359;333
74;68;609;333
77;68;608;333
82;68;359;333
85;68;2937;333
88;68;608;333
96;68;3098;333
97;68;3099;333
98;68;3098;333
99;68;3088;333
100;68;3092;333
100;68;3092;333
101;68;3092;333
107;68;359;333
114;68;359;333
116;68;3092;333
117;68;3092;333
118;68;3092;333
119;68;2038;333
121;68;1246;333
122;68;359;333
127;68;915;333
130;68;3090;333
131;68;3086;333
145;68;2805;333
145;68;2038;333
146;68;425;333
146;68;402;333
147;68;2907;333
165;68;221;333
166;68;3088;333
167;68;3092;333
168;68;3092;333
169;68;3092;333
170;68;3092;333
171;68;3092;333
172;68;3092;333
173;68;3092;333
174;68;3092;333
175;68;3092;333
176;68;3092;333
0;69;3087;333
1;69;3100;333
2;69;3098;333
9;69;3088;333
10;69;3087;333
17;69;3097;333
18;69;3088;333
21;69;359;333
37;69;608;333
38;69;611;333
49;69;359;333
53;69;359;333
56;69;359;333
62;69;612;333
63;69;612;333
69;69;359;333
71;69;609;333
72;69;611;333
74;69;609;333
77;69;609;333
79;69;359;333
88;69;612;333
96;69;3097;333
97;69;3099;333
99;69;3092;333
100;69;3092;333
116;69;3097;333
116;69;2907;333
117;69;3095;333
129;69;3093;333
130;69;3092;333
131;69;3092;333
138;69;1246;333
140;69;3098;333
145;69;3095;333
161;69;3101;333
166;69;3088;333
167;69;3092;333
168;69;3092;333
169;69;3092;333
170;69;3092;333
171;69;3092;333
172;69;3092;333
173;69;3092;333
174;69;3092;333
175;69;3092;333
0;70;3087;333
9;70;3088;333
10;70;3087;333
17;70;404;333
18;70;3088;333
27;70;359;333
30;70;359;333
37;70;612;333
38;70;612;333
41;70;359;333
54;70;359;333
65;70;359;333
71;70;608;333
72;70;608;333
74;70;608;333
76;70;359;333
77;70;609;333
86;70;607;333
90;70;607;333
95;70;3099;333
96;70;3097;333
97;70;3100;333
102;70;3090;333
103;70;3089;333
117;70;2937;333
131;70;498;333
137;70;2937;333
140;70;359;333
165;70;404;333
166;70;3088;333
167;70;3092;333
168;70;3092;333
169;70;3092;333
170;70;3092;333
171;70;3092;333
172;70;3092;333
173;70;3092;333
174;70;3092;333
0;71;3087;333
7;71;3097;333
8;71;404;333
9;71;3088;333
10;71;3087;333
18;71;3088;333
32;71;359;333
51;71;359;333
69;71;359;333
71;71;612;333
72;71;612;333
74;71;608;333
77;71;608;333
79;71;359;333
86;71;608;333
88;71;2937;333
90;71;610;333
96;71;3097;333
97;71;3097;333
102;71;3092;333
103;71;3091;333
111;71;359;333
127;71;604;333
128;71;605;333
134;71;3090;333
135;71;3089;333
145;71;3096;333
166;71;3088;333
167;71;3092;333
168;71;3092;333
169;71;3092;333
170;71;3092;333
171;71;3092;333
172;71;3092;333
173;71;3092;333
174;71;3092;333
0;72;3087;333
7;72;3098;333
8;72;3100;333
9;72;3088;333
10;72;3087;333
18;72;3088;333
22;72;359;333
26;72;359;333
43;72;359;333
65;72;359;333
74;72;608;333
77;72;608;333
81;72;359;333
83;72;359;333
86;72;609;333
91;72;2038;333
94;72;359;333
108;72;359;333
109;72;611;333
117;72;2805;333
117;72;2038;333
121;72;2805;333
121;72;2038;333
131;72;3101;333
132;72;1254;333
134;72;3092;333
135;72;3091;333
138;72;1245;333
145;72;2805;333
145;72;2038;333
147;72;1278;333
148;72;1278;333
149;72;1278;333
150;72;1278;333
151;72;1278;333
152;72;1278;333
153;72;1278;333
154;72;1278;333
155;72;1278;333
156;72;1278;333
157;72;1278;333
158;72;1278;333
159;72;1278;333
160;72;1278;333
161;72;1278;333
162;72;1278;333
163;72;1278;333
164;72;1278;333
165;72;1278;333
166;72;1278;333
167;72;3092;333
168;72;3092;333
169;72;3092;333
170;72;3092;333
171;72;3092;333
172;72;3092;333
173;72;3092;333
0;73;3087;333
1;73;3098;333
7;73;3097;333
8;73;3098;333
9;73;3088;333
10;73;3087;333
18;73;3088;333
28;73;359;333
34;73;359;333
49;73;606;333
49;73;3101;333
50;73;605;333
52;73;604;333
53;73;605;333
56;73;604;333
57;73;601;333
62;73;606;333
63;73;603;333
64;73;603;333
65;73;601;333
74;73;608;333
75;73;359;333
77;73;609;333
86;73;609;333
91;73;606;333
92;73;603;333
93;73;605;333
94;73;604;333
95;73;603;333
96;73;603;333
97;73;603;333
98;73;603;333
99;73;603;333
100;73;603;333
101;73;603;333
102;73;603;333
103;73;603;333
104;73;601;333
109;73;612;333
117;73;606;333
118;73;603;333
119;73;603;333
120;73;603;333
121;73;601;333
122;73;2937;333
130;73;2038;333
131;73;915;333
132;73;915;333
137;73;359;333
140;73;359;333
144;73;1245;333
147;73;1278;333
148;73;1278;333
149;73;1278;333
150;73;1278;333
151;73;1278;333
152;73;1278;333
153;73;1278;333
154;73;1278;333
155;73;1278;333
156;73;1278;333
157;73;1278;333
158;73;1278;333
159;73;1278;333
160;73;1278;333
161;73;1278;333
162;73;1278;333
163;73;1278;333
164;73;1278;333
165;73;1278;333
166;73;1278;333
167;73;3092;333
168;73;3092;333
169;73;3092;333
170;73;3092;333
171;73;3092;333
172;73;3092;333
0;74;3087;333
1;74;3097;333
2;74;3098;333
7;74;3100;333
9;74;3088;333
10;74;3087;333
17;74;359;333
18;74;3088;333
26;74;606;333
27;74;603;333
28;74;603;333
29;74;603;333
30;74;603;333
31;74;601;333
36;74;359;333
40;74;606;333
41;74;602;333
42;74;603;333
43;74;603;333
44;74;603;333
45;74;602;333
46;74;601;333
49;74;606;333
49;74;3101;333
50;74;603;333
50;74;2937;333
50;74;3101;333
51;74;603;333
51;74;3101;333
52;74;603;333
52;74;3101;333
53;74;605;333
54;74;359;333
56;74;604;333
57;74;601;333
62;74;606;333
63;74;603;333
64;74;603;333
65;74;601;333
74;74;609;333
77;74;609;333
86;74;609;333
88;74;359;333
89;74;2038;333
90;74;611;333
91;74;606;333
92;74;603;333
93;74;603;333
94;74;603;333
95;74;603;333
96;74;603;333
97;74;605;333
98;74;604;333
99;74;603;333
100;74;603;333
101;74;603;333
102;74;603;333
103;74;603;333
104;74;601;333
112;74;359;333
114;74;359;333
117;74;2805;333
117;74;2038;333
123;74;3101;333
131;74;1245;333
135;74;2937;333
146;74;3092;333
147;74;3092;333
148;74;3092;333
149;74;3092;333
150;74;3092;333
151;74;3092;333
152;74;3092;333
153;74;3092;333
154;74;3092;333
155;74;3092;333
156;74;3092;333
157;74;3092;333
158;74;3092;333
159;74;3092;333
160;74;3092;333
161;74;3092;333
162;74;3092;333
163;74;3092;333
164;74;3092;333
165;74;3092;333
166;74;3092;333
167;74;3092;333
168;74;3092;333
169;74;3092;333
170;74;3092;333
171;74;3092;333
172;74;3092;333
0;75;3087;333
7;75;3097;333
8;75;3098;333
9;75;3088;333
10;75;3087;333
18;75;3088;333
40;75;606;333
41;75;602;333
42;75;603;333
43;75;603;333
44;75;603;333
45;75;602;333
46;75;601;333
47;75;3101;333
69;75;359;333
72;75;359;333
74;75;609;333
77;75;608;333
84;75;359;333
86;75;609;333
90;75;608;333
91;75;606;333
92;75;605;333
93;75;604;333
94;75;603;333
95;75;603;333
96;75;603;333
97;75;603;333
98;75;603;333
99;75;603;333
100;75;605;333
101;75;604;333
102;75;603;333
103;75;603;333
104;75;601;333
127;75;359;333
142;75;3098;333
145;75;3092;333
146;75;3092;333
147;75;3092;333
148;75;3092;333
149;75;3092;333
150;75;3092;333
151;75;3092;333
152;75;3092;333
153;75;3092;333
154;75;3092;333
155;75;3092;333
156;75;3092;333
157;75;3092;333
158;75;3092;333
159;75;3092;333
160;75;3092;333
161;75;3092;333
162;75;3092;333
163;75;3092;333
164;75;3092;333
165;75;3092;333
166;75;3092;333
167;75;3092;333
168;75;3092;333
169;75;3092;333
170;75;3092;333
171;75;3092;333
172;75;3092;333
0;76;3087;333
1;76;3098;333
2;76;3098;333
9;76;3088;333
10;76;3087;333
18;76;3088;333
22;76;359;333
23;76;359;333
28;76;359;333
46;76;3101;333
47;76;2038;333
48;76;3101;333
62;76;359;333
74;76;609;333
75;76;359;333
77;76;612;333
79;76;359;333
81;76;359;333
86;76;609;333
90;76;609;333
102;76;3090;333
103;76;3089;333
109;76;604;333
110;76;603;333
111;76;603;333
112;76;603;333
113;76;603;333
114;76;603;333
115;76;603;333
116;76;601;333
118;76;1245;333
122;76;3090;333
123;76;3089;333
139;76;3101;333
143;76;424;333
144;76;3088;333
145;76;3092;333
146;76;3092;333
147;76;3092;333
148;76;3092;333
149;76;3092;333
150;76;3092;333
151;76;3092;333
152;76;3092;333
153;76;3092;333
154;76;3092;333
155;76;3092;333
156;76;3092;333
157;76;3092;333
158;76;3092;333
159;76;3092;333
160;76;3092;333
161;76;3092;333
162;76;3092;333
163;76;3092;333
164;76;3092;333
165;76;3092;333
166;76;3092;333
167;76;3092;333
168;76;3092;333
169;76;3092;333
170;76;3092;333
171;76;3092;333
0;77;3087;333
8;77;404;333
9;77;3088;333
10;77;3087;333
18;77;3088;333
37;77;359;333
47;77;3101;333
64;77;359;333
71;77;359;333
74;77;608;333
84;77;359;333
86;77;609;333
90;77;609;333
95;77;359;333
102;77;3092;333
103;77;3091;333
107;77;359;333
114;77;359;333
121;77;3093;333
122;77;3092;333
123;77;3091;333
130;77;1246;333
137;77;1246;333
139;77;520;333;nameDe=Stiria ;nameEn=Stiria ;descriptionEn=The Dragonlord;descriptionDe=der Drachenlord
143;77;519;333;nameDe=Avrae ;nameEn=Avrae ;descriptionEn=Keeper of the Eternal Fire;descriptionDe=Wächter des ewigen Feuers
144;77;3092;333
145;77;3092;333
146;77;3092;333
147;77;3092;333
148;77;3092;333
149;77;3092;333
150;77;3092;333
151;77;3092;333
152;77;3092;333
153;77;3092;333
154;77;3092;333
155;77;3092;333
156;77;3092;333
157;77;3092;333
158;77;3092;333
159;77;3092;333
160;77;3092;333
161;77;3092;333
162;77;3092;333
163;77;3092;333
164;77;3092;333
165;77;3092;333
166;77;3092;333
167;77;3092;333
168;77;3092;333
169;77;3092;333
170;77;3092;333
171;77;3092;333
0;78;3087;333
0;78;3087;333
6;78;3097;333
7;78;3097;333
9;78;3088;333
10;78;3087;333
18;78;3088;333
23;78;359;333
25;78;359;333
41;78;359;333
62;78;359;333
69;78;359;333
72;78;359;333
74;78;612;333
86;78;608;333
88;78;359;333
90;78;609;333
91;78;359;333
94;78;359;333
98;78;3097;333
102;78;3095;333
119;78;1245;333
123;78;520;333;nameDe=Galzra ;nameEn=Galzra ;descriptionEn=The Squeeler;descriptionDe=der Nörgler
125;78;359;333
134;78;3090;333
135;78;3089;333
144;78;3088;333
145;78;3092;333
146;78;3092;333
147;78;3092;333
148;78;3092;333
149;78;3092;333
150;78;3092;333
151;78;3092;333
152;78;3092;333
153;78;3092;333
154;78;3092;333
155;78;3092;333
156;78;3092;333
157;78;3092;333
158;78;3092;333
159;78;3092;333
160;78;3092;333
161;78;3092;333
162;78;3092;333
163;78;3092;333
164;78;3092;333
165;78;3092;333
166;78;3092;333
167;78;3092;333
168;78;3092;333
169;78;3092;333
170;78;3092;333
171;78;3092;333
0;79;3087;333
1;79;3100;333
2;79;3097;333
9;79;3088;333
10;79;3087;333
17;79;404;333
18;79;3088;333
24;79;359;333
29;79;359;333
32;79;359;333
65;79;607;333
71;79;359;333
79;79;359;333
86;79;612;333
90;79;608;333
98;79;3099;333
112;79;359;333
117;79;359;333
129;79;2937;333
134;79;3092;333
135;79;3091;333
140;79;3101;333
144;79;3088;333
145;79;3092;333
146;79;3092;333
147;79;3092;333
148;79;3092;333
149;79;3092;333
150;79;3092;333
151;79;3092;333
152;79;3092;333
153;79;3092;333
156;79;3092;333
157;79;3092;333
158;79;3092;333
159;79;3092;333
160;79;3092;333
161;79;3092;333
162;79;3092;333
163;79;3092;333
165;79;3092;333
166;79;3092;333
167;79;3092;333
168;79;3092;333
169;79;3092;333
170;79;3092;333
0;80;3087;333
2;80;3098;333
9;80;3088;333
10;80;3087;333
18;80;3088;333
21;80;359;333
26;80;359;333
37;80;359;333
41;80;359;333
43;80;359;333
45;80;607;333
49;80;359;333
54;80;359;333
58;80;359;333
65;80;608;333
67;80;606;333
68;80;602;333
69;80;603;333
70;80;603;333
71;80;603;333
72;80;605;333
74;80;604;333
75;80;601;333
81;80;359;333
90;80;608;333
94;80;359;333
95;80;3100;333
96;80;3098;333
97;80;3100;333
98;80;3099;333
99;80;3092;333
100;80;3092;333
113;80;3090;333
114;80;3089;333
143;80;3088;333
144;80;3089;333
145;80;3092;333
146;80;3092;333
147;80;3092;333
148;80;3092;333
149;80;3092;333
150;80;3092;333
151;80;3092;333
152;80;3092;333
157;80;3092;333
158;80;3092;333
159;80;3092;333
160;80;3092;333
161;80;3092;333
162;80;3092;333
166;80;3092;333
167;80;3092;333
168;80;3092;333
169;80;3092;333
0;81;3087;333
1;81;3098;333
9;81;3088;333
10;81;3087;333
18;81;3088;333
45;81;609;333
65;81;609;333
83;81;607;333
84;81;607;333
90;81;609;333
95;81;3099;333
96;81;3100;333
97;81;3097;333
98;81;3097;333
99;81;3088;333
100;81;3092;333
101;81;3092;333
101;81;3092;333
113;81;3092;333
114;81;3091;333
118;81;1246;333
142;81;359;333
143;81;3092;333
144;81;3088;333
145;81;3092;333
146;81;3092;333
147;81;3092;333
148;81;3092;333
149;81;3092;333
150;81;3092;333
151;81;3092;333
159;81;3092;333
160;81;3092;333
161;81;3092;333
167;81;3092;333
168;81;3092;333
0;82;3087;333
8;82;404;333
9;82;3088;333
10;82;3087;333
18;82;3088;333
40;82;359;333
45;82;609;333
52;82;359;333
56;82;359;333
60;82;359;333
62;82;359;333
65;82;609;333
72;82;359;333
80;82;359;333
83;82;608;333
84;82;610;333
90;82;609;333
96;82;3097;333
97;82;3098;333
98;82;3098;333
99;82;3088;333
100;82;3092;333
101;82;3092;333
102;82;3092;333
138;82;359;333
143;82;3088;333
144;82;3092;333
145;82;3092;333
146;82;3092;333
147;82;3092;333
148;82;3092;333
149;82;3092;333
150;82;3092;333
160;82;3092;333
168;82;3092;333
0;83;3087;333
6;83;3098;333
7;83;3098;333
9;83;3088;333
10;83;3087;333
18;83;3092;333
19;83;3085;333
20;83;3085;333
21;83;3085;333
22;83;3085;333
23;83;3085;333
24;83;3085;333
25;83;3085;333
26;83;3085;333
27;83;3085;333
28;83;3085;333
29;83;3092;333
32;83;359;333
40;83;359;333
43;83;359;333
45;83;609;333
63;83;359;333
65;83;609;333
66;83;359;333
68;83;359;333
75;83;2038;333
79;83;359;333
80;83;359;333
83;83;610;333
88;83;359;333
90;83;609;333
99;83;3088;333
100;83;3092;333
101;83;3092;333
108;83;359;333
111;83;359;333
115;83;359;333
126;83;359;333
143;83;3088;333
144;83;3092;333
145;83;3092;333
146;83;3092;333
147;83;3092;333
148;83;3092;333
0;84;3087;333
6;84;3097;333
8;84;3100;333
9;84;3088;333
10;84;3087;333
14;84;3100;333
22;84;402;333
23;84;3100;333
24;84;3097;333
25;84;3098;333
28;84;359;333
29;84;3088;333
45;84;612;333
58;84;359;333
65;84;609;333
69;84;359;333
71;84;359;333
84;84;611;333
88;84;359;333
90;84;609;333
92;84;359;333
99;84;3092;333
100;84;3092;333
124;84;359;333
131;84;359;333
133;84;359;333
138;84;359;333
142;84;359;333
143;84;3088;333
144;84;3092;333
145;84;3092;333
146;84;3092;333
147;84;3092;333
0;85;3087;333
9;85;3088;333
10;85;3087;333
14;85;3098;333
28;85;3098;333
29;85;3088;333
65;85;608;333
68;85;359;333
75;85;359;333
84;85;609;333
85;85;359;333
90;85;609;333
94;85;359;333
97;85;359;333
103;85;359;333
108;85;359;333
116;85;359;333
120;85;359;333
127;85;359;333
128;85;359;333
135;85;359;333
140;85;359;333
143;85;3088;333
143;85;3092;333
144;85;3092;333
145;85;3092;333
146;85;3092;333
0;86;3087;333
6;86;3097;333
9;86;3088;333
10;86;3087;333
28;86;3097;333
29;86;3088;333
45;86;607;333
52;86;359;333
55;86;359;333
59;86;359;333
61;86;359;333
65;86;612;333
71;86;359;333
81;86;359;333
84;86;609;333
87;86;359;333
90;86;609;333
111;86;359;333
114;86;359;333
122;86;359;333
123;86;359;333
129;86;3092;333
130;86;359;333
130;86;3092;333
143;86;3088;333
0;87;3087;333
1;87;3092;333
9;87;3088;333
10;87;3087;333
17;87;3100;333
18;87;3098;333
28;87;3100;333
29;87;3088;333
32;87;359;333
38;87;359;333
41;87;359;333
45;87;609;333
48;87;359;333
72;87;359;333
77;87;359;333
83;87;611;333
84;87;608;333
88;87;359;333
90;87;608;333
96;87;3099;333
97;87;3097;333
109;87;359;333
124;87;3092;333
128;87;3092;333
129;87;3092;333
130;87;3092;333
130;87;3092;333
130;87;3092;333
130;87;3092;333
130;87;3092;333
131;87;359;333
131;87;3092;333
135;87;3092;333
136;87;359;333
136;87;3092;333
141;87;359;333
143;87;3088;333
0;88;3087;333
1;88;3092;333
2;88;3092;333
2;88;3092;333
9;88;3088;333
10;88;3087;333
29;88;3088;333
33;88;359;333
45;88;609;333
49;88;359;333
57;88;606;333
58;88;603;333
59;88;603;333
60;88;603;333
61;88;603;333
62;88;603;333
63;88;601;333
68;88;2038;333
81;88;2937;333
83;88;612;333
84;88;612;333
90;88;612;333
95;88;3100;333
96;88;3100;333
97;88;3100;333
113;88;359;333
123;88;3092;333
124;88;3092;333
125;88;3092;333
128;88;3092;333
129;88;3092;333
129;88;3092;333
130;88;3092;333
130;88;3092;333
130;88;3092;333
131;88;3092;333
134;88;3092;333
135;88;3092;333
135;88;3092;333
136;88;3092;333
137;88;3092;333
143;88;3088;333
0;89;3087;333
1;89;3092;333
2;89;3092;333
3;89;3092;333
7;89;3092;333
8;89;3092;333
8;89;3092;333
9;89;3092;333
10;89;3087;333
29;89;3088;333
38;89;359;333
42;89;359;333
45;89;609;333
57;89;606;333
58;89;602;333
59;89;603;333
60;89;605;333
62;89;604;333
63;89;601;333
71;89;359;333
72;89;359;333
92;89;359;333
94;89;3099;333
95;89;3100;333
97;89;3098;333
98;89;3097;333
116;89;3086;333
116;89;3088;333
117;89;3086;333
118;89;3086;333
119;89;3086;333
120;89;3086;333
121;89;3086;333
122;89;3092;333
123;89;3086;333
123;89;3092;333
123;89;3092;333
124;89;3092;333
125;89;3092;333
126;89;3092;333
127;89;3086;333
128;89;3086;333
128;89;3092;333
128;89;3092;333
129;89;3086;333
129;89;3092;333
129;89;3092;333
129;89;3092;333
130;89;3086;333
130;89;3092;333
131;89;3086;333
131;89;3092;333
132;89;3092;333
133;89;3092;333
134;89;3092;333
135;89;3092;333
136;89;3092;333
137;89;3092;333
138;89;3092;333
139;89;3086;333
140;89;3086;333
141;89;3086;333
142;89;3086;333
143;89;3088;333
0;90;3087;333
1;90;3094;333
2;90;402;333
6;90;66;333;markerstone=179
7;90;3098;333
8;90;3097;333
9;90;3088;333
10;90;3087;333
29;90;3088;333
45;90;609;333
49;90;359;333
60;90;359;333
68;90;606;333
69;90;605;333
74;90;604;333
75;90;603;333
76;90;603;333
77;90;603;333
78;90;602;333
79;90;602;333
80;90;601;333
86;90;359;333
108;90;359;333
115;90;3088;333
116;90;3086;333
116;90;3088;333
117;90;3092;333
118;90;3092;333
119;90;3092;333
120;90;3092;333
127;90;3092;333
128;90;3092;333
128;90;3092;333
129;90;3092;333
130;90;3092;333
131;90;3092;333
139;90;3092;333
140;90;3092;333
141;90;3092;333
142;90;3092;333
143;90;3092;333
0;91;3087;333
1;91;3097;333
5;91;3101;333
8;91;404;333
9;91;3092;333
10;91;3085;333
11;91;3085;333
12;91;3085;333
13;91;3085;333
14;91;3085;333
15;91;3085;333
16;91;3085;333
17;91;3085;333
18;91;3085;333
19;91;3085;333
20;91;3085;333
21;91;3085;333
22;91;3085;333
23;91;3085;333
24;91;3085;333
25;91;3092;333
29;91;3088;333
33;91;359;333
43;91;359;333
45;91;612;333
62;91;2937;333
66;91;606;333
67;91;602;333
68;91;603;333
69;91;603;333
70;91;603;333
71;91;603;333
72;91;603;333
73;91;605;333
78;91;604;333
79;91;601;333
81;91;606;333
82;91;602;333
83;91;603;333
84;91;603;333
85;91;603;333
86;91;603;333
87;91;603;333
88;91;603;333
89;91;602;333
90;91;601;333
96;91;359;333
98;91;3097;333
105;91;359;333
114;91;359;333
115;91;3088;333
116;91;3092;333
117;91;3092;333
118;91;3092;333
119;91;3092;333
127;91;3092;333
128;91;3092;333
129;91;3092;333
129;91;3092;333
130;91;3092;333
131;91;3092;333
140;91;3092;333
141;91;3092;333
142;91;3092;333
0;92;3087;333
4;92;2038;333
6;92;3101;333
6;92;2937;333
8;92;2926;333;descriptionEn=Lava Maze Ahead;descriptionDe=Lava Labyrinth voraus!
12;92;402;333
13;92;3098;333
21;92;402;333
29;92;3088;333
81;92;2038;333
86;92;359;333
98;92;3098;333
114;92;3092;333
115;92;3088;333
116;92;3092;333
117;92;3092;333
128;92;3092;333
129;92;3092;333
130;92;3092;333
0;93;3087;333
3;93;3101;333
7;93;3101;333
9;93;3095;333
13;93;3100;333
14;93;3097;333
29;93;3088;333
32;93;359;333
55;93;359;333
58;93;359;333
69;93;359;333
92;93;359;333
97;93;3098;333
100;93;3092;333
101;93;3092;333
101;93;3092;333
104;93;3092;333
113;93;3092;333
114;93;3092;333
114;93;3092;333
114;93;3092;333
115;93;3088;333
115;93;3092;333
128;93;3092;333
129;93;3092;333
0;94;3087;333
4;94;3093;333
5;94;35;333
6;94;3094;333
13;94;3098;333
21;94;3098;333
22;94;3100;333
26;94;3098;333
28;94;359;333
29;94;3088;333
34;94;359;333
38;94;359;333
43;94;359;333
56;94;3092;333
57;94;3092;333
58;94;3092;333
59;94;3092;333
60;94;3092;333
65;94;359;333
72;94;3092;333
73;94;359;333
78;94;359;333
87;94;359;333
96;94;3098;333
97;94;3099;333
99;94;3092;333
100;94;3092;333
101;94;359;333
101;94;3092;333
102;94;3092;333
103;94;3092;333
104;94;359;333
104;94;3092;333
105;94;3092;333
105;94;3092;333
105;94;3092;333
106;94;3092;333
107;94;3092;333
108;94;3092;333
108;94;3092;333
109;94;3092;333
110;94;3092;333
111;94;3092;333
112;94;3092;333
113;94;3092;333
114;94;3092;333
115;94;3088;333
115;94;3092;333
0;95;3087;333
21;95;3098;333
22;95;3097;333
25;95;3100;333
26;95;3098;333
27;95;3097;333
29;95;3088;333
49;95;359;333
51;95;3092;333
56;95;3092;333
57;95;359;333
60;95;3092;333
61;95;359;333
71;95;3092;333
72;95;3092;333
73;95;3092;333
73;95;3092;333
80;95;3092;333
80;95;3092;333
83;95;359;333
89;95;3092;333
92;95;359;333
93;95;359;333
95;95;3092;333
97;95;359;333
98;95;3099;333
99;95;3088;333
100;95;3086;333
101;95;3086;333
102;95;3086;333
103;95;3086;333
106;95;3092;333
108;95;3092;333
110;95;3092;333
112;95;3092;333
115;95;3092;333
0;96;3087;333
1;96;3101;333
4;96;3101;333
4;96;2937;333
5;96;3101;333
7;96;3101;333
8;96;2926;333;descriptionEn=Lava Maze Ahead;descriptionDe=Lava Labyrinth voraus!
29;96;3088;333
33;96;359;333
36;96;359;333
45;96;359;333
50;96;3092;333
50;96;3092;333
51;96;3092;333
52;96;3092;333
53;96;359;333
55;96;3092;333
56;96;3092;333
60;96;3092;333
62;96;3092;333
63;96;3092;333
64;96;3092;333
66;96;359;333
70;96;3092;333
71;96;3092;333
71;96;3092;333
73;96;3092;333
74;96;3092;333
78;96;3092;333
79;96;3092;333
80;96;3092;333
81;96;3092;333
84;96;3092;333
84;96;3092;333
85;96;359;333
88;96;3092;333
88;96;3092;333
89;96;3092;333
90;96;3092;333
94;96;3092;333
94;96;3092;333
94;96;3092;333
95;96;3092;333
95;96;3092;333
99;96;3088;333
99;96;3092;333
100;96;3092;333
101;96;3092;333
0;97;3087;333
6;97;3101;333
8;97;2038;333
9;97;3088;333
29;97;3088;333
34;97;3092;333
34;97;3092;333
39;97;359;333
39;97;3092;333
40;97;3092;333
41;97;3092;333
42;97;3092;333
44;97;3092;333
45;97;3092;333
46;97;3092;333
46;97;3092;333
48;97;359;333
49;97;3092;333
50;97;3092;333
51;97;3092;333
52;97;3092;333
52;97;3092;333
54;97;3092;333
54;97;3092;333
55;97;3092;333
60;97;3092;333
61;97;3092;333
62;97;3092;333
64;97;3092;333
65;97;3092;333
67;97;359;333
69;97;3092;333
69;97;3092;333
70;97;3092;333
74;97;3092;333
75;97;3092;333
75;97;3092;333
77;97;3092;333
78;97;3092;333
81;97;3092;333
83;97;3092;333
83;97;3092;333
84;97;3092;333
85;97;3092;333
87;97;3092;333
88;97;3092;333
90;97;3092;333
91;97;3092;333
91;97;3092;333
93;97;3092;333
94;97;3092;333
94;97;3092;333
95;97;3092;333
96;97;3092;333
96;97;3092;333
96;97;3092;333
96;97;3092;333
99;97;3088;333
100;97;3092;333
0;98;3087;333
5;98;3100;333
6;98;3098;333
7;98;3099;333
9;98;3088;333
29;98;3088;333
31;98;3092;333
32;98;3092;333
33;98;3092;333
34;98;3092;333
35;98;3092;333
36;98;3092;333
37;98;3092;333
38;98;3092;333
39;98;3092;333
42;98;3092;333
43;98;3092;333
44;98;3092;333
46;98;3092;333
47;98;3092;333
48;98;3092;333
49;98;3092;333
52;98;3092;333
53;98;3092;333
54;98;3092;333
65;98;3092;333
66;98;3092;333
67;98;3092;333
68;98;3092;333
68;98;3092;333
69;98;3092;333
75;98;3092;333
76;98;3092;333
77;98;3092;333
81;98;3092;333
82;98;3092;333
83;98;3092;333
85;98;3092;333
86;98;3092;333
87;98;3092;333
91;98;3092;333
92;98;3092;333
93;98;3092;333
96;98;3092;333
97;98;3092;333
98;98;3092;333
99;98;3088;333
0;99;3086;333
1;99;3086;333
2;99;3086;333
3;99;3086;333
4;99;3086;333
5;99;3086;333
6;99;3086;333
7;99;3086;333
8;99;3086;333
9;99;3086;333
10;99;3086;333
11;99;3086;333
12;99;3086;333
13;99;3086;333
14;99;3086;333
15;99;3086;333
16;99;3086;333
17;99;3086;333
18;99;3086;333
19;99;3086;333
20;99;3086;333
21;99;3086;333
22;99;3086;333
23;99;3086;333
24;99;3086;333
25;99;3086;333
26;99;3086;333
27;99;3086;333
28;99;3086;333
29;99;3086;333
30;99;3092;333
31;99;3092;333
31;99;3092;333
32;99;3092;333
32;99;3092;333
36;99;3092;333
37;99;3092;333
38;99;3092;333
38;99;3092;333
48;99;3092;333
68;99;3092;333
76;99;3092;333
82;99;3092;333
86;99;3092;333
91;99;3092;333
92;99;3092;333
97;99;3092;333
98;99;3092;333
99;99;3092;333
