# Illarion Server
# 
# This program is free software: you can redistribute it and/or modify it under
# the terms of the GNU Affero General Public License as published by the Free
# Software Foundation, either version 3 of the License, or (at your option) any
# later version.
# 
# This program is distributed in the hope that it will be useful, but WITHOUT
# ANY WARRANTY; without even the implied warranty of MERCHANTABILITY or FITNESS
# FOR A PARTICULAR PURPOSE.  See the GNU Affero General Public License for more
# details.
# 
# You should have received a copy of the GNU Affero General Public License along
# with this program.  If not, see <http://www.gnu.org/licenses/>.
V: 2
L: 5
X: 888
Y: 824
W: 23
H: 21
0;0;0;4
0;1;0;4
0;2;0;4
0;3;0;4
0;4;0;4
0;5;0;4
0;6;0;4
0;7;0;4
0;8;0;4
0;9;0;4
0;10;0;4
0;11;43;4
0;12;43;4
0;13;43;4
0;14;43;4
0;15;43;4
0;16;0;4
0;17;0;4
0;18;0;4
0;19;0;4
0;20;0;4
1;0;0;4
1;1;0;4
1;2;0;4
1;3;0;4
1;4;0;4
1;5;0;4
1;6;0;4
1;7;0;4
1;8;0;4
1;9;0;4
1;10;43;4
1;11;43;4
1;12;43;4
1;13;43;4
1;14;43;4
1;15;43;4
1;16;43;4
1;17;0;4
1;18;0;4
1;19;0;4
1;20;0;4
2;0;0;4
2;1;0;4
2;2;0;4
2;3;0;4
2;4;0;4
2;5;0;4
2;6;0;4
2;7;0;4
2;8;0;4
2;9;43;4
2;10;43;4
2;11;43;4
2;12;43;4
2;13;43;4
2;14;43;4
2;15;43;4
2;16;43;4
2;17;43;4
2;18;0;4
2;19;0;4
2;20;0;4
3;0;0;4
3;1;0;4
3;2;0;4
3;3;0;4
3;4;43;4
3;5;43;4
3;6;43;4
3;7;43;4
3;8;43;4
3;9;43;4
3;10;43;4
3;11;43;4
3;12;43;4
3;13;43;4
3;14;43;4
3;15;43;4
3;16;43;4
3;17;43;4
3;18;0;4
3;19;0;4
3;20;0;4
4;0;0;4
4;1;0;4
4;2;0;4
4;3;0;4
4;4;43;4
4;5;43;4
4;6;55;4
4;7;43;4
4;8;43;4
4;9;55;4
4;10;55;4
4;11;55;4
4;12;55;4
4;13;55;4
4;14;43;4
4;15;43;4
4;16;43;4
4;17;43;4
4;18;0;4
4;19;0;4
4;20;0;4
5;0;0;4
5;1;0;4
5;2;0;4
5;3;0;4
5;4;43;4
5;5;17;4
5;6;17;4
5;7;17;4
5;8;43;4
5;9;55;4
5;10;43;4
5;11;43;4
5;12;43;4
5;13;55;4
5;14;43;4
5;15;43;4
5;16;43;4
5;17;43;4
5;18;0;4
5;19;0;4
5;20;0;4
6;0;0;4
6;1;0;4
6;2;0;4
6;3;0;4
6;4;55;4
6;5;17;4
6;6;17;4
6;7;17;4
6;8;55;4
6;9;55;4
6;10;43;4
6;11;43;4
6;12;43;4
6;13;55;4
6;14;43;4
6;15;43;4
6;16;43;4
6;17;43;4
6;18;0;4
6;19;0;4
6;20;0;4
7;0;0;4
7;1;0;4
7;2;0;4
7;3;0;4
7;4;43;4
7;5;17;4
7;6;17;4
7;7;17;4
7;8;43;4
7;9;55;4
7;10;43;4
7;11;43;4
7;12;43;4
7;13;55;4
7;14;43;4
7;15;43;4
7;16;43;4
7;17;43;4
7;18;0;4
7;19;0;4
7;20;0;4
8;0;0;4
8;1;0;4
8;2;0;4
8;3;34;4
8;4;43;4
8;5;43;4
8;6;55;4
8;7;43;4
8;8;43;4
8;9;55;4
8;10;43;4
8;11;43;4
8;12;43;4
8;13;55;4
8;14;43;4
8;15;43;4
8;16;43;4
8;17;43;4
8;18;0;4
8;19;0;4
8;20;0;4
9;0;0;4
9;1;0;4
9;2;0;4
9;3;43;4
9;4;43;4
9;5;43;4
9;6;55;4
9;7;43;4
9;8;43;4
9;9;55;4
9;10;43;4
9;11;43;4
9;12;43;4
9;13;55;4
9;14;43;4
9;15;43;4
9;16;43;4
9;17;43;4
9;18;0;4
9;19;0;4
9;20;0;4
10;0;0;4
10;1;0;4
10;2;43;4
10;3;43;4
10;4;43;4
10;5;43;4
10;6;55;4
10;7;43;4
10;8;43;4
10;9;55;4
10;10;55;4
10;11;55;4
10;12;55;4
10;13;55;4
10;14;55;4
10;15;55;4
10;16;55;4
10;17;55;4
10;18;55;4
10;19;0;4
10;20;0;4
11;0;0;4
11;1;43;4
11;2;43;4
11;3;43;4
11;4;43;4
11;5;43;4
11;6;55;4
11;7;43;4
11;8;43;4
11;9;18;4
11;10;18;4
11;11;18;4
11;12;18;4
11;13;55;4
11;14;43;4
11;15;43;4
11;16;43;4
11;17;43;4
11;18;55;4
11;19;43;4
11;20;0;4
12;0;43;4
12;1;43;4
12;2;43;4
12;3;43;4
12;4;43;4
12;5;43;4
12;6;55;4
12;7;43;4
12;8;43;4
12;9;18;4
12;10;18;4
12;11;18;4
12;12;18;4
12;13;55;4
12;14;43;4
12;15;43;4
12;16;43;4
12;17;43;4
12;18;55;4
12;19;43;4
12;20;43;4
13;0;43;4
13;1;43;4
13;2;43;4
13;3;43;4
13;4;43;4
13;5;43;4
13;6;55;4
13;7;43;4
13;8;43;4
13;9;18;4
13;10;18;4
13;11;18;4
13;12;18;4
13;13;55;4
13;14;43;4
13;15;43;4
13;16;43;4
13;17;43;4
13;18;55;4
13;19;43;4
13;20;43;4
14;0;43;4
14;1;43;4
14;2;43;4
14;3;43;4
14;4;43;4
14;5;43;4
14;6;55;4
14;7;43;4
14;8;43;4
14;9;43;4
14;10;43;4
14;11;43;4
14;12;43;4
14;13;55;4
14;14;43;4
14;15;43;4
14;16;43;4
14;17;43;4
14;18;55;4
14;19;43;4
14;20;43;4
15;0;43;4
15;1;43;4
15;2;43;4
15;3;43;4
15;4;43;4
15;5;43;4
15;6;55;4
15;7;43;4
15;8;43;4
15;9;43;4
15;10;43;4
15;11;43;4
15;12;43;4
15;13;55;4
15;14;55;4
15;15;55;4
15;16;55;4
15;17;55;4
15;18;55;4
15;19;43;4
15;20;43;4
16;0;43;4
16;1;43;4
16;2;43;4
16;3;43;4
16;4;43;4
16;5;43;4
16;6;55;4
16;7;43;4
16;8;43;4
16;9;43;4
16;10;43;4
16;11;43;4
16;12;43;4
16;13;43;4
16;14;43;4
16;15;55;4
16;16;43;4
16;17;43;4
16;18;43;4
16;19;43;4
16;20;43;4
17;0;43;4
17;1;43;4
17;2;55;4
17;3;55;4
17;4;55;4
17;5;55;4
17;6;55;4
17;7;55;4
17;8;55;4
17;9;55;4
17;10;43;4
17;11;43;4
17;12;43;4
17;13;43;4
17;14;43;4
17;15;55;4
17;16;43;4
17;17;43;4
17;18;43;4
17;19;43;4
17;20;0;4
18;0;43;4
18;1;43;4
18;2;43;4
18;3;43;4
18;4;43;4
18;5;43;4
18;6;43;4
18;7;43;4
18;8;43;4
18;9;55;4
18;10;43;4
18;11;43;4
18;12;43;4
18;13;43;4
18;14;43;4
18;15;55;4
18;16;43;4
18;17;43;4
18;18;43;4
18;19;0;4
18;20;0;4
19;0;43;4
19;1;43;4
19;2;43;4
19;3;43;4
19;4;43;4
19;5;43;4
19;6;43;4
19;7;43;4
19;8;17;4
19;9;17;4
19;10;17;4
19;11;43;4
19;12;43;4
19;13;43;4
19;14;43;4
19;15;55;4
19;16;43;4
19;17;43;4
19;18;0;4
19;19;0;4
19;20;0;4
20;0;0;4
20;1;43;4
20;2;43;4
20;3;43;4
20;4;43;4
20;5;43;4
20;6;43;4
20;7;55;4
20;8;17;4
20;9;17;4
20;10;17;4
20;11;55;4
20;12;55;4
20;13;55;4
20;14;55;4
20;15;55;4
20;16;43;4
20;17;0;4
20;18;0;4
20;19;0;4
20;20;0;4
21;0;0;4
21;1;0;4
21;2;43;4
21;3;43;4
21;4;43;4
21;5;43;4
21;6;43;4
21;7;43;4
21;8;17;4
21;9;17;4
21;10;17;4
21;11;43;4
21;12;43;4
21;13;43;4
21;14;43;4
21;15;43;4
21;16;0;4
21;17;0;4
21;18;0;4
21;19;0;4
21;20;0;4
22;0;0;4
22;1;0;4
22;2;0;4
22;3;43;4
22;4;43;4
22;5;43;4
22;6;43;4
22;7;43;4
22;8;43;4
22;9;55;4
22;10;43;4
22;11;43;4
22;12;43;4
22;13;43;4
22;14;43;4
22;15;0;4
22;16;0;4
22;17;0;4
22;18;0;4
22;19;0;4
22;20;0;4
