# Illarion Server
# 
# This program is free software: you can redistribute it and/or modify it under
# the terms of the GNU Affero General Public License as published by the Free
# Software Foundation, either version 3 of the License, or (at your option) any
# later version.
# 
# This program is distributed in the hope that it will be useful, but WITHOUT
# ANY WARRANTY; without even the implied warranty of MERCHANTABILITY or FITNESS
# FOR A PARTICULAR PURPOSE.  See the GNU Affero General Public License for more
# details.
# 
# You should have received a copy of the GNU Affero General Public License along
# with this program.  If not, see <http://www.gnu.org/licenses/>.
V: 2
L: -6
X: 542
Y: 532
W: 26
H: 35
0;0;6;2
1;0;6;2
2;0;6;2
3;0;6;2
4;0;6;2
5;0;6;2
6;0;6;2
7;0;6;2
8;0;6;2
9;0;6;2
10;0;6;2
11;0;6;2
12;0;6;2
13;0;6;2
14;0;6;2
15;0;6;2
16;0;6;2
17;0;6;2
18;0;6;2
19;0;6;2
20;0;6;2
21;0;6;2
22;0;6;2
23;0;6;2
24;0;6;2
25;0;6;2
0;1;6;2
1;1;6;2
2;1;6;2
3;1;6;2
4;1;6;2
5;1;6;2
6;1;6;2
7;1;6;2
8;1;6214;2
9;1;5190;2
10;1;6;2
11;1;6;2
12;1;6;2
13;1;6;2
14;1;6;2
15;1;6;2
16;1;6;2
17;1;6406;2
18;1;11526;2
19;1;11526;2
20;1;5382;2
21;1;6;2
22;1;6;2
23;1;6;2
24;1;6;2
25;1;6;2
0;2;6;2
1;2;6;2
2;2;6;2
3;2;6;2
4;2;6;2
5;2;6214;2
6;2;11334;2
7;2;21574;2
8;2;2;2
9;2;2;2
10;2;22598;2
11;2;5190;2
12;2;6630;2
13;2;11750;2
14;2;11750;2
15;2;21990;2
16;2;15;2
17;2;4584;2
18;2;8;2
19;2;8;2
20;2;8680;2
21;2;15;2
22;2;4582;2
23;2;6;2
24;2;6;2
25;2;6;2
0;3;6;2
1;3;6;2
2;3;6;2
3;3;6;2
4;3;16454;2
5;3;2;2
6;3;2;2
7;3;2;2
8;3;2;2
9;3;2;2
10;3;6626;2
11;3;21986;2
12;3;15;2
13;3;15;2
14;3;15;2
15;3;15;2
16;3;15;2
17;3;3560;2
18;3;8;2
19;3;8;2
20;3;12776;2
21;3;15;2
22;3;20966;2
23;3;6;2
24;3;6;2
25;3;6;2
0;4;6;2
1;4;6;2
2;4;6;2
3;4;6;2
4;4;6626;2
5;4;5602;2
6;4;2;2
7;4;2;2
8;4;2;2
9;4;16866;2
10;4;15;2
11;4;15;2
12;4;15;2
13;4;15;2
14;4;26088;2
15;4;9704;2
16;4;1512;2
17;4;8;2
18;4;8;2
19;4;8;2
20;4;7656;2
21;4;15;2
22;4;15;2
23;4;4582;2
24;4;6;2
25;4;6;2
0;5;6;2
1;5;6;2
2;5;6;2
3;5;16870;2
4;5;15;2
5;5;15;2
6;5;23010;2
7;5;11746;2
8;5;21986;2
9;5;15;2
10;5;15;2
11;5;15;2
12;5;15;2
13;5;15;2
14;5;3560;2
15;5;8;2
16;5;8;2
17;5;6632;2
18;5;11752;2
19;5;5608;2
20;5;8;2
21;5;24040;2
22;5;15;2
23;5;10726;2
24;5;6;2
25;5;6;2
0;6;6;2
1;6;6;2
2;6;8678;2
3;6;15;2
4;6;15;2
5;6;15;2
6;6;15;2
7;6;15;2
8;6;15;2
9;6;15;2
10;6;15;2
11;6;15;2
12;6;15;2
13;6;13800;2
14;6;8;2
15;6;8;2
16;6;8680;2
17;6;15;2
18;6;15;2
19;6;15;2
20;6;23016;2
21;6;29160;2
22;6;15;2
23;6;10726;2
24;6;6;2
25;6;6;2
0;7;6;2
1;7;6;2
2;7;12774;2
3;7;15;2
4;7;15;2
5;7;15;2
6;7;15;2
7;7;15;2
8;7;15;2
9;7;15;2
10;7;15;2
11;7;15;2
12;7;19944;2
13;7;8;2
14;7;8;2
15;7;8;2
16;7;12776;2
17;7;15;2
18;7;15;2
19;7;15;2
20;7;15;2
21;7;15;2
22;7;15;2
23;7;10726;2
24;7;6;2
25;7;6;2
0;8;6;2
1;8;6;2
2;8;7654;2
3;8;15;2
4;8;15;2
5;8;15;2
6;8;15;2
7;8;15;2
8;8;15;2
9;8;15;2
10;8;15;2
11;8;15;2
12;8;3560;2
13;8;8;2
14;8;8;2
15;8;8;2
16;8;25064;2
17;8;15;2
18;8;15;2
19;8;15;2
20;8;15;2
21;8;15;2
22;8;15;2
23;8;10726;2
24;8;6;2
25;8;6;2
0;9;6;2
1;9;6;2
2;9;6;2
3;9;14822;2
4;9;15;2
5;9;15;2
6;9;15;2
7;9;15;2
8;9;15;2
9;9;15;2
10;9;15;2
11;9;13800;2
12;9;8;2
13;9;8;2
14;9;8;2
15;9;16872;2
16;9;15;2
17;9;15;2
18;9;15;2
19;9;15;2
20;9;15;2
21;9;15;2
22;9;15;2
23;9;10726;2
24;9;6;2
25;9;6;2
0;10;6;2
1;10;6;2
2;10;6;2
3;10;6;2
4;10;14822;2
5;10;15;2
6;10;15;2
7;10;15;2
8;10;15;2
9;10;15;2
10;10;13800;2
11;10;8;2
12;10;8;2
13;10;8;2
14;10;16872;2
15;10;15;2
16;10;15;2
17;10;26082;2
18;10;9698;2
19;10;27106;2
20;10;15;2
21;10;15;2
22;10;15;2
23;10;10726;2
24;10;6;2
25;10;6;2
0;11;6;2
1;11;6;2
2;11;6;2
3;11;6;2
4;11;6;2
5;11;2530;2
6;11;9698;2
7;11;9698;2
8;11;9698;2
9;11;1506;2
10;11;14594;2
11;11;8;2
12;11;8;2
13;11;16872;2
14;11;15;2
15;11;15;2
16;11;15;2
17;11;3554;2
18;11;2;2
19;11;12770;2
20;11;15;2
21;11;15;2
22;11;15;2
23;11;10726;2
24;11;6;2
25;11;6;2
0;12;6;2
1;12;6;2
2;12;6;2
3;12;6;2
4;12;6;2
5;12;14406;2
6;12;2;2
7;12;2;2
8;12;2;2
9;12;2;2
10;12;2;2
11;12;14594;2
12;12;16872;2
13;12;15;2
14;12;15;2
15;12;45;2
16;12;46;2
17;12;46;2
18;12;47;2
19;12;25058;2
20;12;15;2
21;12;15;2
22;12;15;2
23;12;10726;2
24;12;6;2
25;12;6;2
0;13;6;2
1;13;6;2
2;13;6;2
3;13;6;2
4;13;6;2
5;13;6;2
6;13;23622;2
7;13;2;2
8;13;2;2
9;13;2;2
10;13;2;2
11;13;2;2
12;13;15;2
13;13;15;2
14;13;15;2
15;13;48;2
16;13;49;2
17;13;49;2
18;13;50;2
19;13;15;2
20;13;15;2
21;13;15;2
22;13;15;2
23;13;10726;2
24;13;6;2
25;13;6;2
0;14;6;2
1;14;6;2
2;14;6;2
3;14;6;2
4;14;6;2
5;14;6406;2
6;14;11526;2
7;14;11522;2
8;14;5378;2
9;14;6626;2
10;14;5602;2
11;14;2;2
12;14;2530;2
13;14;18914;2
14;14;15;2
15;14;48;2
16;14;49;2
17;14;49;2
18;14;50;2
19;14;15;2
20;14;15;2
21;14;15;2
22;14;15;2
23;14;3558;2
24;14;6;2
25;14;6;2
0;15;6;2
1;15;6;2
2;15;6;2
3;15;6;2
4;15;16646;2
5;15;8;2
6;15;8;2
7;15;8;2
8;15;8680;2
9;15;15;2
10;15;15;2
11;15;4578;2
12;15;2;2
13;15;2;2
14;15;2;2
15;15;48;2
16;15;49;2
17;15;49;2
18;15;50;2
19;15;15;2
20;15;15;2
21;15;15;2
22;15;19942;2
23;15;6;2
24;15;6;2
25;15;6;2
0;16;6;2
1;16;6;2
2;16;6;2
3;16;8454;2
4;16;8;2
5;16;8;2
6;16;8;2
7;16;8;2
8;16;12776;2
9;16;15;2
10;16;15;2
11;16;10722;2
12;16;2;2
13;16;2;2
14;16;2;2
15;16;48;2
16;16;49;2
17;16;49;2
18;16;50;2
19;16;15;2
20;16;15;2
21;16;15;2
22;16;10726;2
23;16;6;2
24;16;6;2
25;16;6;2
0;17;6;2
1;17;6;2
2;17;8678;2
3;17;15;2
4;17;15848;2
5;17;8;2
6;17;8;2
7;17;6632;2
8;17;29160;2
9;17;15;2
10;17;15;2
11;17;28130;2
12;17;11746;2
13;17;11746;2
14;17;5602;2
15;17;48;2
16;17;49;2
17;17;49;2
18;17;50;2
19;17;15;2
20;17;15;2
21;17;15;2
22;17;10726;2
23;17;6;2
24;17;6;2
25;17;6;2
0;18;6;2
1;18;6;2
2;18;7654;2
3;18;15;2
4;18;15;2
5;18;23016;2
6;18;21992;2
7;18;15;2
8;18;15;2
9;18;15;2
10;18;15;2
11;18;15;2
12;18;15;2
13;18;15;2
14;18;15;2
15;18;48;2
16;18;49;2
17;18;49;2
18;18;50;2
19;18;15;2
20;18;15;2
21;18;15;2
22;18;28134;2
23;18;5606;2
24;18;6;2
25;18;6;2
0;19;6;2
1;19;6;2
2;19;6;2
3;19;24038;2
4;19;15;2
5;19;15;2
6;19;15;2
7;19;15;2
8;19;17890;2
9;19;27106;2
10;19;15;2
11;19;15;2
12;19;15;2
13;19;15;2
14;19;15;2
15;19;48;2
16;19;49;2
17;19;49;2
18;19;50;2
19;19;15;2
20;19;15;2
21;19;15;2
22;19;15;2
23;19;15;2
24;19;4582;2
25;19;6;2
0;20;6;2
1;20;6;2
2;20;6;2
3;20;7654;2
4;20;15;2
5;20;15;2
6;20;26082;2
7;20;1506;2
8;20;2;2
9;20;25058;2
10;20;15;2
11;20;15;2
12;20;17896;2
13;20;27112;2
14;20;15;2
15;20;48;2
16;20;49;2
17;20;49;2
18;20;50;2
19;20;15;2
20;20;15;2
21;20;15;2
22;20;15;2
23;20;15;2
24;20;10726;2
25;20;6;2
0;21;6;2
1;21;6;2
2;21;6;2
3;21;6;2
4;21;14822;2
5;21;15;2
6;21;3554;2
7;21;2;2
8;21;16866;2
9;21;15;2
10;21;15;2
11;21;19944;2
12;21;8;2
13;21;25064;2
14;21;15;2
15;21;48;2
16;21;49;2
17;21;49;2
18;21;50;2
19;21;15;2
20;21;15;2
21;21;15;2
22;21;15;2
23;21;15;2
24;21;10726;2
25;21;6;2
0;22;6;2
1;22;6;2
2;22;6;2
3;22;6;2
4;22;6;2
5;22;7238;2
6;22;2;2
7;22;16866;2
8;22;15;2
9;22;15;2
10;22;15;2
11;22;28136;2
12;22;21992;2
13;22;15;2
14;22;15;2
15;22;48;2
16;22;49;2
17;22;49;2
18;22;50;2
19;22;15;2
20;22;15;2
21;22;15;2
22;22;15;2
23;22;15;2
24;22;10726;2
25;22;6;2
0;23;6;2
1;23;6;2
2;23;6;2
3;23;6;2
4;23;6;2
5;23;6;2
6;23;2118;2
7;23;15;2
8;23;15;2
9;23;15;2
10;23;15;2
11;23;15;2
12;23;15;2
13;23;15;2
14;23;15;2
15;23;51;2
16;23;52;2
17;23;52;2
18;23;53;2
19;23;15;2
20;23;15;2
21;23;15;2
22;23;15;2
23;23;15;2
24;23;3558;2
25;23;6;2
0;24;6;2
1;24;6;2
2;24;6;2
3;24;6;2
4;24;6;2
5;24;6;2
6;24;6;2
7;24;24038;2
8;24;15;2
9;24;15;2
10;24;15;2
11;24;15;2
12;24;17890;2
13;24;18914;2
14;24;15;2
15;24;15;2
16;24;15;2
17;24;15;2
18;24;15;2
19;24;15;2
20;24;15;2
21;24;26082;2
22;24;9698;2
23;24;1506;2
24;24;6;2
25;24;6;2
0;25;6;2
1;25;6;2
2;25;6;2
3;25;6;2
4;25;6;2
5;25;6;2
6;25;6;2
7;25;7654;2
8;25;15;2
9;25;17890;2
10;25;9698;2
11;25;1506;2
12;25;2;2
13;25;2;2
14;25;2530;2
15;25;18914;2
16;25;15;2
17;25;17890;2
18;25;27106;2
19;25;15;2
20;25;15;2
21;25;10722;2
22;25;2;2
23;25;19526;2
24;25;6;2
25;25;6;2
0;26;6;2
1;26;6;2
2;26;6;2
3;26;6;2
4;26;6;2
5;26;6;2
6;26;6;2
7;26;8262;2
8;26;2;2
9;26;2;2
10;26;2;2
11;26;2;2
12;26;2;2
13;26;6402;2
14;26;11522;2
15;26;11522;2
16;26;11522;2
17;26;5378;2
18;26;25058;2
19;26;15;2
20;26;15;2
21;26;20962;2
22;26;2;2
23;26;20550;2
24;26;6;2
25;26;6;2
0;27;6;2
1;27;6;2
2;27;6;2
3;27;6;2
4;27;6;2
5;27;6;2
6;27;16870;2
7;27;15;2
8;27;23010;2
9;27;11746;2
10;27;5602;2
11;27;6402;2
12;27;21762;2
13;27;8;2
14;27;8;2
15;27;8;2
16;27;8;2
17;27;16872;2
18;27;15;2
19;27;15;2
20;27;15;2
21;27;15;2
22;27;23010;2
23;27;5602;2
24;27;6;2
25;27;6;2
0;28;6;2
1;28;6;2
2;28;6;2
3;28;6;2
4;28;6;2
5;28;16870;2
6;28;15;2
7;28;15;2
8;28;15;2
9;28;15;2
10;28;15;2
11;28;15848;2
12;28;8;2
13;28;8;2
14;28;8;2
15;28;8;2
16;28;16872;2
17;28;15;2
18;28;15;2
19;28;15;2
20;28;15;2
21;28;15;2
22;28;15;2
23;28;15;2
24;28;4582;2
25;28;6;2
0;29;6;2
1;29;6;2
2;29;6;2
3;29;6;2
4;29;8678;2
5;29;15;2
6;29;15;2
7;29;15;2
8;29;15;2
9;29;15;2
10;29;15;2
11;29;15;2
12;29;23016;2
13;29;11752;2
14;29;11752;2
15;29;21992;2
16;29;15;2
17;29;15;2
18;29;15;2
19;29;15;2
20;29;15;2
21;29;15;2
22;29;15;2
23;29;15;2
24;29;10726;2
25;29;6;2
0;30;6;2
1;30;6;2
2;30;6;2
3;30;6;2
4;30;12774;2
5;30;15;2
6;30;15;2
7;30;15;2
8;30;15;2
9;30;15;2
10;30;15;2
11;30;15;2
12;30;15;2
13;30;15;2
14;30;15;2
15;30;15;2
16;30;15;2
17;30;15;2
18;30;15;2
19;30;15;2
20;30;15;2
21;30;15;2
22;30;15;2
23;30;15;2
24;30;3558;2
25;30;6;2
0;31;6;2
1;31;6;2
2;31;6;2
3;31;6;2
4;31;12774;2
5;31;15;2
6;31;15;2
7;31;15;2
8;31;15;2
9;31;15;2
10;31;15;2
11;31;15;2
12;31;15;2
13;31;15;2
14;31;15;2
15;31;15;2
16;31;15;2
17;31;15;2
18;31;15;2
19;31;15;2
20;31;15;2
21;31;15;2
22;31;15;2
23;31;13798;2
24;31;6;2
25;31;6;2
0;32;6;2
1;32;6;2
2;32;6;2
3;32;6;2
4;32;7654;2
5;32;15;2
6;32;15;2
7;32;15;2
8;32;17894;2
9;32;9702;2
10;32;9702;2
11;32;9702;2
12;32;9702;2
13;32;18918;2
14;32;15;2
15;32;15;2
16;32;15;2
17;32;15;2
18;32;17894;2
19;32;9702;2
20;32;9702;2
21;32;9702;2
22;32;1510;2
23;32;6;2
24;32;6;2
25;32;6;2
0;33;6;2
1;33;6;2
2;33;6;2
3;33;6;2
4;33;6;2
5;33;2534;2
6;33;9702;2
7;33;1510;2
8;33;6;2
9;33;6;2
10;33;6;2
11;33;6;2
12;33;6;2
13;33;6;2
14;33;2534;2
15;33;18918;2
16;33;15;2
17;33;13798;2
18;33;6;2
19;33;6;2
20;33;6;2
21;33;6;2
22;33;6;2
23;33;6;2
24;33;6;2
25;33;6;2
0;34;6;2
1;34;6;2
2;34;6;2
3;34;6;2
4;34;6;2
5;34;6;2
6;34;6;2
7;34;6;2
8;34;6;2
9;34;6;2
10;34;6;2
11;34;6;2
12;34;6;2
13;34;6;2
14;34;6;2
15;34;6;2
16;34;6;2
17;34;6;2
18;34;6;2
19;34;6;2
20;34;6;2
21;34;6;2
22;34;6;2
23;34;6;2
24;34;6;2
25;34;6;2
