# Illarion Server
# 
# This program is free software: you can redistribute it and/or modify it under
# the terms of the GNU Affero General Public License as published by the Free
# Software Foundation, either version 3 of the License, or (at your option) any
# later version.
# 
# This program is distributed in the hope that it will be useful, but WITHOUT
# ANY WARRANTY; without even the implied warranty of MERCHANTABILITY or FITNESS
# FOR A PARTICULAR PURPOSE.  See the GNU Affero General Public License for more
# details.
# 
# You should have received a copy of the GNU Affero General Public License along
# with this program.  If not, see <http://www.gnu.org/licenses/>.
V: 2
L: 1
X: 887
Y: 752
W: 70
H: 97
0;0;0;4
0;1;0;4
0;2;34;4
0;3;40;4
0;4;40;4
0;5;40;4
0;6;40;4
0;7;34;4
0;8;0;4
0;9;0;4
0;10;0;4
0;11;0;4
0;12;0;4
0;13;0;4
0;14;0;4
0;15;0;4
0;16;0;4
0;17;0;4
0;18;0;4
0;19;0;4
0;20;0;4
0;21;0;4
0;22;0;4
0;23;0;4
0;24;0;4
0;25;0;4
0;26;0;4
0;27;0;4
0;28;0;4
0;29;0;4
0;30;0;4
0;31;0;4
0;32;0;4
0;33;0;4
0;34;0;4
0;35;0;4
0;36;0;4
0;37;0;4
0;38;0;4
0;39;0;4
0;40;0;4
0;41;0;4
0;42;0;4
0;43;0;4
0;44;0;4
0;45;0;4
0;46;0;4
0;47;0;4
0;48;0;4
0;49;0;4
0;50;0;4
0;51;0;4
0;52;0;4
0;53;0;4
0;54;0;4
0;55;0;4
0;56;0;4
0;57;0;4
0;58;0;4
0;59;0;4
0;60;0;4
0;61;0;4
0;62;0;4
0;63;0;4
0;64;0;4
0;65;0;4
0;66;0;4
0;67;0;4
0;68;0;4
0;69;0;4
0;70;0;4
0;71;0;4
0;72;0;4
0;73;0;4
0;74;0;4
0;75;0;4
0;76;0;4
0;77;0;4
0;78;0;4
0;79;0;4
0;80;0;4
0;81;0;4
0;82;0;4
0;83;0;4
0;84;0;4
0;85;0;4
0;86;0;4
0;87;0;4
0;88;0;4
0;89;0;4
0;90;0;4
0;91;0;4
0;92;0;4
0;93;0;4
0;94;0;4
0;95;0;4
0;96;0;4
1;0;0;4
1;1;0;4
1;2;40;4
1;3;40;4
1;4;40;4
1;5;40;4
1;6;40;4
1;7;40;4
1;8;34;4
1;9;0;4
1;10;0;4
1;11;0;4
1;12;0;4
1;13;0;4
1;14;0;4
1;15;0;4
1;16;0;4
1;17;0;4
1;18;0;4
1;19;0;4
1;20;0;4
1;21;0;4
1;22;0;4
1;23;0;4
1;24;0;4
1;25;0;4
1;26;0;4
1;27;0;4
1;28;0;4
1;29;0;4
1;30;0;4
1;31;0;4
1;32;0;4
1;33;0;4
1;34;0;4
1;35;0;4
1;36;0;4
1;37;0;4
1;38;0;4
1;39;0;4
1;40;0;4
1;41;0;4
1;42;0;4
1;43;0;4
1;44;0;4
1;45;0;4
1;46;0;4
1;47;43;4
1;48;43;4
1;49;43;4
1;50;43;4
1;51;43;4
1;52;43;4
1;53;43;4
1;54;0;4
1;55;0;4
1;56;0;4
1;57;0;4
1;58;0;4
1;59;0;4
1;60;0;4
1;61;0;4
1;62;0;4
1;63;0;4
1;64;0;4
1;65;0;4
1;66;0;4
1;67;0;4
1;68;0;4
1;69;0;4
1;70;0;4
1;71;0;4
1;72;0;4
1;73;0;4
1;74;0;4
1;75;0;4
1;76;0;4
1;77;0;4
1;78;0;4
1;79;0;4
1;80;0;4
1;81;0;4
1;82;0;4
1;83;34;4
1;84;40;4
1;85;40;4
1;86;40;4
1;87;34;4
1;88;0;4
1;89;0;4
1;90;0;4
1;91;0;4
1;92;0;4
1;93;0;4
1;94;0;4
1;95;0;4
1;96;0;4
2;0;0;4
2;1;0;4
2;2;40;4
2;3;40;4
2;4;40;4
2;5;40;4
2;6;40;4
2;7;40;4
2;8;40;4
2;9;34;4
2;10;0;4
2;11;0;4
2;12;0;4
2;13;0;4
2;14;0;4
2;15;0;4
2;16;0;4
2;17;0;4
2;18;0;4
2;19;0;4
2;20;0;4
2;21;0;4
2;22;0;4
2;23;0;4
2;24;0;4
2;25;0;4
2;26;0;4
2;27;0;4
2;28;0;4
2;29;0;4
2;30;0;4
2;31;0;4
2;32;0;4
2;33;0;4
2;34;0;4
2;35;0;4
2;36;0;4
2;37;0;4
2;38;0;4
2;39;0;4
2;40;0;4
2;41;0;4
2;42;0;4
2;43;0;4
2;44;0;4
2;45;0;4
2;46;0;4
2;47;43;4
2;48;43;4
2;49;43;4
2;50;43;4
2;51;43;4
2;52;43;4
2;53;43;4
2;54;0;4
2;55;0;4
2;56;0;4
2;57;0;4
2;58;0;4
2;59;0;4
2;60;0;4
2;61;0;4
2;62;0;4
2;63;0;4
2;64;0;4
2;65;0;4
2;66;0;4
2;67;0;4
2;68;0;4
2;69;0;4
2;70;0;4
2;71;0;4
2;72;0;4
2;73;0;4
2;74;0;4
2;75;0;4
2;76;0;4
2;77;0;4
2;78;0;4
2;79;0;4
2;80;0;4
2;81;0;4
2;82;34;4
2;83;40;4
2;84;40;4
2;85;40;4
2;86;40;4
2;87;40;4
2;88;34;4
2;89;0;4
2;90;0;4
2;91;0;4
2;92;0;4
2;93;0;4
2;94;0;4
2;95;0;4
2;96;0;4
3;0;0;4
3;1;0;4
3;2;40;4
3;3;40;4
3;4;40;4
3;5;40;4
3;6;40;4
3;7;40;4
3;8;40;4
3;9;40;4
3;10;40;4
3;11;40;4
3;12;40;4
3;13;40;4
3;14;34;4
3;15;0;4
3;16;0;4
3;17;0;4
3;18;0;4
3;19;0;4
3;20;0;4
3;21;0;4
3;22;0;4
3;23;0;4
3;24;0;4
3;25;0;4
3;26;0;4
3;27;0;4
3;28;0;4
3;29;0;4
3;30;0;4
3;31;0;4
3;32;0;4
3;33;0;4
3;34;0;4
3;35;0;4
3;36;0;4
3;37;0;4
3;38;0;4
3;39;0;4
3;40;0;4
3;41;0;4
3;42;0;4
3;43;0;4
3;44;0;4
3;45;0;4
3;46;0;4
3;47;43;4
3;48;43;4
3;49;43;4
3;50;43;4
3;51;43;4
3;52;43;4
3;53;43;4
3;54;0;4
3;55;0;4
3;56;0;4
3;57;0;4
3;58;0;4
3;59;0;4
3;60;0;4
3;61;0;4
3;62;0;4
3;63;0;4
3;64;0;4
3;65;0;4
3;66;0;4
3;67;0;4
3;68;0;4
3;69;0;4
3;70;0;4
3;71;0;4
3;72;0;4
3;73;0;4
3;74;0;4
3;75;0;4
3;76;0;4
3;77;0;4
3;78;0;4
3;79;0;4
3;80;0;4
3;81;34;4
3;82;40;4
3;83;40;4
3;84;40;4
3;85;40;4
3;86;40;4
3;87;40;4
3;88;40;4
3;89;34;4
3;90;0;4
3;91;0;4
3;92;0;4
3;93;0;4
3;94;0;4
3;95;0;4
3;96;0;4
4;0;0;4
4;1;0;4
4;2;40;4
4;3;40;4
4;4;40;4
4;5;40;4
4;6;40;4
4;7;40;4
4;8;40;4
4;9;40;4
4;10;40;4
4;11;40;4
4;12;40;4
4;13;40;4
4;14;40;4
4;15;0;4
4;16;0;4
4;17;0;4
4;18;0;4
4;19;0;4
4;20;0;4
4;21;0;4
4;22;0;4
4;23;0;4
4;24;0;4
4;25;0;4
4;26;0;4
4;27;0;4
4;28;34;4
4;29;40;4
4;30;40;4
4;31;40;4
4;32;34;4
4;33;0;4
4;34;0;4
4;35;0;4
4;36;0;4
4;37;0;4
4;38;0;4
4;39;0;4
4;40;0;4
4;41;0;4
4;42;0;4
4;43;0;4
4;44;0;4
4;45;0;4
4;46;0;4
4;47;43;4
4;48;43;4
4;49;43;4
4;50;43;4
4;51;43;4
4;52;43;4
4;53;43;4
4;54;0;4
4;55;0;4
4;56;0;4
4;57;0;4
4;58;0;4
4;59;0;4
4;60;0;4
4;61;0;4
4;62;0;4
4;63;0;4
4;64;0;4
4;65;0;4
4;66;0;4
4;67;0;4
4;68;0;4
4;69;0;4
4;70;0;4
4;71;0;4
4;72;0;4
4;73;0;4
4;74;0;4
4;75;0;4
4;76;34;4
4;77;40;4
4;78;40;4
4;79;40;4
4;80;40;4
4;81;40;4
4;82;40;4
4;83;40;4
4;84;40;4
4;85;40;4
4;86;40;4
4;87;40;4
4;88;40;4
4;89;40;4
4;90;40;4
4;91;40;4
4;92;40;4
4;93;40;4
4;94;40;4
4;95;34;4
4;96;0;4
5;0;0;4
5;1;0;4
5;2;40;4
5;3;40;4
5;4;40;4
5;5;40;4
5;6;40;4
5;7;40;4
5;8;40;4
5;9;40;4
5;10;40;4
5;11;40;4
5;12;40;4
5;13;40;4
5;14;40;4
5;15;0;4
5;16;0;4
5;17;0;4
5;18;0;4
5;19;0;4
5;20;0;4
5;21;0;4
5;22;0;4
5;23;0;4
5;24;0;4
5;25;0;4
5;26;0;4
5;27;34;4
5;28;40;4
5;29;40;4
5;30;40;4
5;31;40;4
5;32;40;4
5;33;34;4
5;34;0;4
5;35;43;4
5;36;43;4
5;37;43;4
5;38;43;4
5;39;43;4
5;40;43;4
5;41;18;4
5;42;18;4
5;43;18;4
5;44;18;4
5;45;18;4
5;46;55;4
5;47;55;4
5;48;55;4
5;49;18;4
5;50;18;4
5;51;18;4
5;52;18;4
5;53;18;4
5;54;18;4
5;55;18;4
5;56;18;4
5;57;18;4
5;58;18;4
5;59;18;4
5;60;18;4
5;61;18;4
5;62;18;4
5;63;18;4
5;64;18;4
5;65;18;4
5;66;18;4
5;67;43;4
5;68;43;4
5;69;0;4
5;70;0;4
5;71;0;4
5;72;0;4
5;73;0;4
5;74;0;4
5;75;0;4
5;76;40;4
5;77;40;4
5;78;40;4
5;79;40;4
5;80;40;4
5;81;40;4
5;82;40;4
5;83;40;4
5;84;40;4
5;85;40;4
5;86;40;4
5;87;40;4
5;88;40;4
5;89;40;4
5;90;40;4
5;91;40;4
5;92;40;4
5;93;40;4
5;94;40;4
5;95;40;4
5;96;34;4
6;0;0;4
6;1;0;4
6;2;40;4
6;3;40;4
6;4;40;4
6;5;40;4
6;6;40;4
6;7;40;4
6;8;40;4
6;9;40;4
6;10;40;4
6;11;40;4
6;12;40;4
6;13;40;4
6;14;40;4
6;15;0;4
6;16;0;4
6;17;0;4
6;18;0;4
6;19;0;4
6;20;0;4
6;21;0;4
6;22;0;4
6;23;0;4
6;24;0;4
6;25;0;4
6;26;34;4
6;27;0;4
6;28;40;4
6;29;40;4
6;30;40;4
6;31;40;4
6;32;40;4
6;33;40;4
6;34;34;4
6;35;43;4
6;36;43;4
6;37;43;4
6;38;43;4
6;39;43;4
6;40;43;4
6;41;18;4
6;42;18;4
6;43;18;4
6;44;18;4
6;45;18;4
6;46;55;4
6;47;55;4
6;48;55;4
6;49;18;4
6;50;18;4
6;51;18;4
6;52;18;4
6;53;18;4
6;54;18;4
6;55;18;4
6;56;18;4
6;57;18;4
6;58;18;4
6;59;18;4
6;60;18;4
6;61;18;4
6;62;18;4
6;63;18;4
6;64;18;4
6;65;18;4
6;66;18;4
6;67;43;4
6;68;43;4
6;69;0;4
6;70;0;4
6;71;0;4
6;72;0;4
6;73;0;4
6;74;0;4
6;75;0;4
6;76;40;4
6;77;40;4
6;78;40;4
6;79;40;4
6;80;40;4
6;81;40;4
6;82;40;4
6;83;40;4
6;84;40;4
6;85;40;4
6;86;40;4
6;87;40;4
6;88;40;4
6;89;40;4
6;90;40;4
6;91;40;4
6;92;40;4
6;93;40;4
6;94;40;4
6;95;40;4
6;96;40;4
7;0;0;4
7;1;0;4
7;2;0;4
7;3;40;4
7;4;40;4
7;5;40;4
7;6;40;4
7;7;40;4
7;8;40;4
7;9;40;4
7;10;40;4
7;11;40;4
7;12;40;4
7;13;40;4
7;14;40;4
7;15;0;4
7;16;0;4
7;17;0;4
7;18;0;4
7;19;0;4
7;20;34;4
7;21;40;4
7;22;40;4
7;23;40;4
7;24;40;4
7;25;40;4
7;26;40;4
7;27;40;4
7;28;40;4
7;29;40;4
7;30;40;4
7;31;40;4
7;32;40;4
7;33;40;4
7;34;40;4
7;35;43;4
7;36;43;4
7;37;43;4
7;38;43;4
7;39;43;4
7;40;43;4
7;41;18;4
7;42;18;4
7;43;18;4
7;44;18;4
7;45;18;4
7;46;55;4
7;47;55;4
7;48;55;4
7;49;18;4
7;50;18;4
7;51;18;4
7;52;18;4
7;53;18;4
7;54;18;4
7;55;18;4
7;56;18;4
7;57;18;4
7;58;18;4
7;59;18;4
7;60;18;4
7;61;18;4
7;62;18;4
7;63;18;4
7;64;18;4
7;65;18;4
7;66;18;4
7;67;43;4
7;68;43;4
7;69;0;4
7;70;0;4
7;71;0;4
7;72;0;4
7;73;0;4
7;74;0;4
7;75;0;4
7;76;40;4
7;77;40;4
7;78;40;4
7;79;40;4
7;80;40;4
7;81;40;4
7;82;40;4
7;83;40;4
7;84;40;4
7;85;40;4
7;86;40;4
7;87;40;4
7;88;40;4
7;89;40;4
7;90;40;4
7;91;40;4
7;92;40;4
7;93;40;4
7;94;40;4
7;95;40;4
7;96;40;4
8;0;0;4
8;1;0;4
8;2;0;4
8;3;0;4
8;4;40;4
8;5;40;4
8;6;40;4
8;7;40;4
8;8;40;4
8;9;40;4
8;10;40;4
8;11;40;4
8;12;40;4
8;13;40;4
8;14;40;4
8;15;34;4
8;16;0;4
8;17;0;4
8;18;0;4
8;19;34;4
8;20;0;4
8;21;40;4
8;22;40;4
8;23;40;4
8;24;40;4
8;25;40;4
8;26;40;4
8;27;40;4
8;28;40;4
8;29;40;4
8;30;40;4
8;31;40;4
8;32;40;4
8;33;40;4
8;34;40;4
8;35;43;4
8;36;43;4
8;37;43;4
8;38;43;4
8;39;43;4
8;40;43;4
8;41;18;4
8;42;18;4
8;43;18;4
8;44;18;4
8;45;18;4
8;46;18;4
8;47;18;4
8;48;18;4
8;49;18;4
8;50;18;4
8;51;55;4
8;52;55;4
8;53;55;4
8;54;18;4
8;55;18;4
8;56;18;4
8;57;18;4
8;58;18;4
8;59;18;4
8;60;18;4
8;61;18;4
8;62;18;4
8;63;18;4
8;64;18;4
8;65;18;4
8;66;18;4
8;67;43;4
8;68;43;4
8;69;0;4
8;70;0;4
8;71;0;4
8;72;0;4
8;73;0;4
8;74;0;4
8;75;0;4
8;76;40;4
8;77;40;4
8;78;40;4
8;79;40;4
8;80;40;4
8;81;40;4
8;82;40;4
8;83;40;4
8;84;40;4
8;85;40;4
8;86;40;4
8;87;40;4
8;88;40;4
8;89;40;4
8;90;40;4
8;91;40;4
8;92;40;4
8;93;40;4
8;94;40;4
8;95;40;4
8;96;40;4
9;0;0;4
9;1;0;4
9;2;0;4
9;3;0;4
9;4;40;4
9;5;40;4
9;6;40;4
9;7;40;4
9;8;40;4
9;9;40;4
9;10;40;4
9;11;40;4
9;12;40;4
9;13;40;4
9;14;40;4
9;15;40;4
9;16;40;4
9;17;40;4
9;18;40;4
9;19;40;4
9;20;40;4
9;21;40;4
9;22;40;4
9;23;40;4
9;24;40;4
9;25;40;4
9;26;40;4
9;27;40;4
9;28;40;4
9;29;40;4
9;30;40;4
9;31;40;4
9;32;40;4
9;33;40;4
9;34;40;4
9;35;43;4
9;36;43;4
9;37;43;4
9;38;43;4
9;39;43;4
9;40;43;4
9;41;55;4
9;42;55;4
9;43;55;4
9;44;55;4
9;45;18;4
9;46;18;4
9;47;18;4
9;48;18;4
9;49;18;4
9;50;18;4
9;51;55;4
9;52;55;4
9;53;55;4
9;54;18;4
9;55;18;4
9;56;55;4
9;57;55;4
9;58;55;4
9;59;18;4
9;60;18;4
9;61;18;4
9;62;18;4
9;63;18;4
9;64;18;4
9;65;18;4
9;66;18;4
9;67;43;4
9;68;43;4
9;69;43;4
9;70;0;4
9;71;0;4
9;72;0;4
9;73;0;4
9;74;0;4
9;75;0;4
9;76;40;4
9;77;40;4
9;78;40;4
9;79;40;4
9;80;40;4
9;81;40;4
9;82;40;4
9;83;40;4
9;84;40;4
9;85;40;4
9;86;40;4
9;87;40;4
9;88;40;4
9;89;40;4
9;90;40;4
9;91;40;4
9;92;40;4
9;93;40;4
9;94;40;4
9;95;40;4
9;96;40;4
10;0;0;4
10;1;0;4
10;2;0;4
10;3;0;4
10;4;40;4
10;5;40;4
10;6;40;4
10;7;40;4
10;8;40;4
10;9;40;4
10;10;40;4
10;11;40;4
10;12;40;4
10;13;40;4
10;14;40;4
10;15;40;4
10;16;40;4
10;17;40;4
10;18;40;4
10;19;40;4
10;20;40;4
10;21;40;4
10;22;40;4
10;23;40;4
10;24;40;4
10;25;40;4
10;26;40;4
10;27;40;4
10;28;40;4
10;29;40;4
10;30;40;4
10;31;40;4
10;32;40;4
10;33;40;4
10;34;40;4
10;35;43;4
10;36;43;4
10;37;43;4
10;38;43;4
10;39;43;4
10;40;43;4
10;41;55;4
10;42;55;4
10;43;55;4
10;44;55;4
10;45;18;4
10;46;18;4
10;47;18;4
10;48;18;4
10;49;18;4
10;50;18;4
10;51;55;4
10;52;55;4
10;53;55;4
10;54;18;4
10;55;18;4
10;56;55;4
10;57;55;4
10;58;55;4
10;59;18;4
10;60;18;4
10;61;18;4
10;62;18;4
10;63;18;4
10;64;18;4
10;65;18;4
10;66;18;4
10;67;43;4
10;68;43;4
10;69;43;4
10;70;43;4
10;71;0;4
10;72;0;4
10;73;0;4
10;74;0;4
10;75;40;4
10;76;40;4
10;77;40;4
10;78;40;4
10;79;40;4
10;80;40;4
10;81;40;4
10;82;40;4
10;83;40;4
10;84;40;4
10;85;40;4
10;86;40;4
10;87;40;4
10;88;40;4
10;89;40;4
10;90;40;4
10;91;40;4
10;92;40;4
10;93;40;4
10;94;40;4
10;95;40;4
10;96;34;4
11;0;0;4
11;1;0;4
11;2;0;4
11;3;0;4
11;4;40;4
11;5;40;4
11;6;40;4
11;7;40;4
11;8;40;4
11;9;40;4
11;10;40;4
11;11;40;4
11;12;40;4
11;13;40;4
11;14;40;4
11;15;40;4
11;16;40;4
11;17;40;4
11;18;40;4
11;19;40;4
11;20;40;4
11;21;40;4
11;22;40;4
11;23;40;4
11;24;40;4
11;25;40;4
11;26;40;4
11;27;40;4
11;28;40;4
11;29;40;4
11;30;40;4
11;31;40;4
11;32;40;4
11;33;40;4
11;34;40;4
11;35;43;4
11;36;43;4
11;37;43;4
11;38;43;4
11;39;43;4
11;40;43;4
11;41;55;4
11;42;55;4
11;43;55;4
11;44;55;4
11;45;18;4
11;46;18;4
11;47;18;4
11;48;18;4
11;49;18;4
11;50;18;4
11;51;18;4
11;52;18;4
11;53;18;4
11;54;18;4
11;55;18;4
11;56;55;4
11;57;55;4
11;58;55;4
11;59;18;4
11;60;18;4
11;61;18;4
11;62;18;4
11;63;18;4
11;64;18;4
11;65;18;4
11;66;18;4
11;67;43;4
11;68;43;4
11;69;43;4
11;70;43;4
11;71;0;4
11;72;0;4
11;73;0;4
11;74;40;4
11;75;40;4
11;76;40;4
11;77;40;4
11;78;40;4
11;79;40;4
11;80;40;4
11;81;40;4
11;82;40;4
11;83;40;4
11;84;40;4
11;85;40;4
11;86;40;4
11;87;40;4
11;88;40;4
11;89;40;4
11;90;40;4
11;91;40;4
11;92;40;4
11;93;40;4
11;94;40;4
11;95;34;4
11;96;0;4
12;0;0;4
12;1;0;4
12;2;0;4
12;3;0;4
12;4;40;4
12;5;40;4
12;6;40;4
12;7;40;4
12;8;40;4
12;9;40;4
12;10;40;4
12;11;40;4
12;12;40;4
12;13;40;4
12;14;40;4
12;15;40;4
12;16;40;4
12;17;40;4
12;18;40;4
12;19;40;4
12;20;40;4
12;21;40;4
12;22;40;4
12;23;40;4
12;24;40;4
12;25;40;4
12;26;40;4
12;27;40;4
12;28;40;4
12;29;40;4
12;30;40;4
12;31;40;4
12;32;40;4
12;33;40;4
12;34;40;4
12;35;43;4
12;36;43;4
12;37;43;4
12;38;43;4
12;39;43;4
12;40;43;4
12;41;18;4
12;42;18;4
12;43;18;4
12;44;18;4
12;45;18;4
12;46;18;4
12;47;18;4
12;48;18;4
12;49;18;4
12;50;18;4
12;51;18;4
12;52;18;4
12;53;18;4
12;54;18;4
12;55;18;4
12;56;18;4
12;57;18;4
12;58;18;4
12;59;18;4
12;60;18;4
12;61;18;4
12;62;18;4
12;63;18;4
12;64;18;4
12;65;18;4
12;66;18;4
12;67;43;4
12;68;43;4
12;69;43;4
12;70;43;4
12;71;0;4
12;72;0;4
12;73;40;4
12;74;40;4
12;75;40;4
12;76;40;4
12;77;40;4
12;78;40;4
12;79;40;4
12;80;40;4
12;81;40;4
12;82;40;4
12;83;40;4
12;84;40;4
12;85;40;4
12;86;40;4
12;87;40;4
12;88;40;4
12;89;40;4
12;90;40;4
12;91;40;4
12;92;40;4
12;93;40;4
12;94;34;4
12;95;0;4
12;96;0;4
13;0;0;4
13;1;0;4
13;2;0;4
13;3;0;4
13;4;0;4
13;5;40;4
13;6;40;4
13;7;40;4
13;8;40;4
13;9;40;4
13;10;40;4
13;11;40;4
13;12;40;4
13;13;40;4
13;14;40;4
13;15;40;4
13;16;40;4
13;17;40;4
13;18;40;4
13;19;40;4
13;20;40;4
13;21;40;4
13;22;40;4
13;23;40;4
13;24;40;4
13;25;40;4
13;26;40;4
13;27;40;4
13;28;40;4
13;29;40;4
13;30;40;4
13;31;40;4
13;32;40;4
13;33;40;4
13;34;40;4
13;35;43;4
13;36;43;4
13;37;43;4
13;38;43;4
13;39;43;4
13;40;43;4
13;41;18;4
13;42;18;4
13;43;18;4
13;44;18;4
13;45;18;4
13;46;18;4
13;47;18;4
13;48;18;4
13;49;18;4
13;50;18;4
13;51;18;4
13;52;18;4
13;53;18;4
13;54;18;4
13;55;18;4
13;56;18;4
13;57;18;4
13;58;18;4
13;59;18;4
13;60;18;4
13;61;18;4
13;62;18;4
13;63;18;4
13;64;18;4
13;65;18;4
13;66;18;4
13;67;43;4
13;68;43;4
13;69;43;4
13;70;43;4
13;71;43;4
13;72;40;4
13;73;40;4
13;74;40;4
13;75;40;4
13;76;40;4
13;77;40;4
13;78;40;4
13;79;40;4
13;80;40;4
13;81;40;4
13;82;40;4
13;83;40;4
13;84;40;4
13;85;40;4
13;86;40;4
13;87;40;4
13;88;40;4
13;89;40;4
13;90;40;4
13;91;40;4
13;92;40;4
13;93;34;4
13;94;0;4
13;95;0;4
13;96;0;4
14;0;0;4
14;1;0;4
14;2;0;4
14;3;0;4
14;4;0;4
14;5;0;4
14;6;40;4
14;7;40;4
14;8;40;4
14;9;40;4
14;10;40;4
14;11;40;4
14;12;40;4
14;13;40;4
14;14;40;4
14;15;40;4
14;16;40;4
14;17;40;4
14;18;40;4
14;19;40;4
14;20;40;4
14;21;40;4
14;22;40;4
14;23;40;4
14;24;40;4
14;25;40;4
14;26;40;4
14;27;40;4
14;28;40;4
14;29;40;4
14;30;40;4
14;31;40;4
14;32;40;4
14;33;40;4
14;34;40;4
14;35;18;4
14;36;18;4
14;37;18;4
14;38;18;4
14;39;18;4
14;40;18;4
14;41;18;4
14;42;18;4
14;43;18;4
14;44;18;4
14;45;18;4
14;46;18;4
14;47;18;4
14;48;18;4
14;49;18;4
14;50;18;4
14;51;18;4
14;52;18;4
14;53;18;4
14;54;18;4
14;55;18;4
14;56;18;4
14;57;18;4
14;58;18;4
14;59;18;4
14;60;18;4
14;61;18;4
14;62;18;4
14;63;18;4
14;64;18;4
14;65;18;4
14;66;18;4
14;67;40;4
14;68;40;4
14;69;40;4
14;70;40;4
14;71;40;4
14;72;40;4
14;73;40;4
14;74;40;4
14;75;40;4
14;76;40;4
14;77;40;4
14;78;40;4
14;79;40;4
14;80;40;4
14;81;40;4
14;82;40;4
14;83;40;4
14;84;40;4
14;85;40;4
14;86;40;4
14;87;40;4
14;88;40;4
14;89;40;4
14;90;40;4
14;91;40;4
14;92;40;4
14;93;0;4
14;94;0;4
14;95;0;4
14;96;0;4
15;0;0;4
15;1;0;4
15;2;0;4
15;3;0;4
15;4;0;4
15;5;0;4
15;6;0;4
15;7;40;4
15;8;40;4
15;9;40;4
15;10;40;4
15;11;40;4
15;12;40;4
15;13;40;4
15;14;40;4
15;15;40;4
15;16;40;4
15;17;40;4
15;18;40;4
15;19;40;4
15;20;40;4
15;21;40;4
15;22;40;4
15;23;40;4
15;24;40;4
15;25;40;4
15;26;40;4
15;27;40;4
15;28;40;4
15;29;40;4
15;30;40;4
15;31;40;4
15;32;40;4
15;33;40;4
15;34;40;4
15;35;57;4
15;36;55;4
15;37;57;4
15;38;55;4
15;39;57;4
15;40;55;4
15;41;57;4
15;42;55;4
15;43;57;4
15;44;55;4
15;45;57;4
15;46;55;4
15;47;57;4
15;48;55;4
15;49;57;4
15;50;55;4
15;51;55;4
15;52;55;4
15;53;55;4
15;54;55;4
15;55;57;4
15;56;55;4
15;57;57;4
15;58;55;4
15;59;57;4
15;60;55;4
15;61;57;4
15;62;55;4
15;63;40;4
15;64;40;4
15;65;40;4
15;66;40;4
15;67;40;4
15;68;40;4
15;69;40;4
15;70;40;4
15;71;40;4
15;72;40;4
15;73;40;4
15;74;40;4
15;75;40;4
15;76;40;4
15;77;40;4
15;78;40;4
15;79;40;4
15;80;40;4
15;81;40;4
15;82;40;4
15;83;40;4
15;84;40;4
15;85;40;4
15;86;40;4
15;87;40;4
15;88;40;4
15;89;40;4
15;90;40;4
15;91;40;4
15;92;40;4
15;93;0;4
15;94;0;4
15;95;0;4
15;96;0;4
16;0;0;4
16;1;0;4
16;2;0;4
16;3;0;4
16;4;0;4
16;5;0;4
16;6;0;4
16;7;40;4
16;8;40;4
16;9;40;4
16;10;40;4
16;11;40;4
16;12;40;4
16;13;40;4
16;14;40;4
16;15;40;4
16;16;40;4
16;17;40;4
16;18;40;4
16;19;40;4
16;20;40;4
16;21;40;4
16;22;40;4
16;23;40;4
16;24;40;4
16;25;40;4
16;26;40;4
16;27;40;4
16;28;40;4
16;29;40;4
16;30;40;4
16;31;40;4
16;32;40;4
16;33;40;4
16;34;40;4
16;35;57;4
16;36;55;4
16;37;57;4
16;38;55;4
16;39;57;4
16;40;55;4
16;41;57;4
16;42;55;4
16;43;57;4
16;44;55;4
16;45;57;4
16;46;55;4
16;47;57;4
16;48;55;4
16;49;57;4
16;50;55;4
16;51;55;4
16;52;55;4
16;53;55;4
16;54;55;4
16;55;57;4
16;56;55;4
16;57;57;4
16;58;55;4
16;59;57;4
16;60;55;4
16;61;57;4
16;62;55;4
16;63;40;4
16;64;40;4
16;65;40;4
16;66;40;4
16;67;40;4
16;68;40;4
16;69;40;4
16;70;40;4
16;71;40;4
16;72;40;4
16;73;40;4
16;74;40;4
16;75;40;4
16;76;40;4
16;77;40;4
16;78;40;4
16;79;40;4
16;80;40;4
16;81;40;4
16;82;40;4
16;83;40;4
16;84;40;4
16;85;40;4
16;86;40;4
16;87;40;4
16;88;40;4
16;89;40;4
16;90;40;4
16;91;40;4
16;92;40;4
16;93;0;4
16;94;0;4
16;95;0;4
16;96;0;4
17;0;0;4
17;1;0;4
17;2;0;4
17;3;0;4
17;4;0;4
17;5;0;4
17;6;0;4
17;7;40;4
17;8;40;4
17;9;40;4
17;10;40;4
17;11;40;4
17;12;40;4
17;13;40;4
17;14;40;4
17;15;40;4
17;16;40;4
17;17;40;4
17;18;40;4
17;19;40;4
17;20;40;4
17;21;40;4
17;22;40;4
17;23;40;4
17;24;40;4
17;25;40;4
17;26;40;4
17;27;40;4
17;28;40;4
17;29;40;4
17;30;40;4
17;31;40;4
17;32;40;4
17;33;40;4
17;34;40;4
17;35;18;4
17;36;18;4
17;37;18;4
17;38;18;4
17;39;18;4
17;40;18;4
17;41;18;4
17;42;18;4
17;43;18;4
17;44;18;4
17;45;18;4
17;46;18;4
17;47;18;4
17;48;18;4
17;49;18;4
17;50;18;4
17;51;55;4
17;52;55;4
17;53;55;4
17;54;18;4
17;55;18;4
17;56;18;4
17;57;18;4
17;58;18;4
17;59;18;4
17;60;18;4
17;61;18;4
17;62;18;4
17;63;40;4
17;64;40;4
17;65;40;4
17;66;40;4
17;67;40;4
17;68;40;4
17;69;40;4
17;70;40;4
17;71;40;4
17;72;40;4
17;73;40;4
17;74;40;4
17;75;40;4
17;76;40;4
17;77;40;4
17;78;40;4
17;79;40;4
17;80;40;4
17;81;40;4
17;82;40;4
17;83;40;4
17;84;40;4
17;85;40;4
17;86;40;4
17;87;40;4
17;88;40;4
17;89;40;4
17;90;40;4
17;91;40;4
17;92;34;4
17;93;0;4
17;94;0;4
17;95;0;4
17;96;0;4
18;0;0;4
18;1;0;4
18;2;0;4
18;3;0;4
18;4;0;4
18;5;0;4
18;6;0;4
18;7;40;4
18;8;40;4
18;9;40;4
18;10;40;4
18;11;40;4
18;12;40;4
18;13;40;4
18;14;40;4
18;15;40;4
18;16;40;4
18;17;40;4
18;18;40;4
18;19;40;4
18;20;40;4
18;21;40;4
18;22;40;4
18;23;40;4
18;24;40;4
18;25;40;4
18;26;40;4
18;27;40;4
18;28;40;4
18;29;40;4
18;30;40;4
18;31;40;4
18;32;40;4
18;33;40;4
18;34;40;4
18;35;43;4
18;36;43;4
18;37;43;4
18;38;43;4
18;39;43;4
18;40;43;4
18;41;55;4
18;42;55;4
18;43;55;4
18;44;18;4
18;45;18;4
18;46;18;4
18;47;18;4
18;48;18;4
18;49;55;4
18;50;18;4
18;51;18;4
18;52;55;4
18;53;18;4
18;54;18;4
18;55;18;4
18;56;18;4
18;57;18;4
18;58;18;4
18;59;18;4
18;60;18;4
18;61;18;4
18;62;18;4
18;63;18;4
18;64;55;4
18;65;18;4
18;66;18;4
18;67;18;4
18;68;18;4
18;69;43;4
18;70;43;4
18;71;43;4
18;72;40;4
18;73;40;4
18;74;40;4
18;75;40;4
18;76;40;4
18;77;40;4
18;78;40;4
18;79;40;4
18;80;40;4
18;81;40;4
18;82;40;4
18;83;40;4
18;84;40;4
18;85;40;4
18;86;40;4
18;87;40;4
18;88;40;4
18;89;40;4
18;90;40;4
18;91;34;4
18;92;0;4
18;93;0;4
18;94;0;4
18;95;0;4
18;96;0;4
19;0;0;4
19;1;0;4
19;2;0;4
19;3;0;4
19;4;0;4
19;5;0;4
19;6;0;4
19;7;40;4
19;8;40;4
19;9;40;4
19;10;40;4
19;11;40;4
19;12;40;4
19;13;40;4
19;14;40;4
19;15;40;4
19;16;40;4
19;17;40;4
19;18;40;4
19;19;40;4
19;20;40;4
19;21;40;4
19;22;40;4
19;23;40;4
19;24;40;4
19;25;40;4
19;26;40;4
19;27;40;4
19;28;40;4
19;29;40;4
19;30;40;4
19;31;40;4
19;32;40;4
19;33;40;4
19;34;40;4
19;35;43;4
19;36;43;4
19;37;43;4
19;38;43;4
19;39;43;4
19;40;43;4
19;41;55;4
19;42;55;4
19;43;55;4
19;44;18;4
19;45;18;4
19;46;18;4
19;47;18;4
19;48;55;4
19;49;55;4
19;50;55;4
19;51;18;4
19;52;57;4
19;53;18;4
19;54;18;4
19;55;55;4
19;56;55;4
19;57;55;4
19;58;18;4
19;59;18;4
19;60;18;4
19;61;18;4
19;62;18;4
19;63;18;4
19;64;18;4
19;65;18;4
19;66;18;4
19;67;43;4
19;68;43;4
19;69;43;4
19;70;43;4
19;71;43;4
19;72;40;4
19;73;40;4
19;74;40;4
19;75;40;4
19;76;40;4
19;77;40;4
19;78;40;4
19;79;40;4
19;80;40;4
19;81;40;4
19;82;40;4
19;83;40;4
19;84;40;4
19;85;40;4
19;86;40;4
19;87;40;4
19;88;40;4
19;89;40;4
19;90;34;4
19;91;0;4
19;92;0;4
19;93;0;4
19;94;0;4
19;95;0;4
19;96;0;4
20;0;0;4
20;1;0;4
20;2;0;4
20;3;0;4
20;4;0;4
20;5;0;4
20;6;0;4
20;7;0;4
20;8;13;4
20;9;13;4
20;10;13;4
20;11;13;4
20;12;13;4
20;13;40;4
20;14;40;4
20;15;40;4
20;16;40;4
20;17;40;4
20;18;40;4
20;19;40;4
20;20;40;4
20;21;40;4
20;22;40;4
20;23;40;4
20;24;40;4
20;25;40;4
20;26;40;4
20;27;40;4
20;28;40;4
20;29;40;4
20;30;40;4
20;31;40;4
20;32;40;4
20;33;40;4
20;34;40;4
20;35;43;4
20;36;43;4
20;37;43;4
20;38;43;4
20;39;43;4
20;40;43;4
20;41;55;4
20;42;55;4
20;43;55;4
20;44;18;4
20;45;18;4
20;46;18;4
20;47;18;4
20;48;18;4
20;49;55;4
20;50;18;4
20;51;18;4
20;52;55;4
20;53;18;4
20;54;18;4
20;55;55;4
20;56;55;4
20;57;55;4
20;58;18;4
20;59;18;4
20;60;18;4
20;61;18;4
20;62;18;4
20;63;18;4
20;64;18;4
20;65;18;4
20;66;18;4
20;67;43;4
20;68;43;4
20;69;43;4
20;70;43;4
20;71;43;4
20;72;40;4
20;73;40;4
20;74;40;4
20;75;40;4
20;76;40;4
20;77;40;4
20;78;40;4
20;79;40;4
20;80;40;4
20;81;40;4
20;82;40;4
20;83;40;4
20;84;40;4
20;85;40;4
20;86;40;4
20;87;40;4
20;88;40;4
20;89;34;4
20;90;0;4
20;91;0;4
20;92;0;4
20;93;0;4
20;94;0;4
20;95;0;4
20;96;0;4
21;0;0;4
21;1;0;4
21;2;0;4
21;3;0;4
21;4;0;4
21;5;0;4
21;6;0;4
21;7;0;4
21;8;13;4
21;9;13;4
21;10;13;4
21;11;13;4
21;12;13;4
21;13;13;4
21;14;40;4
21;15;40;4
21;16;40;4
21;17;40;4
21;18;40;4
21;19;40;4
21;20;40;4
21;21;40;4
21;22;40;4
21;23;40;4
21;24;40;4
21;25;40;4
21;26;40;4
21;27;40;4
21;28;40;4
21;29;40;4
21;30;40;4
21;31;40;4
21;32;40;4
21;33;40;4
21;34;40;4
21;35;43;4
21;36;43;4
21;37;43;4
21;38;43;4
21;39;43;4
21;40;43;4
21;41;55;4
21;42;55;4
21;43;55;4
21;44;18;4
21;45;18;4
21;46;18;4
21;47;18;4
21;48;18;4
21;49;18;4
21;50;18;4
21;51;18;4
21;52;57;4
21;53;18;4
21;54;18;4
21;55;55;4
21;56;55;4
21;57;55;4
21;58;18;4
21;59;18;4
21;60;18;4
21;61;18;4
21;62;18;4
21;63;18;4
21;64;18;4
21;65;18;4
21;66;18;4
21;67;43;4
21;68;43;4
21;69;43;4
21;70;43;4
21;71;43;4
21;72;43;4
21;73;40;4
21;74;40;4
21;75;40;4
21;76;40;4
21;77;40;4
21;78;40;4
21;79;40;4
21;80;40;4
21;81;40;4
21;82;40;4
21;83;40;4
21;84;40;4
21;85;40;4
21;86;40;4
21;87;40;4
21;88;34;4
21;89;0;4
21;90;0;4
21;91;0;4
21;92;0;4
21;93;0;4
21;94;0;4
21;95;0;4
21;96;0;4
22;0;0;4
22;1;0;4
22;2;0;4
22;3;0;4
22;4;0;4
22;5;0;4
22;6;0;4
22;7;0;4
22;8;13;4
22;9;13;4
22;10;13;4
22;11;13;4
22;12;13;4
22;13;13;4
22;14;0;4
22;15;40;4
22;16;40;4
22;17;40;4
22;18;40;4
22;19;40;4
22;20;40;4
22;21;40;4
22;22;40;4
22;23;40;4
22;24;40;4
22;25;40;4
22;26;40;4
22;27;40;4
22;28;40;4
22;29;40;4
22;30;40;4
22;31;40;4
22;32;40;4
22;33;40;4
22;34;40;4
22;35;43;4
22;36;43;4
22;37;43;4
22;38;43;4
22;39;43;4
22;40;43;4
22;41;18;4
22;42;18;4
22;43;18;4
22;44;18;4
22;45;55;4
22;46;55;4
22;47;55;4
22;48;18;4
22;49;18;4
22;50;18;4
22;51;18;4
22;52;55;4
22;53;18;4
22;54;18;4
22;55;18;4
22;56;18;4
22;57;18;4
22;58;18;4
22;59;18;4
22;60;18;4
22;61;18;4
22;62;18;4
22;63;18;4
22;64;18;4
22;65;18;4
22;66;18;4
22;67;43;4
22;68;43;4
22;69;43;4
22;70;43;4
22;71;43;4
22;72;43;4
22;73;43;4
22;74;40;4
22;75;40;4
22;76;40;4
22;77;40;4
22;78;40;4
22;79;40;4
22;80;40;4
22;81;40;4
22;82;40;4
22;83;40;4
22;84;40;4
22;85;40;4
22;86;40;4
22;87;34;4
22;88;0;4
22;89;0;4
22;90;0;4
22;91;0;4
22;92;0;4
22;93;0;4
22;94;0;4
22;95;0;4
22;96;0;4
23;0;0;4
23;1;0;4
23;2;0;4
23;3;0;4
23;4;0;4
23;5;0;4
23;6;0;4
23;7;0;4
23;8;13;4
23;9;13;4
23;10;13;4
23;11;13;4
23;12;13;4
23;13;13;4
23;14;0;4
23;15;0;4
23;16;40;4
23;17;40;4
23;18;40;4
23;19;40;4
23;20;40;4
23;21;40;4
23;22;40;4
23;23;40;4
23;24;40;4
23;25;40;4
23;26;40;4
23;27;40;4
23;28;40;4
23;29;40;4
23;30;40;4
23;31;40;4
23;32;40;4
23;33;40;4
23;34;34;4
23;35;43;4
23;36;43;4
23;37;43;4
23;38;43;4
23;39;43;4
23;40;43;4
23;41;18;4
23;42;18;4
23;43;18;4
23;44;18;4
23;45;55;4
23;46;55;4
23;47;55;4
23;48;18;4
23;49;18;4
23;50;57;4
23;51;55;4
23;52;57;4
23;53;55;4
23;54;57;4
23;55;55;4
23;56;57;4
23;57;55;4
23;58;18;4
23;59;18;4
23;60;55;4
23;61;55;4
23;62;55;4
23;63;18;4
23;64;18;4
23;65;18;4
23;66;18;4
23;67;43;4
23;68;43;4
23;69;43;4
23;70;43;4
23;71;43;4
23;72;43;4
23;73;34;4
23;74;0;4
23;75;40;4
23;76;40;4
23;77;40;4
23;78;40;4
23;79;40;4
23;80;40;4
23;81;40;4
23;82;40;4
23;83;40;4
23;84;40;4
23;85;40;4
23;86;34;4
23;87;0;4
23;88;0;4
23;89;0;4
23;90;0;4
23;91;0;4
23;92;0;4
23;93;0;4
23;94;0;4
23;95;0;4
23;96;0;4
24;0;0;4
24;1;0;4
24;2;0;4
24;3;0;4
24;4;0;4
24;5;0;4
24;6;0;4
24;7;0;4
24;8;13;4
24;9;13;4
24;10;13;4
24;11;13;4
24;12;13;4
24;13;13;4
24;14;0;4
24;15;0;4
24;16;0;4
24;17;0;4
24;18;0;4
24;19;0;4
24;20;0;4
24;21;0;4
24;22;0;4
24;23;40;4
24;24;40;4
24;25;40;4
24;26;40;4
24;27;40;4
24;28;40;4
24;29;40;4
24;30;40;4
24;31;40;4
24;32;40;4
24;33;34;4
24;34;0;4
24;35;43;4
24;36;43;4
24;37;43;4
24;38;43;4
24;39;43;4
24;40;43;4
24;41;18;4
24;42;18;4
24;43;18;4
24;44;18;4
24;45;55;4
24;46;55;4
24;47;55;4
24;48;18;4
24;49;18;4
24;50;55;4
24;51;18;4
24;52;55;4
24;53;18;4
24;54;55;4
24;55;18;4
24;56;18;4
24;57;57;4
24;58;18;4
24;59;18;4
24;60;55;4
24;61;55;4
24;62;55;4
24;63;18;4
24;64;18;4
24;65;18;4
24;66;18;4
24;67;43;4
24;68;43;4
24;69;43;4
24;70;43;4
24;71;43;4
24;72;43;4
24;73;34;4
24;74;0;4
24;75;0;4
24;76;0;4
24;77;0;4
24;78;13;4
24;79;13;4
24;80;13;4
24;81;13;4
24;82;13;4
24;83;13;4
24;84;0;4
24;85;0;4
24;86;0;4
24;87;0;4
24;88;0;4
24;89;0;4
24;90;0;4
24;91;0;4
24;92;0;4
24;93;0;4
24;94;0;4
24;95;0;4
24;96;0;4
25;0;0;4
25;1;0;4
25;2;0;4
25;3;0;4
25;4;0;4
25;5;0;4
25;6;0;4
25;7;0;4
25;8;13;4
25;9;13;4
25;10;13;4
25;11;13;4
25;12;13;4
25;13;13;4
25;14;0;4
25;15;0;4
25;16;0;4
25;17;0;4
25;18;0;4
25;19;0;4
25;20;0;4
25;21;0;4
25;22;0;4
25;23;0;4
25;24;40;4
25;25;40;4
25;26;40;4
25;27;40;4
25;28;40;4
25;29;40;4
25;30;0;4
25;31;0;4
25;32;0;4
25;33;0;4
25;34;0;4
25;35;43;4
25;36;43;4
25;37;43;4
25;38;43;4
25;39;43;4
25;40;43;4
25;41;18;4
25;42;18;4
25;43;18;4
25;44;18;4
25;45;55;4
25;46;55;4
25;47;55;4
25;48;18;4
25;49;18;4
25;50;18;4
25;51;18;4
25;52;57;4
25;53;18;4
25;54;18;4
25;55;18;4
25;56;18;4
25;57;18;4
25;58;18;4
25;59;18;4
25;60;55;4
25;61;55;4
25;62;55;4
25;63;18;4
25;64;18;4
25;65;18;4
25;66;18;4
25;67;43;4
25;68;43;4
25;69;43;4
25;70;43;4
25;71;43;4
25;72;43;4
25;73;34;4
25;74;0;4
25;75;0;4
25;76;0;4
25;77;0;4
25;78;13;4
25;79;13;4
25;80;13;4
25;81;13;4
25;82;13;4
25;83;13;4
25;84;0;4
25;85;0;4
25;86;0;4
25;87;0;4
25;88;0;4
25;89;0;4
25;90;0;4
25;91;0;4
25;92;0;4
25;93;0;4
25;94;0;4
25;95;0;4
25;96;0;4
26;0;0;4
26;1;0;4
26;2;0;4
26;3;0;4
26;4;0;4
26;5;0;4
26;6;0;4
26;7;0;4
26;8;13;4
26;9;13;4
26;10;13;4
26;11;13;4
26;12;13;4
26;13;13;4
26;14;0;4
26;15;0;4
26;16;0;4
26;17;0;4
26;18;0;4
26;19;0;4
26;20;0;4
26;21;0;4
26;22;0;4
26;23;0;4
26;24;0;4
26;25;40;4
26;26;40;4
26;27;40;4
26;28;40;4
26;29;0;4
26;30;0;4
26;31;0;4
26;32;0;4
26;33;0;4
26;34;0;4
26;35;43;4
26;36;43;4
26;37;43;4
26;38;43;4
26;39;43;4
26;40;43;4
26;41;18;4
26;42;18;4
26;43;18;4
26;44;18;4
26;45;55;4
26;46;55;4
26;47;55;4
26;48;18;4
26;49;18;4
26;50;18;4
26;51;18;4
26;52;18;4
26;53;18;4
26;54;18;4
26;55;18;4
26;56;18;4
26;57;18;4
26;58;18;4
26;59;18;4
26;60;55;4
26;61;55;4
26;62;55;4
26;63;18;4
26;64;18;4
26;65;18;4
26;66;18;4
26;67;43;4
26;68;43;4
26;69;43;4
26;70;43;4
26;71;43;4
26;72;43;4
26;73;34;4
26;74;0;4
26;75;0;4
26;76;0;4
26;77;0;4
26;78;13;4
26;79;13;4
26;80;13;4
26;81;13;4
26;82;13;4
26;83;13;4
26;84;0;4
26;85;0;4
26;86;0;4
26;87;0;4
26;88;0;4
26;89;0;4
26;90;0;4
26;91;0;4
26;92;0;4
26;93;0;4
26;94;0;4
26;95;0;4
26;96;0;4
27;0;0;4
27;1;0;4
27;2;0;4
27;3;0;4
27;4;0;4
27;5;0;4
27;6;0;4
27;7;0;4
27;8;13;4
27;9;13;4
27;10;13;4
27;11;13;4
27;12;13;4
27;13;13;4
27;14;0;4
27;15;0;4
27;16;0;4
27;17;0;4
27;18;0;4
27;19;0;4
27;20;0;4
27;21;0;4
27;22;0;4
27;23;0;4
27;24;0;4
27;25;0;4
27;26;40;4
27;27;40;4
27;28;0;4
27;29;0;4
27;30;0;4
27;31;0;4
27;32;0;4
27;33;0;4
27;34;0;4
27;35;0;4
27;36;0;4
27;37;0;4
27;38;0;4
27;39;0;4
27;40;0;4
27;41;0;4
27;42;0;4
27;43;0;4
27;44;0;4
27;45;0;4
27;46;0;4
27;47;0;4
27;48;0;4
27;49;0;4
27;50;0;4
27;51;43;4
27;52;43;4
27;53;43;4
27;54;43;4
27;55;43;4
27;56;43;4
27;57;43;4
27;58;43;4
27;59;43;4
27;60;43;4
27;61;43;4
27;62;43;4
27;63;43;4
27;64;43;4
27;65;43;4
27;66;43;4
27;67;43;4
27;68;43;4
27;69;34;4
27;70;0;4
27;71;0;4
27;72;0;4
27;73;0;4
27;74;0;4
27;75;0;4
27;76;0;4
27;77;0;4
27;78;13;4
27;79;13;4
27;80;13;4
27;81;13;4
27;82;13;4
27;83;13;4
27;84;0;4
27;85;0;4
27;86;0;4
27;87;0;4
27;88;0;4
27;89;0;4
27;90;0;4
27;91;0;4
27;92;0;4
27;93;0;4
27;94;0;4
27;95;0;4
27;96;0;4
28;0;0;4
28;1;0;4
28;2;0;4
28;3;0;4
28;4;0;4
28;5;0;4
28;6;0;4
28;7;0;4
28;8;13;4
28;9;13;4
28;10;13;4
28;11;13;4
28;12;13;4
28;13;13;4
28;14;0;4
28;15;0;4
28;16;0;4
28;17;0;4
28;18;0;4
28;19;0;4
28;20;0;4
28;21;0;4
28;22;0;4
28;23;0;4
28;24;0;4
28;25;0;4
28;26;0;4
28;27;0;4
28;28;0;4
28;29;0;4
28;30;0;4
28;31;0;4
28;32;0;4
28;33;0;4
28;34;0;4
28;35;0;4
28;36;0;4
28;37;0;4
28;38;0;4
28;39;0;4
28;40;0;4
28;41;0;4
28;42;0;4
28;43;0;4
28;44;0;4
28;45;0;4
28;46;0;4
28;47;0;4
28;48;0;4
28;49;0;4
28;50;0;4
28;51;43;4
28;52;43;4
28;53;43;4
28;54;43;4
28;55;43;4
28;56;43;4
28;57;43;4
28;58;43;4
28;59;43;4
28;60;43;4
28;61;43;4
28;62;43;4
28;63;43;4
28;64;43;4
28;65;43;4
28;66;43;4
28;67;43;4
28;68;34;4
28;69;0;4
28;70;0;4
28;71;0;4
28;72;0;4
28;73;0;4
28;74;0;4
28;75;0;4
28;76;0;4
28;77;0;4
28;78;13;4
28;79;13;4
28;80;13;4
28;81;13;4
28;82;13;4
28;83;13;4
28;84;0;4
28;85;0;4
28;86;0;4
28;87;0;4
28;88;0;4
28;89;0;4
28;90;0;4
28;91;0;4
28;92;0;4
28;93;0;4
28;94;0;4
28;95;0;4
28;96;0;4
29;0;0;4
29;1;0;4
29;2;0;4
29;3;0;4
29;4;0;4
29;5;0;4
29;6;0;4
29;7;0;4
29;8;13;4
29;9;13;4
29;10;13;4
29;11;13;4
29;12;13;4
29;13;13;4
29;14;0;4
29;15;0;4
29;16;0;4
29;17;0;4
29;18;0;4
29;19;0;4
29;20;0;4
29;21;0;4
29;22;0;4
29;23;0;4
29;24;0;4
29;25;0;4
29;26;0;4
29;27;0;4
29;28;0;4
29;29;0;4
29;30;0;4
29;31;0;4
29;32;0;4
29;33;0;4
29;34;0;4
29;35;0;4
29;36;0;4
29;37;0;4
29;38;0;4
29;39;0;4
29;40;0;4
29;41;0;4
29;42;0;4
29;43;0;4
29;44;0;4
29;45;0;4
29;46;0;4
29;47;0;4
29;48;0;4
29;49;0;4
29;50;0;4
29;51;43;4
29;52;43;4
29;53;43;4
29;54;43;4
29;55;43;4
29;56;43;4
29;57;43;4
29;58;43;4
29;59;43;4
29;60;43;4
29;61;43;4
29;62;43;4
29;63;43;4
29;64;43;4
29;65;43;4
29;66;43;4
29;67;34;4
29;68;0;4
29;69;0;4
29;70;0;4
29;71;0;4
29;72;0;4
29;73;0;4
29;74;0;4
29;75;0;4
29;76;0;4
29;77;0;4
29;78;13;4
29;79;13;4
29;80;13;4
29;81;13;4
29;82;13;4
29;83;13;4
29;84;0;4
29;85;0;4
29;86;0;4
29;87;0;4
29;88;0;4
29;89;0;4
29;90;0;4
29;91;0;4
29;92;0;4
29;93;0;4
29;94;0;4
29;95;0;4
29;96;0;4
30;0;0;4
30;1;0;4
30;2;0;4
30;3;0;4
30;4;0;4
30;5;0;4
30;6;0;4
30;7;0;4
30;8;13;4
30;9;13;4
30;10;13;4
30;11;13;4
30;12;13;4
30;13;13;4
30;14;0;4
30;15;0;4
30;16;0;4
30;17;0;4
30;18;0;4
30;19;0;4
30;20;0;4
30;21;0;4
30;22;0;4
30;23;0;4
30;24;0;4
30;25;0;4
30;26;0;4
30;27;0;4
30;28;0;4
30;29;0;4
30;30;0;4
30;31;0;4
30;32;0;4
30;33;0;4
30;34;0;4
30;35;0;4
30;36;0;4
30;37;0;4
30;38;0;4
30;39;0;4
30;40;0;4
30;41;0;4
30;42;0;4
30;43;0;4
30;44;0;4
30;45;0;4
30;46;0;4
30;47;0;4
30;48;0;4
30;49;0;4
30;50;0;4
30;51;0;4
30;52;0;4
30;53;0;4
30;54;0;4
30;55;0;4
30;56;0;4
30;57;0;4
30;58;0;4
30;59;0;4
30;60;0;4
30;61;0;4
30;62;0;4
30;63;0;4
30;64;0;4
30;65;0;4
30;66;0;4
30;67;0;4
30;68;0;4
30;69;0;4
30;70;0;4
30;71;0;4
30;72;0;4
30;73;0;4
30;74;0;4
30;75;0;4
30;76;0;4
30;77;0;4
30;78;13;4
30;79;13;4
30;80;13;4
30;81;13;4
30;82;13;4
30;83;13;4
30;84;0;4
30;85;0;4
30;86;0;4
30;87;0;4
30;88;0;4
30;89;0;4
30;90;0;4
30;91;0;4
30;92;0;4
30;93;0;4
30;94;0;4
30;95;0;4
30;96;0;4
31;0;0;4
31;1;0;4
31;2;0;4
31;3;0;4
31;4;0;4
31;5;0;4
31;6;0;4
31;7;0;4
31;8;13;4
31;9;13;4
31;10;13;4
31;11;13;4
31;12;13;4
31;13;13;4
31;14;0;4
31;15;0;4
31;16;0;4
31;17;0;4
31;18;0;4
31;19;0;4
31;20;0;4
31;21;0;4
31;22;0;4
31;23;0;4
31;24;0;4
31;25;0;4
31;26;0;4
31;27;0;4
31;28;0;4
31;29;0;4
31;30;0;4
31;31;0;4
31;32;0;4
31;33;0;4
31;34;0;4
31;35;0;4
31;36;0;4
31;37;0;4
31;38;0;4
31;39;0;4
31;40;0;4
31;41;0;4
31;42;0;4
31;43;0;4
31;44;0;4
31;45;0;4
31;46;0;4
31;47;0;4
31;48;0;4
31;49;0;4
31;50;0;4
31;51;0;4
31;52;0;4
31;53;0;4
31;54;0;4
31;55;0;4
31;56;0;4
31;57;0;4
31;58;0;4
31;59;0;4
31;60;0;4
31;61;0;4
31;62;0;4
31;63;0;4
31;64;0;4
31;65;0;4
31;66;0;4
31;67;0;4
31;68;0;4
31;69;0;4
31;70;0;4
31;71;0;4
31;72;0;4
31;73;0;4
31;74;0;4
31;75;0;4
31;76;0;4
31;77;0;4
31;78;13;4
31;79;13;4
31;80;13;4
31;81;13;4
31;82;13;4
31;83;13;4
31;84;0;4
31;85;0;4
31;86;0;4
31;87;0;4
31;88;0;4
31;89;0;4
31;90;0;4
31;91;0;4
31;92;0;4
31;93;0;4
31;94;0;4
31;95;0;4
31;96;0;4
32;0;0;4
32;1;0;4
32;2;0;4
32;3;0;4
32;4;0;4
32;5;0;4
32;6;0;4
32;7;0;4
32;8;13;4
32;9;13;4
32;10;13;4
32;11;13;4
32;12;13;4
32;13;13;4
32;14;0;4
32;15;0;4
32;16;0;4
32;17;0;4
32;18;0;4
32;19;0;4
32;20;0;4
32;21;0;4
32;22;0;4
32;23;0;4
32;24;0;4
32;25;0;4
32;26;0;4
32;27;0;4
32;28;0;4
32;29;0;4
32;30;0;4
32;31;0;4
32;32;0;4
32;33;0;4
32;34;0;4
32;35;0;4
32;36;0;4
32;37;0;4
32;38;0;4
32;39;0;4
32;40;0;4
32;41;0;4
32;42;0;4
32;43;0;4
32;44;0;4
32;45;0;4
32;46;0;4
32;47;0;4
32;48;0;4
32;49;0;4
32;50;0;4
32;51;0;4
32;52;0;4
32;53;0;4
32;54;0;4
32;55;0;4
32;56;0;4
32;57;0;4
32;58;0;4
32;59;0;4
32;60;0;4
32;61;0;4
32;62;0;4
32;63;0;4
32;64;0;4
32;65;0;4
32;66;0;4
32;67;0;4
32;68;0;4
32;69;0;4
32;70;0;4
32;71;0;4
32;72;0;4
32;73;0;4
32;74;0;4
32;75;0;4
32;76;0;4
32;77;0;4
32;78;13;4
32;79;13;4
32;80;13;4
32;81;13;4
32;82;13;4
32;83;13;4
32;84;0;4
32;85;0;4
32;86;0;4
32;87;0;4
32;88;0;4
32;89;0;4
32;90;0;4
32;91;0;4
32;92;0;4
32;93;0;4
32;94;0;4
32;95;0;4
32;96;0;4
33;0;0;4
33;1;0;4
33;2;0;4
33;3;0;4
33;4;0;4
33;5;0;4
33;6;0;4
33;7;0;4
33;8;13;4
33;9;13;4
33;10;13;4
33;11;13;4
33;12;13;4
33;13;13;4
33;14;0;4
33;15;0;4
33;16;0;4
33;17;0;4
33;18;0;4
33;19;0;4
33;20;0;4
33;21;0;4
33;22;0;4
33;23;0;4
33;24;0;4
33;25;0;4
33;26;0;4
33;27;0;4
33;28;0;4
33;29;0;4
33;30;0;4
33;31;0;4
33;32;0;4
33;33;0;4
33;34;0;4
33;35;0;4
33;36;0;4
33;37;0;4
33;38;0;4
33;39;0;4
33;40;0;4
33;41;0;4
33;42;0;4
33;43;0;4
33;44;0;4
33;45;0;4
33;46;0;4
33;47;0;4
33;48;0;4
33;49;0;4
33;50;0;4
33;51;0;4
33;52;0;4
33;53;0;4
33;54;0;4
33;55;0;4
33;56;0;4
33;57;0;4
33;58;0;4
33;59;0;4
33;60;0;4
33;61;0;4
33;62;0;4
33;63;0;4
33;64;0;4
33;65;0;4
33;66;0;4
33;67;0;4
33;68;0;4
33;69;0;4
33;70;0;4
33;71;0;4
33;72;0;4
33;73;0;4
33;74;0;4
33;75;0;4
33;76;0;4
33;77;0;4
33;78;13;4
33;79;13;4
33;80;13;4
33;81;13;4
33;82;13;4
33;83;34;4
33;84;0;4
33;85;0;4
33;86;0;4
33;87;0;4
33;88;0;4
33;89;0;4
33;90;0;4
33;91;0;4
33;92;0;4
33;93;0;4
33;94;0;4
33;95;0;4
33;96;0;4
34;0;0;4
34;1;0;4
34;2;0;4
34;3;0;4
34;4;0;4
34;5;0;4
34;6;0;4
34;7;0;4
34;8;13;4
34;9;13;4
34;10;13;4
34;11;13;4
34;12;13;4
34;13;13;4
34;14;0;4
34;15;0;4
34;16;0;4
34;17;0;4
34;18;0;4
34;19;0;4
34;20;0;4
34;21;0;4
34;22;0;4
34;23;0;4
34;24;0;4
34;25;0;4
34;26;0;4
34;27;0;4
34;28;0;4
34;29;0;4
34;30;0;4
34;31;0;4
34;32;0;4
34;33;0;4
34;34;0;4
34;35;0;4
34;36;0;4
34;37;0;4
34;38;0;4
34;39;0;4
34;40;0;4
34;41;0;4
34;42;0;4
34;43;0;4
34;44;0;4
34;45;0;4
34;46;0;4
34;47;0;4
34;48;0;4
34;49;0;4
34;50;0;4
34;51;0;4
34;52;0;4
34;53;0;4
34;54;0;4
34;55;0;4
34;56;0;4
34;57;0;4
34;58;0;4
34;59;0;4
34;60;0;4
34;61;0;4
34;62;0;4
34;63;0;4
34;64;0;4
34;65;0;4
34;66;0;4
34;67;0;4
34;68;0;4
34;69;0;4
34;70;0;4
34;71;0;4
34;72;0;4
34;73;0;4
34;74;0;4
34;75;0;4
34;76;0;4
34;77;0;4
34;78;0;4
34;79;0;4
34;80;0;4
34;81;0;4
34;82;0;4
34;83;0;4
34;84;0;4
34;85;0;4
34;86;0;4
34;87;0;4
34;88;0;4
34;89;0;4
34;90;0;4
34;91;0;4
34;92;0;4
34;93;0;4
34;94;0;4
34;95;0;4
34;96;0;4
35;0;0;4
35;1;0;4
35;2;0;4
35;3;0;4
35;4;0;4
35;5;0;4
35;6;0;4
35;7;0;4
35;8;13;4
35;9;13;4
35;10;13;4
35;11;13;4
35;12;13;4
35;13;13;4
35;14;0;4
35;15;0;4
35;16;0;4
35;17;0;4
35;18;0;4
35;19;0;4
35;20;0;4
35;21;0;4
35;22;0;4
35;23;0;4
35;24;0;4
35;25;0;4
35;26;0;4
35;27;0;4
35;28;0;4
35;29;0;4
35;30;0;4
35;31;0;4
35;32;0;4
35;33;0;4
35;34;0;4
35;35;0;4
35;36;0;4
35;37;0;4
35;38;0;4
35;39;0;4
35;40;0;4
35;41;0;4
35;42;0;4
35;43;0;4
35;44;0;4
35;45;0;4
35;46;0;4
35;47;0;4
35;48;0;4
35;49;0;4
35;50;0;4
35;51;0;4
35;52;0;4
35;53;0;4
35;54;0;4
35;55;0;4
35;56;0;4
35;57;0;4
35;58;0;4
35;59;0;4
35;60;0;4
35;61;0;4
35;62;0;4
35;63;0;4
35;64;0;4
35;65;0;4
35;66;0;4
35;67;0;4
35;68;0;4
35;69;0;4
35;70;0;4
35;71;0;4
35;72;0;4
35;73;0;4
35;74;0;4
35;75;0;4
35;76;0;4
35;77;0;4
35;78;0;4
35;79;0;4
35;80;0;4
35;81;0;4
35;82;0;4
35;83;0;4
35;84;0;4
35;85;0;4
35;86;0;4
35;87;0;4
35;88;0;4
35;89;0;4
35;90;0;4
35;91;0;4
35;92;0;4
35;93;0;4
35;94;0;4
35;95;0;4
35;96;0;4
36;0;0;4
36;1;0;4
36;2;0;4
36;3;0;4
36;4;0;4
36;5;0;4
36;6;0;4
36;7;0;4
36;8;13;4
36;9;13;4
36;10;13;4
36;11;13;4
36;12;13;4
36;13;13;4
36;14;0;4
36;15;0;4
36;16;0;4
36;17;0;4
36;18;0;4
36;19;0;4
36;20;0;4
36;21;0;4
36;22;0;4
36;23;0;4
36;24;0;4
36;25;0;4
36;26;0;4
36;27;0;4
36;28;0;4
36;29;0;4
36;30;0;4
36;31;0;4
36;32;0;4
36;33;0;4
36;34;0;4
36;35;0;4
36;36;0;4
36;37;0;4
36;38;0;4
36;39;0;4
36;40;0;4
36;41;0;4
36;42;0;4
36;43;0;4
36;44;0;4
36;45;0;4
36;46;0;4
36;47;0;4
36;48;0;4
36;49;0;4
36;50;0;4
36;51;0;4
36;52;0;4
36;53;0;4
36;54;0;4
36;55;0;4
36;56;0;4
36;57;0;4
36;58;0;4
36;59;0;4
36;60;0;4
36;61;0;4
36;62;0;4
36;63;0;4
36;64;0;4
36;65;0;4
36;66;0;4
36;67;0;4
36;68;0;4
36;69;0;4
36;70;0;4
36;71;0;4
36;72;0;4
36;73;0;4
36;74;0;4
36;75;0;4
36;76;0;4
36;77;0;4
36;78;0;4
36;79;0;4
36;80;0;4
36;81;0;4
36;82;0;4
36;83;0;4
36;84;0;4
36;85;0;4
36;86;0;4
36;87;0;4
36;88;0;4
36;89;0;4
36;90;0;4
36;91;0;4
36;92;0;4
36;93;0;4
36;94;0;4
36;95;0;4
36;96;0;4
37;0;0;4
37;1;0;4
37;2;0;4
37;3;0;4
37;4;0;4
37;5;0;4
37;6;0;4
37;7;0;4
37;8;13;4
37;9;13;4
37;10;13;4
37;11;13;4
37;12;13;4
37;13;13;4
37;14;0;4
37;15;0;4
37;16;0;4
37;17;0;4
37;18;0;4
37;19;0;4
37;20;0;4
37;21;0;4
37;22;0;4
37;23;0;4
37;24;0;4
37;25;0;4
37;26;0;4
37;27;0;4
37;28;0;4
37;29;0;4
37;30;0;4
37;31;0;4
37;32;0;4
37;33;0;4
37;34;0;4
37;35;0;4
37;36;0;4
37;37;0;4
37;38;0;4
37;39;0;4
37;40;0;4
37;41;0;4
37;42;0;4
37;43;0;4
37;44;0;4
37;45;0;4
37;46;0;4
37;47;0;4
37;48;0;4
37;49;0;4
37;50;0;4
37;51;0;4
37;52;0;4
37;53;0;4
37;54;0;4
37;55;0;4
37;56;0;4
37;57;0;4
37;58;0;4
37;59;0;4
37;60;0;4
37;61;0;4
37;62;0;4
37;63;0;4
37;64;0;4
37;65;0;4
37;66;0;4
37;67;0;4
37;68;0;4
37;69;0;4
37;70;0;4
37;71;0;4
37;72;0;4
37;73;0;4
37;74;0;4
37;75;0;4
37;76;0;4
37;77;0;4
37;78;0;4
37;79;0;4
37;80;0;4
37;81;0;4
37;82;0;4
37;83;0;4
37;84;0;4
37;85;0;4
37;86;0;4
37;87;0;4
37;88;0;4
37;89;0;4
37;90;0;4
37;91;0;4
37;92;0;4
37;93;0;4
37;94;0;4
37;95;0;4
37;96;0;4
38;0;0;4
38;1;0;4
38;2;0;4
38;3;0;4
38;4;0;4
38;5;0;4
38;6;0;4
38;7;0;4
38;8;13;4
38;9;13;4
38;10;13;4
38;11;13;4
38;12;13;4
38;13;13;4
38;14;0;4
38;15;0;4
38;16;0;4
38;17;0;4
38;18;0;4
38;19;0;4
38;20;0;4
38;21;0;4
38;22;0;4
38;23;0;4
38;24;0;4
38;25;0;4
38;26;0;4
38;27;0;4
38;28;0;4
38;29;0;4
38;30;0;4
38;31;0;4
38;32;0;4
38;33;0;4
38;34;0;4
38;35;0;4
38;36;0;4
38;37;0;4
38;38;0;4
38;39;0;4
38;40;0;4
38;41;0;4
38;42;0;4
38;43;0;4
38;44;0;4
38;45;0;4
38;46;0;4
38;47;0;4
38;48;0;4
38;49;0;4
38;50;0;4
38;51;0;4
38;52;0;4
38;53;0;4
38;54;0;4
38;55;0;4
38;56;0;4
38;57;0;4
38;58;0;4
38;59;0;4
38;60;0;4
38;61;0;4
38;62;0;4
38;63;0;4
38;64;0;4
38;65;0;4
38;66;0;4
38;67;0;4
38;68;0;4
38;69;0;4
38;70;0;4
38;71;0;4
38;72;0;4
38;73;0;4
38;74;0;4
38;75;0;4
38;76;0;4
38;77;0;4
38;78;0;4
38;79;0;4
38;80;0;4
38;81;0;4
38;82;0;4
38;83;0;4
38;84;0;4
38;85;0;4
38;86;0;4
38;87;0;4
38;88;0;4
38;89;0;4
38;90;0;4
38;91;0;4
38;92;0;4
38;93;0;4
38;94;0;4
38;95;0;4
38;96;0;4
39;0;0;4
39;1;0;4
39;2;0;4
39;3;0;4
39;4;0;4
39;5;0;4
39;6;0;4
39;7;0;4
39;8;13;4
39;9;13;4
39;10;13;4
39;11;13;4
39;12;13;4
39;13;13;4
39;14;0;4
39;15;0;4
39;16;0;4
39;17;0;4
39;18;0;4
39;19;0;4
39;20;0;4
39;21;0;4
39;22;0;4
39;23;0;4
39;24;0;4
39;25;0;4
39;26;0;4
39;27;0;4
39;28;0;4
39;29;0;4
39;30;0;4
39;31;0;4
39;32;0;4
39;33;0;4
39;34;0;4
39;35;0;4
39;36;0;4
39;37;0;4
39;38;0;4
39;39;0;4
39;40;0;4
39;41;0;4
39;42;0;4
39;43;0;4
39;44;0;4
39;45;0;4
39;46;0;4
39;47;0;4
39;48;0;4
39;49;0;4
39;50;0;4
39;51;0;4
39;52;0;4
39;53;0;4
39;54;0;4
39;55;0;4
39;56;0;4
39;57;0;4
39;58;0;4
39;59;0;4
39;60;0;4
39;61;0;4
39;62;0;4
39;63;0;4
39;64;0;4
39;65;0;4
39;66;0;4
39;67;0;4
39;68;0;4
39;69;0;4
39;70;0;4
39;71;0;4
39;72;0;4
39;73;0;4
39;74;0;4
39;75;0;4
39;76;0;4
39;77;0;4
39;78;0;4
39;79;0;4
39;80;0;4
39;81;0;4
39;82;0;4
39;83;0;4
39;84;0;4
39;85;0;4
39;86;0;4
39;87;0;4
39;88;0;4
39;89;0;4
39;90;0;4
39;91;0;4
39;92;0;4
39;93;0;4
39;94;0;4
39;95;0;4
39;96;0;4
40;0;0;4
40;1;0;4
40;2;0;4
40;3;0;4
40;4;0;4
40;5;0;4
40;6;0;4
40;7;0;4
40;8;13;4
40;9;13;4
40;10;13;4
40;11;13;4
40;12;13;4
40;13;13;4
40;14;0;4
40;15;0;4
40;16;0;4
40;17;0;4
40;18;0;4
40;19;0;4
40;20;0;4
40;21;0;4
40;22;0;4
40;23;0;4
40;24;0;4
40;25;0;4
40;26;0;4
40;27;0;4
40;28;0;4
40;29;0;4
40;30;0;4
40;31;0;4
40;32;0;4
40;33;0;4
40;34;0;4
40;35;0;4
40;36;0;4
40;37;0;4
40;38;0;4
40;39;0;4
40;40;0;4
40;41;0;4
40;42;0;4
40;43;0;4
40;44;0;4
40;45;0;4
40;46;0;4
40;47;0;4
40;48;0;4
40;49;0;4
40;50;0;4
40;51;0;4
40;52;0;4
40;53;0;4
40;54;0;4
40;55;0;4
40;56;0;4
40;57;0;4
40;58;0;4
40;59;0;4
40;60;0;4
40;61;0;4
40;62;0;4
40;63;0;4
40;64;0;4
40;65;0;4
40;66;0;4
40;67;0;4
40;68;0;4
40;69;0;4
40;70;0;4
40;71;0;4
40;72;0;4
40;73;0;4
40;74;0;4
40;75;0;4
40;76;0;4
40;77;0;4
40;78;0;4
40;79;0;4
40;80;0;4
40;81;0;4
40;82;0;4
40;83;0;4
40;84;0;4
40;85;0;4
40;86;0;4
40;87;0;4
40;88;0;4
40;89;0;4
40;90;0;4
40;91;0;4
40;92;0;4
40;93;0;4
40;94;0;4
40;95;0;4
40;96;0;4
41;0;0;4
41;1;0;4
41;2;0;4
41;3;0;4
41;4;0;4
41;5;0;4
41;6;0;4
41;7;0;4
41;8;13;4
41;9;13;4
41;10;13;4
41;11;13;4
41;12;13;4
41;13;13;4
41;14;0;4
41;15;0;4
41;16;0;4
41;17;0;4
41;18;0;4
41;19;0;4
41;20;0;4
41;21;0;4
41;22;0;4
41;23;0;4
41;24;0;4
41;25;0;4
41;26;0;4
41;27;0;4
41;28;0;4
41;29;0;4
41;30;0;4
41;31;0;4
41;32;0;4
41;33;0;4
41;34;0;4
41;35;0;4
41;36;0;4
41;37;0;4
41;38;0;4
41;39;0;4
41;40;0;4
41;41;0;4
41;42;0;4
41;43;0;4
41;44;0;4
41;45;0;4
41;46;0;4
41;47;0;4
41;48;0;4
41;49;0;4
41;50;0;4
41;51;0;4
41;52;0;4
41;53;0;4
41;54;0;4
41;55;0;4
41;56;0;4
41;57;0;4
41;58;0;4
41;59;0;4
41;60;0;4
41;61;0;4
41;62;0;4
41;63;0;4
41;64;0;4
41;65;0;4
41;66;0;4
41;67;0;4
41;68;0;4
41;69;0;4
41;70;0;4
41;71;0;4
41;72;0;4
41;73;0;4
41;74;0;4
41;75;0;4
41;76;0;4
41;77;0;4
41;78;0;4
41;79;0;4
41;80;0;4
41;81;0;4
41;82;0;4
41;83;0;4
41;84;0;4
41;85;0;4
41;86;0;4
41;87;0;4
41;88;0;4
41;89;0;4
41;90;0;4
41;91;0;4
41;92;0;4
41;93;0;4
41;94;0;4
41;95;0;4
41;96;0;4
42;0;0;4
42;1;0;4
42;2;0;4
42;3;0;4
42;4;0;4
42;5;0;4
42;6;0;4
42;7;0;4
42;8;13;4
42;9;13;4
42;10;13;4
42;11;13;4
42;12;13;4
42;13;13;4
42;14;0;4
42;15;0;4
42;16;0;4
42;17;0;4
42;18;0;4
42;19;0;4
42;20;0;4
42;21;0;4
42;22;0;4
42;23;0;4
42;24;0;4
42;25;0;4
42;26;0;4
42;27;0;4
42;28;0;4
42;29;0;4
42;30;0;4
42;31;0;4
42;32;0;4
42;33;0;4
42;34;0;4
42;35;0;4
42;36;0;4
42;37;0;4
42;38;0;4
42;39;0;4
42;40;0;4
42;41;0;4
42;42;0;4
42;43;0;4
42;44;0;4
42;45;0;4
42;46;0;4
42;47;0;4
42;48;0;4
42;49;0;4
42;50;0;4
42;51;0;4
42;52;0;4
42;53;0;4
42;54;0;4
42;55;0;4
42;56;0;4
42;57;0;4
42;58;0;4
42;59;0;4
42;60;0;4
42;61;0;4
42;62;0;4
42;63;0;4
42;64;0;4
42;65;0;4
42;66;0;4
42;67;0;4
42;68;0;4
42;69;0;4
42;70;0;4
42;71;0;4
42;72;0;4
42;73;0;4
42;74;0;4
42;75;0;4
42;76;0;4
42;77;0;4
42;78;0;4
42;79;0;4
42;80;0;4
42;81;0;4
42;82;0;4
42;83;0;4
42;84;0;4
42;85;0;4
42;86;0;4
42;87;0;4
42;88;0;4
42;89;0;4
42;90;0;4
42;91;0;4
42;92;0;4
42;93;0;4
42;94;0;4
42;95;0;4
42;96;0;4
43;0;0;4
43;1;0;4
43;2;0;4
43;3;0;4
43;4;0;4
43;5;0;4
43;6;0;4
43;7;0;4
43;8;13;4
43;9;13;4
43;10;13;4
43;11;13;4
43;12;13;4
43;13;13;4
43;14;0;4
43;15;0;4
43;16;0;4
43;17;0;4
43;18;0;4
43;19;0;4
43;20;0;4
43;21;0;4
43;22;0;4
43;23;0;4
43;24;0;4
43;25;0;4
43;26;0;4
43;27;0;4
43;28;0;4
43;29;0;4
43;30;0;4
43;31;0;4
43;32;0;4
43;33;0;4
43;34;0;4
43;35;0;4
43;36;0;4
43;37;0;4
43;38;0;4
43;39;0;4
43;40;0;4
43;41;0;4
43;42;0;4
43;43;0;4
43;44;0;4
43;45;0;4
43;46;0;4
43;47;0;4
43;48;0;4
43;49;0;4
43;50;0;4
43;51;0;4
43;52;0;4
43;53;0;4
43;54;0;4
43;55;0;4
43;56;0;4
43;57;0;4
43;58;0;4
43;59;0;4
43;60;0;4
43;61;0;4
43;62;0;4
43;63;0;4
43;64;0;4
43;65;0;4
43;66;0;4
43;67;0;4
43;68;0;4
43;69;0;4
43;70;0;4
43;71;0;4
43;72;0;4
43;73;0;4
43;74;0;4
43;75;0;4
43;76;0;4
43;77;0;4
43;78;0;4
43;79;0;4
43;80;0;4
43;81;0;4
43;82;0;4
43;83;0;4
43;84;0;4
43;85;0;4
43;86;0;4
43;87;0;4
43;88;0;4
43;89;0;4
43;90;0;4
43;91;0;4
43;92;0;4
43;93;0;4
43;94;0;4
43;95;0;4
43;96;0;4
44;0;0;4
44;1;0;4
44;2;0;4
44;3;0;4
44;4;0;4
44;5;0;4
44;6;0;4
44;7;0;4
44;8;13;4
44;9;13;4
44;10;13;4
44;11;13;4
44;12;13;4
44;13;13;4
44;14;0;4
44;15;0;4
44;16;0;4
44;17;0;4
44;18;0;4
44;19;0;4
44;20;0;4
44;21;0;4
44;22;0;4
44;23;0;4
44;24;0;4
44;25;0;4
44;26;0;4
44;27;0;4
44;28;0;4
44;29;0;4
44;30;0;4
44;31;0;4
44;32;0;4
44;33;0;4
44;34;0;4
44;35;0;4
44;36;0;4
44;37;0;4
44;38;0;4
44;39;0;4
44;40;0;4
44;41;0;4
44;42;0;4
44;43;0;4
44;44;0;4
44;45;0;4
44;46;0;4
44;47;0;4
44;48;0;4
44;49;0;4
44;50;0;4
44;51;0;4
44;52;0;4
44;53;0;4
44;54;0;4
44;55;0;4
44;56;0;4
44;57;0;4
44;58;0;4
44;59;0;4
44;60;0;4
44;61;0;4
44;62;0;4
44;63;0;4
44;64;0;4
44;65;0;4
44;66;0;4
44;67;0;4
44;68;0;4
44;69;0;4
44;70;0;4
44;71;0;4
44;72;0;4
44;73;0;4
44;74;0;4
44;75;0;4
44;76;0;4
44;77;0;4
44;78;0;4
44;79;0;4
44;80;0;4
44;81;0;4
44;82;0;4
44;83;0;4
44;84;0;4
44;85;0;4
44;86;0;4
44;87;0;4
44;88;0;4
44;89;0;4
44;90;0;4
44;91;0;4
44;92;0;4
44;93;0;4
44;94;0;4
44;95;0;4
44;96;0;4
45;0;0;4
45;1;0;4
45;2;0;4
45;3;0;4
45;4;0;4
45;5;0;4
45;6;0;4
45;7;0;4
45;8;13;4
45;9;13;4
45;10;13;4
45;11;13;4
45;12;13;4
45;13;13;4
45;14;0;4
45;15;0;4
45;16;0;4
45;17;0;4
45;18;0;4
45;19;0;4
45;20;0;4
45;21;0;4
45;22;0;4
45;23;0;4
45;24;0;4
45;25;0;4
45;26;0;4
45;27;0;4
45;28;0;4
45;29;0;4
45;30;0;4
45;31;0;4
45;32;0;4
45;33;0;4
45;34;0;4
45;35;0;4
45;36;0;4
45;37;0;4
45;38;0;4
45;39;0;4
45;40;0;4
45;41;0;4
45;42;0;4
45;43;0;4
45;44;0;4
45;45;0;4
45;46;0;4
45;47;0;4
45;48;0;4
45;49;0;4
45;50;0;4
45;51;0;4
45;52;0;4
45;53;0;4
45;54;0;4
45;55;0;4
45;56;0;4
45;57;0;4
45;58;0;4
45;59;0;4
45;60;0;4
45;61;0;4
45;62;0;4
45;63;0;4
45;64;0;4
45;65;0;4
45;66;0;4
45;67;0;4
45;68;0;4
45;69;0;4
45;70;0;4
45;71;0;4
45;72;0;4
45;73;0;4
45;74;0;4
45;75;0;4
45;76;0;4
45;77;0;4
45;78;0;4
45;79;0;4
45;80;0;4
45;81;0;4
45;82;0;4
45;83;0;4
45;84;0;4
45;85;0;4
45;86;0;4
45;87;0;4
45;88;0;4
45;89;0;4
45;90;0;4
45;91;0;4
45;92;0;4
45;93;0;4
45;94;0;4
45;95;0;4
45;96;0;4
46;0;0;4
46;1;0;4
46;2;0;4
46;3;0;4
46;4;0;4
46;5;0;4
46;6;0;4
46;7;0;4
46;8;13;4
46;9;13;4
46;10;13;4
46;11;13;4
46;12;13;4
46;13;13;4
46;14;0;4
46;15;0;4
46;16;0;4
46;17;0;4
46;18;0;4
46;19;0;4
46;20;0;4
46;21;0;4
46;22;0;4
46;23;0;4
46;24;0;4
46;25;0;4
46;26;0;4
46;27;0;4
46;28;0;4
46;29;0;4
46;30;0;4
46;31;0;4
46;32;0;4
46;33;0;4
46;34;0;4
46;35;0;4
46;36;0;4
46;37;0;4
46;38;0;4
46;39;0;4
46;40;0;4
46;41;0;4
46;42;0;4
46;43;0;4
46;44;0;4
46;45;0;4
46;46;0;4
46;47;0;4
46;48;0;4
46;49;0;4
46;50;0;4
46;51;0;4
46;52;0;4
46;53;0;4
46;54;0;4
46;55;0;4
46;56;0;4
46;57;0;4
46;58;0;4
46;59;0;4
46;60;0;4
46;61;0;4
46;62;0;4
46;63;0;4
46;64;0;4
46;65;0;4
46;66;0;4
46;67;0;4
46;68;0;4
46;69;0;4
46;70;0;4
46;71;0;4
46;72;0;4
46;73;0;4
46;74;0;4
46;75;0;4
46;76;0;4
46;77;0;4
46;78;0;4
46;79;0;4
46;80;0;4
46;81;0;4
46;82;0;4
46;83;0;4
46;84;0;4
46;85;0;4
46;86;0;4
46;87;0;4
46;88;0;4
46;89;0;4
46;90;0;4
46;91;0;4
46;92;0;4
46;93;0;4
46;94;0;4
46;95;0;4
46;96;0;4
47;0;0;4
47;1;0;4
47;2;0;4
47;3;0;4
47;4;0;4
47;5;0;4
47;6;0;4
47;7;0;4
47;8;13;4
47;9;13;4
47;10;13;4
47;11;13;4
47;12;13;4
47;13;13;4
47;14;0;4
47;15;0;4
47;16;0;4
47;17;0;4
47;18;0;4
47;19;0;4
47;20;0;4
47;21;0;4
47;22;0;4
47;23;0;4
47;24;0;4
47;25;0;4
47;26;0;4
47;27;0;4
47;28;0;4
47;29;0;4
47;30;0;4
47;31;0;4
47;32;0;4
47;33;0;4
47;34;0;4
47;35;0;4
47;36;0;4
47;37;0;4
47;38;0;4
47;39;0;4
47;40;0;4
47;41;0;4
47;42;0;4
47;43;0;4
47;44;0;4
47;45;0;4
47;46;0;4
47;47;0;4
47;48;0;4
47;49;0;4
47;50;0;4
47;51;0;4
47;52;0;4
47;53;0;4
47;54;0;4
47;55;0;4
47;56;0;4
47;57;0;4
47;58;0;4
47;59;0;4
47;60;0;4
47;61;0;4
47;62;0;4
47;63;0;4
47;64;0;4
47;65;0;4
47;66;0;4
47;67;0;4
47;68;0;4
47;69;0;4
47;70;0;4
47;71;0;4
47;72;0;4
47;73;0;4
47;74;0;4
47;75;0;4
47;76;0;4
47;77;0;4
47;78;0;4
47;79;0;4
47;80;0;4
47;81;0;4
47;82;0;4
47;83;0;4
47;84;0;4
47;85;0;4
47;86;0;4
47;87;0;4
47;88;0;4
47;89;0;4
47;90;0;4
47;91;0;4
47;92;0;4
47;93;0;4
47;94;0;4
47;95;0;4
47;96;0;4
48;0;0;4
48;1;0;4
48;2;0;4
48;3;0;4
48;4;0;4
48;5;0;4
48;6;0;4
48;7;0;4
48;8;13;4
48;9;13;4
48;10;13;4
48;11;13;4
48;12;13;4
48;13;13;4
48;14;0;4
48;15;0;4
48;16;0;4
48;17;0;4
48;18;0;4
48;19;0;4
48;20;0;4
48;21;0;4
48;22;0;4
48;23;0;4
48;24;0;4
48;25;0;4
48;26;0;4
48;27;0;4
48;28;0;4
48;29;0;4
48;30;0;4
48;31;0;4
48;32;0;4
48;33;0;4
48;34;0;4
48;35;0;4
48;36;0;4
48;37;0;4
48;38;0;4
48;39;0;4
48;40;0;4
48;41;0;4
48;42;0;4
48;43;0;4
48;44;0;4
48;45;0;4
48;46;0;4
48;47;0;4
48;48;0;4
48;49;0;4
48;50;0;4
48;51;0;4
48;52;0;4
48;53;0;4
48;54;0;4
48;55;0;4
48;56;0;4
48;57;0;4
48;58;0;4
48;59;0;4
48;60;0;4
48;61;0;4
48;62;0;4
48;63;0;4
48;64;0;4
48;65;0;4
48;66;0;4
48;67;0;4
48;68;0;4
48;69;0;4
48;70;0;4
48;71;0;4
48;72;0;4
48;73;0;4
48;74;0;4
48;75;0;4
48;76;0;4
48;77;0;4
48;78;0;4
48;79;0;4
48;80;0;4
48;81;0;4
48;82;0;4
48;83;0;4
48;84;0;4
48;85;0;4
48;86;0;4
48;87;0;4
48;88;0;4
48;89;0;4
48;90;0;4
48;91;0;4
48;92;0;4
48;93;0;4
48;94;0;4
48;95;0;4
48;96;0;4
49;0;0;4
49;1;0;4
49;2;0;4
49;3;0;4
49;4;0;4
49;5;0;4
49;6;0;4
49;7;0;4
49;8;13;4
49;9;13;4
49;10;13;4
49;11;13;4
49;12;13;4
49;13;13;4
49;14;0;4
49;15;0;4
49;16;0;4
49;17;0;4
49;18;0;4
49;19;0;4
49;20;0;4
49;21;0;4
49;22;0;4
49;23;0;4
49;24;0;4
49;25;0;4
49;26;0;4
49;27;0;4
49;28;0;4
49;29;0;4
49;30;0;4
49;31;0;4
49;32;0;4
49;33;0;4
49;34;0;4
49;35;0;4
49;36;0;4
49;37;0;4
49;38;0;4
49;39;0;4
49;40;0;4
49;41;0;4
49;42;0;4
49;43;0;4
49;44;0;4
49;45;0;4
49;46;0;4
49;47;0;4
49;48;0;4
49;49;0;4
49;50;0;4
49;51;0;4
49;52;0;4
49;53;0;4
49;54;0;4
49;55;0;4
49;56;0;4
49;57;0;4
49;58;0;4
49;59;0;4
49;60;0;4
49;61;0;4
49;62;0;4
49;63;0;4
49;64;0;4
49;65;0;4
49;66;0;4
49;67;0;4
49;68;0;4
49;69;0;4
49;70;0;4
49;71;0;4
49;72;0;4
49;73;0;4
49;74;0;4
49;75;0;4
49;76;0;4
49;77;0;4
49;78;0;4
49;79;0;4
49;80;0;4
49;81;0;4
49;82;0;4
49;83;0;4
49;84;0;4
49;85;0;4
49;86;0;4
49;87;0;4
49;88;0;4
49;89;0;4
49;90;0;4
49;91;0;4
49;92;0;4
49;93;0;4
49;94;0;4
49;95;0;4
49;96;0;4
50;0;0;4
50;1;0;4
50;2;0;4
50;3;0;4
50;4;0;4
50;5;0;4
50;6;0;4
50;7;0;4
50;8;13;4
50;9;13;4
50;10;13;4
50;11;13;4
50;12;13;4
50;13;13;4
50;14;40;4
50;15;40;4
50;16;40;4
50;17;34;4
50;18;0;4
50;19;0;4
50;20;0;4
50;21;0;4
50;22;0;4
50;23;0;4
50;24;0;4
50;25;0;4
50;26;0;4
50;27;0;4
50;28;0;4
50;29;0;4
50;30;0;4
50;31;0;4
50;32;0;4
50;33;0;4
50;34;0;4
50;35;0;4
50;36;0;4
50;37;0;4
50;38;0;4
50;39;0;4
50;40;0;4
50;41;0;4
50;42;0;4
50;43;0;4
50;44;0;4
50;45;0;4
50;46;0;4
50;47;0;4
50;48;0;4
50;49;0;4
50;50;0;4
50;51;0;4
50;52;0;4
50;53;0;4
50;54;0;4
50;55;0;4
50;56;0;4
50;57;0;4
50;58;0;4
50;59;0;4
50;60;0;4
50;61;0;4
50;62;0;4
50;63;0;4
50;64;0;4
50;65;0;4
50;66;0;4
50;67;0;4
50;68;0;4
50;69;0;4
50;70;0;4
50;71;0;4
50;72;0;4
50;73;0;4
50;74;0;4
50;75;0;4
50;76;0;4
50;77;0;4
50;78;0;4
50;79;0;4
50;80;0;4
50;81;0;4
50;82;0;4
50;83;0;4
50;84;0;4
50;85;0;4
50;86;0;4
50;87;0;4
50;88;0;4
50;89;0;4
50;90;0;4
50;91;0;4
50;92;0;4
50;93;0;4
50;94;0;4
50;95;0;4
50;96;0;4
51;0;0;4
51;1;0;4
51;2;0;4
51;3;0;4
51;4;0;4
51;5;0;4
51;6;0;4
51;7;0;4
51;8;13;4
51;9;13;4
51;10;13;4
51;11;13;4
51;12;13;4
51;13;40;4
51;14;40;4
51;15;40;4
51;16;40;4
51;17;40;4
51;18;0;4
51;19;0;4
51;20;0;4
51;21;0;4
51;22;0;4
51;23;0;4
51;24;0;4
51;25;0;4
51;26;0;4
51;27;0;4
51;28;0;4
51;29;0;4
51;30;0;4
51;31;0;4
51;32;0;4
51;33;0;4
51;34;0;4
51;35;0;4
51;36;0;4
51;37;0;4
51;38;0;4
51;39;0;4
51;40;0;4
51;41;0;4
51;42;0;4
51;43;0;4
51;44;0;4
51;45;0;4
51;46;0;4
51;47;0;4
51;48;0;4
51;49;0;4
51;50;0;4
51;51;0;4
51;52;0;4
51;53;0;4
51;54;0;4
51;55;0;4
51;56;0;4
51;57;0;4
51;58;0;4
51;59;0;4
51;60;0;4
51;61;0;4
51;62;0;4
51;63;0;4
51;64;0;4
51;65;0;4
51;66;0;4
51;67;0;4
51;68;0;4
51;69;0;4
51;70;0;4
51;71;0;4
51;72;0;4
51;73;0;4
51;74;0;4
51;75;0;4
51;76;0;4
51;77;0;4
51;78;0;4
51;79;0;4
51;80;0;4
51;81;0;4
51;82;0;4
51;83;0;4
51;84;0;4
51;85;0;4
51;86;0;4
51;87;0;4
51;88;0;4
51;89;0;4
51;90;0;4
51;91;0;4
51;92;0;4
51;93;0;4
51;94;0;4
51;95;0;4
51;96;0;4
52;0;0;4
52;1;0;4
52;2;0;4
52;3;0;4
52;4;0;4
52;5;0;4
52;6;0;4
52;7;0;4
52;8;34;4
52;9;40;4
52;10;40;4
52;11;40;4
52;12;40;4
52;13;40;4
52;14;40;4
52;15;40;4
52;16;40;4
52;17;40;4
52;18;0;4
52;19;0;4
52;20;0;4
52;21;0;4
52;22;0;4
52;23;0;4
52;24;0;4
52;25;0;4
52;26;0;4
52;27;0;4
52;28;0;4
52;29;0;4
52;30;0;4
52;31;0;4
52;32;0;4
52;33;0;4
52;34;0;4
52;35;0;4
52;36;0;4
52;37;0;4
52;38;0;4
52;39;0;4
52;40;0;4
52;41;0;4
52;42;0;4
52;43;0;4
52;44;0;4
52;45;0;4
52;46;0;4
52;47;0;4
52;48;0;4
52;49;0;4
52;50;0;4
52;51;0;4
52;52;0;4
52;53;0;4
52;54;0;4
52;55;0;4
52;56;0;4
52;57;0;4
52;58;0;4
52;59;0;4
52;60;0;4
52;61;0;4
52;62;0;4
52;63;0;4
52;64;0;4
52;65;0;4
52;66;0;4
52;67;0;4
52;68;0;4
52;69;0;4
52;70;0;4
52;71;0;4
52;72;0;4
52;73;0;4
52;74;0;4
52;75;0;4
52;76;0;4
52;77;0;4
52;78;0;4
52;79;0;4
52;80;0;4
52;81;0;4
52;82;0;4
52;83;0;4
52;84;0;4
52;85;0;4
52;86;0;4
52;87;0;4
52;88;0;4
52;89;0;4
52;90;0;4
52;91;0;4
52;92;0;4
52;93;0;4
52;94;0;4
52;95;0;4
52;96;0;4
53;0;0;4
53;1;0;4
53;2;0;4
53;3;0;4
53;4;0;4
53;5;0;4
53;6;0;4
53;7;34;4
53;8;40;4
53;9;40;4
53;10;40;4
53;11;40;4
53;12;40;4
53;13;40;4
53;14;40;4
53;15;40;4
53;16;40;4
53;17;40;4
53;18;0;4
53;19;0;4
53;20;0;4
53;21;0;4
53;22;0;4
53;23;0;4
53;24;0;4
53;25;0;4
53;26;0;4
53;27;0;4
53;28;0;4
53;29;0;4
53;30;0;4
53;31;0;4
53;32;0;4
53;33;0;4
53;34;0;4
53;35;0;4
53;36;0;4
53;37;0;4
53;38;0;4
53;39;0;4
53;40;0;4
53;41;0;4
53;42;0;4
53;43;0;4
53;44;0;4
53;45;0;4
53;46;0;4
53;47;0;4
53;48;0;4
53;49;0;4
53;50;0;4
53;51;0;4
53;52;0;4
53;53;0;4
53;54;0;4
53;55;0;4
53;56;0;4
53;57;0;4
53;58;0;4
53;59;0;4
53;60;0;4
53;61;0;4
53;62;0;4
53;63;0;4
53;64;0;4
53;65;0;4
53;66;0;4
53;67;0;4
53;68;0;4
53;69;34;4
53;70;40;4
53;71;40;4
53;72;40;4
53;73;40;4
53;74;34;4
53;75;0;4
53;76;0;4
53;77;0;4
53;78;0;4
53;79;0;4
53;80;0;4
53;81;0;4
53;82;0;4
53;83;0;4
53;84;0;4
53;85;0;4
53;86;0;4
53;87;0;4
53;88;0;4
53;89;0;4
53;90;0;4
53;91;0;4
53;92;0;4
53;93;0;4
53;94;0;4
53;95;0;4
53;96;0;4
54;0;0;4
54;1;0;4
54;2;0;4
54;3;0;4
54;4;0;4
54;5;0;4
54;6;34;4
54;7;40;4
54;8;40;4
54;9;40;4
54;10;40;4
54;11;40;4
54;12;40;4
54;13;40;4
54;14;40;4
54;15;40;4
54;16;40;4
54;17;40;4
54;18;0;4
54;19;0;4
54;20;0;4
54;21;0;4
54;22;0;4
54;23;0;4
54;24;0;4
54;25;0;4
54;26;0;4
54;27;0;4
54;28;0;4
54;29;0;4
54;30;0;4
54;31;0;4
54;32;0;4
54;33;0;4
54;34;0;4
54;35;0;4
54;36;0;4
54;37;0;4
54;38;0;4
54;39;0;4
54;40;0;4
54;41;0;4
54;42;0;4
54;43;0;4
54;44;0;4
54;45;0;4
54;46;0;4
54;47;0;4
54;48;0;4
54;49;0;4
54;50;0;4
54;51;0;4
54;52;0;4
54;53;0;4
54;54;0;4
54;55;0;4
54;56;0;4
54;57;0;4
54;58;0;4
54;59;0;4
54;60;0;4
54;61;0;4
54;62;0;4
54;63;0;4
54;64;0;4
54;65;0;4
54;66;0;4
54;67;0;4
54;68;34;4
54;69;40;4
54;70;40;4
54;71;40;4
54;72;40;4
54;73;40;4
54;74;40;4
54;75;34;4
54;76;0;4
54;77;0;4
54;78;0;4
54;79;0;4
54;80;0;4
54;81;0;4
54;82;0;4
54;83;0;4
54;84;0;4
54;85;0;4
54;86;0;4
54;87;0;4
54;88;0;4
54;89;0;4
54;90;0;4
54;91;0;4
54;92;0;4
54;93;0;4
54;94;0;4
54;95;0;4
54;96;0;4
55;0;0;4
55;1;0;4
55;2;34;4
55;3;40;4
55;4;40;4
55;5;40;4
55;6;40;4
55;7;40;4
55;8;40;4
55;9;40;4
55;10;40;4
55;11;40;4
55;12;40;4
55;13;40;4
55;14;40;4
55;15;40;4
55;16;40;4
55;17;40;4
55;18;0;4
55;19;0;4
55;20;0;4
55;21;0;4
55;22;0;4
55;23;0;4
55;24;0;4
55;25;0;4
55;26;0;4
55;27;0;4
55;28;0;4
55;29;0;4
55;30;0;4
55;31;0;4
55;32;0;4
55;33;0;4
55;34;0;4
55;35;0;4
55;36;0;4
55;37;0;4
55;38;0;4
55;39;0;4
55;40;0;4
55;41;0;4
55;42;0;4
55;43;0;4
55;44;0;4
55;45;0;4
55;46;0;4
55;47;0;4
55;48;0;4
55;49;0;4
55;50;0;4
55;51;0;4
55;52;0;4
55;53;0;4
55;54;0;4
55;55;0;4
55;56;0;4
55;57;0;4
55;58;0;4
55;59;0;4
55;60;0;4
55;61;0;4
55;62;0;4
55;63;0;4
55;64;0;4
55;65;0;4
55;66;0;4
55;67;34;4
55;68;40;4
55;69;40;4
55;70;40;4
55;71;40;4
55;72;40;4
55;73;40;4
55;74;40;4
55;75;40;4
55;76;34;4
55;77;0;4
55;78;0;4
55;79;0;4
55;80;0;4
55;81;0;4
55;82;0;4
55;83;0;4
55;84;0;4
55;85;0;4
55;86;0;4
55;87;0;4
55;88;0;4
55;89;0;4
55;90;0;4
55;91;0;4
55;92;0;4
55;93;0;4
55;94;0;4
55;95;0;4
55;96;0;4
56;0;0;4
56;1;34;4
56;2;40;4
56;3;40;4
56;4;40;4
56;5;40;4
56;6;40;4
56;7;40;4
56;8;40;4
56;9;40;4
56;10;40;4
56;11;40;4
56;12;40;4
56;13;40;4
56;14;40;4
56;15;40;4
56;16;40;4
56;17;40;4
56;18;13;4
56;19;13;4
56;20;13;4
56;21;13;4
56;22;13;4
56;23;13;4
56;24;13;4
56;25;13;4
56;26;13;4
56;27;13;4
56;28;13;4
56;29;13;4
56;30;13;4
56;31;13;4
56;32;13;4
56;33;13;4
56;34;13;4
56;35;13;4
56;36;13;4
56;37;13;4
56;38;13;4
56;39;13;4
56;40;13;4
56;41;13;4
56;42;13;4
56;43;13;4
56;44;13;4
56;45;13;4
56;46;13;4
56;47;13;4
56;48;0;4
56;49;0;4
56;50;0;4
56;51;0;4
56;52;0;4
56;53;0;4
56;54;0;4
56;55;0;4
56;56;0;4
56;57;0;4
56;58;0;4
56;59;0;4
56;60;0;4
56;61;0;4
56;62;0;4
56;63;0;4
56;64;0;4
56;65;0;4
56;66;0;4
56;67;40;4
56;68;40;4
56;69;40;4
56;70;40;4
56;71;40;4
56;72;40;4
56;73;40;4
56;74;40;4
56;75;40;4
56;76;40;4
56;77;34;4
56;78;0;4
56;79;0;4
56;80;0;4
56;81;0;4
56;82;0;4
56;83;0;4
56;84;0;4
56;85;0;4
56;86;0;4
56;87;0;4
56;88;0;4
56;89;0;4
56;90;0;4
56;91;0;4
56;92;0;4
56;93;0;4
56;94;0;4
56;95;0;4
56;96;0;4
57;0;34;4
57;1;40;4
57;2;40;4
57;3;40;4
57;4;40;4
57;5;40;4
57;6;40;4
57;7;40;4
57;8;40;4
57;9;40;4
57;10;40;4
57;11;40;4
57;12;40;4
57;13;40;4
57;14;40;4
57;15;40;4
57;16;40;4
57;17;40;4
57;18;13;4
57;19;13;4
57;20;13;4
57;21;13;4
57;22;13;4
57;23;13;4
57;24;13;4
57;25;13;4
57;26;13;4
57;27;13;4
57;28;13;4
57;29;13;4
57;30;13;4
57;31;13;4
57;32;13;4
57;33;13;4
57;34;13;4
57;35;13;4
57;36;13;4
57;37;13;4
57;38;13;4
57;39;13;4
57;40;13;4
57;41;13;4
57;42;13;4
57;43;13;4
57;44;13;4
57;45;13;4
57;46;13;4
57;47;13;4
57;48;0;4
57;49;0;4
57;50;0;4
57;51;0;4
57;52;0;4
57;53;0;4
57;54;0;4
57;55;0;4
57;56;0;4
57;57;0;4
57;58;0;4
57;59;0;4
57;60;0;4
57;61;0;4
57;62;0;4
57;63;0;4
57;64;0;4
57;65;0;4
57;66;0;4
57;67;40;4
57;68;40;4
57;69;40;4
57;70;40;4
57;71;40;4
57;72;40;4
57;73;40;4
57;74;40;4
57;75;40;4
57;76;40;4
57;77;40;4
57;78;40;4
57;79;40;4
57;80;40;4
57;81;40;4
57;82;40;4
57;83;34;4
57;84;0;4
57;85;0;4
57;86;0;4
57;87;0;4
57;88;0;4
57;89;0;4
57;90;0;4
57;91;0;4
57;92;0;4
57;93;0;4
57;94;0;4
57;95;0;4
57;96;0;4
58;0;40;4
58;1;40;4
58;2;40;4
58;3;40;4
58;4;40;4
58;5;40;4
58;6;40;4
58;7;40;4
58;8;40;4
58;9;40;4
58;10;40;4
58;11;40;4
58;12;40;4
58;13;40;4
58;14;40;4
58;15;40;4
58;16;40;4
58;17;40;4
58;18;13;4
58;19;13;4
58;20;13;4
58;21;13;4
58;22;13;4
58;23;13;4
58;24;13;4
58;25;13;4
58;26;13;4
58;27;13;4
58;28;13;4
58;29;13;4
58;30;13;4
58;31;13;4
58;32;13;4
58;33;13;4
58;34;13;4
58;35;13;4
58;36;13;4
58;37;13;4
58;38;13;4
58;39;13;4
58;40;13;4
58;41;13;4
58;42;13;4
58;43;13;4
58;44;13;4
58;45;13;4
58;46;13;4
58;47;13;4
58;48;0;4
58;49;0;4
58;50;0;4
58;51;0;4
58;52;0;4
58;53;0;4
58;54;0;4
58;55;0;4
58;56;0;4
58;57;0;4
58;58;0;4
58;59;0;4
58;60;0;4
58;61;0;4
58;62;0;4
58;63;0;4
58;64;0;4
58;65;0;4
58;66;0;4
58;67;40;4
58;68;40;4
58;69;40;4
58;70;40;4
58;71;40;4
58;72;40;4
58;73;40;4
58;74;40;4
58;75;40;4
58;76;40;4
58;77;40;4
58;78;40;4
58;79;40;4
58;80;40;4
58;81;40;4
58;82;40;4
58;83;40;4
58;84;34;4
58;85;0;4
58;86;0;4
58;87;0;4
58;88;0;4
58;89;0;4
58;90;0;4
58;91;0;4
58;92;0;4
58;93;0;4
58;94;0;4
58;95;0;4
58;96;0;4
59;0;40;4
59;1;40;4
59;2;40;4
59;3;40;4
59;4;40;4
59;5;40;4
59;6;40;4
59;7;40;4
59;8;40;4
59;9;40;4
59;10;40;4
59;11;40;4
59;12;40;4
59;13;40;4
59;14;40;4
59;15;40;4
59;16;40;4
59;17;40;4
59;18;13;4
59;19;13;4
59;20;13;4
59;21;13;4
59;22;13;4
59;23;13;4
59;24;13;4
59;25;13;4
59;26;13;4
59;27;13;4
59;28;13;4
59;29;13;4
59;30;13;4
59;31;13;4
59;32;13;4
59;33;13;4
59;34;13;4
59;35;13;4
59;36;13;4
59;37;13;4
59;38;13;4
59;39;13;4
59;40;13;4
59;41;13;4
59;42;13;4
59;43;13;4
59;44;13;4
59;45;13;4
59;46;13;4
59;47;13;4
59;48;0;4
59;49;0;4
59;50;0;4
59;51;0;4
59;52;0;4
59;53;0;4
59;54;0;4
59;55;0;4
59;56;0;4
59;57;0;4
59;58;0;4
59;59;0;4
59;60;0;4
59;61;0;4
59;62;0;4
59;63;0;4
59;64;0;4
59;65;0;4
59;66;0;4
59;67;40;4
59;68;40;4
59;69;40;4
59;70;40;4
59;71;40;4
59;72;40;4
59;73;40;4
59;74;40;4
59;75;40;4
59;76;40;4
59;77;40;4
59;78;40;4
59;79;40;4
59;80;40;4
59;81;40;4
59;82;40;4
59;83;40;4
59;84;40;4
59;85;34;4
59;86;0;4
59;87;0;4
59;88;0;4
59;89;0;4
59;90;0;4
59;91;0;4
59;92;0;4
59;93;0;4
59;94;0;4
59;95;0;4
59;96;0;4
60;0;40;4
60;1;40;4
60;2;40;4
60;3;40;4
60;4;40;4
60;5;40;4
60;6;40;4
60;7;40;4
60;8;40;4
60;9;40;4
60;10;40;4
60;11;40;4
60;12;40;4
60;13;40;4
60;14;40;4
60;15;40;4
60;16;40;4
60;17;40;4
60;18;13;4
60;19;13;4
60;20;13;4
60;21;13;4
60;22;13;4
60;23;13;4
60;24;13;4
60;25;13;4
60;26;13;4
60;27;13;4
60;28;13;4
60;29;13;4
60;30;13;4
60;31;13;4
60;32;13;4
60;33;13;4
60;34;13;4
60;35;13;4
60;36;13;4
60;37;13;4
60;38;13;4
60;39;13;4
60;40;13;4
60;41;13;4
60;42;13;4
60;43;13;4
60;44;13;4
60;45;13;4
60;46;13;4
60;47;13;4
60;48;0;4
60;49;0;4
60;50;0;4
60;51;0;4
60;52;0;4
60;53;0;4
60;54;0;4
60;55;0;4
60;56;0;4
60;57;0;4
60;58;0;4
60;59;0;4
60;60;0;4
60;61;0;4
60;62;0;4
60;63;0;4
60;64;0;4
60;65;0;4
60;66;0;4
60;67;40;4
60;68;40;4
60;69;40;4
60;70;40;4
60;71;40;4
60;72;40;4
60;73;40;4
60;74;40;4
60;75;40;4
60;76;40;4
60;77;40;4
60;78;40;4
60;79;40;4
60;80;40;4
60;81;40;4
60;82;40;4
60;83;40;4
60;84;40;4
60;85;40;4
60;86;34;4
60;87;0;4
60;88;0;4
60;89;0;4
60;90;0;4
60;91;0;4
60;92;0;4
60;93;0;4
60;94;0;4
60;95;0;4
60;96;0;4
61;0;40;4
61;1;40;4
61;2;40;4
61;3;40;4
61;4;40;4
61;5;40;4
61;6;40;4
61;7;40;4
61;8;40;4
61;9;40;4
61;10;40;4
61;11;40;4
61;12;40;4
61;13;40;4
61;14;40;4
61;15;40;4
61;16;40;4
61;17;40;4
61;18;13;4
61;19;13;4
61;20;13;4
61;21;13;4
61;22;13;4
61;23;13;4
61;24;13;4
61;25;13;4
61;26;13;4
61;27;13;4
61;28;13;4
61;29;13;4
61;30;13;4
61;31;13;4
61;32;13;4
61;33;13;4
61;34;13;4
61;35;13;4
61;36;13;4
61;37;13;4
61;38;13;4
61;39;13;4
61;40;13;4
61;41;13;4
61;42;13;4
61;43;13;4
61;44;13;4
61;45;13;4
61;46;13;4
61;47;13;4
61;48;0;4
61;49;0;4
61;50;0;4
61;51;0;4
61;52;0;4
61;53;0;4
61;54;0;4
61;55;0;4
61;56;0;4
61;57;0;4
61;58;0;4
61;59;0;4
61;60;0;4
61;61;0;4
61;62;0;4
61;63;0;4
61;64;0;4
61;65;0;4
61;66;0;4
61;67;40;4
61;68;40;4
61;69;40;4
61;70;40;4
61;71;40;4
61;72;40;4
61;73;40;4
61;74;40;4
61;75;40;4
61;76;40;4
61;77;40;4
61;78;40;4
61;79;40;4
61;80;40;4
61;81;40;4
61;82;40;4
61;83;40;4
61;84;40;4
61;85;40;4
61;86;40;4
61;87;40;4
61;88;40;4
61;89;40;4
61;90;40;4
61;91;34;4
61;92;0;4
61;93;0;4
61;94;0;4
61;95;0;4
61;96;0;4
62;0;40;4
62;1;40;4
62;2;40;4
62;3;40;4
62;4;40;4
62;5;40;4
62;6;40;4
62;7;40;4
62;8;40;4
62;9;40;4
62;10;40;4
62;11;40;4
62;12;40;4
62;13;40;4
62;14;40;4
62;15;40;4
62;16;40;4
62;17;40;4
62;18;0;4
62;19;0;4
62;20;0;4
62;21;0;4
62;22;0;4
62;23;0;4
62;24;0;4
62;25;0;4
62;26;0;4
62;27;0;4
62;28;0;4
62;29;0;4
62;30;0;4
62;31;0;4
62;32;0;4
62;33;0;4
62;34;0;4
62;35;0;4
62;36;0;4
62;37;0;4
62;38;0;4
62;39;0;4
62;40;0;4
62;41;0;4
62;42;0;4
62;43;0;4
62;44;0;4
62;45;0;4
62;46;0;4
62;47;0;4
62;48;0;4
62;49;0;4
62;50;0;4
62;51;0;4
62;52;0;4
62;53;0;4
62;54;0;4
62;55;0;4
62;56;0;4
62;57;0;4
62;58;0;4
62;59;0;4
62;60;0;4
62;61;0;4
62;62;0;4
62;63;0;4
62;64;0;4
62;65;0;4
62;66;0;4
62;67;40;4
62;68;40;4
62;69;40;4
62;70;40;4
62;71;40;4
62;72;40;4
62;73;40;4
62;74;40;4
62;75;40;4
62;76;40;4
62;77;40;4
62;78;40;4
62;79;40;4
62;80;40;4
62;81;40;4
62;82;40;4
62;83;40;4
62;84;40;4
62;85;40;4
62;86;40;4
62;87;40;4
62;88;40;4
62;89;40;4
62;90;40;4
62;91;40;4
62;92;34;4
62;93;0;4
62;94;0;4
62;95;0;4
62;96;0;4
63;0;40;4
63;1;40;4
63;2;40;4
63;3;40;4
63;4;40;4
63;5;40;4
63;6;40;4
63;7;40;4
63;8;40;4
63;9;40;4
63;10;40;4
63;11;40;4
63;12;40;4
63;13;40;4
63;14;40;4
63;15;40;4
63;16;40;4
63;17;40;4
63;18;0;4
63;19;0;4
63;20;0;4
63;21;0;4
63;22;0;4
63;23;0;4
63;24;0;4
63;25;0;4
63;26;0;4
63;27;0;4
63;28;0;4
63;29;0;4
63;30;0;4
63;31;0;4
63;32;0;4
63;33;0;4
63;34;0;4
63;35;0;4
63;36;0;4
63;37;0;4
63;38;0;4
63;39;0;4
63;40;0;4
63;41;0;4
63;42;0;4
63;43;0;4
63;44;0;4
63;45;0;4
63;46;0;4
63;47;0;4
63;48;0;4
63;49;0;4
63;50;0;4
63;51;0;4
63;52;0;4
63;53;0;4
63;54;0;4
63;55;0;4
63;56;0;4
63;57;0;4
63;58;0;4
63;59;0;4
63;60;0;4
63;61;0;4
63;62;0;4
63;63;0;4
63;64;0;4
63;65;0;4
63;66;0;4
63;67;40;4
63;68;40;4
63;69;40;4
63;70;40;4
63;71;40;4
63;72;40;4
63;73;40;4
63;74;40;4
63;75;40;4
63;76;40;4
63;77;40;4
63;78;40;4
63;79;40;4
63;80;40;4
63;81;40;4
63;82;40;4
63;83;40;4
63;84;40;4
63;85;40;4
63;86;40;4
63;87;40;4
63;88;40;4
63;89;40;4
63;90;40;4
63;91;40;4
63;92;40;4
63;93;0;4
63;94;0;4
63;95;0;4
63;96;0;4
64;0;0;4
64;1;40;4
64;2;40;4
64;3;40;4
64;4;40;4
64;5;40;4
64;6;40;4
64;7;40;4
64;8;40;4
64;9;40;4
64;10;40;4
64;11;40;4
64;12;40;4
64;13;40;4
64;14;40;4
64;15;40;4
64;16;40;4
64;17;40;4
64;18;0;4
64;19;0;4
64;20;0;4
64;21;0;4
64;22;0;4
64;23;0;4
64;24;0;4
64;25;0;4
64;26;0;4
64;27;0;4
64;28;0;4
64;29;0;4
64;30;0;4
64;31;0;4
64;32;0;4
64;33;0;4
64;34;0;4
64;35;0;4
64;36;0;4
64;37;0;4
64;38;0;4
64;39;0;4
64;40;0;4
64;41;0;4
64;42;0;4
64;43;0;4
64;44;0;4
64;45;0;4
64;46;0;4
64;47;0;4
64;48;0;4
64;49;0;4
64;50;0;4
64;51;0;4
64;52;0;4
64;53;0;4
64;54;0;4
64;55;0;4
64;56;0;4
64;57;0;4
64;58;0;4
64;59;0;4
64;60;0;4
64;61;0;4
64;62;0;4
64;63;0;4
64;64;0;4
64;65;0;4
64;66;0;4
64;67;0;4
64;68;40;4
64;69;40;4
64;70;40;4
64;71;40;4
64;72;40;4
64;73;40;4
64;74;40;4
64;75;40;4
64;76;40;4
64;77;40;4
64;78;40;4
64;79;40;4
64;80;40;4
64;81;40;4
64;82;40;4
64;83;40;4
64;84;40;4
64;85;40;4
64;86;40;4
64;87;40;4
64;88;40;4
64;89;40;4
64;90;40;4
64;91;40;4
64;92;40;4
64;93;0;4
64;94;0;4
64;95;0;4
64;96;0;4
65;0;0;4
65;1;0;4
65;2;40;4
65;3;40;4
65;4;40;4
65;5;40;4
65;6;40;4
65;7;40;4
65;8;40;4
65;9;40;4
65;10;40;4
65;11;40;4
65;12;40;4
65;13;40;4
65;14;40;4
65;15;40;4
65;16;40;4
65;17;34;4
65;18;0;4
65;19;0;4
65;20;0;4
65;21;0;4
65;22;0;4
65;23;0;4
65;24;0;4
65;25;0;4
65;26;0;4
65;27;0;4
65;28;0;4
65;29;0;4
65;30;0;4
65;31;0;4
65;32;0;4
65;33;0;4
65;34;0;4
65;35;0;4
65;36;0;4
65;37;0;4
65;38;0;4
65;39;0;4
65;40;0;4
65;41;0;4
65;42;0;4
65;43;0;4
65;44;0;4
65;45;0;4
65;46;0;4
65;47;0;4
65;48;0;4
65;49;0;4
65;50;0;4
65;51;0;4
65;52;0;4
65;53;0;4
65;54;0;4
65;55;0;4
65;56;0;4
65;57;0;4
65;58;0;4
65;59;0;4
65;60;0;4
65;61;0;4
65;62;0;4
65;63;0;4
65;64;0;4
65;65;0;4
65;66;0;4
65;67;0;4
65;68;0;4
65;69;40;4
65;70;40;4
65;71;40;4
65;72;40;4
65;73;40;4
65;74;40;4
65;75;40;4
65;76;40;4
65;77;40;4
65;78;40;4
65;79;40;4
65;80;40;4
65;81;40;4
65;82;40;4
65;83;40;4
65;84;40;4
65;85;40;4
65;86;40;4
65;87;40;4
65;88;40;4
65;89;40;4
65;90;40;4
65;91;40;4
65;92;40;4
65;93;0;4
65;94;0;4
65;95;0;4
65;96;0;4
66;0;0;4
66;1;0;4
66;2;0;4
66;3;0;4
66;4;0;4
66;5;0;4
66;6;40;4
66;7;40;4
66;8;40;4
66;9;40;4
66;10;40;4
66;11;40;4
66;12;40;4
66;13;40;4
66;14;40;4
66;15;40;4
66;16;34;4
66;17;0;4
66;18;0;4
66;19;0;4
66;20;0;4
66;21;0;4
66;22;0;4
66;23;0;4
66;24;0;4
66;25;0;4
66;26;0;4
66;27;0;4
66;28;0;4
66;29;0;4
66;30;0;4
66;31;0;4
66;32;0;4
66;33;0;4
66;34;0;4
66;35;0;4
66;36;0;4
66;37;0;4
66;38;0;4
66;39;0;4
66;40;0;4
66;41;0;4
66;42;0;4
66;43;0;4
66;44;0;4
66;45;0;4
66;46;0;4
66;47;0;4
66;48;0;4
66;49;0;4
66;50;0;4
66;51;0;4
66;52;0;4
66;53;0;4
66;54;0;4
66;55;0;4
66;56;0;4
66;57;0;4
66;58;0;4
66;59;0;4
66;60;0;4
66;61;0;4
66;62;0;4
66;63;0;4
66;64;0;4
66;65;0;4
66;66;0;4
66;67;0;4
66;68;0;4
66;69;0;4
66;70;0;4
66;71;0;4
66;72;0;4
66;73;0;4
66;74;0;4
66;75;40;4
66;76;40;4
66;77;40;4
66;78;40;4
66;79;40;4
66;80;40;4
66;81;40;4
66;82;40;4
66;83;40;4
66;84;40;4
66;85;40;4
66;86;40;4
66;87;40;4
66;88;40;4
66;89;40;4
66;90;40;4
66;91;40;4
66;92;34;4
66;93;0;4
66;94;0;4
66;95;0;4
66;96;0;4
67;0;0;4
67;1;0;4
67;2;0;4
67;3;0;4
67;4;0;4
67;5;0;4
67;6;0;4
67;7;40;4
67;8;40;4
67;9;40;4
67;10;40;4
67;11;40;4
67;12;40;4
67;13;40;4
67;14;40;4
67;15;34;4
67;16;0;4
67;17;0;4
67;18;0;4
67;19;0;4
67;20;0;4
67;21;0;4
67;22;0;4
67;23;0;4
67;24;0;4
67;25;0;4
67;26;0;4
67;27;0;4
67;28;0;4
67;29;0;4
67;30;0;4
67;31;0;4
67;32;0;4
67;33;0;4
67;34;0;4
67;35;0;4
67;36;0;4
67;37;0;4
67;38;0;4
67;39;0;4
67;40;0;4
67;41;0;4
67;42;0;4
67;43;0;4
67;44;0;4
67;45;0;4
67;46;0;4
67;47;0;4
67;48;0;4
67;49;0;4
67;50;0;4
67;51;0;4
67;52;0;4
67;53;0;4
67;54;0;4
67;55;0;4
67;56;0;4
67;57;0;4
67;58;0;4
67;59;0;4
67;60;0;4
67;61;0;4
67;62;0;4
67;63;0;4
67;64;0;4
67;65;0;4
67;66;0;4
67;67;0;4
67;68;0;4
67;69;0;4
67;70;0;4
67;71;0;4
67;72;0;4
67;73;0;4
67;74;0;4
67;75;0;4
67;76;40;4
67;77;40;4
67;78;40;4
67;79;40;4
67;80;40;4
67;81;40;4
67;82;40;4
67;83;40;4
67;84;40;4
67;85;40;4
67;86;40;4
67;87;40;4
67;88;40;4
67;89;40;4
67;90;40;4
67;91;0;4
67;92;0;4
67;93;0;4
67;94;0;4
67;95;0;4
67;96;0;4
68;0;0;4
68;1;0;4
68;2;0;4
68;3;0;4
68;4;0;4
68;5;0;4
68;6;0;4
68;7;0;4
68;8;40;4
68;9;40;4
68;10;40;4
68;11;40;4
68;12;40;4
68;13;40;4
68;14;34;4
68;15;0;4
68;16;0;4
68;17;0;4
68;18;0;4
68;19;0;4
68;20;0;4
68;21;0;4
68;22;0;4
68;23;0;4
68;24;0;4
68;25;0;4
68;26;0;4
68;27;0;4
68;28;0;4
68;29;0;4
68;30;0;4
68;31;0;4
68;32;0;4
68;33;0;4
68;34;0;4
68;35;0;4
68;36;0;4
68;37;0;4
68;38;0;4
68;39;0;4
68;40;0;4
68;41;0;4
68;42;0;4
68;43;0;4
68;44;0;4
68;45;0;4
68;46;0;4
68;47;0;4
68;48;0;4
68;49;0;4
68;50;0;4
68;51;0;4
68;52;0;4
68;53;0;4
68;54;0;4
68;55;0;4
68;56;0;4
68;57;0;4
68;58;0;4
68;59;0;4
68;60;0;4
68;61;0;4
68;62;0;4
68;63;0;4
68;64;0;4
68;65;0;4
68;66;0;4
68;67;0;4
68;68;0;4
68;69;0;4
68;70;0;4
68;71;0;4
68;72;0;4
68;73;0;4
68;74;0;4
68;75;0;4
68;76;0;4
68;77;40;4
68;78;40;4
68;79;40;4
68;80;40;4
68;81;40;4
68;82;40;4
68;83;40;4
68;84;40;4
68;85;40;4
68;86;40;4
68;87;40;4
68;88;40;4
68;89;40;4
68;90;0;4
68;91;0;4
68;92;0;4
68;93;0;4
68;94;0;4
68;95;0;4
68;96;0;4
69;0;0;4
69;1;0;4
69;2;0;4
69;3;0;4
69;4;0;4
69;5;0;4
69;6;0;4
69;7;0;4
69;8;0;4
69;9;0;4
69;10;0;4
69;11;0;4
69;12;0;4
69;13;0;4
69;14;0;4
69;15;0;4
69;16;0;4
69;17;0;4
69;18;0;4
69;19;0;4
69;20;0;4
69;21;0;4
69;22;0;4
69;23;0;4
69;24;0;4
69;25;0;4
69;26;0;4
69;27;0;4
69;28;0;4
69;29;0;4
69;30;0;4
69;31;0;4
69;32;0;4
69;33;0;4
69;34;0;4
69;35;0;4
69;36;0;4
69;37;0;4
69;38;0;4
69;39;0;4
69;40;0;4
69;41;0;4
69;42;0;4
69;43;0;4
69;44;0;4
69;45;0;4
69;46;0;4
69;47;0;4
69;48;0;4
69;49;0;4
69;50;0;4
69;51;0;4
69;52;0;4
69;53;0;4
69;54;0;4
69;55;0;4
69;56;0;4
69;57;0;4
69;58;0;4
69;59;0;4
69;60;0;4
69;61;0;4
69;62;0;4
69;63;0;4
69;64;0;4
69;65;0;4
69;66;0;4
69;67;0;4
69;68;0;4
69;69;0;4
69;70;0;4
69;71;0;4
69;72;0;4
69;73;0;4
69;74;0;4
69;75;0;4
69;76;0;4
69;77;0;4
69;78;40;4
69;79;40;4
69;80;40;4
69;81;40;4
69;82;40;4
69;83;40;4
69;84;40;4
69;85;40;4
69;86;40;4
69;87;40;4
69;88;40;4
69;89;0;4
69;90;0;4
69;91;0;4
69;92;0;4
69;93;0;4
69;94;0;4
69;95;0;4
69;96;0;4
