# Illarion Server
# 
# This program is free software: you can redistribute it and/or modify it under
# the terms of the GNU Affero General Public License as published by the Free
# Software Foundation, either version 3 of the License, or (at your option) any
# later version.
# 
# This program is distributed in the hope that it will be useful, but WITHOUT
# ANY WARRANTY; without even the implied warranty of MERCHANTABILITY or FITNESS
# FOR A PARTICULAR PURPOSE.  See the GNU Affero General Public License for more
# details.
# 
# You should have received a copy of the GNU Affero General Public License along
# with this program.  If not, see <http://www.gnu.org/licenses/>.
V: 2
L: 2
X: 940
Y: 815
W: 17
H: 30
0;0;0;4
1;0;0;4
2;0;0;4
3;0;0;4
4;0;0;4
5;0;0;4
6;0;0;4
7;0;0;4
8;0;0;4
9;0;0;4
10;0;0;4
11;0;0;4
12;0;0;4
13;0;0;4
14;0;0;4
15;0;0;4
16;0;0;4
0;1;0;4
1;1;0;4
2;1;0;4
3;1;0;4
4;1;0;4
5;1;0;4
6;1;0;4
7;1;0;4
8;1;0;4
9;1;0;4
10;1;0;4
11;1;0;4
12;1;0;4
13;1;0;4
14;1;0;4
15;1;0;4
16;1;0;4
0;2;0;4
1;2;0;4
2;2;0;4
3;2;0;4
4;2;0;4
5;2;0;4
6;2;0;4
7;2;0;4
8;2;0;4
9;2;0;4
10;2;0;4
11;2;0;4
12;2;0;4
13;2;0;4
14;2;0;4
15;2;0;4
16;2;0;4
0;3;0;4
1;3;0;4
2;3;0;4
3;3;0;4
4;3;41;4
5;3;41;4
6;3;41;4
7;3;41;4
8;3;0;4
9;3;0;4
10;3;0;4
11;3;0;4
12;3;0;4
13;3;0;4
14;3;0;4
15;3;0;4
16;3;0;4
0;4;0;4
1;4;0;4
2;4;41;4
3;4;41;4
4;4;41;4
5;4;41;4
6;4;41;4
7;4;41;4
8;4;41;4
9;4;41;4
10;4;41;4
11;4;0;4
12;4;0;4
13;4;0;4
14;4;0;4
15;4;0;4
16;4;0;4
0;5;0;4
1;5;41;4
2;5;41;4
3;5;41;4
4;5;41;4
5;5;41;4
6;5;41;4
7;5;41;4
8;5;41;4
9;5;41;4
10;5;41;4
11;5;41;4
12;5;0;4
13;5;0;4
14;5;0;4
15;5;0;4
16;5;0;4
0;6;41;4
1;6;41;4
2;6;41;4
3;6;41;4
4;6;41;4
5;6;41;4
6;6;41;4
7;6;41;4
8;6;41;4
9;6;41;4
10;6;41;4
11;6;41;4
12;6;0;4
13;6;0;4
14;6;0;4
15;6;0;4
16;6;0;4
0;7;41;4
1;7;41;4
2;7;41;4
3;7;41;4
4;7;41;4
5;7;41;4
6;7;41;4
7;7;41;4
8;7;41;4
9;7;41;4
10;7;41;4
11;7;41;4
12;7;0;4
13;7;0;4
14;7;0;4
15;7;0;4
16;7;0;4
0;8;41;4
1;8;41;4
2;8;41;4
3;8;41;4
4;8;41;4
5;8;41;4
6;8;41;4
7;8;41;4
8;8;41;4
9;8;41;4
10;8;41;4
11;8;41;4
12;8;0;4
13;8;0;4
14;8;0;4
15;8;0;4
16;8;0;4
0;9;41;4
1;9;41;4
2;9;40;4
3;9;40;4
4;9;40;4
5;9;40;4
6;9;40;4
7;9;40;4
8;9;40;4
9;9;40;4
10;9;40;4
11;9;40;4
12;9;40;4
13;9;0;4
14;9;0;4
15;9;0;4
16;9;0;4
0;10;34;4
1;10;40;4
2;10;40;4
3;10;40;4
4;10;40;4
5;10;40;4
6;10;40;4
7;10;40;4
8;10;40;4
9;10;40;4
10;10;40;4
11;10;40;4
12;10;40;4
13;10;0;4
14;10;0;4
15;10;0;4
16;10;0;4
0;11;34;4
1;11;40;4
2;11;40;4
3;11;40;4
4;11;40;4
5;11;40;4
6;11;40;4
7;11;40;4
8;11;40;4
9;11;40;4
10;11;40;4
11;11;40;4
12;11;40;4
13;11;0;4
14;11;0;4
15;11;0;4
16;11;0;4
0;12;0;4
1;12;34;4
2;12;40;4
3;12;40;4
4;12;40;4
5;12;40;4
6;12;40;4
7;12;40;4
8;12;40;4
9;12;40;4
10;12;40;4
11;12;40;4
12;12;40;4
13;12;40;4
14;12;0;4
15;12;0;4
16;12;0;4
0;13;0;4
1;13;0;4
2;13;34;4
3;13;40;4
4;13;40;4
5;13;40;4
6;13;40;4
7;13;40;4
8;13;40;4
9;13;40;4
10;13;40;4
11;13;40;4
12;13;40;4
13;13;40;4
14;13;40;4
15;13;0;4
16;13;0;4
0;14;0;4
1;14;0;4
2;14;0;4
3;14;34;4
4;14;40;4
5;14;40;4
6;14;40;4
7;14;40;4
8;14;40;4
9;14;40;4
10;14;40;4
11;14;40;4
12;14;40;4
13;14;40;4
14;14;40;4
15;14;40;4
16;14;0;4
0;15;34;4
1;15;34;4
2;15;34;4
3;15;34;4
4;15;18;4
5;15;40;4
6;15;40;4
7;15;40;4
8;15;40;4
9;15;40;4
10;15;40;4
11;15;40;4
12;15;40;4
13;15;40;4
14;15;40;4
15;15;40;4
16;15;40;4
0;16;34;4
1;16;34;4
2;16;34;4
3;16;34;4
4;16;18;4
5;16;18;4
6;16;40;4
7;16;40;4
8;16;40;4
9;16;40;4
10;16;40;4
11;16;40;4
12;16;40;4
13;16;40;4
14;16;40;4
15;16;40;4
16;16;40;4
0;17;34;4
1;17;34;4
2;17;34;4
3;17;34;4
4;17;18;4
5;17;18;4
6;17;18;4
7;17;18;4
8;17;18;4
9;17;18;4
10;17;40;4
11;17;40;4
12;17;40;4
13;17;40;4
14;17;40;4
15;17;40;4
16;17;40;4
0;18;34;4
1;18;34;4
2;18;34;4
3;18;34;4
4;18;18;4
5;18;18;4
6;18;18;4
7;18;55;4
8;18;18;4
9;18;18;4
10;18;40;4
11;18;40;4
12;18;40;4
13;18;40;4
14;18;40;4
15;18;40;4
16;18;40;4
0;19;34;4
1;19;34;4
2;19;34;4
3;19;34;4
4;19;18;4
5;19;18;4
6;19;55;4
7;19;55;4
8;19;55;4
9;19;18;4
10;19;40;4
11;19;40;4
12;19;40;4
13;19;40;4
14;19;40;4
15;19;40;4
16;19;40;4
0;20;34;4
1;20;34;4
2;20;34;4
3;20;34;4
4;20;18;4
5;20;18;4
6;20;18;4
7;20;55;4
8;20;18;4
9;20;18;4
10;20;40;4
11;20;40;4
12;20;40;4
13;20;40;4
14;20;40;4
15;20;40;4
16;20;40;4
0;21;34;4
1;21;34;4
2;21;34;4
3;21;34;4
4;21;0;4
5;21;18;4
6;21;18;4
7;21;18;4
8;21;18;4
9;21;18;4
10;21;40;4
11;21;40;4
12;21;40;4
13;21;40;4
14;21;40;4
15;21;40;4
16;21;40;4
0;22;0;4
1;22;0;4
2;22;0;4
3;22;0;4
4;22;0;4
5;22;0;4
6;22;18;4
7;22;18;4
8;22;18;4
9;22;18;4
10;22;40;4
11;22;40;4
12;22;40;4
13;22;40;4
14;22;40;4
15;22;40;4
16;22;40;4
0;23;0;4
1;23;0;4
2;23;0;4
3;23;0;4
4;23;0;4
5;23;0;4
6;23;0;4
7;23;18;4
8;23;18;4
9;23;18;4
10;23;40;4
11;23;40;4
12;23;40;4
13;23;40;4
14;23;40;4
15;23;40;4
16;23;40;4
0;24;0;4
1;24;0;4
2;24;0;4
3;24;0;4
4;24;0;4
5;24;0;4
6;24;0;4
7;24;0;4
8;24;18;4
9;24;18;4
10;24;40;4
11;24;40;4
12;24;40;4
13;24;40;4
14;24;40;4
15;24;40;4
16;24;40;4
0;25;0;4
1;25;0;4
2;25;0;4
3;25;0;4
4;25;0;4
5;25;0;4
6;25;0;4
7;25;0;4
8;25;18;4
9;25;18;4
10;25;40;4
11;25;40;4
12;25;40;4
13;25;40;4
14;25;40;4
15;25;40;4
16;25;34;4
0;26;0;4
1;26;0;4
2;26;0;4
3;26;0;4
4;26;0;4
5;26;0;4
6;26;0;4
7;26;0;4
8;26;18;4
9;26;18;4
10;26;18;4
11;26;40;4
12;26;40;4
13;26;40;4
14;26;40;4
15;26;40;4
16;26;0;4
0;27;0;4
1;27;0;4
2;27;0;4
3;27;0;4
4;27;0;4
5;27;0;4
6;27;0;4
7;27;0;4
8;27;18;4
9;27;18;4
10;27;18;4
11;27;55;4
12;27;18;4
13;27;18;4
14;27;18;4
15;27;0;4
16;27;0;4
0;28;0;4
1;28;0;4
2;28;0;4
3;28;0;4
4;28;0;4
5;28;0;4
6;28;0;4
7;28;0;4
8;28;18;4
9;28;18;4
10;28;55;4
11;28;55;4
12;28;55;4
13;28;18;4
14;28;18;4
15;28;0;4
16;28;0;4
0;29;0;4
1;29;0;4
2;29;0;4
3;29;0;4
4;29;0;4
5;29;0;4
6;29;0;4
7;29;0;4
8;29;0;4
9;29;18;4
10;29;18;4
11;29;18;4
12;29;18;4
13;29;18;4
14;29;0;4
15;29;0;4
16;29;0;4
