# Illarion Server
# 
# This program is free software: you can redistribute it and/or modify it under
# the terms of the GNU Affero General Public License as published by the Free
# Software Foundation, either version 3 of the License, or (at your option) any
# later version.
# 
# This program is distributed in the hope that it will be useful, but WITHOUT
# ANY WARRANTY; without even the implied warranty of MERCHANTABILITY or FITNESS
# FOR A PARTICULAR PURPOSE.  See the GNU Affero General Public License for more
# details.
# 
# You should have received a copy of the GNU Affero General Public License along
# with this program.  If not, see <http://www.gnu.org/licenses/>.
117;1;1783;333
119;1;1782;333
121;1;627;0
122;1;626;0
123;1;627;0
124;1;627;0
125;1;626;0
117;2;274;333
118;2;911;333
119;2;2832;333
121;2;232;0
122;2;628;0
123;2;1246;0
124;2;628;0
125;2;628;0
116;3;3099;333
124;3;1245;333
125;3;623;0
126;3;287;0
116;4;3100;333
116;4;1783;333
118;4;2169;333
118;4;1783;333
119;4;1783;333
123;4;1246;333
124;4;1783;333
125;4;232;0
126;4;622;0
127;4;626;0
117;5;1783;333
118;5;12;333
118;5;2488;333
122;5;274;333
126;5;629;0
127;5;628;0
117;6;2170;333
117;6;1783;333
119;6;338;333
123;6;1783;333
125;6;232;0
74;7;1273;0
85;7;915;0
124;7;338;333
126;7;627;0
127;7;626;0
15;8;1246;333
18;8;1245;333
19;8;1250;333
71;8;233;0
88;8;1246;0
118;8;911;333
122;8;1783;333
123;8;338;333
125;8;1782;333
126;8;3100;333
127;8;628;0
3;9;627;333
6;9;623;333
7;9;287;333
8;9;287;333
9;9;287;333
10;9;287;333
11;9;287;333
12;9;287;333
13;9;287;333
14;9;287;333
15;9;287;333
16;9;232;333
16;9;1276;333
20;9;1276;333
89;9;915;0
119;9;581;333
120;9;42;333
122;9;1783;333
123;9;913;333
125;9;3100;333
126;9;3099;333
3;10;623;333
4;10;287;333
5;10;287;333
6;10;287;333
7;10;287;333
7;10;287;333
8;10;287;333
9;10;287;333
10;10;287;333
11;10;287;0
12;10;287;333
13;10;287;333
14;10;287;333
15;10;287;333
16;10;1246;333
16;10;630;333
33;10;287;0
34;10;287;0
35;10;287;0
36;10;287;0
37;10;287;0
38;10;287;0
39;10;287;0
40;10;287;0
118;10;3100;333
120;10;338;333
122;10;3098;333
124;10;274;333
3;11;623;333
4;11;287;333
5;11;287;333
6;11;597;0
7;11;597;0
8;11;597;0
9;11;597;0
10;11;597;0
10;11;629;0
11;11;630;0
12;11;287;0
13;11;287;333
14;11;287;333
15;11;622;333
16;11;623;333
17;11;600;333
18;11;600;333
19;11;600;333
20;11;600;333
21;11;600;333
22;11;600;333
23;11;600;333
24;11;287;333
33;11;287;0
34;11;287;0
35;11;287;0
40;11;287;0
41;11;287;0
42;11;287;0
43;11;287;0
44;11;287;0
45;11;287;0
46;11;287;0
47;11;287;0
48;11;287;0
49;11;287;0
50;11;287;0
51;11;287;0
52;11;287;0
53;11;287;0
54;11;287;0
55;11;287;0
56;11;287;0
57;11;287;0
58;11;287;0
59;11;287;0
60;11;287;0
61;11;287;0
62;11;287;0
63;11;287;0
64;11;287;0
65;11;287;0
66;11;287;0
67;11;287;0
68;11;287;0
69;11;287;0
70;11;287;0
71;11;287;0
72;11;287;0
73;11;287;0
74;11;287;0
75;11;287;0
76;11;287;0
77;11;287;0
78;11;287;0
79;11;287;0
2;12;627;333
3;12;623;333
4;12;287;333
7;12;35;0
11;12;629;0
12;12;287;333
13;12;287;333
13;12;287;333
14;12;622;333
15;12;1251;0
16;12;623;333
17;12;600;333
18;12;600;333
19;12;600;333
20;12;600;333
21;12;600;333
22;12;600;333
23;12;600;333
24;12;287;333
25;12;287;333
26;12;287;333
27;12;287;333
28;12;287;333
29;12;287;333
30;12;287;333
31;12;287;333
32;12;287;333
33;12;287;0
34;12;287;0
79;12;287;0
80;12;287;0
81;12;287;0
82;12;287;0
90;12;1246;0
2;13;623;333
3;13;287;333
8;13;3095;333
11;13;627;0
12;13;287;333
12;13;287;333
13;13;287;333
13;13;287;333
15;13;1251;0
16;13;623;333
17;13;600;333
18;13;600;333
19;13;600;333
20;13;600;333
21;13;600;333
22;13;600;333
23;13;600;333
24;13;287;333
25;13;287;333
26;13;287;333
27;13;287;333
28;13;287;333
29;13;287;333
30;13;287;333
31;13;287;333
32;13;287;333
33;13;287;0
82;13;287;0
83;13;287;0
84;13;287;0
90;13;915;0
2;14;623;333
3;14;287;333
9;14;66;0;markerstone=264
12;14;287;333
12;14;287;333
13;14;287;333
13;14;287;333
15;14;1251;0
16;14;623;333
16;14;625;333
16;14;2038;333
17;14;600;333
18;14;600;333
19;14;600;333
20;14;600;333
21;14;600;333
22;14;600;333
23;14;600;333
24;14;287;333
25;14;287;333
26;14;287;333
27;14;287;333
28;14;287;333
29;14;287;333
30;14;287;333
31;14;287;333
32;14;287;333
83;14;287;0
84;14;287;0
89;14;1254;0
90;14;1246;0
2;15;623;333
3;15;287;333
7;15;2937;333
8;15;3101;333
10;15;792;333
10;15;10;333
12;15;287;333
13;15;622;333
14;15;628;333
15;15;1245;333
15;15;1251;0
16;15;623;333
17;15;600;333
18;15;600;333
19;15;600;333
20;15;600;333
21;15;600;333
22;15;600;333
23;15;600;333
24;15;287;333
25;15;287;333
26;15;287;333
27;15;287;333
28;15;287;333
29;15;287;333
30;15;287;333
31;15;287;333
32;15;287;333
49;15;3092;0
50;15;3092;0
51;15;3092;0
52;15;3092;0
53;15;3092;0
54;15;3092;0
55;15;3092;0
56;15;3092;0
57;15;3092;0
58;15;3092;0
59;15;3092;0
60;15;3092;0
61;15;3092;0
62;15;3092;0
63;15;3092;0
64;15;3092;0
65;15;3092;0
66;15;3092;0
67;15;3092;0
68;15;3092;0
69;15;3092;0
70;15;3092;0
71;15;3092;0
72;15;3092;0
73;15;3092;0
74;15;3092;0
75;15;3092;0
76;15;3092;0
77;15;3092;0
78;15;3092;0
84;15;287;0
85;15;287;0
2;16;623;333
2;16;625;333
3;16;287;333
12;16;287;0
13;16;628;333
15;16;1251;0
16;16;623;333
17;16;600;333
18;16;600;333
19;16;600;333
20;16;600;333
21;16;600;333
22;16;600;333
23;16;600;333
24;16;287;333
25;16;287;333
26;16;287;333
27;16;287;333
28;16;287;333
29;16;287;333
30;16;287;333
31;16;287;333
32;16;287;333
48;16;3092;0
49;16;3092;0
50;16;3092;0
50;16;3092;0
51;16;3092;0
52;16;3092;0
53;16;3092;0
54;16;3092;0
55;16;3092;0
56;16;3092;0
57;16;3092;0
58;16;3092;0
59;16;3092;0
60;16;3092;0
61;16;3092;0
62;16;3092;0
63;16;3092;0
64;16;3092;0
65;16;3092;0
66;16;3092;0
67;16;3092;0
68;16;3092;0
69;16;3092;0
70;16;3092;0
71;16;3092;0
72;16;3092;0
73;16;3092;0
74;16;3092;0
75;16;3092;0
76;16;3092;0
77;16;3092;0
78;16;3092;0
85;16;287;0
88;16;627;0
90;16;915;0
2;17;623;333
3;17;287;333
7;17;3101;333
11;17;627;0
12;17;287;0
14;17;1246;333
15;17;911;333
15;17;1251;0
16;17;623;333
17;17;600;333
18;17;600;333
19;17;600;333
20;17;600;333
21;17;600;333
22;17;600;333
23;17;600;333
24;17;287;333
25;17;287;333
26;17;287;333
27;17;287;333
28;17;287;333
29;17;287;333
30;17;287;333
31;17;287;333
32;17;287;333
48;17;3092;0
49;17;3092;0
49;17;3092;0
50;17;3092;0
51;17;3092;0
52;17;3092;0
53;17;3092;0
54;17;3092;0
74;17;3092;0
75;17;3092;0
76;17;3092;0
77;17;3092;0
78;17;3092;0
85;17;287;0
88;17;629;0
90;17;1254;0
2;18;623;333
3;18;287;333
11;18;623;0
12;18;287;0
15;18;1276;333
15;18;1251;0
16;18;623;333
17;18;600;333
18;18;600;333
19;18;600;333
20;18;600;333
21;18;600;333
22;18;600;333
23;18;600;333
24;18;287;333
25;18;287;333
26;18;287;333
27;18;287;333
28;18;287;333
29;18;287;333
30;18;287;333
31;18;287;333
32;18;287;333
46;18;3092;0
47;18;3092;0
48;18;3092;0
49;18;3092;0
50;18;3092;0
75;18;3092;0
76;18;3092;0
77;18;3092;0
78;18;3092;0
84;18;287;0
89;18;2937;0
90;18;1246;0
2;19;623;333
3;19;287;333
3;19;287;333
11;19;287;0
12;19;287;0
14;19;1257;333
15;19;232;333
15;19;1251;0
16;19;623;333
17;19;600;333
18;19;600;333
19;19;600;333
20;19;600;333
21;19;600;333
22;19;600;333
23;19;600;333
24;19;287;333
25;19;287;333
25;19;624;333
26;19;287;333
27;19;287;333
28;19;287;333
29;19;287;333
30;19;287;333
31;19;287;333
32;19;287;333
43;19;3092;0
44;19;3092;0
45;19;3092;0
46;19;3092;0
47;19;3092;0
48;19;3092;0
49;19;3092;0
75;19;3092;0
76;19;3092;0
77;19;3092;0
78;19;3092;0
84;19;287;0
88;19;1246;0
0;20;627;333
2;20;623;333
3;20;287;333
3;20;287;333
10;20;287;333
10;20;287;333
11;20;622;0
12;20;622;0
13;20;628;0
15;20;1278;333
15;20;1251;0
16;20;623;333
17;20;600;333
18;20;600;333
19;20;600;333
20;20;600;333
21;20;600;333
22;20;600;333
23;20;600;333
24;20;622;333
25;20;1254;0
26;20;623;333
27;20;287;333
28;20;287;333
29;20;287;333
30;20;287;333
31;20;287;333
32;20;287;333
33;20;287;0
42;20;3092;0
43;20;3092;0
44;20;3092;0
45;20;3092;0
76;20;3092;0
77;20;3092;0
78;20;3092;0
84;20;287;0
89;20;915;0
90;20;626;0
0;21;623;333
1;21;287;333
2;21;287;333
3;21;287;333
3;21;287;333
4;21;287;0
5;21;287;0
6;21;3099;333
6;21;598;0
7;21;3101;333
7;21;598;0
8;21;598;0
9;21;596;333
9;21;596;333
9;21;3099;333
9;21;287;0
10;21;287;333
10;21;287;333
10;21;287;333
10;21;287;333
13;21;1247;333
15;21;1254;333
16;21;623;333
17;21;600;333
18;21;600;333
19;21;600;333
20;21;600;333
21;21;600;333
22;21;600;333
23;21;1251;0
24;21;1250;0
25;21;233;333
26;21;623;333
27;21;287;333
28;21;287;333
29;21;287;333
30;21;287;333
31;21;287;333
32;21;287;333
33;21;287;0
33;21;287;0
41;21;3092;0
42;21;3092;0
43;21;3092;0
44;21;3092;0
45;21;3091;0
76;21;3092;0
77;21;3092;0
78;21;3092;0
82;21;287;0
83;21;287;0
84;21;287;0
89;21;629;0
90;21;628;0
0;22;629;333
1;22;627;333
1;22;630;333
2;22;287;333
3;22;287;333
4;22;287;0
5;22;287;0
6;22;287;0
7;22;287;0
8;22;287;0
9;22;596;333
10;22;287;333
10;22;287;333
13;22;913;333
15;22;1273;333
16;22;629;333
17;22;622;333
18;22;622;333
18;22;624;333
18;22;2937;333
19;22;622;333
20;22;622;333
21;22;622;333
22;22;622;333
23;22;1251;0
24;22;1250;0
25;22;623;333
26;22;628;333
26;22;623;333
27;22;287;333
28;22;622;0
29;22;622;0
30;22;622;0
31;22;622;0
32;22;630;0
33;22;287;0
40;22;3092;0
41;22;3092;0
42;22;3092;0
43;22;3092;0
44;22;3087;0
76;22;3092;0
77;22;3092;0
78;22;3092;0
82;22;287;0
89;22;1246;0
90;22;915;0
1;23;623;333
2;23;287;333
3;23;287;333
3;23;287;333
4;23;287;333
4;23;287;333
5;23;287;333
5;23;287;333
5;23;287;333
6;23;287;333
6;23;287;333
7;23;287;333
8;23;287;333
8;23;287;333
9;23;622;333
10;23;622;333
11;23;628;333
14;23;914;333
15;23;3099;333
22;23;1246;0
23;23;1251;0
24;23;1251;0
25;23;623;333
26;23;628;333
26;23;623;333
27;23;287;333
28;23;1254;0
30;23;319;0
31;23;1265;0
32;23;623;0
33;23;287;0
38;23;3092;0
39;23;3092;0
40;23;3092;0
41;23;3092;0
42;23;3091;0
43;23;3085;0
76;23;3092;0
77;23;3092;0
78;23;3092;0
82;23;287;0
89;23;1246;0
90;23;1254;0
1;24;623;333
2;24;287;333
3;24;287;333
3;24;287;333
4;24;287;333
4;24;287;333
5;24;287;333
5;24;287;333
5;24;287;333
6;24;287;333
6;24;287;333
7;24;287;333
8;24;287;333
12;24;1245;333
13;24;232;333
14;24;3099;333
15;24;3099;333
22;24;627;333
23;24;1251;0
24;24;1251;0
25;24;626;333
26;24;628;333
28;24;1266;0
32;24;623;0
33;24;287;0
38;24;3092;0
39;24;3092;0
40;24;3092;0
41;24;3087;0
76;24;3092;0
77;24;3092;0
78;24;3092;0
82;24;287;0
1;25;623;333
2;25;287;333
3;25;287;333
4;25;287;333
5;25;287;333
6;25;287;333
7;25;287;333
8;25;287;333
11;25;232;333
21;25;627;0
22;25;629;333
23;25;628;333
24;25;3184;0
24;25;3187;0
25;25;3194;0
26;25;3194;0
27;25;3194;0
28;25;3194;0
31;25;1265;0
32;25;623;0
33;25;287;0
38;25;3092;0
39;25;3092;0
40;25;3092;0
76;25;3092;0
77;25;3092;0
78;25;3092;0
82;25;287;0
83;25;287;0
89;25;629;0
90;25;1246;0
0;26;3099;333
1;26;623;333
2;26;287;333
3;26;287;333
3;26;287;333
4;26;287;333
4;26;287;333
5;26;287;333
5;26;287;333
6;26;287;333
7;26;622;333
8;26;622;333
9;26;628;333
10;26;3099;333
21;26;623;0
31;26;233;0
32;26;623;0
33;26;287;0
38;26;3092;0
39;26;3092;0
40;26;3092;0
76;26;3092;0
77;26;3092;0
78;26;3092;0
83;26;287;0
0;27;3099;333
1;27;629;333
2;27;622;333
3;27;622;333
3;27;624;0
4;27;622;333
5;27;622;333
6;27;622;333
7;27;1254;0
8;27;1254;0
9;27;232;333
21;27;623;0
29;27;3193;0
31;27;623;333
32;27;287;333
33;27;287;0
38;27;3092;0
39;27;3092;0
40;27;3092;0
76;27;3092;0
77;27;3092;0
78;27;3092;0
83;27;287;0
21;28;623;0
29;28;3193;0
30;28;1266;0
31;28;287;333
32;28;287;333
33;28;287;0
38;28;3092;0
39;28;3092;0
40;28;3087;0
76;28;3092;0
77;28;3092;0
78;28;3092;0
83;28;287;0
84;28;287;0
21;29;3185;0
29;29;3187;0
30;29;1266;0
31;29;287;333
32;29;287;333
38;29;3092;0
39;29;3092;0
76;29;3092;0
77;29;3092;0
78;29;3092;0
84;29;287;0
21;30;3187;0
30;30;287;0
31;30;287;333
32;30;287;333
38;30;3092;0
39;30;3092;0
74;30;3092;0
75;30;3092;0
76;30;3092;0
77;30;3092;0
78;30;3092;0
84;30;287;0
85;30;287;0
21;31;623;0
25;31;627;0
29;31;287;0
30;31;287;0
31;31;287;333
32;31;287;333
38;31;3092;0
39;31;3092;0
74;31;3092;0
75;31;3092;0
76;31;3092;0
77;31;3092;0
78;31;3092;0
85;31;287;0
86;31;287;0
87;31;287;0
21;32;629;0
24;32;627;0
25;32;287;0
26;32;287;0
27;32;287;0
28;32;287;0
29;32;287;0
30;32;287;0
31;32;287;333
32;32;287;333
35;32;3092;0
36;32;3092;0
37;32;3092;0
37;32;3092;0
38;32;3092;0
39;32;3092;0
74;32;3092;0
75;32;3092;0
76;32;3092;0
77;32;3092;0
78;32;3092;0
87;32;287;0
22;33;1246;333
24;33;287;0
25;33;287;0
26;33;287;0
26;33;287;0
27;33;287;0
27;33;287;0
28;33;287;0
28;33;287;0
29;33;287;0
29;33;287;0
30;33;287;0
30;33;287;0
31;33;287;333
35;33;3092;0
36;33;3092;0
37;33;3092;0
38;33;3092;0
39;33;3092;0
74;33;3092;0
75;33;3092;0
76;33;3092;0
77;33;3092;0
78;33;3092;0
87;33;287;0
21;34;232;333
21;34;233;333
22;34;629;333
24;34;287;0
25;34;287;0
25;34;287;0
26;34;287;0
27;34;287;0
28;34;287;0
29;34;287;0
30;34;287;0
35;34;3092;0
36;34;3092;0
37;34;3092;0
38;34;3092;0
72;34;3086;0
73;34;3086;0
74;34;3092;0
75;34;3092;0
76;34;3092;0
77;34;3092;0
78;34;3092;0
87;34;287;0
21;35;627;333
22;35;629;333
24;35;287;0
25;35;287;0
26;35;287;0
27;35;287;0
28;35;287;0
29;35;287;0
34;35;3092;0
35;35;3092;0
36;35;3092;0
71;35;3092;0
72;35;3092;0
73;35;3092;0
74;35;3092;0
75;35;3092;0
76;35;3092;0
77;35;3092;0
78;35;3092;0
87;35;287;0
20;36;1273;333
21;36;3098;333
22;36;629;333
23;36;287;333
24;36;287;333
25;36;287;333
26;36;287;0
27;36;287;0
28;36;287;0
34;36;3092;0
35;36;3092;0
36;36;3092;0
69;36;3092;0
70;36;3092;0
71;36;3092;0
72;36;3092;0
73;36;3092;0
87;36;287;0
19;37;1246;333
22;37;629;333
23;37;287;333
24;37;287;333
25;37;287;333
26;37;287;333
27;37;287;333
34;37;3092;0
35;37;3092;0
36;37;3092;0
69;37;3092;0
70;37;3092;0
71;37;3092;0
72;37;3092;0
87;37;287;0
19;38;627;333
20;38;627;333
21;38;627;333
22;38;629;333
23;38;287;333
24;38;287;333
25;38;287;333
26;38;287;333
34;38;3092;0
35;38;3092;0
36;38;3092;0
66;38;3092;0
67;38;3092;0
68;38;3092;0
69;38;3092;0
70;38;3092;0
71;38;3092;0
86;38;287;0
87;38;287;0
88;38;287;0
89;38;287;0
90;38;600;333
19;39;623;333
20;39;287;333
21;39;287;333
22;39;287;333
23;39;287;333
24;39;287;333
25;39;287;333
34;39;3092;0
35;39;3092;0
36;39;3092;0
65;39;3092;0
66;39;3092;0
67;39;3092;0
68;39;3092;0
69;39;3092;0
69;39;3092;0
70;39;3092;0
86;39;287;0
87;39;287;0
88;39;287;0
89;39;287;0
90;39;3088;333
102;39;613;0
103;39;613;0
104;39;424;333
104;39;613;0
105;39;613;0
19;40;623;333
20;40;287;333
21;40;287;333
22;40;287;333
23;40;287;333
24;40;287;0
28;40;3092;0
29;40;3092;0
30;40;3092;0
31;40;3092;0
32;40;3092;0
33;40;3092;0
34;40;3092;0
35;40;3092;0
65;40;3092;0
66;40;3092;0
67;40;3092;0
86;40;287;0
87;40;287;0
88;40;287;0
89;40;287;0
90;40;287;0
91;40;613;333
92;40;613;0
93;40;613;0
94;40;613;0
95;40;613;0
96;40;613;0
97;40;613;0
98;40;613;0
99;40;613;0
100;40;613;0
101;40;613;0
102;40;3092;0
104;40;519;333
105;40;3093;0
106;40;613;0
108;40;3098;0
109;40;3098;0
19;41;623;333
20;41;287;333
28;41;3092;0
29;41;3092;0
30;41;3085;0
31;41;3085;0
32;41;3085;0
33;41;3085;0
34;41;3092;0
35;41;3092;0
64;41;3092;0
65;41;3092;0
66;41;3092;0
86;41;287;0
87;41;287;0
88;41;287;0
89;41;287;0
90;41;3088;333
91;41;3087;333
93;41;613;0
94;41;424;333
95;41;3088;333
96;41;3087;333
103;41;3101;333
107;41;613;0
108;41;3098;0
109;41;3100;333
19;42;623;333
20;42;287;333
26;42;3092;0
27;42;3092;0
28;42;3092;0
29;42;3092;0
30;42;359;0
63;42;3092;0
64;42;3092;0
65;42;3092;0
80;42;287;0
81;42;287;0
82;42;287;0
83;42;287;0
84;42;287;0
85;42;287;0
86;42;287;0
87;42;287;0
88;42;287;0
88;42;287;0
89;42;1245;333
89;42;287;0
89;42;287;0
89;42;287;0
90;42;3088;333
91;42;3087;333
94;42;519;333
95;42;3092;333
96;42;613;333
107;42;3095;0
109;42;3100;333
19;43;623;333
20;43;287;333
26;43;3092;0
27;43;3092;0
28;43;359;0
29;43;359;0
31;43;359;0
62;43;3092;0
63;43;3092;0
64;43;3092;0
79;43;287;0
80;43;287;0
81;43;287;0
82;43;287;0
83;43;287;0
84;43;287;0
85;43;287;0
86;43;287;0
87;43;287;0
88;43;287;0
89;43;287;0
90;43;3092;333
91;43;613;333
93;43;3101;333
95;43;424;333
95;43;1246;333
96;43;613;333
97;43;613;333
98;43;613;333
107;43;425;333
109;43;3100;333
19;44;623;333
19;44;630;333
20;44;287;333
26;44;3092;0
27;44;359;0
36;44;3092;0
62;44;3092;0
63;44;3092;0
78;44;287;0
79;44;287;0
80;44;287;0
81;44;622;0
82;44;597;0
82;44;1246;0
83;44;597;0
84;44;597;0
85;44;597;0
85;44;3100;0
86;44;629;0
87;44;287;0
88;44;287;0
89;44;287;0
90;44;3177;0
91;44;520;333
95;44;627;333
96;44;718;333
98;44;3092;333
99;44;3094;333
109;44;3100;333
114;44;3100;333
115;44;3099;0
116;44;3100;0
19;45;623;333
20;45;287;333
24;45;3092;0
25;45;3092;0
26;45;359;0
27;45;359;0
31;45;359;0
35;45;3092;0
36;45;3092;0
37;45;3092;0
62;45;3092;0
63;45;3092;0
78;45;287;0
79;45;287;0
80;45;628;0
84;45;1254;0
86;45;3095;0
86;45;3097;0
87;45;596;0
87;45;3100;0
88;45;287;0
89;45;287;0
90;45;3177;0
94;45;607;333
95;45;629;333
96;45;722;333
98;45;1246;333
108;45;3100;333
109;45;3100;333
115;45;3097;0
116;45;3098;0
19;46;623;333
20;46;287;333
22;46;3092;0
23;46;3092;0
24;46;3092;0
33;46;3092;0
34;46;3092;0
35;46;3092;0
36;46;3092;0
37;46;3092;0
61;46;3092;0
62;46;3092;0
63;46;3092;0
77;46;287;0
78;46;287;0
79;46;628;0
81;46;915;0
88;46;596;0
88;46;3093;0
88;46;915;0
89;46;287;0
90;46;613;0
94;46;610;333
96;46;722;333
104;46;3096;333
105;46;1245;333
107;46;3100;333
108;46;3100;333
108;46;3100;333
19;47;623;333
20;47;287;333
22;47;3092;0
23;47;3092;0
28;47;359;0
32;47;3092;0
33;47;3092;0
36;47;3092;0
37;47;3092;0
38;47;3092;0
61;47;3092;0
62;47;3092;0
63;47;3092;0
76;47;287;0
77;47;287;0
78;47;287;0
79;47;628;0
83;47;29;0
88;47;3097;0
89;47;629;0
90;47;3177;0
96;47;722;333
98;47;721;333
99;47;721;333
100;47;721;333
101;47;3100;333
102;47;1278;333
103;47;1257;333
104;47;613;333
105;47;3092;333
106;47;1257;333
107;47;3100;333
17;48;627;333
18;48;627;333
19;48;627;333
19;48;623;333
20;48;287;333
22;48;3092;0
23;48;3092;0
29;48;359;0
32;48;3092;0
37;48;3092;0
38;48;3092;0
39;48;3092;0
60;48;3092;0
61;48;3092;0
75;48;287;0
76;48;287;0
77;48;287;0
78;48;287;0
79;48;3094;0
88;48;1254;0
89;48;3093;0
89;48;1246;0
90;48;3177;0
100;48;2052;333
101;48;3100;333
112;48;3092;333
113;48;613;0
114;48;600;0
17;49;623;333
18;49;287;333
19;49;287;333
22;49;3092;0
23;49;3092;0
31;49;3092;0
32;49;3092;0
38;49;3092;0
39;49;3092;0
40;49;3092;0
41;49;3092;0
42;49;3092;0
56;49;3092;0
57;49;3092;0
58;49;3092;0
59;49;3092;0
60;49;3092;0
61;49;3092;0
74;49;287;0
75;49;287;0
76;49;622;0
77;49;622;0
78;49;628;0
86;49;627;0
87;49;1254;0
89;49;915;0
90;49;613;0
94;49;1246;333
98;49;66;0;markerstone=265
99;49;3101;333
100;49;2052;333
101;49;3100;333
111;49;3100;333
112;49;3095;0
114;49;613;0
17;50;287;333
18;50;287;333
19;50;287;333
22;50;3092;0
23;50;3092;0
30;50;3092;0
31;50;3092;0
39;50;3092;0
40;50;3092;0
41;50;3092;0
42;50;3092;0
43;50;3092;0
44;50;3086;0
45;50;3086;0
46;50;3086;0
47;50;3086;0
48;50;3086;0
49;50;3086;0
50;50;3086;0
51;50;3086;0
52;50;3086;0
53;50;3086;0
54;50;3086;0
55;50;3092;0
56;50;3092;0
57;50;3092;0
58;50;3092;0
59;50;3092;0
60;50;3092;0
74;50;287;0
75;50;628;0
77;50;3100;0
78;50;3097;0
85;50;627;0
86;50;287;0
87;50;1254;0
88;50;1246;0
89;50;1246;0
90;50;3177;0
94;50;611;333
101;50;1278;333
111;50;3100;333
114;50;3101;333
114;50;600;0
17;51;287;333
18;51;287;333
19;51;287;333
23;51;3092;0
24;51;3092;0
29;51;3092;0
30;51;3092;0
32;51;287;0
33;51;287;0
34;51;287;0
35;51;287;0
36;51;287;0
37;51;287;0
38;51;287;0
39;51;3092;0
40;51;3092;0
41;51;3092;0
42;51;3092;0
43;51;3092;0
44;51;3092;0
45;51;3092;0
46;51;3092;0
47;51;3092;0
48;51;3092;0
49;51;3092;0
50;51;3092;0
51;51;3092;0
52;51;3092;0
53;51;3092;0
54;51;3092;0
55;51;3092;0
56;51;3092;0
57;51;3092;0
58;51;3092;0
59;51;3092;0
73;51;287;0
74;51;287;0
81;51;1254;0
83;51;627;0
85;51;287;0
86;51;287;0
89;51;1254;0
90;51;3177;0
94;51;612;333
101;51;1278;333
110;51;3100;333
111;51;3100;333
114;51;600;0
17;52;623;333
18;52;287;333
19;52;287;333
23;52;3092;0
24;52;3092;0
25;52;3092;0
26;52;3092;0
27;52;3092;0
28;52;3092;0
29;52;3092;0
30;52;3092;0
32;52;287;0
33;52;287;0
34;52;287;0
35;52;287;0
36;52;287;0
37;52;287;0
38;52;287;0
39;52;287;0
40;52;287;0
41;52;287;0
42;52;287;0
43;52;287;0
44;52;287;0
45;52;287;0
46;52;287;0
47;52;287;0
48;52;287;0
49;52;287;0
50;52;287;0
51;52;287;0
52;52;287;0
53;52;287;0
54;52;287;0
55;52;287;0
56;52;287;0
57;52;287;0
58;52;287;0
59;52;287;0
73;52;287;0
74;52;628;0
75;52;915;0
82;52;627;0
83;52;287;0
84;52;287;0
85;52;626;0
85;52;287;0
86;52;287;0
87;52;1246;0
90;52;613;0
100;52;3100;333
101;52;3100;333
110;52;3100;333
113;52;3093;333
114;52;613;333
115;52;3092;333
17;53;627;333
18;53;287;333
19;53;287;333
24;53;3092;0
25;53;3092;0
26;53;3092;0
27;53;3092;0
28;53;3092;0
29;53;3092;0
32;53;287;0
33;53;628;0
34;53;628;0
35;53;622;0
35;53;622;0
36;53;622;0
37;53;622;0
38;53;622;0
39;53;622;0
40;53;622;0
41;53;622;0
42;53;622;0
43;53;622;0
44;53;622;0
45;53;622;0
46;53;622;0
47;53;622;0
48;53;622;0
49;53;622;0
50;53;622;0
51;53;630;0
52;53;287;0
72;53;287;0
73;53;287;0
75;53;1254;0
78;53;3097;0
79;53;627;0
80;53;598;0
81;53;598;0
82;53;287;0
83;53;287;0
84;53;287;0
85;53;287;0
86;53;287;0
87;53;1254;0
89;53;3096;333
90;53;3177;0
94;53;3101;333
100;53;3100;333
110;53;3100;333
114;53;600;0
17;54;630;333
18;54;287;333
19;54;287;333
20;54;287;0
21;54;287;0
22;54;287;0
23;54;287;0
32;54;287;0
33;54;628;0
34;54;1276;333
34;54;622;0
37;54;232;333
37;54;1276;333
39;54;233;333
41;54;233;333
44;54;1273;333
46;54;1246;333
47;54;233;333
48;54;1276;333
49;54;232;333
49;54;1251;333
51;54;623;0
52;54;287;0
71;54;287;0
72;54;287;0
73;54;628;0
74;54;1246;0
77;54;3100;0
78;54;3100;0
79;54;623;0
80;54;287;0
81;54;287;0
82;54;287;0
83;54;287;0
84;54;287;0
85;54;287;0
86;54;287;0
87;54;1246;0
89;54;3088;333
90;54;3087;333
98;54;1273;333
99;54;3100;333
100;54;3100;333
110;54;3100;333
114;54;600;0
17;55;629;0
18;55;622;0
19;55;622;0
20;55;622;0
21;55;622;0
22;55;630;0
23;55;287;0
24;55;287;0
32;55;3092;333
35;55;627;333
38;55;915;333
39;55;623;333
40;55;287;333
42;55;232;333
42;55;914;333
44;55;915;333
45;55;1254;333
47;55;1276;333
49;55;914;333
51;55;623;0
52;55;287;0
70;55;287;0
71;55;287;0
72;55;628;0
72;55;628;0
77;55;3093;0
78;55;623;0
79;55;623;0
80;55;287;0
81;55;287;0
82;55;287;0
83;55;287;0
84;55;287;0
85;55;287;0
86;55;287;0
89;55;613;0
90;55;3087;333
108;55;3100;333
108;55;3092;333
109;55;3100;333
110;55;3100;333
113;55;2052;333
114;55;600;0
17;56;1254;0
18;56;3097;0
19;56;914;0
20;56;233;0
21;56;233;0
22;56;629;0
23;56;630;0
24;56;287;0
25;56;287;0
31;56;3092;333
32;56;3092;333
34;56;1276;333
35;56;629;333
36;56;628;333
37;56;233;333
39;56;626;333
40;56;622;333
41;56;1245;333
44;56;1276;333
45;56;233;333
46;56;1257;333
47;56;915;333
48;56;232;333
48;56;1257;333
49;56;1254;333
51;56;623;0
52;56;287;0
69;56;287;0
70;56;287;0
70;56;287;0
71;56;628;0
78;56;623;0
79;56;287;0
80;56;287;0
81;56;287;0
82;56;287;0
83;56;287;0
84;56;287;0
85;56;287;0
86;56;287;0
87;56;287;0
88;56;287;0
89;56;613;0
90;56;3087;333
108;56;3100;333
108;56;613;333
109;56;3094;333
112;56;66;0;markerstone=266
113;56;2805;333
113;56;798;333
114;56;600;333
115;56;600;333
17;57;3098;0
18;57;3099;0
20;57;3097;0
21;57;1245;0
23;57;629;0
24;57;630;0
25;57;287;0
31;57;3092;333
32;57;3092;333
36;57;1254;333
37;57;233;333
39;57;915;333
40;57;1273;333
41;57;627;333
44;57;1245;333
47;57;1246;333
51;57;623;0
52;57;287;0
68;57;287;0
69;57;287;0
70;57;287;0
72;57;1246;0
78;57;1003;0
79;57;287;0
80;57;287;0
81;57;287;0
82;57;287;0
83;57;287;0
84;57;287;0
85;57;287;0
86;57;287;0
87;57;287;0
88;57;3161;0
89;57;613;0
90;57;3085;333
93;57;519;333
94;57;613;333
108;57;3100;333
114;57;600;333
114;57;613;333
17;58;1245;0
19;58;3100;0
20;58;3099;0
22;58;3100;0
23;58;233;0
24;58;623;0
25;58;287;0
26;58;287;333
27;58;287;333
28;58;287;333
29;58;287;333
30;58;3092;333
31;58;3092;333
32;58;3092;333
38;58;232;333
38;58;1273;333
40;58;914;333
41;58;629;333
42;58;628;333
43;58;1246;333
48;58;232;333
49;58;1254;333
51;58;623;0
52;58;287;0
67;58;287;0
67;58;287;0
68;58;287;0
69;58;287;0
70;58;287;0
77;58;3100;0
78;58;623;0
79;58;287;0
80;58;287;0
81;58;287;0
82;58;287;0
83;58;287;0
84;58;287;0
85;58;287;0
86;58;287;0
87;58;287;0
88;58;3177;0
89;58;1245;333
90;58;3095;333
91;58;3098;333
92;58;3098;333
93;58;1257;333
94;58;613;333
95;58;3092;333
106;58;1794;333
107;58;1793;333
110;58;3101;333
113;58;1879;333
114;58;600;333
17;59;914;0
22;59;1254;0
23;59;914;0
24;59;623;0
25;59;287;0
26;59;287;333
27;59;287;333
28;59;287;333
29;59;287;333
30;59;3092;333
31;59;3092;333
32;59;3092;333
35;59;232;333
38;59;915;333
39;59;1257;333
40;59;233;333
41;59;1254;333
42;59;914;333
47;59;1276;333
48;59;1247;333
49;59;915;333
51;59;623;0
52;59;287;0
66;59;287;0
67;59;287;0
68;59;287;0
69;59;287;0
70;59;628;0
77;59;1246;0
78;59;623;0
79;59;287;0
80;59;287;0
81;59;287;0
82;59;287;0
83;59;287;0
84;59;287;0
84;59;287;0
84;59;287;0
85;59;287;0
86;59;287;0
87;59;287;0
88;59;3177;0
91;59;3097;333
106;59;1795;333
107;59;1794;333
113;59;2805;333
113;59;798;333
114;59;600;333
115;59;600;333
116;59;600;333
17;60;627;-1
18;60;626;-1
21;60;914;0
23;60;623;0
24;60;287;333
25;60;287;333
26;60;287;333
27;60;287;333
28;60;287;333
29;60;287;333
30;60;3092;333
31;60;3092;333
32;60;3092;333
33;60;1276;333
34;60;627;333
36;60;3091;333
37;60;914;333
38;60;914;333
39;60;1254;333
40;60;1273;333
41;60;232;333
41;60;1276;333
42;60;3090;333
43;60;287;333
44;60;287;333
45;60;287;333
47;60;1251;333
48;60;232;333
48;60;1251;333
49;60;233;333
51;60;623;0
52;60;287;0
65;60;287;0
66;60;287;0
67;60;287;0
68;60;287;0
69;60;628;0
78;60;623;0
79;60;287;0
80;60;287;0
81;60;287;0
82;60;287;0
83;60;287;0
84;60;597;0
85;60;597;0
86;60;597;0
87;60;597;0
88;60;3177;0
91;60;3097;333
107;60;3100;333
113;60;2052;333
115;60;600;333
17;61;629;-1
18;61;622;-1
19;61;628;-1
21;61;3100;0
22;61;627;0
23;61;623;0
24;61;287;333
25;61;287;333
26;61;287;333
27;61;287;333
29;61;3097;333
30;61;914;333
31;61;914;333
32;61;1254;333
33;61;1276;333
34;61;626;333
35;61;628;333
36;61;1251;333
37;61;1257;333
38;61;1273;333
39;61;232;333
39;61;1254;333
40;61;233;333
41;61;1276;333
41;61;3098;333
42;61;1257;333
43;61;622;333
44;61;624;333
44;61;233;333
45;61;622;333
46;61;1254;333
47;61;233;333
47;61;3097;333
48;61;1254;333
49;61;1254;333
51;61;623;0
52;61;287;0
64;61;287;0
65;61;287;0
65;61;287;0
66;61;627;0
66;61;287;0
67;61;597;0
68;61;597;0
68;61;3097;0
69;61;628;0
73;61;3098;0
74;61;3097;0
76;61;287;0
77;61;287;0
78;61;287;0
79;61;287;0
79;61;287;0
80;61;287;0
81;61;287;0
82;61;287;0
83;61;628;0
88;61;3165;0
90;61;621;333
91;61;620;333
107;61;620;333
108;61;618;333
110;61;1246;333
114;61;600;333
114;61;613;333
21;62;1245;0
22;62;623;0
23;62;287;333
24;62;287;333
25;62;287;333
26;62;287;333
27;62;628;333
29;62;1245;333
31;62;3098;333
32;62;232;333
32;62;1251;333
50;62;623;0
51;62;287;0
52;62;287;0
63;62;287;0
64;62;287;0
65;62;622;0
66;62;628;0
69;62;3098;0
70;62;3097;0
73;62;3100;0
75;62;287;0
76;62;287;0
77;62;287;0
78;62;287;0
79;62;287;0
80;62;599;0
88;62;3165;0
90;62;621;333
91;62;620;333
107;62;620;333
108;62;618;333
113;62;600;333
114;62;600;333
19;63;1245;0
21;63;627;0
22;63;623;0
23;63;287;333
24;63;287;333
25;63;287;333
26;63;628;333
27;63;628;333
50;63;623;0
51;63;287;0
52;63;287;0
62;63;287;0
63;63;287;0
69;63;3097;0
73;63;623;0
74;63;287;0
75;63;287;0
76;63;287;0
77;63;287;0
78;63;287;0
79;63;287;0
80;63;599;0
85;63;598;0
86;63;598;0
87;63;598;0
88;63;3177;0
91;63;1273;333
107;63;3100;333
110;63;3089;333
112;63;600;333
112;63;613;333
113;63;600;333
19;64;233;0
20;64;3097;0
21;64;629;0
22;64;622;333
23;64;622;333
24;64;630;333
25;64;628;333
26;64;628;333
27;64;914;333
50;64;623;0
51;64;287;0
52;64;287;0
53;64;287;0
54;64;287;0
55;64;287;0
56;64;287;0
57;64;287;0
58;64;287;0
59;64;287;0
60;64;287;0
61;64;287;0
62;64;287;0
63;64;287;0
63;64;287;0
64;64;622;0
69;64;233;0
72;64;3093;0
73;64;623;0
74;64;287;0
75;64;287;0
76;64;287;0
77;64;287;0
78;64;287;0
79;64;287;0
80;64;599;0
83;64;596;0
84;64;287;0
85;64;287;0
86;64;287;0
87;64;287;0
88;64;3177;0
91;64;1273;333
100;64;3100;333
101;64;233;333
102;64;233;333
103;64;1257;333
104;64;3100;333
107;64;3100;333
110;64;613;333
111;64;600;333
112;64;600;333
50;65;629;0
52;65;596;0
53;65;287;0
54;65;287;0
55;65;287;0
56;65;287;0
57;65;287;0
58;65;287;0
59;65;287;0
60;65;287;0
61;65;287;0
62;65;287;0
63;65;287;0
67;65;910;0
68;65;915;0
69;65;1254;0
71;65;3097;0
72;65;623;0
73;65;287;0
74;65;287;0
75;65;287;0
76;65;287;0
77;65;287;0
78;65;287;0
79;65;287;0
80;65;599;0
83;65;596;0
84;65;287;0
85;65;287;0
86;65;287;0
87;65;287;0
88;65;3177;0
91;65;3100;333
100;65;3100;333
101;65;3101;333
102;65;520;333
103;65;1273;333
104;65;1793;333
110;65;613;333
111;65;600;333
52;66;287;0
53;66;287;0
54;66;287;0
55;66;287;0
56;66;628;0
57;66;622;0
58;66;622;0
58;66;624;0
59;66;630;0
60;66;287;0
61;66;287;0
62;66;287;0
63;66;599;0
67;66;3098;0
68;66;915;0
69;66;915;0
70;66;1257;0
71;66;3097;0
72;66;623;0
73;66;287;0
74;66;287;0
75;66;287;0
76;66;287;0
77;66;287;0
78;66;287;0
79;66;287;0
80;66;599;0
83;66;596;0
84;66;287;0
85;66;287;0
86;66;287;0
87;66;287;0
88;66;3177;0
89;66;1793;333
91;66;3100;333
99;66;3100;333
100;66;1795;333
104;66;1796;333
111;66;600;333
50;67;1245;333
51;67;629;0
52;67;622;0
53;67;622;0
54;67;622;0
55;67;622;0
56;67;628;0
59;67;622;0
60;67;622;0
61;67;622;0
62;67;622;0
63;67;628;0
67;67;3097;0
68;67;3098;0
71;67;3093;0
71;67;1783;0
72;67;629;0
73;67;287;0
74;67;597;0
75;67;597;0
76;67;597;0
77;67;597;0
78;67;597;0
79;67;597;0
80;67;628;0
83;67;596;0
84;67;287;0
85;67;287;0
86;67;287;0
87;67;287;0
88;67;3177;0
90;67;1792;333
91;67;3100;333
99;67;3100;333
101;67;1797;333
101;67;1795;333
102;67;1795;333
103;67;1795;333
104;67;1794;333
111;67;600;333
67;68;1254;0
68;68;1783;0
71;68;1096;0
73;68;287;0
83;68;596;0
84;68;287;0
85;68;287;0
86;68;287;0
87;68;287;0
88;68;3177;0
90;68;1792;333
91;68;3100;333
99;68;3100;333
102;68;600;333
103;68;600;333
104;68;600;333
105;68;600;333
105;68;613;333
106;68;600;333
107;68;600;333
107;68;613;333
108;68;600;333
108;68;613;333
109;68;600;333
109;68;613;333
110;68;600;333
67;69;1250;0
68;69;1254;0
73;69;287;0
73;69;625;0
83;69;596;0
84;69;287;0
85;69;287;0
86;69;287;0
87;69;287;0
88;69;3177;0
90;69;1792;333
91;69;3100;333
97;69;3100;333
98;69;3100;333
99;69;613;333
101;69;600;333
102;69;600;333
67;70;1246;0
73;70;287;0
83;70;596;0
84;70;287;0
85;70;287;0
86;70;287;0
87;70;287;0
88;70;3177;0
90;70;1792;333
96;70;3100;333
97;70;233;333
98;70;613;333
99;70;3085;333
100;70;600;333
67;71;1246;0
68;71;1251;0
70;71;1096;0
71;71;3098;0
72;71;627;0
73;71;287;0
74;71;598;0
75;71;598;0
76;71;598;0
77;71;598;0
78;71;598;0
79;71;598;0
80;71;598;0
81;71;598;0
82;71;598;0
84;71;287;0
85;71;287;0
86;71;287;0
87;71;287;0
88;71;3177;0
88;71;3177;0
90;71;1792;333
95;71;3100;333
96;71;3100;333
67;72;1246;0
68;72;1254;0
72;72;629;0
73;72;629;0
74;72;287;0
75;72;287;0
76;72;287;0
77;72;287;0
78;72;287;0
79;72;287;0
80;72;287;0
81;72;287;0
82;72;287;0
83;72;287;0
84;72;287;0
85;72;287;0
86;72;287;0
87;72;613;333
88;72;1795;333
88;72;3177;0
89;72;1794;333
90;72;3097;333
94;72;3100;333
95;72;3100;333
67;73;1254;0
69;73;1257;0
73;73;629;0
74;73;622;0
75;73;622;0
76;73;622;0
77;73;622;0
78;73;622;0
79;73;622;0
80;73;622;0
81;73;622;0
82;73;622;0
83;73;622;0
84;73;622;0
85;73;622;0
86;73;622;0
87;73;613;333
88;73;3100;333
89;73;2927;333
92;73;2927;333
93;73;3100;333
94;73;3100;333
67;74;1254;0
70;74;915;333
71;74;233;333
71;74;1251;0
67;75;3098;333
68;75;3097;0
69;75;274;0
71;75;1251;333
