# Illarion Server
# 
# This program is free software: you can redistribute it and/or modify it under
# the terms of the GNU Affero General Public License as published by the Free
# Software Foundation, either version 3 of the License, or (at your option) any
# later version.
# 
# This program is distributed in the hope that it will be useful, but WITHOUT
# ANY WARRANTY; without even the implied warranty of MERCHANTABILITY or FITNESS
# FOR A PARTICULAR PURPOSE.  See the GNU Affero General Public License for more
# details.
# 
# You should have received a copy of the GNU Affero General Public License along
# with this program.  If not, see <http://www.gnu.org/licenses/>.
V: 2
L: -6
X: 658
Y: 607
W: 60
H: 60
0;0;6;2
1;0;6;2
2;0;6;2
3;0;6;2
4;0;6;2
5;0;6;2
6;0;6;2
7;0;6;2
8;0;6;2
9;0;6;2
10;0;6;2
11;0;6;2
12;0;6;2
13;0;6;2
14;0;6;2
15;0;6;2
16;0;6;2
17;0;6;2
18;0;6;2
19;0;6;2
20;0;6;2
21;0;6;2
22;0;6;2
23;0;6;2
24;0;6;2
25;0;6;2
26;0;6;2
27;0;6;2
28;0;6;2
29;0;6;2
30;0;6;2
31;0;6;2
32;0;6;2
33;0;6;2
34;0;6;2
35;0;6;2
36;0;6;2
37;0;6;2
38;0;6;2
39;0;6;2
40;0;6;2
41;0;6;2
42;0;6;2
43;0;6;2
44;0;6;2
45;0;6;2
46;0;6;2
47;0;6;2
48;0;6;2
49;0;6;2
50;0;6;2
51;0;6;2
52;0;6;2
53;0;6;2
54;0;6;2
55;0;6;2
56;0;6;2
57;0;6;2
58;0;6;2
59;0;6;2
0;1;6;2
1;1;6;2
2;1;6;2
3;1;6;2
4;1;6;2
5;1;6;2
6;1;6;2
7;1;6;2
8;1;6;2
9;1;6;2
10;1;6;2
11;1;6;2
12;1;6;2
13;1;6;2
14;1;6;2
15;1;6;2
16;1;6;2
17;1;6;2
18;1;6;2
19;1;6;2
20;1;6;2
21;1;6;2
22;1;6;2
23;1;6;2
24;1;6;2
25;1;6;2
26;1;6;2
27;1;6;2
28;1;6;2
29;1;6;2
30;1;6;2
31;1;6;2
32;1;6;2
33;1;6;2
34;1;6;2
35;1;6;2
36;1;6;2
37;1;6;2
38;1;6;2
39;1;6;2
40;1;6;2
41;1;6;2
42;1;6;2
43;1;6;2
44;1;6;2
45;1;6;2
46;1;6;2
47;1;6;2
48;1;6;2
49;1;6;2
50;1;6;2
51;1;6;2
52;1;6;2
53;1;6;2
54;1;6;2
55;1;6;2
56;1;6;2
57;1;6;2
58;1;6;2
59;1;6;2
0;2;6;2
1;2;6;2
2;2;6;2
3;2;6;2
4;2;6;2
5;2;6;2
6;2;6;2
7;2;6;2
8;2;6;2
9;2;6;2
10;2;6;2
11;2;6;2
12;2;6;2
13;2;6;2
14;2;6;2
15;2;6;2
16;2;6;2
17;2;6;2
18;2;6;2
19;2;6;2
20;2;6;2
21;2;6;2
22;2;6;2
23;2;6;2
24;2;6;2
25;2;6;2
26;2;6;2
27;2;6;2
28;2;6;2
29;2;6;2
30;2;6;2
31;2;6;2
32;2;6;2
33;2;6;2
34;2;6;2
35;2;6;2
36;2;6;2
37;2;6;2
38;2;6;2
39;2;6;2
40;2;6;2
41;2;6;2
42;2;6;2
43;2;6;2
44;2;6;2
45;2;6;2
46;2;6;2
47;2;6;2
48;2;6;2
49;2;6;2
50;2;6;2
51;2;6;2
52;2;6;2
53;2;6;2
54;2;6;2
55;2;6;2
56;2;6;2
57;2;6;2
58;2;6;2
59;2;6;2
0;3;6;2
1;3;6;2
2;3;6;2
3;3;6;2
4;3;6;2
5;3;6;2
6;3;6;2
7;3;6;2
8;3;6;2
9;3;6;2
10;3;6;2
11;3;6;2
12;3;6;2
13;3;6;2
14;3;6;2
15;3;6;2
16;3;6;2
17;3;6;2
18;3;6;2
19;3;6;2
20;3;6;2
21;3;6;2
22;3;6;2
23;3;6;2
24;3;6;2
25;3;6;2
26;3;6;2
27;3;6;2
28;3;6;2
29;3;6;2
30;3;6;2
31;3;6;2
32;3;6;2
33;3;6;2
34;3;6;2
35;3;6;2
36;3;6;2
37;3;6;2
38;3;6;2
39;3;6;2
40;3;6;2
41;3;6;2
42;3;6;2
43;3;6;2
44;3;6;2
45;3;6;2
46;3;6;2
47;3;6;2
48;3;6;2
49;3;6;2
50;3;6;2
51;3;6;2
52;3;6;2
53;3;6;2
54;3;6;2
55;3;6;2
56;3;6;2
57;3;6;2
58;3;6;2
59;3;6;2
0;4;6;2
1;4;6;2
2;4;6;2
3;4;6;2
4;4;6;2
5;4;6;2
6;4;6;2
7;4;6;2
8;4;6;2
9;4;6;2
10;4;6;2
11;4;6;2
12;4;6;2
13;4;6;2
14;4;6;2
15;4;6;2
16;4;6;2
17;4;6;2
18;4;6;2
19;4;6;2
20;4;6;2
21;4;6;2
22;4;6;2
23;4;6;2
24;4;6;2
25;4;6;2
26;4;6;2
27;4;6;2
28;4;6;2
29;4;6;2
30;4;6;2
31;4;6;2
32;4;6;2
33;4;6;2
34;4;6;2
35;4;6;2
36;4;6;2
37;4;6;2
38;4;6;2
39;4;6;2
40;4;6;2
41;4;6;2
42;4;6;2
43;4;6;2
44;4;6;2
45;4;6;2
46;4;6;2
47;4;6;2
48;4;6;2
49;4;6;2
50;4;6;2
51;4;6;2
52;4;6;2
53;4;6;2
54;4;6;2
55;4;6;2
56;4;6;2
57;4;6;2
58;4;6;2
59;4;6;2
0;5;6;2
1;5;6;2
2;5;6;2
3;5;6;2
4;5;6;2
5;5;6;2
6;5;6;2
7;5;6;2
8;5;6;2
9;5;6;2
10;5;6;2
11;5;6;2
12;5;6;2
13;5;6;2
14;5;6;2
15;5;6;2
16;5;6;2
17;5;6;2
18;5;6;2
19;5;6;2
20;5;6;2
21;5;6;2
22;5;6;2
23;5;6;2
24;5;6;2
25;5;6;2
26;5;6;2
27;5;6;2
28;5;6;2
29;5;6;2
30;5;6;2
31;5;6;2
32;5;6;2
33;5;6;2
34;5;6;2
35;5;6;2
36;5;6;2
37;5;6;2
38;5;6;2
39;5;6;2
40;5;6;2
41;5;6;2
42;5;6;2
43;5;6;2
44;5;6630;2
45;5;11750;2
46;5;11750;2
47;5;11750;2
48;5;5606;2
49;5;6;2
50;5;6;2
51;5;6;2
52;5;6;2
53;5;6;2
54;5;6;2
55;5;6;2
56;5;6;2
57;5;6;2
58;5;6;2
59;5;6;2
0;6;6;2
1;6;6;2
2;6;6;2
3;6;6;2
4;6;6;2
5;6;6;2
6;6;6;2
7;6;6;2
8;6;6;2
9;6;6;2
10;6;6;2
11;6;6;2
12;6;6;2
13;6;6;2
14;6;6;2
15;6;6;2
16;6;6;2
17;6;6;2
18;6;6;2
19;6;6;2
20;6;6;2
21;6;6;2
22;6;6;2
23;6;6;2
24;6;6;2
25;6;6;2
26;6;6;2
27;6;6;2
28;6;6;2
29;6;6;2
30;6;6;2
31;6;6;2
32;6;6;2
33;6;6;2
34;6;6;2
35;6;6;2
36;6;6;2
37;6;6;2
38;6;6;2
39;6;6;2
40;6;6;2
41;6;6;2
42;6;6630;2
43;6;21990;2
44;6;15;2
45;6;15;2
46;6;15;2
47;6;15;2
48;6;15;2
49;6;23014;2
50;6;5606;2
51;6;6;2
52;6;6;2
53;6;6;2
54;6;6;2
55;6;6;2
56;6;6;2
57;6;6;2
58;6;6;2
59;6;6;2
0;7;6;2
1;7;6;2
2;7;6;2
3;7;6;2
4;7;6;2
5;7;6;2
6;7;6;2
7;7;6;2
8;7;6;2
9;7;6;2
10;7;6;2
11;7;6;2
12;7;6;2
13;7;6;2
14;7;6;2
15;7;6;2
16;7;6;2
17;7;6;2
18;7;6;2
19;7;6;2
20;7;6;2
21;7;6;2
22;7;6;2
23;7;6;2
24;7;6;2
25;7;6;2
26;7;6;2
27;7;6;2
28;7;6;2
29;7;6;2
30;7;6;2
31;7;6;2
32;7;6;2
33;7;6;2
34;7;6;2
35;7;6;2
36;7;6;2
37;7;6;2
38;7;6;2
39;7;6;2
40;7;6;2
41;7;8678;2
42;7;15;2
43;7;15;2
44;7;15;2
45;7;15;2
46;7;15;2
47;7;15;2
48;7;15;2
49;7;15;2
50;7;15;2
51;7;4582;2
52;7;6;2
53;7;6;2
54;7;6;2
55;7;6;2
56;7;6;2
57;7;6;2
58;7;6;2
59;7;6;2
0;8;6;2
1;8;6;2
2;8;6;2
3;8;6;2
4;8;6;2
5;8;6;2
6;8;6;2
7;8;6;2
8;8;6;2
9;8;6;2
10;8;6;2
11;8;6;2
12;8;6;2
13;8;6;2
14;8;6;2
15;8;6;2
16;8;6;2
17;8;6;2
18;8;6;2
19;8;6;2
20;8;6;2
21;8;6;2
22;8;6;2
23;8;6;2
24;8;6;2
25;8;6;2
26;8;6;2
27;8;6;2
28;8;6;2
29;8;6;2
30;8;6;2
31;8;6;2
32;8;6;2
33;8;6;2
34;8;6;2
35;8;6;2
36;8;6;2
37;8;6;2
38;8;6;2
39;8;6;2
40;8;6630;2
41;8;29158;2
42;8;15;2
43;8;15;2
44;8;15;2
45;8;15;2
46;8;17889;2
47;8;9697;2
48;8;18913;2
49;8;15;2
50;8;15;2
51;8;20966;2
52;8;6;2
53;8;6;2
54;8;6;2
55;8;6;2
56;8;6;2
57;8;6;2
58;8;6;2
59;8;6;2
0;9;6;2
1;9;6;2
2;9;6;2
3;9;6;2
4;9;6;2
5;9;6;2
6;9;6;2
7;9;6;2
8;9;6;2
9;9;6;2
10;9;6;2
11;9;6;2
12;9;6;2
13;9;6;2
14;9;6;2
15;9;6;2
16;9;6;2
17;9;6;2
18;9;6;2
19;9;6;2
20;9;6;2
21;9;6;2
22;9;6;2
23;9;6;2
24;9;6;2
25;9;6;2
26;9;6;2
27;9;6;2
28;9;6;2
29;9;6;2
30;9;6;2
31;9;6;2
32;9;6;2
33;9;6;2
34;9;6;2
35;9;6;2
36;9;6;2
37;9;6;2
38;9;6;2
39;9;16870;2
40;9;15;2
41;9;15;2
42;9;15;2
43;9;15;2
44;9;26081;2
45;9;1;2
46;9;1;2
47;9;1;2
48;9;1;2
49;9;14817;2
50;9;15;2
51;9;15;2
52;9;15846;2
53;9;6;2
54;9;6;2
55;9;6;2
56;9;6;2
57;9;6;2
58;9;6;2
59;9;6;2
0;10;6;2
1;10;6;2
2;10;6;2
3;10;6;2
4;10;6;2
5;10;6;2
6;10;6;2
7;10;6;2
8;10;6;2
9;10;6;2
10;10;6;2
11;10;6;2
12;10;6;2
13;10;6;2
14;10;6;2
15;10;6;2
16;10;6;2
17;10;6;2
18;10;6;2
19;10;6;2
20;10;6;2
21;10;6;2
22;10;6;2
23;10;6;2
24;10;6;2
25;10;6;2
26;10;6;2
27;10;6;2
28;10;6;2
29;10;6;2
30;10;6;2
31;10;6;2
32;10;6;2
33;10;6;2
34;10;6;2
35;10;6;2
36;10;6;2
37;10;6;2
38;10;8678;2
39;10;15;2
40;10;15;2
41;10;15;2
42;10;15;2
43;10;15;2
44;10;3553;2
45;10;8673;2
46;10;15;2
47;10;23009;2
48;10;5601;2
49;10;13349;2
50;10;24037;2
51;10;15;2
52;10;15;2
53;10;4582;2
54;10;6;2
55;10;6;2
56;10;6;2
57;10;6;2
58;10;6;2
59;10;6;2
0;11;6;2
1;11;6;2
2;11;6;2
3;11;6;2
4;11;6;2
5;11;6;2
6;11;6;2
7;11;6;2
8;11;6;2
9;11;6;2
10;11;6;2
11;11;6;2
12;11;6;2
13;11;6;2
14;11;6;2
15;11;6;2
16;11;6;2
17;11;6;2
18;11;6;2
19;11;6;2
20;11;6;2
21;11;6;2
22;11;6;2
23;11;6;2
24;11;6;2
25;11;6;2
26;11;6;2
27;11;6;2
28;11;6;2
29;11;6;2
30;11;6;2
31;11;6;2
32;11;6;2
33;11;6;2
34;11;6;2
35;11;6;2
36;11;6;2
37;11;6;2
38;11;12774;2
39;11;15;2
40;11;15;2
41;11;26081;2
42;11;9697;2
43;11;1505;2
44;11;1;2
45;11;12769;2
46;11;15;2
47;11;15;2
48;11;15;2
49;11;23013;2
50;11;29157;2
51;11;15;2
52;11;15;2
53;11;10726;2
54;11;6;2
55;11;6;2
56;11;6;2
57;11;6;2
58;11;6;2
59;11;6;2
0;12;6;2
1;12;6;2
2;12;6;2
3;12;6;2
4;12;6;2
5;12;6;2
6;12;6;2
7;12;6;2
8;12;6;2
9;12;6;2
10;12;6;2
11;12;6;2
12;12;6;2
13;12;6;2
14;12;6;2
15;12;6;2
16;12;6;2
17;12;6;2
18;12;6;2
19;12;6;2
20;12;6;2
21;12;6;2
22;12;6;2
23;12;6;2
24;12;6;2
25;12;6;2
26;12;6;2
27;12;6;2
28;12;6;2
29;12;6;2
30;12;6;2
31;12;6;2
32;12;6;2
33;12;6;2
34;12;6;2
35;12;6;2
36;12;6;2
37;12;6;2
38;12;7654;2
39;12;15;2
40;12;15;2
41;12;3553;2
42;12;1;2
43;12;1;2
44;12;1;2
45;12;12769;2
46;12;15;2
47;12;15;2
48;12;15;2
49;12;15;2
50;12;15;2
51;12;15;2
52;12;15;2
53;12;10726;2
54;12;6;2
55;12;6;2
56;12;6;2
57;12;6;2
58;12;6;2
59;12;6;2
0;13;6;2
1;13;6;2
2;13;6;2
3;13;6;2
4;13;6;2
5;13;6;2
6;13;6;2
7;13;6;2
8;13;6;2
9;13;6;2
10;13;6;2
11;13;6;2
12;13;6630;2
13;13;11750;2
14;13;11750;2
15;13;11750;2
16;13;5606;2
17;13;6;2
18;13;6;2
19;13;6;2
20;13;6;2
21;13;6;2
22;13;6;2
23;13;6;2
24;13;6;2
25;13;6;2
26;13;6;2
27;13;6;2
28;13;6;2
29;13;6;2
30;13;6;2
31;13;6;2
32;13;6;2
33;13;6;2
34;13;6;2
35;13;6;2
36;13;6;2
37;13;6;2
38;13;6;2
39;13;2529;2
40;13;1505;2
41;13;1;2
42;13;6625;2
43;13;11745;2
44;13;11745;2
45;13;29153;2
46;13;15;2
47;13;15;2
48;13;15;2
49;13;15;2
50;13;15;2
51;13;15;2
52;13;15;2
53;13;10726;2
54;13;6;2
55;13;6;2
56;13;6;2
57;13;6;2
58;13;6;2
59;13;6;2
0;14;6;2
1;14;6;2
2;14;6;2
3;14;6;2
4;14;6;2
5;14;6;2
6;14;6;2
7;14;6;2
8;14;6;2
9;14;6630;2
10;14;11750;2
11;14;21990;2
12;14;15;2
13;14;15;2
14;14;15;2
15;14;15;2
16;14;15;2
17;14;4582;2
18;14;6;2
19;14;6;2
20;14;6;2
21;14;6;2
22;14;6;2
23;14;6;2
24;14;6;2
25;14;6;2
26;14;6;2
27;14;6;2
28;14;6;2
29;14;6;2
30;14;6;2
31;14;6;2
32;14;6;2
33;14;6;2
34;14;6;2
35;14;6;2
36;14;6;2
37;14;6;2
38;14;6630;2
39;14;11745;2
40;14;11745;2
41;14;21985;2
42;14;15;2
43;14;15;2
44;14;15;2
45;14;15;2
46;14;15;2
47;14;15;2
48;14;15;2
49;14;15;2
50;14;15;2
51;14;15;2
52;14;15;2
53;14;10726;2
54;14;6;2
55;14;6;2
56;14;6;2
57;14;6;2
58;14;6;2
59;14;6;2
0;15;6;2
1;15;6;2
2;15;6;2
3;15;6;2
4;15;6;2
5;15;6;2
6;15;6;2
7;15;6182;2
8;15;5158;2
9;15;15;2
10;15;15;2
11;15;15;2
12;15;15;2
13;15;17889;2
14;15;18913;2
15;15;15;2
16;15;15;2
17;15;3553;2
18;15;1;2
19;15;4134;2
20;15;6;2
21;15;6;2
22;15;6;2
23;15;6;2
24;15;6;2
25;15;6;2
26;15;6;2
27;15;6;2
28;15;6;2
29;15;6;2
30;15;6;2
31;15;6;2
32;15;6;2
33;15;6;2
34;15;6;2
35;15;6;2
36;15;6;2
37;15;8678;2
38;15;15;2
39;15;15;2
40;15;15;2
41;15;15;2
42;15;15;2
43;15;15;2
44;15;15;2
45;15;15;2
46;15;15;2
47;15;15;2
48;15;15;2
49;15;15;2
50;15;15;2
51;15;15;2
52;15;15;2
53;15;3558;2
54;15;6;2
55;15;6;2
56;15;6;2
57;15;6;2
58;15;6;2
59;15;6;2
0;16;6;2
1;16;6;2
2;16;6;2
3;16;6;2
4;16;6;2
5;16;6;2
6;16;8230;2
7;16;1;2
8;16;1;2
9;16;24033;2
10;16;15;2
11;16;26081;2
12;16;1505;2
13;16;1;2
14;16;1;2
15;16;2529;2
16;16;1505;2
17;16;1;2
18;16;1;2
19;16;3110;2
20;16;6;2
21;16;6;2
22;16;6;2
23;16;6;2
24;16;6;2
25;16;6;2
26;16;6;2
27;16;6;2
28;16;6;2
29;16;6;2
30;16;6;2
31;16;6;2
32;16;6;2
33;16;6;2
34;16;6;2
35;16;6;2
36;16;6;2
37;16;12774;2
38;16;15;2
39;16;15;2
40;16;26085;2
41;16;27109;2
42;16;15;2
43;16;15;2
44;16;15;2
45;16;15;2
46;16;15;2
47;16;15;2
48;16;15;2
49;16;15;2
50;16;15;2
51;16;15;2
52;16;13798;2
53;16;6;2
54;16;6;2
55;16;6;2
56;16;6;2
57;16;6;2
58;16;6;2
59;16;6;2
0;17;6;2
1;17;6;2
2;17;6;2
3;17;6;2
4;17;6;2
5;17;6;2
6;17;24614;2
7;17;1;2
8;17;1;2
9;17;25057;2
10;17;15;2
11;17;28129;2
12;17;5601;2
13;17;1;2
14;17;1;2
15;17;1;2
16;17;1;2
17;17;1;2
18;17;13350;2
19;17;6;2
20;17;6;2
21;17;6;2
22;17;6;2
23;17;6;2
24;17;6;2
25;17;6;2
26;17;6;2
27;17;6;2
28;17;6;2
29;17;6;2
30;17;6;2
31;17;6;2
32;17;6;2
33;17;6;2
34;17;6;2
35;17;6;2
36;17;6;2
37;17;12774;2
38;17;15;2
39;17;15;2
40;17;28133;2
41;17;29157;2
42;17;15;2
43;17;15;2
44;17;15;2
45;17;15;2
46;17;17893;2
47;17;27109;2
48;17;15;2
49;17;15;2
50;17;15;2
51;17;19942;2
52;17;6;2
53;17;6;2
54;17;6;2
55;17;6;2
56;17;6;2
57;17;6;2
58;17;6;2
59;17;6;2
0;18;6;2
1;18;6;2
2;18;6;2
3;18;6;2
4;18;6;2
5;18;8230;2
6;18;1;2
7;18;1;2
8;18;8673;2
9;18;15;2
10;18;15;2
11;18;15;2
12;18;15;2
13;18;4577;2
14;18;1;2
15;18;1;2
16;18;17446;2
17;18;1062;2
18;18;6;2
19;18;6;2
20;18;6;2
21;18;6;2
22;18;6;2
23;18;6;2
24;18;6;2
25;18;6;2
26;18;6;2
27;18;6;2
28;18;6;2
29;18;6;2
30;18;6;2
31;18;6;2
32;18;6;2
33;18;6;2
34;18;6;2
35;18;6;2
36;18;6;2
37;18;12774;2
38;18;15;2
39;18;15;2
40;18;15;2
41;18;15;2
42;18;15;2
43;18;15;2
44;18;15;2
45;18;19941;2
46;18;5;2
47;18;25061;2
48;18;15;2
49;18;15;2
50;18;15;2
51;18;3558;2
52;18;6;2
53;18;6;2
54;18;6;2
55;18;6;2
56;18;6;2
57;18;6;2
58;18;6;2
59;18;6;2
0;19;6;2
1;19;6;2
2;19;6;2
3;19;6;2
4;19;6;2
5;19;7206;2
6;19;1;2
7;19;1;2
8;19;12769;2
9;19;15;2
10;19;26081;2
11;19;27105;2
12;19;15;2
13;19;10726;2
14;19;2086;2
15;19;1062;2
16;19;6;2
17;19;6;2
18;19;6;2
19;19;6;2
20;19;6;2
21;19;6;2
22;19;6;2
23;19;6;2
24;19;6;2
25;19;6;2
26;19;6;2
27;19;6;2
28;19;6;2
29;19;6;2
30;19;6;2
31;19;6;2
32;19;6;2
33;19;6;2
34;19;6;2
35;19;6;2
36;19;6;2
37;19;7654;2
38;19;15;2
39;19;15;2
40;19;15;2
41;19;26085;2
42;19;27109;2
43;19;15;2
44;19;15;2
45;19;28133;2
46;19;21989;2
47;19;15;2
48;19;15;2
49;19;17894;2
50;19;1510;2
51;19;6;2
52;19;6;2
53;19;6;2
54;19;6;2
55;19;6;2
56;19;6;2
57;19;6;2
58;19;6;2
59;19;6;2
0;20;6;2
1;20;6;2
2;20;6;2
3;20;6;2
4;20;6;2
5;20;6;2
6;20;23590;2
7;20;1;2
8;20;12769;2
9;20;15;2
10;20;28129;2
11;20;29153;2
12;20;15;2
13;20;10726;2
14;20;6;2
15;20;6;2
16;20;6;2
17;20;6;2
18;20;6;2
19;20;6;2
20;20;6;2
21;20;6;2
22;20;6;2
23;20;6;2
24;20;6;2
25;20;6;2
26;20;6;2
27;20;6;2
28;20;6;2
29;20;6;2
30;20;6;2
31;20;6;2
32;20;6;2
33;20;6;2
34;20;6;2
35;20;6;2
36;20;6;2
37;20;6;2
38;20;14822;2
39;20;15;2
40;20;15;2
41;20;28133;2
42;20;29157;2
43;20;15;2
44;20;15;2
45;20;15;2
46;20;15;2
47;20;15;2
48;20;13798;2
49;20;6;2
50;20;6;2
51;20;6;2
52;20;6;2
53;20;6;2
54;20;6;2
55;20;6;2
56;20;6;2
57;20;6;2
58;20;6;2
59;20;6;2
0;21;6;2
1;21;6;2
2;21;6;2
3;21;6;2
4;21;6;2
5;21;6;2
6;21;12326;2
7;21;1;2
8;21;7649;2
9;21;15;2
10;21;15;2
11;21;15;2
12;21;15;2
13;21;10726;2
14;21;6;2
15;21;6;2
16;21;6;2
17;21;6;2
18;21;6;2
19;21;6;2
20;21;6;2
21;21;6;2
22;21;6;2
23;21;6;2
24;21;6;2
25;21;6;2
26;21;6;2
27;21;6;2
28;21;6;2
29;21;6;2
30;21;6;2
31;21;6;2
32;21;6;2
33;21;6;2
34;21;6;2
35;21;6;2
36;21;6;2
37;21;6;2
38;21;6;2
39;21;14822;2
40;21;15;2
41;21;15;2
42;21;15;2
43;21;15;2
44;21;15;2
45;21;15;2
46;21;15;2
47;21;13798;2
48;21;6;2
49;21;6;2
50;21;6;2
51;21;6;2
52;21;6;2
53;21;6;2
54;21;6;2
55;21;6;2
56;21;6;2
57;21;6;2
58;21;6;2
59;21;6;2
0;22;6;2
1;22;6;2
2;22;6;2
3;22;6;2
4;22;6;2
5;22;6;2
6;22;7206;2
7;22;1;2
8;22;1;2
9;22;14817;2
10;22;15;2
11;22;15;2
12;22;15;2
13;22;3558;2
14;22;6;2
15;22;6;2
16;22;6;2
17;22;6;2
18;22;6;2
19;22;6;2
20;22;6;2
21;22;6;2
22;22;6;2
23;22;6;2
24;22;6;2
25;22;6;2
26;22;6;2
27;22;6;2
28;22;6;2
29;22;6;2
30;22;6;2
31;22;6;2
32;22;6;2
33;22;6;2
34;22;6;2
35;22;6;2
36;22;6;2
37;22;6;2
38;22;6;2
39;22;6;2
40;22;24038;2
41;22;15;2
42;22;15;2
43;22;15;2
44;22;26086;2
45;22;9702;2
46;22;1510;2
47;22;6;2
48;22;6;2
49;22;6;2
50;22;6;2
51;22;6;2
52;22;6;2
53;22;6;2
54;22;6;2
55;22;6;2
56;22;6;2
57;22;6;2
58;22;6;2
59;22;6;2
0;23;6;2
1;23;6;2
2;23;6;2
3;23;6;2
4;23;6;2
5;23;6;2
6;23;6;2
7;23;14374;2
8;23;1;2
9;23;1;2
10;23;2534;2
11;23;9702;2
12;23;1510;2
13;23;6;2
14;23;6;2
15;23;6;2
16;23;6;2
17;23;6;2
18;23;6;2
19;23;6;2
20;23;6;2
21;23;6;2
22;23;6;2
23;23;6;2
24;23;6;2
25;23;6;2
26;23;6;2
27;23;6;2
28;23;6;2
29;23;6;2
30;23;6;2
31;23;6;2
32;23;6;2
33;23;6;2
34;23;6;2
35;23;6;2
36;23;6;2
37;23;6;2
38;23;6;2
39;23;6;2
40;23;12774;2
41;23;15;2
42;23;15;2
43;23;15;2
44;23;10726;2
45;23;6;2
46;23;6;2
47;23;6;2
48;23;6;2
49;23;6;2
50;23;6;2
51;23;6;2
52;23;6;2
53;23;6;2
54;23;6;2
55;23;6;2
56;23;6;2
57;23;6;2
58;23;6;2
59;23;6;2
0;24;6;2
1;24;6;2
2;24;6;2
3;24;6;2
4;24;6;2
5;24;6;2
6;24;6;2
7;24;6;2
8;24;2086;2
9;24;1062;2
10;24;6;2
11;24;6;2
12;24;6;2
13;24;6;2
14;24;6;2
15;24;6;2
16;24;6;2
17;24;6;2
18;24;6;2
19;24;6;2
20;24;6;2
21;24;6;2
22;24;6;2
23;24;6;2
24;24;6;2
25;24;6;2
26;24;6;2
27;24;6;2
28;24;6;2
29;24;6;2
30;24;6;2
31;24;6;2
32;24;6;2
33;24;6;2
34;24;6;2
35;24;6;2
36;24;6;2
37;24;6;2
38;24;6;2
39;24;6;2
40;24;7654;2
41;24;15;2
42;24;15;2
43;24;15;2
44;24;10726;2
45;24;6;2
46;24;6;2
47;24;6;2
48;24;6;2
49;24;6;2
50;24;6;2
51;24;6;2
52;24;6;2
53;24;6;2
54;24;6;2
55;24;6;2
56;24;6;2
57;24;6;2
58;24;6;2
59;24;6;2
0;25;6;2
1;25;6;2
2;25;6;2
3;25;6;2
4;25;6;2
5;25;6;2
6;25;6;2
7;25;6;2
8;25;6;2
9;25;6;2
10;25;6;2
11;25;6;2
12;25;6;2
13;25;6;2
14;25;6;2
15;25;6;2
16;25;6;2
17;25;6;2
18;25;6;2
19;25;6;2
20;25;6;2
21;25;6;2
22;25;6;2
23;25;6;2
24;25;6;2
25;25;6;2
26;25;6;2
27;25;6;2
28;25;6;2
29;25;6;2
30;25;6;2
31;25;6;2
32;25;6;2
33;25;6;2
34;25;6;2
35;25;6;2
36;25;6;2
37;25;6;2
38;25;6;2
39;25;6;2
40;25;6;2
41;25;2534;2
42;25;18918;2
43;25;15;2
44;25;3558;2
45;25;6;2
46;25;6;2
47;25;6;2
48;25;6;2
49;25;6;2
50;25;6;2
51;25;6;2
52;25;6;2
53;25;6;2
54;25;6;2
55;25;6;2
56;25;6;2
57;25;6;2
58;25;6;2
59;25;6;2
0;26;6;2
1;26;6;2
2;26;6;2
3;26;6;2
4;26;6;2
5;26;6;2
6;26;6;2
7;26;6;2
8;26;6;2
9;26;6;2
10;26;6;2
11;26;6;2
12;26;6;2
13;26;6;2
14;26;6;2
15;26;6;2
16;26;6;2
17;26;6;2
18;26;6;2
19;26;6;2
20;26;6;2
21;26;6;2
22;26;6;2
23;26;6;2
24;26;6;2
25;26;6;2
26;26;6;2
27;26;6;2
28;26;6;2
29;26;6;2
30;26;6;2
31;26;6;2
32;26;6;2
33;26;6;2
34;26;6;2
35;26;6;2
36;26;6;2
37;26;6;2
38;26;6;2
39;26;6;2
40;26;6;2
41;26;6;2
42;26;6;2
43;26;6;2
44;26;6;2
45;26;6;2
46;26;6;2
47;26;6;2
48;26;6;2
49;26;6;2
50;26;6;2
51;26;6;2
52;26;6;2
53;26;6;2
54;26;6;2
55;26;6;2
56;26;6;2
57;26;6;2
58;26;6;2
59;26;6;2
0;27;6;2
1;27;6;2
2;27;6;2
3;27;6;2
4;27;6;2
5;27;6;2
6;27;6;2
7;27;6;2
8;27;6;2
9;27;6;2
10;27;6;2
11;27;6;2
12;27;6;2
13;27;6;2
14;27;6;2
15;27;6;2
16;27;6;2
17;27;6;2
18;27;6;2
19;27;6;2
20;27;6;2
21;27;6;2
22;27;6;2
23;27;6;2
24;27;6;2
25;27;6;2
26;27;6;2
27;27;6;2
28;27;6;2
29;27;6;2
30;27;6;2
31;27;6;2
32;27;6;2
33;27;6;2
34;27;6;2
35;27;6;2
36;27;6;2
37;27;6;2
38;27;6;2
39;27;6;2
40;27;6;2
41;27;6;2
42;27;6;2
43;27;6;2
44;27;6;2
45;27;6;2
46;27;6;2
47;27;6;2
48;27;6;2
49;27;6;2
50;27;6;2
51;27;6;2
52;27;6;2
53;27;6;2
54;27;6;2
55;27;6;2
56;27;6;2
57;27;6;2
58;27;6;2
59;27;6;2
0;28;6;2
1;28;6;2
2;28;6;2
3;28;6;2
4;28;6;2
5;28;6;2
6;28;6;2
7;28;6;2
8;28;6;2
9;28;6;2
10;28;6;2
11;28;6;2
12;28;6;2
13;28;6;2
14;28;6;2
15;28;6;2
16;28;6;2
17;28;6;2
18;28;6;2
19;28;6;2
20;28;6;2
21;28;6;2
22;28;6;2
23;28;6;2
24;28;6;2
25;28;6;2
26;28;6;2
27;28;6630;2
28;28;11750;2
29;28;11750;2
30;28;11750;2
31;28;5606;2
32;28;6;2
33;28;6;2
34;28;6;2
35;28;6;2
36;28;6;2
37;28;6;2
38;28;6;2
39;28;6;2
40;28;6;2
41;28;6;2
42;28;6;2
43;28;6;2
44;28;6;2
45;28;6;2
46;28;6;2
47;28;6;2
48;28;6;2
49;28;6;2
50;28;6;2
51;28;6;2
52;28;6;2
53;28;6;2
54;28;6;2
55;28;6;2
56;28;6;2
57;28;6;2
58;28;6;2
59;28;6;2
0;29;6;2
1;29;6;2
2;29;6;2
3;29;6;2
4;29;6;2
5;29;6;2
6;29;6;2
7;29;6;2
8;29;6;2
9;29;6;2
10;29;6;2
11;29;6;2
12;29;6;2
13;29;6;2
14;29;6;2
15;29;6;2
16;29;6;2
17;29;6;2
18;29;6;2
19;29;6;2
20;29;6;2
21;29;6;2
22;29;6;2
23;29;6;2
24;29;6;2
25;29;6;2
26;29;8678;2
27;29;15;2
28;29;15;2
29;29;15;2
30;29;15;2
31;29;15;2
32;29;15846;2
33;29;6;2
34;29;6;2
35;29;6;2
36;29;6;2
37;29;6;2
38;29;6;2
39;29;6;2
40;29;6;2
41;29;6;2
42;29;6;2
43;29;6;2
44;29;6;2
45;29;6;2
46;29;6;2
47;29;6;2
48;29;6;2
49;29;6;2
50;29;6;2
51;29;6;2
52;29;6;2
53;29;6;2
54;29;6;2
55;29;6;2
56;29;6;2
57;29;6;2
58;29;6;2
59;29;6;2
0;30;6;2
1;30;6;2
2;30;6;2
3;30;6;2
4;30;6;2
5;30;6;2
6;30;6;2
7;30;6;2
8;30;6;2
9;30;6;2
10;30;6;2
11;30;6;2
12;30;6;2
13;30;6;2
14;30;6;2
15;30;6;2
16;30;6;2
17;30;6;2
18;30;6;2
19;30;6;2
20;30;6;2
21;30;6;2
22;30;6;2
23;30;6;2
24;30;6;2
25;30;6;2
26;30;25062;2
27;30;15;2
28;30;15;2
29;30;15;2
30;30;15;2
31;30;15;2
32;30;15;2
33;30;15846;2
34;30;6182;2
35;30;5158;2
36;30;6;2
37;30;6;2
38;30;6;2
39;30;6;2
40;30;6;2
41;30;6;2
42;30;6;2
43;30;6;2
44;30;6;2
45;30;6;2
46;30;6;2
47;30;6;2
48;30;6;2
49;30;6;2
50;30;6;2
51;30;6;2
52;30;6;2
53;30;6;2
54;30;6;2
55;30;6;2
56;30;6;2
57;30;6;2
58;30;6;2
59;30;6;2
0;31;6;2
1;31;6;2
2;31;6;2
3;31;6;2
4;31;6;2
5;31;6;2
6;31;6;2
7;31;6;2
8;31;6;2
9;31;6;2
10;31;6;2
11;31;6;2
12;31;6;2
13;31;6;2
14;31;6;2
15;31;6;2
16;31;6;2
17;31;6;2
18;31;6;2
19;31;6;2
20;31;6;2
21;31;6;2
22;31;6;2
23;31;6;2
24;31;6;2
25;31;8678;2
26;31;15;2
27;31;15;2
28;31;15;2
29;31;15;2
30;31;15;2
31;31;15;2
32;31;15;2
33;31;15;2
34;31;1;2
35;31;1;2
36;31;4134;2
37;31;6;2
38;31;6;2
39;31;6;2
40;31;6;2
41;31;6;2
42;31;6;2
43;31;6;2
44;31;6;2
45;31;6;2
46;31;6;2
47;31;6;2
48;31;6;2
49;31;6;2
50;31;6;2
51;31;6;2
52;31;6;2
53;31;6;2
54;31;6;2
55;31;6;2
56;31;6;2
57;31;6;2
58;31;6;2
59;31;6;2
0;32;6;2
1;32;6;2
2;32;6;2
3;32;6;2
4;32;6;2
5;32;6;2
6;32;6;2
7;32;6;2
8;32;6;2
9;32;6;2
10;32;6;2
11;32;6;2
12;32;6;2
13;32;6;2
14;32;6;2
15;32;6;2
16;32;6;2
17;32;6;2
18;32;6;2
19;32;6;2
20;32;6;2
21;32;6182;2
22;32;11302;2
23;32;11302;2
24;32;5158;2
25;32;7654;2
26;32;15;2
27;32;17894;2
28;32;9702;2
29;32;27110;2
30;32;15;2
31;32;15;2
32;32;26081;2
33;32;1505;2
34;32;1;2
35;32;1;2
36;32;3110;2
37;32;6;2
38;32;6;2
39;32;6;2
40;32;6;2
41;32;6;2
42;32;6;2
43;32;6;2
44;32;6;2
45;32;6;2
46;32;6;2
47;32;6;2
48;32;6;2
49;32;6;2
50;32;6;2
51;32;6;2
52;32;6;2
53;32;6;2
54;32;6;2
55;32;6;2
56;32;6;2
57;32;6;2
58;32;6;2
59;32;6;2
0;33;6;2
1;33;6;2
2;33;6;2
3;33;6;2
4;33;6;2
5;33;6;2
6;33;6;2
7;33;6;2
8;33;6;2
9;33;6;2
10;33;6;2
11;33;6;2
12;33;6;2
13;33;6;2
14;33;6;2
15;33;6;2
16;33;6;2
17;33;6;2
18;33;6;2
19;33;6;2
20;33;8230;2
21;33;1;2
22;33;1;2
23;33;1;2
24;33;1;2
25;33;15398;2
26;33;6;2
27;33;6;2
28;33;6;2
29;33;12774;2
30;33;15;2
31;33;15;2
32;33;3553;2
33;33;1;2
34;33;8673;2
35;33;15;2
36;33;15846;2
37;33;6;2
38;33;6;2
39;33;6;2
40;33;6;2
41;33;6;2
42;33;6;2
43;33;6;2
44;33;6;2
45;33;6;2
46;33;6;2
47;33;6;2
48;33;6;2
49;33;6;2
50;33;6;2
51;33;6;2
52;33;6;2
53;33;6;2
54;33;6;2
55;33;6;2
56;33;6;2
57;33;6;2
58;33;6;2
59;33;6;2
0;34;6;2
1;34;6;2
2;34;6;2
3;34;6;2
4;34;6;2
5;34;6;2
6;34;6;2
7;34;6;2
8;34;6;2
9;34;6;2
10;34;6;2
11;34;6;2
12;34;6;2
13;34;6;2
14;34;6;2
15;34;6;2
16;34;6;2
17;34;6;2
18;34;6;2
19;34;6;2
20;34;7206;2
21;34;1;2
22;34;1;2
23;34;1;2
24;34;1;2
25;34;1;2
26;34;22566;2
27;34;5158;2
28;34;6;2
29;34;7654;2
30;34;15;2
31;34;13793;2
32;34;1;2
33;34;6625;2
34;34;29153;2
35;34;15;2
36;34;15;2
37;34;4582;2
38;34;6;2
39;34;6;2
40;34;6;2
41;34;6;2
42;34;6;2
43;34;6;2
44;34;6;2
45;34;6;2
46;34;6;2
47;34;6;2
48;34;6;2
49;34;6;2
50;34;6;2
51;34;6;2
52;34;6;2
53;34;6;2
54;34;6;2
55;34;6;2
56;34;6;2
57;34;6;2
58;34;6;2
59;34;6;2
0;35;6;2
1;35;6;2
2;35;6;2
3;35;6;2
4;35;6;2
5;35;6;2
6;35;6;2
7;35;6;2
8;35;6;2
9;35;6;2
10;35;6;2
11;35;6;2
12;35;6;2
13;35;6;2
14;35;6;2
15;35;6;2
16;35;6;2
17;35;6;2
18;35;6630;2
19;35;11750;2
20;35;5606;2
21;35;2086;2
22;35;9254;2
23;35;1062;2
24;35;18470;2
25;35;1;2
26;35;1;2
27;35;1;2
28;35;6;2
29;35;6;2
30;35;6;2
31;35;6;2
32;35;16865;2
33;35;15;2
34;35;15;2
35;35;15;2
36;35;15;2
37;35;3558;2
38;35;6;2
39;35;6;2
40;35;6;2
41;35;6;2
42;35;6;2
43;35;6;2
44;35;6;2
45;35;6;2
46;35;6;2
47;35;6;2
48;35;6;2
49;35;6;2
50;35;6;2
51;35;6;2
52;35;6;2
53;35;6;2
54;35;6;2
55;35;6;2
56;35;6;2
57;35;6;2
58;35;6;2
59;35;6;2
0;36;6;2
1;36;6;2
2;36;6;2
3;36;6;2
4;36;6;2
5;36;6;2
6;36;6;2
7;36;6;2
8;36;6;2
9;36;6;2
10;36;6;2
11;36;6;2
12;36;6;2
13;36;6;2
14;36;6;2
15;36;6;2
16;36;6;2
17;36;8678;2
18;36;15;2
19;36;15;2
20;36;15;2
21;36;23014;2
22;36;5606;2
23;36;6;2
24;36;6;2
25;36;2086;2
26;36;9254;2
27;36;1062;2
28;36;6;2
29;36;6;2
30;36;6;2
31;36;6;2
32;36;15;2
33;36;15;2
34;36;15;2
35;36;15;2
36;36;13798;2
37;36;6;2
38;36;6;2
39;36;6;2
40;36;6;2
41;36;6;2
42;36;6;2
43;36;6;2
44;36;6;2
45;36;6;2
46;36;6;2
47;36;6;2
48;36;6;2
49;36;6;2
50;36;6;2
51;36;6;2
52;36;6;2
53;36;6;2
54;36;6;2
55;36;6;2
56;36;6;2
57;36;6;2
58;36;6;2
59;36;6;2
0;37;6;2
1;37;6;2
2;37;6;2
3;37;6;2
4;37;6;2
5;37;6;2
6;37;6;2
7;37;6;2
8;37;6;2
9;37;6;2
10;37;6;2
11;37;6;2
12;37;6;2
13;37;6;2
14;37;6;2
15;37;6;2
16;37;6;2
17;37;12774;2
18;37;15;2
19;37;15;2
20;37;15;2
21;37;15;2
22;37;15;2
23;37;4582;2
24;37;6;2
25;37;6;2
26;37;6;2
27;37;6;2
28;37;6;2
29;37;6;2
30;37;6;2
31;37;6;2
32;37;2534;2
33;37;9702;2
34;37;9702;2
35;37;1510;2
36;37;6;2
37;37;6;2
38;37;6;2
39;37;6;2
40;37;6;2
41;37;6;2
42;37;6;2
43;37;6;2
44;37;6;2
45;37;6;2
46;37;6;2
47;37;6;2
48;37;6;2
49;37;6;2
50;37;6;2
51;37;6;2
52;37;6;2
53;37;6;2
54;37;6;2
55;37;6;2
56;37;6;2
57;37;6;2
58;37;6;2
59;37;6;2
0;38;6;2
1;38;6;2
2;38;6;2
3;38;6;2
4;38;6;2
5;38;6;2
6;38;6;2
7;38;6;2
8;38;6;2
9;38;6;2
10;38;6;2
11;38;6;2
12;38;6;2
13;38;6;2
14;38;6;2
15;38;6;2
16;38;6;2
17;38;7654;2
18;38;15;2
19;38;15;2
20;38;15;2
21;38;15;2
22;38;15;2
23;38;3558;2
24;38;6;2
25;38;6;2
26;38;6;2
27;38;6;2
28;38;6;2
29;38;6;2
30;38;6;2
31;38;6;2
32;38;6;2
33;38;6;2
34;38;6;2
35;38;6;2
36;38;6;2
37;38;6;2
38;38;6;2
39;38;6;2
40;38;6;2
41;38;6;2
42;38;6;2
43;38;6;2
44;38;6;2
45;38;6;2
46;38;6;2
47;38;6;2
48;38;6;2
49;38;6;2
50;38;6;2
51;38;6;2
52;38;6;2
53;38;6;2
54;38;6;2
55;38;6;2
56;38;6;2
57;38;6;2
58;38;6;2
59;38;6;2
0;39;6;2
1;39;6;2
2;39;6;2
3;39;6;2
4;39;6;2
5;39;6;2
6;39;6;2
7;39;6;2
8;39;6;2
9;39;6;2
10;39;6;2
11;39;6;2
12;39;6;2
13;39;6;2
14;39;6;2
15;39;6;2
16;39;6;2
17;39;6;2
18;39;2534;2
19;39;9702;2
20;39;9702;2
21;39;9702;2
22;39;1510;2
23;39;6;2
24;39;6;2
25;39;6;2
26;39;6;2
27;39;6;2
28;39;6;2
29;39;6;2
30;39;6;2
31;39;6;2
32;39;6;2
33;39;6;2
34;39;6;2
35;39;6;2
36;39;6;2
37;39;6;2
38;39;6;2
39;39;6;2
40;39;6;2
41;39;6;2
42;39;6;2
43;39;6;2
44;39;6;2
45;39;6;2
46;39;6;2
47;39;6;2
48;39;6;2
49;39;6;2
50;39;6;2
51;39;6;2
52;39;6;2
53;39;6;2
54;39;6;2
55;39;6;2
56;39;6;2
57;39;6;2
58;39;6;2
59;39;6;2
0;40;6;2
1;40;6;2
2;40;6;2
3;40;6;2
4;40;6;2
5;40;6;2
6;40;6;2
7;40;6;2
8;40;6;2
9;40;6;2
10;40;6;2
11;40;6;2
12;40;6;2
13;40;6;2
14;40;6;2
15;40;6;2
16;40;6;2
17;40;6;2
18;40;6;2
19;40;6;2
20;40;6;2
21;40;6182;2
22;40;11302;2
23;40;11302;2
24;40;11302;2
25;40;11302;2
26;40;5158;2
27;40;6;2
28;40;6;2
29;40;6;2
30;40;6;2
31;40;6;2
32;40;6;2
33;40;6;2
34;40;6;2
35;40;6;2
36;40;6;2
37;40;6;2
38;40;6;2
39;40;6;2
40;40;6;2
41;40;6;2
42;40;6;2
43;40;6;2
44;40;6;2
45;40;6;2
46;40;6;2
47;40;6;2
48;40;6;2
49;40;6;2
50;40;6;2
51;40;6;2
52;40;6;2
53;40;6;2
54;40;6;2
55;40;6;2
56;40;6;2
57;40;6;2
58;40;6;2
59;40;6;2
0;41;6;2
1;41;6;2
2;41;6;2
3;41;6;2
4;41;6;2
5;41;6;2
6;41;6;2
7;41;6;2
8;41;6;2
9;41;6;2
10;41;6;2
11;41;6;2
12;41;6;2
13;41;6;2
14;41;6;2
15;41;6;2
16;41;6;2
17;41;6;2
18;41;6;2
19;41;6;2
20;41;16422;2
21;41;1;2
22;41;1;2
23;41;1;2
24;41;1;2
25;41;1;2
26;41;1;2
27;41;15398;2
28;41;6;2
29;41;6;2
30;41;6;2
31;41;6;2
32;41;6;2
33;41;6;2
34;41;6;2
35;41;6;2
36;41;6;2
37;41;6;2
38;41;6;2
39;41;6;2
40;41;6;2
41;41;6;2
42;41;6;2
43;41;6;2
44;41;6;2
45;41;6;2
46;41;6;2
47;41;6;2
48;41;6;2
49;41;6;2
50;41;6;2
51;41;6;2
52;41;6;2
53;41;6;2
54;41;6;2
55;41;6;2
56;41;6;2
57;41;6;2
58;41;6;2
59;41;6;2
0;42;6;2
1;42;6;2
2;42;6;2
3;42;6;2
4;42;6;2
5;42;6;2
6;42;6;2
7;42;6;2
8;42;6;2
9;42;6;2
10;42;6;2
11;42;6;2
12;42;6;2
13;42;6;2
14;42;6;2
15;42;6;2
16;42;6;2
17;42;6;2
18;42;6;2
19;42;8230;2
20;42;1;2
21;42;1;2
22;42;6625;2
23;42;11745;2
24;42;11745;2
25;42;5601;2
26;42;1;2
27;42;1;2
28;42;4134;2
29;42;6;2
30;42;6;2
31;42;6;2
32;42;6;2
33;42;6;2
34;42;6;2
35;42;6;2
36;42;6;2
37;42;6;2
38;42;6;2
39;42;6;2
40;42;6;2
41;42;6;2
42;42;6;2
43;42;6;2
44;42;6;2
45;42;6;2
46;42;6;2
47;42;6;2
48;42;6;2
49;42;56;2
50;42;56;2
51;42;56;2
52;42;6;2
53;42;6;2
54;42;6;2
55;42;6;2
56;42;6;2
57;42;6;2
58;42;6;2
59;42;6;2
0;43;6;2
1;43;6;2
2;43;6;2
3;43;6;2
4;43;6;2
5;43;6;2
6;43;6;2
7;43;6;2
8;43;6;2
9;43;6;2
10;43;6;2
11;43;6;2
12;43;6;2
13;43;6;2
14;43;6;2
15;43;6;2
16;43;6;2
17;43;6;2
18;43;6;2
19;43;12326;2
20;43;1;2
21;43;8673;2
22;43;15;2
23;43;15;2
24;43;15;2
25;43;15;2
26;43;4577;2
27;43;1;2
28;43;10278;2
29;43;6;2
30;43;6;2
31;43;6;2
32;43;6;2
33;43;6;2
34;43;6;2
35;43;6;2
36;43;6;2
37;43;6;2
38;43;6;2
39;43;6;2
40;43;6;2
41;43;6;2
42;43;6;2
43;43;6;2
44;43;6;2
45;43;6;2
46;43;6;2
47;43;6;2
48;43;6;2
49;43;56;2
50;43;56;2
51;43;56;2
52;43;6;2
53;43;6;2
54;43;6;2
55;43;6;2
56;43;6;2
57;43;6;2
58;43;6;2
59;43;6;2
0;44;6;2
1;44;6;2
2;44;6;2
3;44;6;2
4;44;6;2
5;44;6;2
6;44;6;2
7;44;6;2
8;44;6;2
9;44;6;2
10;44;6;2
11;44;6;2
12;44;6;2
13;44;6;2
14;44;6;2
15;44;6;2
16;44;6;2
17;44;6;2
18;44;6;2
19;44;12326;2
20;44;1;2
21;44;12769;2
22;44;15;2
23;44;26085;2
24;44;27109;2
25;44;15;2
26;44;10721;2
27;44;1;2
28;44;10278;2
29;44;6;2
30;44;6;2
31;44;6;2
32;44;6;2
33;44;6;2
34;44;6;2
35;44;6;2
36;44;6;2
37;44;6;2
38;44;6;2
39;44;6;2
40;44;6;2
41;44;6;2
42;44;6;2
43;44;6;2
44;44;6;2
45;44;6;2
46;44;6;2
47;44;6;2
48;44;6;2
49;44;6;2
50;44;6;2
51;44;6;2
52;44;6;2
53;44;6;2
54;44;6;2
55;44;6;2
56;44;6;2
57;44;6;2
58;44;6;2
59;44;6;2
0;45;6;2
1;45;6;2
2;45;6;2
3;45;6;2
4;45;6;2
5;45;6;2
6;45;6;2
7;45;6;2
8;45;6;2
9;45;6;2
10;45;6630;2
11;45;5606;2
12;45;6;2
13;45;6;2
14;45;6;2
15;45;6;2
16;45;6;2
17;45;6;2
18;45;6;2
19;45;12326;2
20;45;1;2
21;45;12769;2
22;45;15;2
23;45;28133;2
24;45;29157;2
25;45;15;2
26;45;10721;2
27;45;1;2
28;45;10278;2
29;45;6;2
30;45;6;2
31;45;6;2
32;45;6;2
33;45;6;2
34;45;6;2
35;45;6;2
36;45;6;2
37;45;6;2
38;45;6;2
39;45;6;2
40;45;6;2
41;45;6;2
42;45;6;2
43;45;6;2
44;45;6;2
45;45;6;2
46;45;6;2
47;45;6;2
48;45;6;2
49;45;6;2
50;45;6;2
51;45;6;2
52;45;6;2
53;45;6;2
54;45;6;2
55;45;6;2
56;45;6;2
57;45;6;2
58;45;6;2
59;45;6;2
0;46;6;2
1;46;6;2
2;46;6;2
3;46;6;2
4;46;6;2
5;46;6;2
6;46;6;2
7;46;6;2
8;46;6;2
9;46;16870;2
10;46;15;2
11;46;15;2
12;46;4582;2
13;46;6;2
14;46;6;2
15;46;6;2
16;46;6;2
17;46;6;2
18;46;6;2
19;46;12326;2
20;46;1;2
21;46;7649;2
22;46;15;2
23;46;15;2
24;46;15;2
25;46;15;2
26;46;3553;2
27;46;1;2
28;46;10278;2
29;46;6;2
30;46;6;2
31;46;6;2
32;46;6;2
33;46;6;2
34;46;6;2
35;46;6;2
36;46;6;2
37;46;6;2
38;46;6;2
39;46;6;2
40;46;6;2
41;46;6;2
42;46;6;2
43;46;6;2
44;46;6;2
45;46;6;2
46;46;6;2
47;46;6;2
48;46;6;2
49;46;6;2
50;46;6;2
51;46;6;2
52;46;6;2
53;46;6;2
54;46;6;2
55;46;6;2
56;46;6;2
57;46;6;2
58;46;6;2
59;46;6;2
0;47;6;2
1;47;6;2
2;47;6;2
3;47;6;2
4;47;6;2
5;47;6;2
6;47;6630;2
7;47;11750;2
8;47;21990;2
9;47;15;2
10;47;15;2
11;47;15;2
12;47;20966;2
13;47;6;2
14;47;6;2
15;47;6;2
16;47;6;2
17;47;6;2
18;47;6;2
19;47;7206;2
20;47;1;2
21;47;1;2
22;47;2529;2
23;47;9697;2
24;47;9697;2
25;47;1505;2
26;47;1;2
27;47;1;2
28;47;10278;2
29;47;6;2
30;47;6;2
31;47;6;2
32;47;6;2
33;47;6;2
34;47;6;2
35;47;6;2
36;47;6;2
37;47;6;2
38;47;6;2
39;47;6;2
40;47;6;2
41;47;6;2
42;47;6;2
43;47;6;2
44;47;6;2
45;47;6;2
46;47;6;2
47;47;6;2
48;47;6;2
49;47;6;2
50;47;6;2
51;47;6;2
52;47;6;2
53;47;6;2
54;47;6;2
55;47;6;2
56;47;6;2
57;47;6;2
58;47;6;2
59;47;6;2
0;48;6;2
1;48;6;2
2;48;6;2
3;48;6;2
4;48;6;2
5;48;8678;2
6;48;15;2
7;48;15;2
8;48;15;2
9;48;15;2
10;48;15;2
11;48;15;2
12;48;15;2
13;48;4582;2
14;48;6;2
15;48;6;2
16;48;6;2
17;48;6;2
18;48;6;2
19;48;6;2
20;48;14374;2
21;48;1;2
22;48;1;2
23;48;1;2
24;48;1;2
25;48;1;2
26;48;1;2
27;48;1;2
28;48;10278;2
29;48;6;2
30;48;6;2
31;48;6;2
32;48;6;2
33;48;6;2
34;48;6;2
35;48;6;2
36;48;6;2
37;48;6;2
38;48;6;2
39;48;6;2
40;48;6;2
41;48;6;2
42;48;6;2
43;48;6;2
44;48;6;2
45;48;6;2
46;48;6;2
47;48;6;2
48;48;6;2
49;48;6;2
50;48;6;2
51;48;6;2
52;48;6;2
53;48;6;2
54;48;6;2
55;48;6;2
56;48;6;2
57;48;6;2
58;48;6;2
59;48;6;2
0;49;6;2
1;49;6;2
2;49;6;2
3;49;6;2
4;49;6;2
5;49;12774;2
6;49;15;2
7;49;15;2
8;49;15;2
9;49;15;2
10;49;17889;2
11;49;27105;2
12;49;15;2
13;49;10726;2
14;49;6;2
15;49;6;2
16;49;6;2
17;49;6;2
18;49;6;2
19;49;6;2
20;49;6;2
21;49;2086;2
22;49;9254;2
23;49;9254;2
24;49;9254;2
25;49;26662;2
26;49;1;2
27;49;1;2
28;49;10278;2
29;49;6;2
30;49;6;2
31;49;6;2
32;49;6;2
33;49;6;2
34;49;6;2
35;49;6;2
36;49;6;2
37;49;6;2
38;49;6;2
39;49;6;2
40;49;6;2
41;49;6;2
42;49;6;2
43;49;6;2
44;49;6;2
45;49;6;2
46;49;6;2
47;49;6;2
48;49;6;2
49;49;6;2
50;49;6;2
51;49;6;2
52;49;6;2
53;49;6;2
54;49;6;2
55;49;6;2
56;49;6;2
57;49;6;2
58;49;6;2
59;49;6;2
0;50;6;2
1;50;6;2
2;50;6;2
3;50;6;2
4;50;6;2
5;50;12774;2
6;50;15;2
7;50;15;2
8;50;26081;2
9;50;1505;2
10;50;1;2
11;50;12769;2
12;50;15;2
13;50;20966;2
14;50;6;2
15;50;6;2
16;50;6;2
17;50;6;2
18;50;6;2
19;50;6630;2
20;50;5606;2
21;50;6;2
22;50;6;2
23;50;6182;2
24;50;11302;2
25;50;28710;2
26;50;1;2
27;50;1;2
28;50;3110;2
29;50;6;2
30;50;6;2
31;50;6;2
32;50;6;2
33;50;6;2
34;50;6;2
35;50;6;2
36;50;6;2
37;50;6;2
38;50;6;2
39;50;6;2
40;50;6;2
41;50;6;2
42;50;6;2
43;50;6;2
44;50;6;2
45;50;6;2
46;50;6;2
47;50;6;2
48;50;6;2
49;50;6;2
50;50;6;2
51;50;6;2
52;50;6;2
53;50;6;2
54;50;6;2
55;50;6;2
56;50;6;2
57;50;6;2
58;50;6;2
59;50;6;2
0;51;6;2
1;51;6;2
2;51;6;2
3;51;6;2
4;51;6;2
5;51;12774;2
6;51;15;2
7;51;15;2
8;51;10721;2
9;51;1;2
10;51;1;2
11;51;7649;2
12;51;15;2
13;51;15;2
14;51;15846;2
15;51;6;2
16;51;6;2
17;51;6;2
18;51;16870;2
19;51;15;2
20;51;15;2
21;51;4582;2
22;51;6;2
23;51;1;2
24;51;1;2
25;51;1;2
26;51;1;2
27;51;13350;2
28;51;6;2
29;51;6;2
30;51;6;2
31;51;6;2
32;51;6;2
33;51;6;2
34;51;6;2
35;51;6;2
36;51;6;2
37;51;6;2
38;51;6;2
39;51;6;2
40;51;6;2
41;51;6;2
42;51;6;2
43;51;6;2
44;51;6;2
45;51;6;2
46;51;6;2
47;51;6;2
48;51;6;2
49;51;6;2
50;51;6;2
51;51;6;2
52;51;6;2
53;51;6;2
54;51;6;2
55;51;6;2
56;51;6;2
57;51;6;2
58;51;6;2
59;51;6;2
0;52;6;2
1;52;6;2
2;52;6;2
3;52;6;2
4;52;6;2
5;52;25062;2
6;52;15;2
7;52;15;2
8;52;28129;2
9;52;5601;2
10;52;1;2
11;52;1;2
12;52;24033;2
13;52;15;2
14;52;15;2
15;52;23014;2
16;52;11750;2
17;52;21990;2
18;52;15;2
19;52;15;2
20;52;15;2
21;52;10726;2
22;52;6;2
23;52;1;2
24;52;1;2
25;52;25638;2
26;52;1062;2
27;52;6;2
28;52;6;2
29;52;6;2
30;52;6;2
31;52;6;2
32;52;6;2
33;52;6;2
34;52;6;2
35;52;6;2
36;52;6;2
37;52;6;2
38;52;6;2
39;52;6;2
40;52;6;2
41;52;6;2
42;52;6;2
43;52;6;2
44;52;6;2
45;52;6;2
46;52;6;2
47;52;6;2
48;52;6;2
49;52;6;2
50;52;6;2
51;52;6;2
52;52;6;2
53;52;6;2
54;52;6;2
55;52;6;2
56;52;6;2
57;52;6;2
58;52;6;2
59;52;6;2
0;53;6;2
1;53;6;2
2;53;6;2
3;53;6;2
4;53;6;2
5;53;15;2
6;53;15;2
7;53;15;2
8;53;15;2
9;53;15;2
10;53;4577;2
11;53;1;2
12;53;25057;2
13;53;15;2
14;53;15;2
15;53;15;2
16;53;15;2
17;53;15;2
18;53;15;2
19;53;15;2
20;53;15;2
21;53;10726;2
22;53;7206;2
23;53;1;2
24;53;1;2
25;53;3110;2
26;53;6;2
27;53;6;2
28;53;6;2
29;53;6;2
30;53;6;2
31;53;6;2
32;53;6;2
33;53;6;2
34;53;6;2
35;53;6;2
36;53;6;2
37;53;6;2
38;53;6;2
39;53;6;2
40;53;6;2
41;53;6;2
42;53;6;2
43;53;6;2
44;53;6;2
45;53;6;2
46;53;6;2
47;53;6;2
48;53;6;2
49;53;6;2
50;53;6;2
51;53;6;2
52;53;6;2
53;53;6;2
54;53;6;2
55;53;6;2
56;53;6;2
57;53;6;2
58;53;6;2
59;53;6;2
0;54;6;2
1;54;6;2
2;54;6;2
3;54;6;2
4;54;6;2
5;54;14822;2
6;54;15;2
7;54;15;2
8;54;15;2
9;54;15;2
10;54;28129;2
11;54;21985;2
12;54;15;2
13;54;15;2
14;54;15;2
15;54;15;2
16;54;15;2
17;54;17894;2
18;54;18918;2
19;54;15;2
20;54;15;2
21;54;3558;2
22;54;6;2
23;54;2086;2
24;54;1062;2
25;54;6;2
26;54;6;2
27;54;6;2
28;54;6;2
29;54;6;2
30;54;6;2
31;54;6;2
32;54;6;2
33;54;6;2
34;54;6;2
35;54;6;2
36;54;6;2
37;54;6;2
38;54;6;2
39;54;6;2
40;54;6;2
41;54;6;2
42;54;6;2
43;54;6;2
44;54;6;2
45;54;6;2
46;54;6;2
47;54;6;2
48;54;6;2
49;54;6;2
50;54;6;2
51;54;6;2
52;54;6;2
53;54;6;2
54;54;6;2
55;54;6;2
56;54;6;2
57;54;6;2
58;54;6;2
59;54;6;2
0;55;6;2
1;55;6;2
2;55;6;2
3;55;6;2
4;55;6;2
5;55;6;2
6;55;2534;2
7;55;9702;2
8;55;18918;2
9;55;15;2
10;55;15;2
11;55;15;2
12;55;15;2
13;55;17894;2
14;55;9702;2
15;55;9702;2
16;55;1510;2
17;55;6;2
18;55;6;2
19;55;2534;2
20;55;1510;2
21;55;6;2
22;55;6;2
23;55;6;2
24;55;6;2
25;55;6;2
26;55;6;2
27;55;6;2
28;55;6;2
29;55;6;2
30;55;6;2
31;55;6;2
32;55;6;2
33;55;6;2
34;55;6;2
35;55;6;2
36;55;6;2
37;55;6;2
38;55;6;2
39;55;6;2
40;55;6;2
41;55;6;2
42;55;6;2
43;55;6;2
44;55;6;2
45;55;6;2
46;55;6;2
47;55;6;2
48;55;6;2
49;55;6;2
50;55;6;2
51;55;6;2
52;55;6;2
53;55;6;2
54;55;6;2
55;55;6;2
56;55;6;2
57;55;6;2
58;55;6;2
59;55;6;2
0;56;6;2
1;56;6;2
2;56;6;2
3;56;6;2
4;56;6;2
5;56;6;2
6;56;6;2
7;56;6;2
8;56;6;2
9;56;14822;2
10;56;15;2
11;56;15;2
12;56;13798;2
13;56;6;2
14;56;6;2
15;56;6;2
16;56;6;2
17;56;6;2
18;56;6;2
19;56;6;2
20;56;6;2
21;56;6;2
22;56;6;2
23;56;6;2
24;56;6;2
25;56;6;2
26;56;6;2
27;56;6;2
28;56;6;2
29;56;6;2
30;56;6;2
31;56;6;2
32;56;6;2
33;56;6;2
34;56;6;2
35;56;6;2
36;56;6;2
37;56;6;2
38;56;6;2
39;56;6;2
40;56;6;2
41;56;6;2
42;56;6;2
43;56;6;2
44;56;6;2
45;56;6;2
46;56;6;2
47;56;6;2
48;56;6;2
49;56;6;2
50;56;6;2
51;56;6;2
52;56;6;2
53;56;6;2
54;56;6;2
55;56;6;2
56;56;6;2
57;56;6;2
58;56;6;2
59;56;6;2
0;57;6;2
1;57;6;2
2;57;6;2
3;57;6;2
4;57;6;2
5;57;6;2
6;57;6;2
7;57;6;2
8;57;6;2
9;57;6;2
10;57;2534;2
11;57;1510;2
12;57;6;2
13;57;6;2
14;57;6;2
15;57;6;2
16;57;6;2
17;57;6;2
18;57;6;2
19;57;6;2
20;57;6;2
21;57;6;2
22;57;6;2
23;57;6;2
24;57;6;2
25;57;6;2
26;57;6;2
27;57;6;2
28;57;6;2
29;57;6;2
30;57;6;2
31;57;6;2
32;57;6;2
33;57;6;2
34;57;6;2
35;57;6;2
36;57;6;2
37;57;6;2
38;57;6;2
39;57;6;2
40;57;6;2
41;57;6;2
42;57;6;2
43;57;6;2
44;57;6;2
45;57;6;2
46;57;6;2
47;57;6;2
48;57;6;2
49;57;6;2
50;57;6;2
51;57;6;2
52;57;6;2
53;57;6;2
54;57;6;2
55;57;6;2
56;57;6;2
57;57;6;2
58;57;6;2
59;57;6;2
0;58;6;2
1;58;6;2
2;58;6;2
3;58;6;2
4;58;6;2
5;58;6;2
6;58;6;2
7;58;6;2
8;58;6;2
9;58;6;2
10;58;6;2
11;58;6;2
12;58;6;2
13;58;6;2
14;58;6;2
15;58;6;2
16;58;6;2
17;58;6;2
18;58;6;2
19;58;6;2
20;58;6;2
21;58;6;2
22;58;6;2
23;58;6;2
24;58;6;2
25;58;6;2
26;58;6;2
27;58;6;2
28;58;6;2
29;58;6;2
30;58;6;2
31;58;6;2
32;58;6;2
33;58;6;2
34;58;6;2
35;58;6;2
36;58;6;2
37;58;6;2
38;58;6;2
39;58;6;2
40;58;6;2
41;58;6;2
42;58;6;2
43;58;6;2
44;58;6;2
45;58;6;2
46;58;6;2
47;58;6;2
48;58;6;2
49;58;6;2
50;58;6;2
51;58;6;2
52;58;6;2
53;58;6;2
54;58;6;2
55;58;6;2
56;58;6;2
57;58;6;2
58;58;6;2
59;58;6;2
0;59;6;2
1;59;6;2
2;59;6;2
3;59;6;2
4;59;6;2
5;59;6;2
6;59;6;2
7;59;6;2
8;59;6;2
9;59;6;2
10;59;6;2
11;59;6;2
12;59;6;2
13;59;6;2
14;59;6;2
15;59;6;2
16;59;6;2
17;59;6;2
18;59;6;2
19;59;6;2
20;59;6;2
21;59;6;2
22;59;6;2
23;59;6;2
24;59;6;2
25;59;6;2
26;59;6;2
27;59;6;2
28;59;6;2
29;59;6;2
30;59;6;2
31;59;6;2
32;59;6;2
33;59;6;2
34;59;6;2
35;59;6;2
36;59;6;2
37;59;6;2
38;59;6;2
39;59;6;2
40;59;6;2
41;59;6;2
42;59;6;2
43;59;6;2
44;59;6;2
45;59;6;2
46;59;6;2
47;59;6;2
48;59;6;2
49;59;6;2
50;59;6;2
51;59;6;2
52;59;6;2
53;59;6;2
54;59;6;2
55;59;6;2
56;59;6;2
57;59;6;2
58;59;6;2
59;59;6;2
