# Illarion Server
# 
# This program is free software: you can redistribute it and/or modify it under
# the terms of the GNU Affero General Public License as published by the Free
# Software Foundation, either version 3 of the License, or (at your option) any
# later version.
# 
# This program is distributed in the hope that it will be useful, but WITHOUT
# ANY WARRANTY; without even the implied warranty of MERCHANTABILITY or FITNESS
# FOR A PARTICULAR PURPOSE.  See the GNU Affero General Public License for more
# details.
# 
# You should have received a copy of the GNU Affero General Public License along
# with this program.  If not, see <http://www.gnu.org/licenses/>.
1;1;691;333
1;1;689;333
1;1;3243;333
2;1;3222;333
2;1;691;333
2;1;691;333
3;1;3250;333
4;1;3250;333
4;1;396;333
5;1;690;333
5;1;3223;333
6;1;3222;333
7;1;3250;333
8;1;3250;333
8;1;396;333
9;1;690;333
9;1;3223;333
10;1;3222;333
11;1;3250;333
11;1;396;333
12;1;3250;333
12;1;1360;333
13;1;690;333
13;1;3223;333
14;1;690;333
14;1;3244;333
15;1;690;333
15;1;3244;333
16;1;690;333
16;1;3244;333
17;1;690;333
17;1;3244;333
18;1;690;333
18;1;3244;333
19;1;3222;333
20;1;3250;333
20;1;396;333
21;1;3250;333
21;1;952;333
22;1;690;333
22;1;3223;333
23;1;690;333
23;1;3244;333
24;1;690;333
24;1;3244;333
25;1;690;333
25;1;3244;333
26;1;690;333
26;1;3244;333
27;1;690;333
27;1;3244;333
28;1;3222;333
29;1;3250;333
29;1;36;333
29;1;2617;333
30;1;3250;333
30;1;951;333
31;1;690;333
31;1;3223;333
32;1;690;333
32;1;3244;333
33;1;688;333
33;1;690;333
33;1;690;333
33;1;3242;333
1;2;3222;333
1;2;3242;333
5;2;1086;333
6;2;551;333
8;2;651;333
8;2;1145;333
9;2;551;333
11;2;1086;333
13;2;957;333
14;2;3245;333
15;2;1098;333;book1=gods2;book2=diary_of_noira_liv;book3=glorification_to_irmorom;book4=petition_for_zelphia;book5=petition_in_the_name_of_findari;book6=saint_cornelius;book7=usharas_garden
16;2;396;333
16;2;264;333
17;2;320;333
17;2;2604;333
18;2;320;333
18;2;2745;333;bookList=true
20;2;3800;333
21;2;3800;333
22;2;396;333
23;2;320;333
23;2;66;333;markerstone=255
24;2;1098;333;book1=artifacts;book2=mana_streams;book3=arcania_basics;book4=arcane_planes;book5=arcania_lizzard;book6=magie_gift;book7=origionofmagic;book8=arcane_runes_encyclopedia
30;2;1862;333
32;2;651;333
32;2;131;333
33;2;688;333
33;2;3245;333
1;3;3249;333
3;3;433;333
4;3;432;333
5;3;433;333
5;3;432;333
6;3;218;333
8;3;651;333
8;3;1147;333
9;3;218;333
14;3;3233;333;descriptionDe=Stadtverwaltung-Bibliothek;descriptionEn=City Hall - Library
26;3;3693;333
27;3;3693;333
28;3;3693;333
30;3;651;333
30;3;1061;333
32;3;464;333;god=7;elaraStatueRunewick=true
33;3;688;333
33;3;3245;333
1;4;396;333
1;4;3249;333
3;4;433;333
5;4;433;333
6;4;651;333
7;4;651;333
8;4;651;333
9;4;651;333
9;4;1060;333
10;4;651;333
10;4;463;333
14;4;3237;333;descriptionDe=Stadtverwaltung-Bibliothek;descriptionEn=City Hall - Library
30;4;1862;333
32;4;651;333
32;4;116;333
33;4;688;333
33;4;3245;333
1;5;3220;333
1;5;3240;333
1;5;689;333
4;5;432;333
5;5;432;333
6;5;2875;333
7;5;2875;333
8;5;651;333
8;5;321;333;depot=102
9;5;2875;333
10;5;2875;333
13;5;3104;333
14;5;3245;333
18;5;396;333
20;5;2876;333
32;5;957;333
33;5;688;333
33;5;3245;333
1;6;3222;333
1;6;3242;333
13;6;396;333
14;6;3245;333
15;6;1098;333;book1=alchemy;book2=parchment_of_the_priests_of_eldan;book3=slimes;book4=druid_parchment;book5=the_steps_of_alchemy
18;6;2876;333
19;6;550;333
20;6;36;333
20;6;1146;333
21;6;550;333
22;6;2876;333
23;6;550;333
23;6;1145;333
24;6;956;333
32;6;2877;333
33;6;688;333
33;6;3245;333
1;7;3249;333
13;7;686;333
13;7;10;333
14;7;3245;333
21;7;396;333
23;7;36;333
23;7;2621;333
27;7;396;333
29;7;661;333
32;7;320;333
33;7;688;333
33;7;3245;333
1;8;396;333
1;8;3249;333
6;8;396;333
6;8;396;333
14;8;3245;333
15;8;1098;333;book1=epos_ignis;book2=abomination_runs_and_hides;book3=festival_relationships;book4=demonologist;book5=zaras_defeated
32;8;2875;333
33;8;688;333
33;8;3245;333
1;9;3220;333
1;9;3240;333
1;9;689;333
11;9;396;333
14;9;3245;333
19;9;1122;333;book1=celegails_songbook;book2=poems_marina;book3=dwarven_poems;book4=book_of_jokes
19;9;1120;333;book1=celegails_songbook;book2=poems_marina;book3=dwarven_poems;book4=book_of_jokes
23;9;1122;333;book1=chronicle_recording_of_the_blumfussens_family_tree;book2=brewyn_the_liar;book3=baros_bigfoot_and_the_pride;book4=h_evergreen;book5=origin_halflings_race
23;9;1120;333;book1=chronicle_recording_of_the_blumfussens_family_tree;book2=brewyn_the_liar;book3=baros_bigfoot_and_the_pride;book4=h_evergreen;book5=origin_halflings_race
27;9;1122;333;book1=blud_an_fiar_ork_magik;book2=lor_angur;book3=ritual_waterelemental_wascher;book4=resists_the_stake;book5=arcane_runes_encyclopedia
27;9;1120;333;book1=blud_an_fiar_ork_magik;book2=lor_angur;book3=ritual_waterelemental_wascher;book4=resists_the_stake;book5=arcane_runes_encyclopedia
32;9;396;333
33;9;688;333
33;9;3245;333
1;10;3247;333
1;10;3243;333
1;10;689;333
2;10;3248;333
3;10;3248;333
4;10;3221;333
4;10;3242;333
5;10;3220;333
5;10;3243;333
5;10;957;333
6;10;3244;333
7;10;3232;333;descriptionDe=Stadtverwaltung;descriptionEn=Town Hall
8;10;3236;333;descriptionDe=Stadtverwaltung;descriptionEn=Town Hall
9;10;3244;333
10;10;3221;333
10;10;3242;333
11;10;3220;333
11;10;3243;333
11;10;952;333
12;10;3248;333
13;10;3248;333
14;10;3245;333
14;10;3244;333
15;10;3244;333
16;10;3244;333
17;10;3244;333
18;10;3244;333
19;10;3244;333
20;10;3244;333
21;10;3244;333
22;10;3244;333
23;10;3244;333
24;10;3244;333
25;10;3244;333
26;10;3244;333
27;10;3244;333
28;10;3242;333
29;10;1098;333;book1=see_of_life;book2=a_travelers_diary;book3=letastos_diary;book4=the_one;book6=dragon_bone_lord;book7=longbeard
32;10;320;333
32;10;90;333
33;10;688;333
33;10;3245;333
0;11;3593;333
3;11;1124;333
6;11;1082;333
9;11;1082;333
12;11;1124;333
13;11;464;333
14;11;3245;333
16;11;969;333
16;11;748;333
17;11;951;333
18;11;266;333;book1=epos_ignis
19;11;396;333
20;11;3652;333
21;11;3245;333
22;11;267;333;book1=artifacts
24;11;396;333
25;11;3652;333
25;11;1360;333
26;11;276;333
26;11;750;333
28;11;3245;333
32;11;320;333
32;11;1915;0;descriptionDe=Das Gemälde zeigt einen stolzen, farbenprächtigen Hahn. Rechts unten sieht man die Initialen AD.;descriptionEn=The picture shows a proud, colorful rooster. One can see in the right lower corner the initials AD.
33;11;688;333
33;11;3245;333
33;11;1083;333
0;12;3593;333
1;12;883;333
2;12;883;333
14;12;3245;333
19;12;218;333
20;12;550;333
20;12;1147;333
21;12;3245;333
26;12;218;333
28;12;3245;333
33;12;3223;333
0;13;3593;333
1;13;665;333
2;13;665;333
14;13;3245;333
15;13;267;333;book1=arcane_planes;book2=arcania_basics
17;13;1145;333
18;13;320;333
18;13;1146;333
19;13;320;333
19;13;1060;333
19;13;463;333
20;13;320;333
20;13;649;333
20;13;1915;333
21;13;3245;333
22;13;267;333;book1=epos_ignis
27;13;1222;333
28;13;3245;333
29;13;1098;333;book1=a_hermit_on_the_lookout_for_eldan;book2=findaril_daughter_of_the_wind;book3=dragon_dreams;book4=tales_of_a_traveller;book5=the_read_wolf_and_the_bear;book6=tales_of_a_traveller
32;13;3798;333
33;13;3251;333
33;13;396;333
0;14;3593;333
1;14;881;333
2;14;881;333
13;14;1123;333
14;14;3245;333
18;14;2875;333
19;14;2875;333
20;14;396;333
21;14;3245;333
25;14;879;333
26;14;879;333
28;14;3245;333
32;14;3798;333
33;14;3251;333
33;14;464;333
0;15;3593;333
1;15;951;333
14;15;3245;333
15;15;267;333;book1=daemons
21;15;3245;333
22;15;267;333
28;15;3245;333
33;15;688;333
33;15;3221;333
1;16;3597;333
2;16;1081;333
2;16;3591;333
3;16;3591;333
4;16;3596;333
5;16;3597;333
5;16;3600;333
6;16;956;333
6;16;3591;333
7;16;3591;333
8;16;3591;333
9;16;956;333
9;16;3591;333
10;16;3596;333
11;16;3597;333
11;16;3600;333
14;16;3223;333
15;16;3244;333
16;16;3244;333
17;16;3244;333
18;16;3224;0;descriptionDe=Professorenbüro 1;descriptionEn=Professor Office 1;lockId=201;doorLock=locked
19;16;3248;333
20;16;3244;333
21;16;3223;333
22;16;3244;333
23;16;3244;333
24;16;3244;333
25;16;3224;0;descriptionDe=Professorenbüro 2;lockId=202;doorLock=locked;descriptionEn=Professor Office 2
26;16;3248;333
27;16;3244;333
28;16;3242;333
28;16;3245;333
32;16;320;333
32;16;332;333
33;16;688;333
33;16;3245;333
11;17;3593;333
16;17;275;333
16;17;1124;333
17;17;1082;333;descriptionDe=Dekan Djironnyma;descriptionEn=Dean Djironnyma
22;17;953;333
23;17;1124;333
24;17;1082;333;descriptionDe=Professor Grimler;descriptionEn=Professor Grimler
28;17;3233;333;descriptionDe=Bibliothek;descriptionEn=Library
32;17;320;333
32;17;335;333
32;17;1914;333
33;17;688;333
33;17;3245;333
11;18;3593;333
28;18;3237;333;descriptionDe=Bibliothek;descriptionEn=Library
32;18;396;333
33;18;688;333
33;18;3245;333
11;19;3593;333
13;19;3798;333
27;19;1083;333
28;19;3245;333
33;19;688;333
33;19;3245;333
11;20;3593;333
18;20;276;333
20;20;964;333
25;20;951;333
27;20;3593;333
27;20;956;333
28;20;3220;333
28;20;3243;333
28;20;3240;333
28;20;689;333
29;20;3248;333
30;20;3248;333
31;20;3221;333
31;20;3242;333
32;20;3246;333
32;20;689;333
33;20;3240;333
33;20;689;333
33;20;688;333
11;21;3598;333
12;21;3590;333
13;21;3590;333
14;21;3590;333
15;21;3590;333
16;21;3590;333
17;21;3590;333
18;21;3590;333
19;21;3590;333
20;21;3590;333
21;21;3590;333
22;21;3590;333
23;21;3590;333
24;21;3590;333
25;21;3590;333
26;21;3590;333
27;21;3590;333
