# Illarion Server
# 
# This program is free software: you can redistribute it and/or modify it under
# the terms of the GNU Affero General Public License as published by the Free
# Software Foundation, either version 3 of the License, or (at your option) any
# later version.
# 
# This program is distributed in the hope that it will be useful, but WITHOUT
# ANY WARRANTY; without even the implied warranty of MERCHANTABILITY or FITNESS
# FOR A PARTICULAR PURPOSE.  See the GNU Affero General Public License for more
# details.
# 
# You should have received a copy of the GNU Affero General Public License along
# with this program.  If not, see <http://www.gnu.org/licenses/>.
V: 2
L: 1
X: 900
Y: 820
W: 26
H: 26
0;0;0;0
1;0;0;0
2;0;0;20
3;0;0;20
4;0;0;20
5;0;0;20
6;0;0;20
7;0;0;20
8;0;0;20
9;0;0;20
10;0;0;20
11;0;0;20
12;0;0;20
13;0;0;20
14;0;0;20
15;0;0;20
16;0;0;20
17;0;0;20
18;0;0;20
19;0;0;20
20;0;0;20
21;0;0;20
22;0;0;0
23;0;0;0
24;0;0;0
25;0;0;0
0;1;0;0
1;1;0;0
2;1;0;20
3;1;0;20
4;1;34;20
5;1;64;20
6;1;64;20
7;1;64;20
8;1;64;20
9;1;64;20
10;1;62;20
11;1;62;20
12;1;62;20
13;1;62;20
14;1;62;20
15;1;62;20
16;1;62;20
17;1;62;20
18;1;62;20
19;1;62;20
20;1;62;20
21;1;0;20
22;1;0;0
23;1;0;0
24;1;0;0
25;1;0;0
0;2;0;0
1;2;0;0
2;2;0;20
3;2;0;20
4;2;34;20
5;2;64;20
6;2;64;20
7;2;64;20
8;2;64;20
9;2;64;20
10;2;62;20
11;2;62;20
12;2;62;20
13;2;62;20
14;2;62;20
15;2;62;20
16;2;62;20
17;2;62;20
18;2;62;20
19;2;62;20
20;2;62;20
21;2;0;20
22;2;0;0
23;2;0;0
24;2;0;0
25;2;0;0
0;3;0;0
1;3;0;0
2;3;0;20
3;3;0;20
4;3;34;20
5;3;64;20
6;3;64;20
7;3;64;20
8;3;64;20
9;3;64;20
10;3;62;20
11;3;62;20
12;3;62;20
13;3;62;20
14;3;62;20
15;3;62;20
16;3;62;20
17;3;62;20
18;3;62;20
19;3;62;20
20;3;62;20
21;3;0;20
22;3;0;0
23;3;0;0
24;3;0;0
25;3;0;0
0;4;0;0
1;4;0;0
2;4;0;20
3;4;0;20
4;4;34;20
5;4;64;20
6;4;64;20
7;4;64;20
8;4;64;20
9;4;64;20
10;4;62;20
11;4;62;20
12;4;62;20
13;4;62;20
14;4;62;20
15;4;62;20
16;4;62;20
17;4;62;20
18;4;62;20
19;4;62;20
20;4;62;20
21;4;0;20
22;4;0;0
23;4;0;0
24;4;0;0
25;4;0;0
0;5;0;0
1;5;0;0
2;5;0;20
3;5;0;20
4;5;34;20
5;5;64;20
6;5;64;20
7;5;64;20
8;5;64;20
9;5;64;20
10;5;62;20
11;5;62;20
12;5;62;20
13;5;62;20
14;5;62;20
15;5;62;20
16;5;62;20
17;5;62;20
18;5;62;20
19;5;62;20
20;5;62;20
21;5;0;20
22;5;0;0
23;5;0;0
24;5;0;0
25;5;0;0
0;6;0;0
1;6;0;0
2;6;0;20
3;6;0;20
4;6;34;20
5;6;64;20
6;6;64;20
7;6;64;20
8;6;64;20
9;6;64;20
10;6;62;20
11;6;62;20
12;6;62;20
13;6;45;20
14;6;46;20
15;6;47;20
16;6;62;20
17;6;62;20
18;6;62;20
19;6;62;20
20;6;62;20
21;6;0;20
22;6;0;0
23;6;0;0
24;6;0;0
25;6;0;0
0;7;0;0
1;7;0;0
2;7;0;20
3;7;0;20
4;7;34;20
5;7;64;20
6;7;64;20
7;7;64;20
8;7;64;20
9;7;64;20
10;7;62;20
11;7;62;20
12;7;62;20
13;7;48;20
14;7;49;20
15;7;50;20
16;7;62;20
17;7;62;20
18;7;62;20
19;7;62;20
20;7;62;20
21;7;0;20
22;7;0;0
23;7;0;0
24;7;0;0
25;7;0;0
0;8;0;0
1;8;0;0
2;8;0;20
3;8;0;20
4;8;34;20
5;8;64;20
6;8;64;20
7;8;64;20
8;8;64;20
9;8;64;20
10;8;62;20
11;8;62;20
12;8;62;20
13;8;51;20
14;8;52;20
15;8;53;20
16;8;62;20
17;8;62;20
18;8;62;20
19;8;62;20
20;8;62;20
21;8;0;20
22;8;0;0
23;8;0;0
24;8;0;0
25;8;0;0
0;9;0;0
1;9;0;0
2;9;0;20
3;9;0;20
4;9;34;20
5;9;64;20
6;9;64;20
7;9;64;20
8;9;64;20
9;9;64;20
10;9;62;20
11;9;62;20
12;9;62;20
13;9;62;20
14;9;62;20
15;9;62;20
16;9;62;20
17;9;62;20
18;9;62;20
19;9;62;20
20;9;62;20
21;9;0;20
22;9;0;0
23;9;0;0
24;9;0;0
25;9;0;0
0;10;0;0
1;10;0;0
2;10;0;20
3;10;0;20
4;10;34;20
5;10;64;20
6;10;64;20
7;10;64;20
8;10;64;20
9;10;64;20
10;10;62;20
11;10;62;20
12;10;62;20
13;10;62;20
14;10;62;20
15;10;62;20
16;10;62;20
17;10;62;20
18;10;62;20
19;10;62;20
20;10;62;20
21;10;0;20
22;10;0;0
23;10;0;0
24;10;0;0
25;10;0;0
0;11;0;0
1;11;0;0
2;11;0;20
3;11;0;20
4;11;0;20
5;11;34;20
6;11;34;20
7;11;34;20
8;11;34;20
9;11;0;20
10;11;61;20
11;11;61;20
12;11;61;20
13;11;61;20
14;11;61;20
15;11;61;20
16;11;61;20
17;11;61;20
18;11;61;20
19;11;61;20
20;11;61;20
21;11;0;20
22;11;0;0
23;11;0;0
24;11;0;0
25;11;0;0
0;12;0;0
1;12;0;0
2;12;0;20
3;12;0;20
4;12;0;20
5;12;0;20
6;12;0;20
7;12;0;20
8;12;0;20
9;12;0;20
10;12;61;20
11;12;61;20
12;12;61;20
13;12;61;20
14;12;61;20
15;12;61;20
16;12;61;20
17;12;61;20
18;12;61;20
19;12;40;20
20;12;61;20
21;12;0;20
22;12;0;0
23;12;0;0
24;12;0;0
25;12;0;0
0;13;0;0
1;13;0;0
2;13;0;20
3;13;0;20
4;13;0;20
5;13;0;20
6;13;0;20
7;13;0;20
8;13;0;20
9;13;0;20
10;13;61;20
11;13;61;20
12;13;61;20
13;13;61;20
14;13;61;20
15;13;61;20
16;13;61;20
17;13;61;20
18;13;61;20
19;13;40;20
20;13;61;20
21;13;0;20
22;13;0;0
23;13;0;0
24;13;0;0
25;13;0;0
0;14;0;0
1;14;0;0
2;14;0;20
3;14;0;20
4;14;0;20
5;14;0;20
6;14;0;20
7;14;0;20
8;14;0;20
9;14;0;20
10;14;61;20
11;14;61;20
12;14;61;20
13;14;61;20
14;14;61;20
15;14;61;20
16;14;61;20
17;14;61;20
18;14;40;20
19;14;40;20
20;14;61;20
21;14;0;20
22;14;0;0
23;14;0;0
24;14;0;0
25;14;0;0
0;15;0;0
1;15;0;0
2;15;0;20
3;15;0;20
4;15;0;20
5;15;0;20
6;15;0;20
7;15;0;20
8;15;0;20
9;15;0;20
10;15;61;20
11;15;61;20
12;15;61;20
13;15;61;20
14;15;61;20
15;15;61;20
16;15;61;20
17;15;61;20
18;15;40;20
19;15;40;20
20;15;61;20
21;15;0;20
22;15;0;0
23;15;0;0
24;15;0;0
25;15;0;0
0;16;0;0
1;16;0;0
2;16;0;20
3;16;0;20
4;16;0;20
5;16;0;20
6;16;0;20
7;16;0;20
8;16;0;20
9;16;0;20
10;16;61;20
11;16;61;20
12;16;61;20
13;16;61;20
14;16;61;20
15;16;61;20
16;16;61;20
17;16;61;20
18;16;40;20
19;16;61;20
20;16;61;20
21;16;0;20
22;16;0;0
23;16;0;0
24;16;0;0
25;16;0;0
0;17;0;0
1;17;0;0
2;17;0;20
3;17;0;20
4;17;0;20
5;17;0;20
6;17;0;20
7;17;0;20
8;17;0;20
9;17;0;20
10;17;61;20
11;17;61;20
12;17;61;20
13;17;40;20
14;17;61;20
15;17;61;20
16;17;61;20
17;17;61;20
18;17;61;20
19;17;61;20
20;17;61;20
21;17;0;20
22;17;0;0
23;17;0;0
24;17;0;0
25;17;0;0
0;18;0;0
1;18;0;0
2;18;0;20
3;18;0;20
4;18;0;20
5;18;0;20
6;18;0;20
7;18;0;20
8;18;0;20
9;18;0;20
10;18;61;20
11;18;61;20
12;18;40;20
13;18;40;20
14;18;61;20
15;18;61;20
16;18;61;20
17;18;61;20
18;18;61;20
19;18;61;20
20;18;61;20
21;18;0;20
22;18;0;0
23;18;0;0
24;18;0;0
25;18;0;0
0;19;0;0
1;19;0;0
2;19;0;20
3;19;0;20
4;19;0;20
5;19;0;20
6;19;0;20
7;19;0;20
8;19;0;20
9;19;0;20
10;19;61;20
11;19;61;20
12;19;40;20
13;19;61;20
14;19;61;20
15;19;61;20
16;19;61;20
17;19;61;20
18;19;61;20
19;19;61;20
20;19;61;20
21;19;0;20
22;19;0;0
23;19;0;0
24;19;0;0
25;19;0;0
0;20;0;0
1;20;0;0
2;20;0;20
3;20;0;20
4;20;0;20
5;20;0;20
6;20;0;20
7;20;0;20
8;20;0;20
9;20;0;20
10;20;61;20
11;20;61;20
12;20;61;20
13;20;61;20
14;20;61;20
15;20;61;20
16;20;61;20
17;20;61;20
18;20;61;20
19;20;40;20
20;20;61;20
21;20;0;20
22;20;0;0
23;20;0;0
24;20;0;0
25;20;0;0
0;21;0;0
1;21;0;0
2;21;0;20
3;21;0;20
4;21;0;20
5;21;0;20
6;21;0;20
7;21;0;20
8;21;0;20
9;21;0;20
10;21;61;20
11;21;61;20
12;21;61;20
13;21;61;20
14;21;61;20
15;21;40;20
16;21;61;20
17;21;61;20
18;21;40;20
19;21;40;20
20;21;61;20
21;21;0;20
22;21;0;0
23;21;0;0
24;21;0;0
25;21;0;0
0;22;0;0
1;22;0;0
2;22;0;20
3;22;0;20
4;22;0;20
5;22;0;20
6;22;0;20
7;22;0;20
8;22;0;20
9;22;0;20
10;22;61;20
11;22;61;20
12;22;61;20
13;22;61;20
14;22;61;20
15;22;61;20
16;22;61;20
17;22;61;20
18;22;61;20
19;22;61;20
20;22;61;20
21;22;0;20
22;22;0;0
23;22;0;0
24;22;0;0
25;22;0;0
0;23;0;0
1;23;0;0
2;23;0;20
3;23;0;20
4;23;0;20
5;23;0;20
6;23;0;20
7;23;0;20
8;23;0;20
9;23;0;20
10;23;61;20
11;23;61;20
12;23;61;20
13;23;61;20
14;23;61;20
15;23;61;20
16;23;61;20
17;23;61;20
18;23;61;20
19;23;61;20
20;23;61;20
21;23;0;20
22;23;0;0
23;23;0;0
24;23;0;0
25;23;0;0
0;24;0;0
1;24;0;0
2;24;0;20
3;24;0;20
4;24;0;20
5;24;0;20
6;24;0;20
7;24;0;20
8;24;0;20
9;24;0;20
10;24;0;20
11;24;0;20
12;24;0;20
13;24;0;20
14;24;0;20
15;24;0;20
16;24;0;20
17;24;0;20
18;24;0;20
19;24;0;20
20;24;0;20
21;24;0;20
22;24;0;0
23;24;0;0
24;24;0;0
25;24;0;0
0;25;0;0
1;25;0;0
2;25;0;0
3;25;0;0
4;25;0;0
5;25;0;0
6;25;0;0
7;25;0;0
8;25;0;0
9;25;0;0
10;25;0;0
11;25;0;0
12;25;0;0
13;25;0;0
14;25;0;0
15;25;0;0
16;25;0;0
17;25;0;0
18;25;0;0
19;25;0;0
20;25;0;0
21;25;0;0
22;25;0;0
23;25;0;0
24;25;0;0
25;25;0;0
