V: 2
L: -7
X: 318
Y: 148
W: 50
H: 50
0;0;0;5
0;1;0;5
0;2;0;5
0;3;0;5
0;4;0;5
0;5;0;5
0;6;0;5
0;7;0;5
0;8;0;5
0;9;0;5
0;10;0;5
0;11;0;5
0;12;0;5
0;13;0;5
0;14;0;5
0;15;0;5
0;16;0;5
0;17;0;5
0;18;0;5
0;19;0;5
0;20;0;5
0;21;0;5
0;22;0;5
0;23;0;5
0;24;0;5
0;25;0;5
0;26;0;5
0;27;0;5
0;28;0;5
0;29;0;5
0;30;0;5
0;31;0;5
0;32;0;5
0;33;0;5
0;34;0;5
0;35;0;5
0;36;0;5
0;37;0;5
0;38;0;5
0;39;0;5
0;40;0;5
0;41;0;5
0;42;0;5
0;43;0;5
0;44;0;5
0;45;0;5
0;46;0;5
0;47;0;5
0;48;0;5
0;49;0;5
1;0;42;5
1;1;42;5
1;2;42;5
1;3;42;5
1;4;42;5
1;5;42;5
1;6;42;5
1;7;42;5
1;8;42;5
1;9;42;5
1;10;42;5
1;11;42;5
1;12;42;5
1;13;42;5
1;14;42;5
1;15;42;5
1;16;42;5
1;17;42;5
1;18;42;5
1;19;42;5
1;20;42;5
1;21;42;5
1;22;42;5
1;23;42;5
1;24;42;5
1;25;42;5
1;26;42;5
1;27;0;5
1;28;0;5
1;29;0;5
1;30;0;5
1;31;0;5
1;32;0;5
1;33;0;5
1;34;0;5
1;35;0;5
1;36;0;5
1;37;0;5
1;38;0;5
1;39;0;5
1;40;0;5
1;41;0;5
1;42;0;5
1;43;0;5
1;44;0;5
1;45;0;5
1;46;0;5
1;47;0;5
1;48;0;5
1;49;0;5
2;0;42;5
2;1;7;5
2;2;7;5
2;3;7;5
2;4;7;5
2;5;7;5
2;6;7;5
2;7;7;5
2;8;7;5
2;9;7;5
2;10;7;5
2;11;7;5
2;12;7;5
2;13;7;5
2;14;7;5
2;15;7;5
2;16;7;5
2;17;7;5
2;18;7;5
2;19;7;5
2;20;7;5
2;21;7;5
2;22;7;5
2;23;7;5
2;24;7;5
2;25;7;5
2;26;42;5
2;27;0;5
2;28;0;5
2;29;0;5
2;30;0;5
2;31;0;5
2;32;0;5
2;33;0;5
2;34;0;5
2;35;0;5
2;36;0;5
2;37;0;5
2;38;0;5
2;39;0;5
2;40;0;5
2;41;0;5
2;42;0;5
2;43;0;5
2;44;0;5
2;45;0;5
2;46;0;5
2;47;0;5
2;48;0;5
2;49;0;5
3;0;42;5
3;1;7;5
3;2;7;5
3;3;7;5
3;4;7;5
3;5;7;5
3;6;7;5
3;7;7;5
3;8;7;5
3;9;7;5
3;10;7;5
3;11;7;5
3;12;7;5
3;13;7;5
3;14;7;5
3;15;7;5
3;16;7;5
3;17;7;5
3;18;7;5
3;19;7;5
3;20;7;5
3;21;7;5
3;22;7;5
3;23;7;5
3;24;7;5
3;25;7;5
3;26;42;5
3;27;0;5
3;28;0;5
3;29;0;5
3;30;0;5
3;31;0;5
3;32;0;5
3;33;0;5
3;34;0;5
3;35;0;5
3;36;0;5
3;37;0;5
3;38;0;5
3;39;0;5
3;40;0;5
3;41;0;5
3;42;0;5
3;43;0;5
3;44;0;5
3;45;0;5
3;46;0;5
3;47;0;5
3;48;0;5
3;49;0;5
4;0;42;5
4;1;7;5
4;2;7;5
4;3;7;5
4;4;7;5
4;5;7;5
4;6;7;5
4;7;7;5
4;8;7;5
4;9;7;5
4;10;7;5
4;11;7;5
4;12;7;5
4;13;7;5
4;14;7;5
4;15;7;5
4;16;7;5
4;17;7;5
4;18;7;5
4;19;7;5
4;20;7;5
4;21;7;5
4;22;7;5
4;23;7;5
4;24;7;5
4;25;7;5
4;26;42;5
4;27;0;5
4;28;0;5
4;29;0;5
4;30;0;5
4;31;0;5
4;32;0;5
4;33;0;5
4;34;0;5
4;35;0;5
4;36;0;5
4;37;0;5
4;38;0;5
4;39;0;5
4;40;0;5
4;41;0;5
4;42;0;5
4;43;0;5
4;44;0;5
4;45;0;5
4;46;0;5
4;47;0;5
4;48;0;5
4;49;0;5
5;0;42;5
5;1;7;5
5;2;7;5
5;3;7;5
5;4;7;5
5;5;7;5
5;6;7;5
5;7;7;5
5;8;7;5
5;9;7;5
5;10;7;5
5;11;7;5
5;12;7;5
5;13;7;5
5;14;7;5
5;15;7;5
5;16;7;5
5;17;7;5
5;18;7;5
5;19;7;5
5;20;7;5
5;21;7;5
5;22;7;5
5;23;7;5
5;24;7;5
5;25;7;5
5;26;42;5
5;27;0;5
5;28;0;5
5;29;0;5
5;30;0;5
5;31;0;5
5;32;0;5
5;33;0;5
5;34;0;5
5;35;0;5
5;36;0;5
5;37;0;5
5;38;0;5
5;39;0;5
5;40;0;5
5;41;0;5
5;42;0;5
5;43;0;5
5;44;0;5
5;45;0;5
5;46;0;5
5;47;0;5
5;48;0;5
5;49;0;5
6;0;42;5
6;1;7;5
6;2;7;5
6;3;7;5
6;4;7;5
6;5;7;5
6;6;7;5
6;7;7;5
6;8;7;5
6;9;7;5
6;10;7;5
6;11;7;5
6;12;7;5
6;13;7;5
6;14;7;5
6;15;7;5
6;16;7;5
6;17;7;5
6;18;7;5
6;19;7;5
6;20;7;5
6;21;7;5
6;22;7;5
6;23;7;5
6;24;7;5
6;25;7;5
6;26;42;5
6;27;0;5
6;28;0;5
6;29;0;5
6;30;0;5
6;31;0;5
6;32;0;5
6;33;0;5
6;34;0;5
6;35;0;5
6;36;0;5
6;37;0;5
6;38;0;5
6;39;0;5
6;40;0;5
6;41;0;5
6;42;0;5
6;43;0;5
6;44;0;5
6;45;0;5
6;46;0;5
6;47;0;5
6;48;0;5
6;49;0;5
7;0;42;5
7;1;42;5
7;2;42;5
7;3;42;5
7;4;42;5
7;5;42;5
7;6;42;5
7;7;42;5
7;8;42;5
7;9;42;5
7;10;42;5
7;11;42;5
7;12;10477;5
7;13;42;5
7;14;42;5
7;15;42;5
7;16;42;5
7;17;42;5
7;18;42;5
7;19;42;5
7;20;42;5
7;21;42;5
7;22;7;5
7;23;7;5
7;24;7;5
7;25;7;5
7;26;42;5
7;27;0;5
7;28;0;5
7;29;0;5
7;30;0;5
7;31;0;5
7;32;0;5
7;33;0;5
7;34;0;5
7;35;0;5
7;36;0;5
7;37;0;5
7;38;0;5
7;39;0;5
7;40;0;5
7;41;0;5
7;42;0;5
7;43;0;5
7;44;0;5
7;45;0;5
7;46;0;5
7;47;0;5
7;48;0;5
7;49;0;5
8;0;42;5
8;1;42;5
8;2;42;5
8;3;42;5
8;4;42;5
8;5;42;5
8;6;42;5
8;7;42;5
8;8;42;5
8;9;42;5
8;10;42;5
8;11;42;5
8;12;13;5
8;13;42;5
8;14;42;5
8;15;42;5
8;16;42;5
8;17;42;5
8;18;42;5
8;19;42;5
8;20;42;5
8;21;42;5
8;22;7;5
8;23;7;5
8;24;7;5
8;25;7;5
8;26;42;5
8;27;0;5
8;28;0;5
8;29;0;5
8;30;0;5
8;31;0;5
8;32;0;5
8;33;0;5
8;34;0;5
8;35;0;5
8;36;0;5
8;37;0;5
8;38;0;5
8;39;0;5
8;40;0;5
8;41;0;5
8;42;0;5
8;43;0;5
8;44;0;5
8;45;0;5
8;46;0;5
8;47;0;5
8;48;0;5
8;49;0;5
9;0;42;5
9;1;42;5
9;2;42;5
9;3;42;5
9;4;42;5
9;5;42;5
9;6;42;5
9;7;42;5
9;8;42;5
9;9;42;5
9;10;42;5
9;11;42;5
9;12;13;5
9;13;42;5
9;14;42;5
9;15;42;5
9;16;42;5
9;17;42;5
9;18;42;5
9;19;42;5
9;20;42;5
9;21;42;5
9;22;7;5
9;23;7;5
9;24;7;5
9;25;7;5
9;26;42;5
9;27;0;5
9;28;0;5
9;29;0;5
9;30;0;5
9;31;0;5
9;32;0;5
9;33;0;5
9;34;0;5
9;35;0;5
9;36;0;5
9;37;0;5
9;38;0;5
9;39;0;5
9;40;0;5
9;41;0;5
9;42;0;5
9;43;0;5
9;44;0;5
9;45;0;5
9;46;0;5
9;47;0;5
9;48;0;5
9;49;0;5
10;0;42;5
10;1;55;5
10;2;55;5
10;3;55;5
10;4;55;5
10;5;55;5
10;6;13;5
10;7;8301;5
10;8;12397;5
10;9;12397;5
10;10;12397;5
10;11;12397;5
10;12;12397;5
10;13;12397;5
10;14;12397;5
10;15;12397;5
10;16;12397;5
10;17;7277;5
10;18;13;5
10;19;42;5
10;20;42;5
10;21;42;5
10;22;7;5
10;23;7;5
10;24;7;5
10;25;7;5
10;26;42;5
10;27;0;5
10;28;0;5
10;29;0;5
10;30;0;5
10;31;0;5
10;32;0;5
10;33;0;5
10;34;0;5
10;35;0;5
10;36;0;5
10;37;0;5
10;38;0;5
10;39;0;5
10;40;0;5
10;41;0;5
10;42;0;5
10;43;0;5
10;44;0;5
10;45;0;5
10;46;0;5
10;47;0;5
10;48;0;5
10;49;0;5
11;0;42;5
11;1;55;5
11;2;55;5
11;3;55;5
11;4;55;5
11;5;55;5
11;6;6253;5
11;7;3;5
11;8;3;5
11;9;3;5
11;10;3;5
11;11;3;5
11;12;3;5
11;13;3;5
11;14;3;5
11;15;3;5
11;16;3;5
11;17;3;5
11;18;2157;5
11;19;42;5
11;20;42;5
11;21;42;5
11;22;7;5
11;23;7;5
11;24;7;5
11;25;7;5
11;26;42;5
11;27;0;5
11;28;0;5
11;29;0;5
11;30;0;5
11;31;0;5
11;32;0;5
11;33;0;5
11;34;0;5
11;35;0;5
11;36;0;5
11;37;0;5
11;38;0;5
11;39;0;5
11;40;0;5
11;41;0;5
11;42;0;5
11;43;0;5
11;44;0;5
11;45;0;5
11;46;0;5
11;47;0;5
11;48;0;5
11;49;0;5
12;0;42;5
12;1;55;5
12;2;55;5
12;3;55;5
12;4;55;5
12;5;55;5
12;6;11373;5
12;7;3;5
12;8;3;5
12;9;3;5
12;10;3;5
12;11;3;5
12;12;3;5
12;13;3;5
12;14;3;5
12;15;3;5
12;16;3;5
12;17;3;5
12;18;9325;5
12;19;42;5
12;20;42;5
12;21;42;5
12;22;7;5
12;23;7;5
12;24;7;5
12;25;7;5
12;26;42;5
12;27;0;5
12;28;0;5
12;29;0;5
12;30;0;5
12;31;0;5
12;32;0;5
12;33;0;5
12;34;0;5
12;35;0;5
12;36;0;5
12;37;0;5
12;38;0;5
12;39;0;5
12;40;0;5
12;41;0;5
12;42;0;5
12;43;0;5
12;44;0;5
12;45;0;5
12;46;0;5
12;47;0;5
12;48;0;5
12;49;0;5
13;0;42;5
13;1;55;5
13;2;55;5
13;3;55;5
13;4;55;5
13;5;55;5
13;6;11373;5
13;7;3;5
13;8;3;5
13;9;3;5
13;10;3;5
13;11;3;5
13;12;3;5
13;13;3;5
13;14;3;5
13;15;3;5
13;16;3;5
13;17;3;5
13;18;9325;5
13;19;42;5
13;20;42;5
13;21;42;5
13;22;7;5
13;23;7;5
13;24;7;5
13;25;7;5
13;26;42;5
13;27;0;5
13;28;0;5
13;29;0;5
13;30;0;5
13;31;0;5
13;32;0;5
13;33;0;5
13;34;0;5
13;35;0;5
13;36;0;5
13;37;0;5
13;38;0;5
13;39;0;5
13;40;0;5
13;41;0;5
13;42;0;5
13;43;0;5
13;44;0;5
13;45;0;5
13;46;0;5
13;47;0;5
13;48;0;5
13;49;0;5
14;0;42;5
14;1;55;5
14;2;55;5
14;3;55;5
14;4;55;5
14;5;55;5
14;6;11373;5
14;7;3;5
14;8;3;5
14;9;3;5
14;10;3;5
14;11;3;5
14;12;3;5
14;13;3;5
14;14;3;5
14;15;3;5
14;16;3;5
14;17;3;5
14;18;9325;5
14;19;42;5
14;20;42;5
14;21;42;5
14;22;7;5
14;23;7;5
14;24;7;5
14;25;7;5
14;26;42;5
14;27;0;5
14;28;0;5
14;29;0;5
14;30;0;5
14;31;0;5
14;32;0;5
14;33;0;5
14;34;0;5
14;35;0;5
14;36;0;5
14;37;0;5
14;38;0;5
14;39;0;5
14;40;0;5
14;41;0;5
14;42;0;5
14;43;0;5
14;44;0;5
14;45;0;5
14;46;0;5
14;47;0;5
14;48;0;5
14;49;0;5
15;0;42;5
15;1;57;5
15;2;57;5
15;3;57;5
15;4;57;5
15;5;57;5
15;6;11373;5
15;7;3;5
15;8;3;5
15;9;3;5
15;10;3;5
15;11;3;5
15;12;3;5
15;13;3;5
15;14;3;5
15;15;3;5
15;16;3;5
15;17;3;5
15;18;9325;5
15;19;42;5
15;20;42;5
15;21;42;5
15;22;7;5
15;23;7;5
15;24;7;5
15;25;7;5
15;26;42;5
15;27;0;5
15;28;0;5
15;29;0;5
15;30;0;5
15;31;0;5
15;32;0;5
15;33;0;5
15;34;0;5
15;35;0;5
15;36;0;5
15;37;0;5
15;38;0;5
15;39;0;5
15;40;0;5
15;41;0;5
15;42;0;5
15;43;0;5
15;44;0;5
15;45;0;5
15;46;0;5
15;47;0;5
15;48;0;5
15;49;0;5
16;0;42;5
16;1;57;5
16;2;57;5
16;3;57;5
16;4;57;5
16;5;57;5
16;6;11373;5
16;7;3;5
16;8;3;5
16;9;3;5
16;10;3;5
16;11;3;5
16;12;3;5
16;13;3;5
16;14;3;5
16;15;3;5
16;16;3;5
16;17;3;5
16;18;9325;5
16;19;42;5
16;20;42;5
16;21;42;5
16;22;7;5
16;23;7;5
16;24;7;5
16;25;7;5
16;26;42;5
16;27;0;5
16;28;0;5
16;29;0;5
16;30;0;5
16;31;0;5
16;32;0;5
16;33;0;5
16;34;0;5
16;35;0;5
16;36;0;5
16;37;0;5
16;38;0;5
16;39;0;5
16;40;0;5
16;41;0;5
16;42;0;5
16;43;0;5
16;44;0;5
16;45;0;5
16;46;0;5
16;47;0;5
16;48;0;5
16;49;0;5
17;0;42;5
17;1;57;5
17;2;57;5
17;3;57;5
17;4;57;5
17;5;57;5
17;6;11373;5
17;7;3;5
17;8;3;5
17;9;3;5
17;10;3;5
17;11;3;5
17;12;3;5
17;13;3;5
17;14;3;5
17;15;3;5
17;16;3;5
17;17;3;5
17;18;9325;5
17;19;13;5
17;20;13;5
17;21;11501;5
17;22;7;5
17;23;7;5
17;24;7;5
17;25;7;5
17;26;42;5
17;27;0;5
17;28;0;5
17;29;0;5
17;30;0;5
17;31;0;5
17;32;0;5
17;33;0;5
17;34;0;5
17;35;0;5
17;36;0;5
17;37;0;5
17;38;0;5
17;39;0;5
17;40;0;5
17;41;0;5
17;42;0;5
17;43;0;5
17;44;0;5
17;45;0;5
17;46;0;5
17;47;0;5
17;48;0;5
17;49;0;5
18;0;42;5
18;1;57;5
18;2;57;5
18;3;57;5
18;4;57;5
18;5;57;5
18;6;11373;5
18;7;3;5
18;8;3;5
18;9;3;5
18;10;3;5
18;11;3;5
18;12;3;5
18;13;3;5
18;14;3;5
18;15;3;5
18;16;3;5
18;17;3;5
18;18;9325;5
18;19;42;5
18;20;42;5
18;21;42;5
18;22;7;5
18;23;7;5
18;24;7;5
18;25;7;5
18;26;42;5
18;27;0;5
18;28;0;5
18;29;0;5
18;30;0;5
18;31;0;5
18;32;0;5
18;33;0;5
18;34;0;5
18;35;0;5
18;36;0;5
18;37;0;5
18;38;0;5
18;39;0;5
18;40;0;5
18;41;0;5
18;42;0;5
18;43;0;5
18;44;0;5
18;45;0;5
18;46;0;5
18;47;0;5
18;48;0;5
18;49;0;5
19;0;42;5
19;1;55;5
19;2;55;5
19;3;55;5
19;4;55;5
19;5;55;5
19;6;11373;5
19;7;3;5
19;8;3;5
19;9;3;5
19;10;3;5
19;11;3;5
19;12;3;5
19;13;3;5
19;14;3;5
19;15;3;5
19;16;3;5
19;17;3;5
19;18;9325;5
19;19;42;5
19;20;42;5
19;21;42;5
19;22;7;5
19;23;7;5
19;24;7;5
19;25;7;5
19;26;42;5
19;27;0;5
19;28;0;5
19;29;0;5
19;30;0;5
19;31;0;5
19;32;0;5
19;33;0;5
19;34;0;5
19;35;0;5
19;36;0;5
19;37;0;5
19;38;0;5
19;39;0;5
19;40;0;5
19;41;0;5
19;42;0;5
19;43;0;5
19;44;0;5
19;45;0;5
19;46;0;5
19;47;0;5
19;48;0;5
19;49;0;5
20;0;42;5
20;1;55;5
20;2;55;5
20;3;55;5
20;4;55;5
20;5;55;5
20;6;11373;5
20;7;3;5
20;8;3;5
20;9;3;5
20;10;3;5
20;11;3;5
20;12;3;5
20;13;3;5
20;14;3;5
20;15;3;5
20;16;3;5
20;17;3;5
20;18;9325;5
20;19;42;5
20;20;42;5
20;21;42;5
20;22;7;5
20;23;7;5
20;24;7;5
20;25;7;5
20;26;42;5
20;27;0;5
20;28;0;5
20;29;0;5
20;30;0;5
20;31;0;5
20;32;0;5
20;33;0;5
20;34;0;5
20;35;0;5
20;36;0;5
20;37;0;5
20;38;0;5
20;39;0;5
20;40;0;5
20;41;0;5
20;42;0;5
20;43;0;5
20;44;0;5
20;45;0;5
20;46;0;5
20;47;0;5
20;48;0;5
20;49;0;5
21;0;42;5
21;1;55;5
21;2;55;5
21;3;55;5
21;4;55;5
21;5;55;5
21;6;11373;5
21;7;3;5
21;8;3;5
21;9;3;5
21;10;3;5
21;11;3;5
21;12;3;5
21;13;3;5
21;14;3;5
21;15;3;5
21;16;3;5
21;17;3;5
21;18;9325;5
21;19;42;5
21;20;42;5
21;21;42;5
21;22;7;5
21;23;7;5
21;24;7;5
21;25;7;5
21;26;42;5
21;27;0;5
21;28;0;5
21;29;0;5
21;30;0;5
21;31;0;5
21;32;0;5
21;33;0;5
21;34;0;5
21;35;0;5
21;36;0;5
21;37;0;5
21;38;0;5
21;39;0;5
21;40;0;5
21;41;0;5
21;42;0;5
21;43;0;5
21;44;0;5
21;45;0;5
21;46;0;5
21;47;0;5
21;48;0;5
21;49;0;5
22;0;42;5
22;1;55;5
22;2;55;5
22;3;55;5
22;4;55;5
22;5;55;5
22;6;11373;5
22;7;3;5
22;8;3;5
22;9;3;5
22;10;3;5
22;11;3;5
22;12;3;5
22;13;3;5
22;14;3;5
22;15;3;5
22;16;3;5
22;17;3;5
22;18;9325;5
22;19;42;5
22;20;42;5
22;21;42;5
22;22;7;5
22;23;7;5
22;24;7;5
22;25;7;5
22;26;42;5
22;27;0;5
22;28;0;5
22;29;0;5
22;30;0;5
22;31;0;5
22;32;0;5
22;33;0;5
22;34;0;5
22;35;0;5
22;36;0;5
22;37;0;5
22;38;0;5
22;39;0;5
22;40;0;5
22;41;0;5
22;42;0;5
22;43;0;5
22;44;0;5
22;45;0;5
22;46;0;5
22;47;0;5
22;48;0;5
22;49;0;5
23;0;42;5
23;1;55;5
23;2;55;5
23;3;55;5
23;4;55;5
23;5;55;5
23;6;11373;5
23;7;3;5
23;8;3;5
23;9;3;5
23;10;3;5
23;11;3;5
23;12;3;5
23;13;3;5
23;14;3;5
23;15;3;5
23;16;3;5
23;17;3;5
23;18;9325;5
23;19;42;5
23;20;42;5
23;21;42;5
23;22;7;5
23;23;7;5
23;24;7;5
23;25;7;5
23;26;42;5
23;27;0;5
23;28;0;5
23;29;0;5
23;30;0;5
23;31;0;5
23;32;0;5
23;33;0;5
23;34;0;5
23;35;0;5
23;36;0;5
23;37;0;5
23;38;0;5
23;39;0;5
23;40;0;5
23;41;0;5
23;42;0;5
23;43;0;5
23;44;0;5
23;45;0;5
23;46;0;5
23;47;0;5
23;48;0;5
23;49;0;5
24;0;42;5
24;1;55;5
24;2;55;5
24;3;55;5
24;4;55;5
24;5;55;5
24;6;11373;5
24;7;3;5
24;8;3;5
24;9;3;5
24;10;3;5
24;11;3;5
24;12;3;5
24;13;3;5
24;14;3;5
24;15;3;5
24;16;3;5
24;17;3;5
24;18;9325;5
24;19;42;5
24;20;42;5
24;21;42;5
24;22;7;5
24;23;7;5
24;24;7;5
24;25;7;5
24;26;42;5
24;27;0;5
24;28;0;5
24;29;0;5
24;30;0;5
24;31;0;5
24;32;0;5
24;33;0;5
24;34;0;5
24;35;0;5
24;36;0;5
24;37;0;5
24;38;0;5
24;39;0;5
24;40;0;5
24;41;0;5
24;42;0;5
24;43;0;5
24;44;0;5
24;45;0;5
24;46;0;5
24;47;0;5
24;48;0;5
24;49;0;5
25;0;42;5
25;1;55;5
25;2;55;5
25;3;55;5
25;4;55;5
25;5;55;5
25;6;11373;5
25;7;3;5
25;8;3;5
25;9;3;5
25;10;3;5
25;11;3;5
25;12;3;5
25;13;3;5
25;14;3;5
25;15;3;5
25;16;3;5
25;17;3;5
25;18;9325;5
25;19;42;5
25;20;42;5
25;21;42;5
25;22;7;5
25;23;7;5
25;24;7;5
25;25;7;5
25;26;42;5
25;27;0;5
25;28;0;5
25;29;0;5
25;30;0;5
25;31;0;5
25;32;0;5
25;33;0;5
25;34;0;5
25;35;0;5
25;36;0;5
25;37;0;5
25;38;0;5
25;39;0;5
25;40;0;5
25;41;0;5
25;42;0;5
25;43;0;5
25;44;0;5
25;45;0;5
25;46;0;5
25;47;0;5
25;48;0;5
25;49;0;5
26;0;42;5
26;1;55;5
26;2;55;5
26;3;55;5
26;4;55;5
26;5;55;5
26;6;5229;5
26;7;3;5
26;8;3;5
26;9;3;5
26;10;3;5
26;11;3;5
26;12;3;5
26;13;3;5
26;14;3;5
26;15;3;5
26;16;3;5
26;17;3;5
26;18;1133;5
26;19;42;5
26;20;42;5
26;21;42;5
26;22;7;5
26;23;7;5
26;24;7;5
26;25;7;5
26;26;42;5
26;27;0;5
26;28;0;5
26;29;0;5
26;30;0;5
26;31;0;5
26;32;0;5
26;33;0;5
26;34;0;5
26;35;0;5
26;36;0;5
26;37;0;5
26;38;0;5
26;39;0;5
26;40;0;5
26;41;0;5
26;42;0;5
26;43;0;5
26;44;0;5
26;45;0;5
26;46;0;5
26;47;0;5
26;48;0;5
26;49;0;5
27;0;42;5
27;1;55;5
27;2;55;5
27;3;55;5
27;4;55;5
27;5;55;5
27;6;13;5
27;7;4205;5
27;8;10349;5
27;9;10349;5
27;10;10349;5
27;11;10349;5
27;12;10349;5
27;13;10349;5
27;14;10349;5
27;15;10349;5
27;16;10349;5
27;17;3181;5
27;18;13;5
27;19;42;5
27;20;42;5
27;21;42;5
27;22;7;5
27;23;7;5
27;24;7;5
27;25;7;5
27;26;42;5
27;27;0;5
27;28;0;5
27;29;0;5
27;30;0;5
27;31;0;5
27;32;0;5
27;33;0;5
27;34;0;5
27;35;0;5
27;36;0;5
27;37;0;5
27;38;0;5
27;39;0;5
27;40;0;5
27;41;0;5
27;42;0;5
27;43;0;5
27;44;0;5
27;45;0;5
27;46;0;5
27;47;0;5
27;48;0;5
27;49;0;5
28;0;42;5
28;1;55;5
28;2;55;5
28;3;55;5
28;4;55;5
28;5;55;5
28;6;12525;5
28;7;12525;5
28;8;12525;5
28;9;12525;5
28;10;12525;5
28;11;12525;5
28;12;12525;5
28;13;12525;5
28;14;12525;5
28;15;12525;5
28;16;12525;5
28;17;12525;5
28;18;12525;5
28;19;42;5
28;20;42;5
28;21;42;5
28;22;7;5
28;23;7;5
28;24;7;5
28;25;7;5
28;26;42;5
28;27;0;5
28;28;0;5
28;29;0;5
28;30;0;5
28;31;0;5
28;32;0;5
28;33;0;5
28;34;0;5
28;35;0;5
28;36;0;5
28;37;0;5
28;38;0;5
28;39;0;5
28;40;0;5
28;41;0;5
28;42;0;5
28;43;0;5
28;44;0;5
28;45;0;0
28;46;0;0
28;47;0;0
28;48;0;0
28;49;0;0
29;0;42;5
29;1;7;5
29;2;7;5
29;3;7;5
29;4;7;5
29;5;7;5
29;6;7;5
29;7;7;5
29;8;7;5
29;9;7;5
29;10;7;5
29;11;7;5
29;12;7;5
29;13;7;5
29;14;7;5
29;15;7;5
29;16;7;5
29;17;7;5
29;18;7;5
29;19;7;5
29;20;7;5
29;21;7;5
29;22;7;5
29;23;7;5
29;24;7;5
29;25;7;5
29;26;42;5
29;27;0;5
29;28;0;5
29;29;0;5
29;30;0;5
29;31;0;5
29;32;0;5
29;33;0;5
29;34;0;5
29;35;0;5
29;36;0;5
29;37;0;5
29;38;0;5
29;39;0;5
29;40;0;5
29;41;0;5
29;42;0;5
29;43;0;5
29;44;0;5
29;45;0;0
29;46;0;0
29;47;0;0
29;48;0;0
29;49;0;0
30;0;42;5
30;1;7;5
30;2;7;5
30;3;7;5
30;4;7;5
30;5;7;5
30;6;7;5
30;7;7;5
30;8;7;5
30;9;7;5
30;10;7;5
30;11;7;5
30;12;7;5
30;13;7;5
30;14;7;5
30;15;7;5
30;16;7;5
30;17;7;5
30;18;7;5
30;19;7;5
30;20;7;5
30;21;7;5
30;22;7;5
30;23;7;5
30;24;7;5
30;25;7;5
30;26;42;5
30;27;0;5
30;28;0;5
30;29;0;5
30;30;0;5
30;31;0;5
30;32;0;5
30;33;0;5
30;34;0;5
30;35;0;5
30;36;0;5
30;37;0;5
30;38;0;5
30;39;0;5
30;40;0;5
30;41;0;5
30;42;0;5
30;43;0;5
30;44;0;5
30;45;0;0
30;46;0;0
30;47;0;0
30;48;0;0
30;49;0;0
31;0;42;5
31;1;7;5
31;2;7;5
31;3;7;5
31;4;7;5
31;5;7;5
31;6;7;5
31;7;7;5
31;8;7;5
31;9;7;5
31;10;7;5
31;11;7;5
31;12;7;5
31;13;7;5
31;14;7;5
31;15;7;5
31;16;7;5
31;17;7;5
31;18;7;5
31;19;7;5
31;20;7;5
31;21;7;5
31;22;7;5
31;23;7;5
31;24;7;5
31;25;7;5
31;26;42;5
31;27;0;5
31;28;0;5
31;29;0;5
31;30;0;5
31;31;0;5
31;32;0;5
31;33;0;5
31;34;0;5
31;35;0;5
31;36;0;5
31;37;0;5
31;38;0;5
31;39;0;5
31;40;0;5
31;41;0;5
31;42;0;5
31;43;0;5
31;44;0;5
31;45;0;0
31;46;0;0
31;47;0;0
31;48;0;0
31;49;0;0
32;0;42;5
32;1;7;5
32;2;7;5
32;3;7;5
32;4;7;5
32;5;7;5
32;6;7;5
32;7;7;5
32;8;7;5
32;9;7;5
32;10;7;5
32;11;7;5
32;12;7;5
32;13;7;5
32;14;7;5
32;15;7;5
32;16;7;5
32;17;7;5
32;18;7;5
32;19;7;5
32;20;7;5
32;21;7;5
32;22;7;5
32;23;7;5
32;24;7;5
32;25;7;5
32;26;42;5
32;27;0;5
32;28;0;5
32;29;0;5
32;30;0;5
32;31;0;5
32;32;0;5
32;33;0;5
32;34;0;5
32;35;0;5
32;36;0;5
32;37;0;5
32;38;0;5
32;39;0;5
32;40;0;5
32;41;0;5
32;42;0;5
32;43;0;5
32;44;0;5
32;45;0;0
32;46;0;0
32;47;0;0
32;48;0;0
32;49;0;0
33;0;42;5
33;1;7;5
33;2;7;5
33;3;7;5
33;4;7;5
33;5;7;5
33;6;7;5
33;7;7;5
33;8;7;5
33;9;7;5
33;10;7;5
33;11;7;5
33;12;7;5
33;13;7;5
33;14;7;5
33;15;7;5
33;16;7;5
33;17;7;5
33;18;7;5
33;19;7;5
33;20;7;5
33;21;7;5
33;22;7;5
33;23;7;5
33;24;7;5
33;25;7;5
33;26;42;5
33;27;0;5
33;28;0;5
33;29;0;5
33;30;0;5
33;31;0;5
33;32;0;5
33;33;0;5
33;34;0;5
33;35;0;5
33;36;0;5
33;37;0;5
33;38;0;5
33;39;0;5
33;40;0;5
33;41;0;5
33;42;0;5
33;43;0;5
33;44;0;5
33;45;0;0
33;46;0;0
33;47;0;0
33;48;0;0
33;49;0;0
34;0;42;5
34;1;7;5
34;2;7;5
34;3;7;5
34;4;7;5
34;5;7;5
34;6;7;5
34;7;7;5
34;8;7;5
34;9;7;5
34;10;7;5
34;11;7;5
34;12;7;5
34;13;7;5
34;14;7;5
34;15;7;5
34;16;7;5
34;17;7;5
34;18;7;5
34;19;7;5
34;20;7;5
34;21;7;5
34;22;7;5
34;23;7;5
34;24;7;5
34;25;7;5
34;26;42;5
34;27;0;5
34;28;0;5
34;29;0;5
34;30;0;5
34;31;0;5
34;32;0;5
34;33;0;5
34;34;0;5
34;35;0;5
34;36;0;5
34;37;0;5
34;38;0;5
34;39;0;5
34;40;0;5
34;41;0;5
34;42;0;5
34;43;0;5
34;44;0;5
34;45;0;0
34;46;0;0
34;47;0;0
34;48;0;0
34;49;0;0
35;0;42;5
35;1;42;5
35;2;42;5
35;3;42;5
35;4;42;5
35;5;42;5
35;6;42;5
35;7;42;5
35;8;42;5
35;9;42;5
35;10;42;5
35;11;42;5
35;12;42;5
35;13;42;5
35;14;42;5
35;15;42;5
35;16;42;5
35;17;42;5
35;18;42;5
35;19;42;5
35;20;42;5
35;21;42;5
35;22;42;5
35;23;42;5
35;24;42;5
35;25;42;5
35;26;42;5
35;27;0;5
35;28;0;5
35;29;0;5
35;30;0;5
35;31;0;5
35;32;0;5
35;33;0;5
35;34;0;5
35;35;0;5
35;36;0;5
35;37;0;5
35;38;0;5
35;39;0;5
35;40;0;5
35;41;0;5
35;42;0;5
35;43;0;5
35;44;0;5
35;45;0;0
35;46;0;0
35;47;0;0
35;48;0;0
35;49;0;0
36;0;0;5
36;1;0;5
36;2;0;5
36;3;0;5
36;4;0;5
36;5;0;5
36;6;0;5
36;7;0;5
36;8;0;5
36;9;0;5
36;10;0;5
36;11;0;5
36;12;0;5
36;13;0;5
36;14;0;5
36;15;0;5
36;16;0;5
36;17;0;5
36;18;0;5
36;19;0;5
36;20;0;5
36;21;0;5
36;22;0;5
36;23;0;5
36;24;0;5
36;25;0;5
36;26;0;5
36;27;0;5
36;28;0;5
36;29;0;5
36;30;0;5
36;31;0;5
36;32;0;5
36;33;0;5
36;34;0;5
36;35;0;5
36;36;0;5
36;37;0;5
36;38;0;5
36;39;0;5
36;40;0;5
36;41;0;5
36;42;0;5
36;43;0;5
36;44;0;5
36;45;0;0
36;46;0;0
36;47;0;0
36;48;0;0
36;49;0;0
37;0;0;5
37;1;0;5
37;2;0;5
37;3;0;5
37;4;0;5
37;5;0;5
37;6;0;5
37;7;0;5
37;8;0;5
37;9;0;5
37;10;0;5
37;11;0;5
37;12;0;5
37;13;0;5
37;14;0;5
37;15;0;5
37;16;0;5
37;17;0;5
37;18;0;5
37;19;0;5
37;20;0;5
37;21;0;5
37;22;0;5
37;23;0;5
37;24;0;5
37;25;0;5
37;26;0;5
37;27;0;5
37;28;0;5
37;29;0;5
37;30;0;5
37;31;0;5
37;32;0;5
37;33;0;5
37;34;0;5
37;35;0;5
37;36;0;5
37;37;0;5
37;38;0;5
37;39;0;5
37;40;0;5
37;41;0;5
37;42;0;5
37;43;0;5
37;44;0;5
37;45;0;0
37;46;0;0
37;47;0;0
37;48;0;0
37;49;0;0
38;0;0;5
38;1;0;5
38;2;0;5
38;3;0;5
38;4;0;5
38;5;0;5
38;6;0;5
38;7;0;5
38;8;0;5
38;9;0;5
38;10;0;5
38;11;0;5
38;12;0;5
38;13;0;5
38;14;0;5
38;15;0;5
38;16;0;5
38;17;0;5
38;18;0;5
38;19;0;5
38;20;0;5
38;21;0;5
38;22;0;5
38;23;0;5
38;24;0;5
38;25;0;5
38;26;0;5
38;27;0;5
38;28;0;5
38;29;0;5
38;30;0;5
38;31;0;5
38;32;0;5
38;33;0;5
38;34;0;5
38;35;0;5
38;36;0;5
38;37;0;5
38;38;0;5
38;39;0;5
38;40;0;5
38;41;0;5
38;42;0;5
38;43;0;5
38;44;0;5
38;45;0;0
38;46;0;0
38;47;0;0
38;48;0;0
38;49;0;0
39;0;0;5
39;1;0;5
39;2;0;5
39;3;0;5
39;4;0;5
39;5;0;5
39;6;0;5
39;7;0;5
39;8;0;5
39;9;0;5
39;10;0;5
39;11;0;5
39;12;0;5
39;13;0;5
39;14;0;5
39;15;0;5
39;16;0;5
39;17;0;5
39;18;0;5
39;19;0;5
39;20;0;5
39;21;0;5
39;22;0;5
39;23;0;5
39;24;0;5
39;25;0;5
39;26;0;5
39;27;0;5
39;28;0;5
39;29;0;5
39;30;0;5
39;31;0;5
39;32;0;5
39;33;0;5
39;34;0;5
39;35;0;5
39;36;0;5
39;37;0;5
39;38;0;5
39;39;0;5
39;40;0;5
39;41;0;5
39;42;0;5
39;43;0;5
39;44;0;5
39;45;0;0
39;46;0;0
39;47;0;0
39;48;0;0
39;49;0;0
40;0;0;5
40;1;0;5
40;2;0;5
40;3;0;5
40;4;0;5
40;5;0;5
40;6;0;5
40;7;0;5
40;8;0;5
40;9;0;5
40;10;0;5
40;11;0;5
40;12;0;5
40;13;0;5
40;14;0;5
40;15;0;5
40;16;0;5
40;17;0;5
40;18;0;5
40;19;0;5
40;20;0;5
40;21;0;5
40;22;0;5
40;23;0;5
40;24;0;5
40;25;0;5
40;26;0;5
40;27;0;5
40;28;0;5
40;29;0;5
40;30;0;5
40;31;0;5
40;32;0;5
40;33;0;5
40;34;0;5
40;35;0;5
40;36;0;5
40;37;0;5
40;38;0;5
40;39;0;5
40;40;0;5
40;41;0;5
40;42;0;5
40;43;0;5
40;44;0;5
40;45;0;0
40;46;0;0
40;47;0;0
40;48;0;0
40;49;0;0
41;0;0;5
41;1;0;5
41;2;0;5
41;3;0;5
41;4;0;5
41;5;0;5
41;6;0;5
41;7;0;5
41;8;0;5
41;9;0;5
41;10;0;5
41;11;0;5
41;12;0;5
41;13;0;5
41;14;0;5
41;15;0;5
41;16;0;5
41;17;0;5
41;18;0;5
41;19;0;5
41;20;0;5
41;21;0;5
41;22;0;5
41;23;0;5
41;24;0;5
41;25;0;5
41;26;0;5
41;27;0;5
41;28;0;5
41;29;0;5
41;30;0;5
41;31;0;5
41;32;0;5
41;33;0;5
41;34;0;5
41;35;0;5
41;36;0;5
41;37;0;5
41;38;0;5
41;39;0;5
41;40;0;5
41;41;0;5
41;42;0;5
41;43;0;5
41;44;0;0
41;45;0;0
41;46;0;0
41;47;0;0
41;48;0;0
41;49;0;0
42;0;0;5
42;1;0;5
42;2;0;5
42;3;0;5
42;4;0;5
42;5;0;5
42;6;0;5
42;7;0;5
42;8;0;5
42;9;0;5
42;10;0;5
42;11;0;5
42;12;0;5
42;13;0;5
42;14;0;5
42;15;0;5
42;16;0;5
42;17;0;5
42;18;0;5
42;19;0;5
42;20;0;5
42;21;0;5
42;22;0;5
42;23;0;5
42;24;0;5
42;25;0;5
42;26;0;5
42;27;0;5
42;28;0;5
42;29;0;5
42;30;0;5
42;31;0;5
42;32;0;5
42;33;0;5
42;34;0;5
42;35;0;5
42;36;0;5
42;37;0;5
42;38;0;5
42;39;0;5
42;40;0;5
42;41;0;0
42;42;0;0
42;43;0;0
42;44;0;0
42;45;0;0
42;46;0;0
42;47;0;0
42;48;0;0
42;49;0;0
43;0;0;5
43;1;0;5
43;2;0;5
43;3;0;5
43;4;0;5
43;5;0;5
43;6;0;5
43;7;0;5
43;8;0;5
43;9;0;5
43;10;0;5
43;11;0;5
43;12;0;5
43;13;0;5
43;14;0;5
43;15;0;5
43;16;0;5
43;17;0;5
43;18;0;5
43;19;0;5
43;20;0;5
43;21;0;5
43;22;0;5
43;23;0;5
43;24;0;5
43;25;0;5
43;26;0;5
43;27;0;5
43;28;0;5
43;29;0;5
43;30;0;5
43;31;0;5
43;32;0;5
43;33;0;5
43;34;0;5
43;35;0;5
43;36;0;5
43;37;0;5
43;38;0;5
43;39;0;5
43;40;0;5
43;41;0;0
43;42;0;0
43;43;0;0
43;44;0;0
43;45;0;0
43;46;0;0
43;47;0;0
43;48;0;0
43;49;0;0
44;0;0;5
44;1;0;5
44;2;0;5
44;3;0;5
44;4;0;5
44;5;0;5
44;6;0;5
44;7;0;5
44;8;0;5
44;9;0;5
44;10;0;5
44;11;0;5
44;12;0;5
44;13;0;5
44;14;0;5
44;15;0;5
44;16;0;5
44;17;0;5
44;18;0;5
44;19;0;5
44;20;0;5
44;21;0;5
44;22;0;5
44;23;0;5
44;24;0;5
44;25;0;5
44;26;0;5
44;27;0;5
44;28;0;5
44;29;0;5
44;30;0;5
44;31;0;5
44;32;0;5
44;33;0;5
44;34;0;5
44;35;0;5
44;36;0;5
44;37;0;5
44;38;0;5
44;39;0;5
44;40;0;5
44;41;0;0
44;42;0;0
44;43;0;0
44;44;0;0
44;45;0;0
44;46;0;0
44;47;0;0
44;48;0;0
44;49;0;0
45;0;0;5
45;1;0;5
45;2;0;5
45;3;0;5
45;4;0;5
45;5;0;5
45;6;0;5
45;7;0;5
45;8;0;5
45;9;0;5
45;10;0;5
45;11;0;5
45;12;0;5
45;13;0;5
45;14;0;5
45;15;0;5
45;16;0;5
45;17;0;5
45;18;0;5
45;19;0;5
45;20;0;5
45;21;0;5
45;22;0;5
45;23;0;5
45;24;0;5
45;25;0;5
45;26;0;5
45;27;0;5
45;28;0;5
45;29;0;5
45;30;0;5
45;31;0;5
45;32;0;5
45;33;0;5
45;34;0;5
45;35;0;5
45;36;0;5
45;37;0;5
45;38;0;5
45;39;0;0
45;40;0;0
45;41;0;0
45;42;0;0
45;43;0;0
45;44;0;0
45;45;0;0
45;46;0;0
45;47;0;0
45;48;0;0
45;49;0;0
46;0;0;5
46;1;0;5
46;2;0;5
46;3;0;5
46;4;0;5
46;5;0;5
46;6;0;5
46;7;0;5
46;8;0;5
46;9;0;5
46;10;0;5
46;11;0;5
46;12;0;5
46;13;0;5
46;14;0;5
46;15;0;5
46;16;0;5
46;17;0;5
46;18;0;5
46;19;0;5
46;20;0;5
46;21;0;5
46;22;0;5
46;23;0;5
46;24;0;5
46;25;0;5
46;26;0;5
46;27;0;5
46;28;0;5
46;29;0;5
46;30;0;5
46;31;0;5
46;32;0;5
46;33;0;5
46;34;0;5
46;35;0;5
46;36;0;5
46;37;0;5
46;38;0;5
46;39;0;0
46;40;0;0
46;41;0;0
46;42;0;0
46;43;0;0
46;44;0;0
46;45;0;0
46;46;0;0
46;47;0;0
46;48;0;0
46;49;0;0
47;0;0;5
47;1;0;5
47;2;0;5
47;3;0;5
47;4;0;5
47;5;0;5
47;6;0;5
47;7;0;5
47;8;0;5
47;9;0;5
47;10;0;5
47;11;0;5
47;12;0;5
47;13;0;5
47;14;0;5
47;15;0;5
47;16;0;5
47;17;0;5
47;18;0;5
47;19;0;5
47;20;0;5
47;21;0;5
47;22;0;5
47;23;0;5
47;24;0;5
47;25;0;5
47;26;0;5
47;27;0;5
47;28;0;5
47;29;0;5
47;30;0;5
47;31;0;5
47;32;0;5
47;33;0;5
47;34;0;5
47;35;0;5
47;36;0;5
47;37;0;5
47;38;0;5
47;39;0;0
47;40;0;0
47;41;0;0
47;42;0;0
47;43;0;0
47;44;0;0
47;45;0;0
47;46;0;0
47;47;0;0
47;48;0;0
47;49;0;0
48;0;0;5
48;1;0;5
48;2;0;5
48;3;0;5
48;4;0;5
48;5;0;5
48;6;0;5
48;7;0;5
48;8;0;5
48;9;0;5
48;10;0;5
48;11;0;5
48;12;0;5
48;13;0;5
48;14;0;5
48;15;0;5
48;16;0;5
48;17;0;5
48;18;0;5
48;19;0;5
48;20;0;5
48;21;0;5
48;22;0;5
48;23;0;5
48;24;0;5
48;25;0;5
48;26;0;5
48;27;0;5
48;28;0;5
48;29;0;5
48;30;0;5
48;31;0;5
48;32;0;5
48;33;0;0
48;34;0;0
48;35;0;0
48;36;0;0
48;37;0;0
48;38;0;0
48;39;0;0
48;40;0;0
48;41;0;0
48;42;0;0
48;43;0;0
48;44;0;0
48;45;0;0
48;46;0;0
48;47;0;0
48;48;0;0
48;49;0;0
49;0;0;5
49;1;0;5
49;2;0;5
49;3;0;5
49;4;0;5
49;5;0;5
49;6;0;5
49;7;0;5
49;8;0;5
49;9;0;5
49;10;0;5
49;11;0;5
49;12;0;5
49;13;0;5
49;14;0;5
49;15;0;5
49;16;0;5
49;17;0;5
49;18;0;5
49;19;0;5
49;20;0;5
49;21;0;5
49;22;0;5
49;23;0;5
49;24;0;5
49;25;0;5
49;26;0;5
49;27;0;5
49;28;0;5
49;29;0;5
49;30;0;5
49;31;0;5
49;32;0;5
49;33;0;0
49;34;0;0
49;35;0;0
49;36;0;0
49;37;0;0
49;38;0;0
49;39;0;0
49;40;0;0
49;41;0;0
49;42;0;0
49;43;0;0
49;44;0;0
49;45;0;0
49;46;0;0
49;47;0;0
49;48;0;0
49;49;0;0
