89;0;0;287;0;333
90;0;0;287;0;333
91;0;0;287;0;333
92;0;0;287;0;333
93;0;0;287;0;333
94;0;0;287;0;333
95;0;0;287;0;333
96;0;0;287;0;333
97;0;0;287;0;333
98;0;0;287;0;333
99;0;0;287;0;333
100;0;0;287;0;333
101;0;0;287;0;333
102;0;0;287;0;333
103;0;0;287;0;333
104;0;0;287;0;333
89;1;0;287;0;333
90;1;0;287;0;333
91;1;0;287;0;333
92;1;0;287;0;333
93;1;0;287;0;333
94;1;0;287;0;333
95;1;0;287;0;333
96;1;0;287;0;333
97;1;0;287;0;333
98;1;0;287;0;333
99;1;0;287;0;333
100;1;0;287;0;333
101;1;0;287;0;333
102;1;0;287;0;333
103;1;0;287;0;333
104;1;0;287;0;333
89;2;0;287;0;333
90;2;0;287;0;333
91;2;0;287;0;333
92;2;0;287;0;333
93;2;0;287;0;333
94;2;0;287;0;333
95;2;0;287;0;333
96;2;0;287;0;333
97;2;0;287;0;333
98;2;0;287;0;333
99;2;0;287;0;333
100;2;0;287;0;333
101;2;0;287;0;333
102;2;0;287;0;333
103;2;0;287;0;333
104;2;0;287;0;333
89;3;0;287;0;333
90;3;0;287;0;333
91;3;0;287;0;333
92;3;0;287;0;333
93;3;0;287;0;333
94;3;0;287;0;333
95;3;0;287;0;333
96;3;0;287;0;333
97;3;0;287;0;333
98;3;0;287;0;333
99;3;0;287;0;333
100;3;0;287;0;333
101;3;0;287;0;333
102;3;0;287;0;333
103;3;0;287;0;333
104;3;0;287;0;333
89;4;0;287;0;333
90;4;0;287;0;333
91;4;0;287;0;333
92;4;0;287;0;333
93;4;0;287;0;333
94;4;0;287;0;333
95;4;0;287;0;333
96;4;0;287;0;333
97;4;0;287;0;333
98;4;0;287;0;333
99;4;0;287;0;333
100;4;0;287;0;333
101;4;0;287;0;333
102;4;0;287;0;333
103;4;0;287;0;333
104;4;0;287;0;333
89;5;0;287;0;333
90;5;0;287;0;333
91;5;0;287;0;333
92;5;0;287;0;333
93;5;0;287;0;333
94;5;0;287;0;333
95;5;0;287;0;333
96;5;0;287;0;333
97;5;0;287;0;333
98;5;0;287;0;333
99;5;0;287;0;333
100;5;0;287;0;333
101;5;0;287;0;333
102;5;0;287;0;333
103;5;0;287;0;333
104;5;0;287;0;333
89;6;0;287;0;333
90;6;0;287;0;333
91;6;0;287;0;333
92;6;0;287;0;333
93;6;0;287;0;333
94;6;0;287;0;333
95;6;0;287;0;333
96;6;0;287;0;333
97;6;0;287;0;333
98;6;0;287;0;333
99;6;0;287;0;333
100;6;0;287;0;333
101;6;0;287;0;333
102;6;0;287;0;333
103;6;0;287;0;333
104;6;0;287;0;333
89;7;0;287;0;333
90;7;0;287;0;333
91;7;0;287;0;333
92;7;0;287;0;333
93;7;0;287;0;333
94;7;0;287;0;333
95;7;0;287;0;333
96;7;0;287;0;333
97;7;0;287;0;333
98;7;0;287;0;333
99;7;0;287;0;333
100;7;0;287;0;333
101;7;0;287;0;333
102;7;0;287;0;333
103;7;0;287;0;333
104;7;0;287;0;333
89;8;0;287;0;333
90;8;0;287;0;333
91;8;0;287;0;333
92;8;0;287;0;333
93;8;0;287;0;333
94;8;0;287;0;333
95;8;0;287;0;333
96;8;0;287;0;333
97;8;0;287;0;333
98;8;0;287;0;333
99;8;0;287;0;333
100;8;0;287;0;333
101;8;0;287;0;333
102;8;0;287;0;333
103;8;0;287;0;333
104;8;0;287;0;333
89;9;0;287;0;333
90;9;0;287;0;333
91;9;0;287;0;333
92;9;0;287;0;333
93;9;0;287;0;333
94;9;0;287;0;333
95;9;0;287;0;333
96;9;0;287;0;333
97;9;0;287;0;333
98;9;0;287;0;333
99;9;0;287;0;333
100;9;0;287;0;333
101;9;0;287;0;333
102;9;0;287;0;333
103;9;0;287;0;333
104;9;0;287;0;333
89;10;0;287;0;333
90;10;0;287;0;333
91;10;0;287;0;333
92;10;0;287;0;333
93;10;0;287;0;333
94;10;0;287;0;333
95;10;0;287;0;333
96;10;0;287;0;333
97;10;0;287;0;333
97;10;0;287;0;333
98;10;0;287;0;333
98;10;0;287;0;333
99;10;0;287;0;333
99;10;0;287;0;333
100;10;0;287;0;333
100;10;0;287;0;333
101;10;0;287;0;333
101;10;0;287;0;333
102;10;0;287;0;333
102;10;0;287;0;333
103;10;0;287;0;333
103;10;0;287;0;333
104;10;0;287;0;333
104;10;0;287;0;333
105;10;0;287;0;333
106;10;0;287;0;333
107;10;0;287;0;333
108;10;0;287;0;333
109;10;0;287;0;333
110;10;0;287;0;333
111;10;0;287;0;333
112;10;0;287;0;333
89;11;0;287;0;333
90;11;0;287;0;333
91;11;0;287;0;333
92;11;0;287;0;333
93;11;0;287;0;333
94;11;0;287;0;333
95;11;0;287;0;333
96;11;0;287;0;333
97;11;0;287;0;333
97;11;0;287;0;333
98;11;0;287;0;333
98;11;0;287;0;333
99;11;0;287;0;333
99;11;0;287;0;333
100;11;0;287;0;333
100;11;0;287;0;333
101;11;0;287;0;333
101;11;0;287;0;333
102;11;0;287;0;333
102;11;0;287;0;333
103;11;0;287;0;333
103;11;0;287;0;333
104;11;0;287;0;333
104;11;0;287;0;333
105;11;0;287;0;333
106;11;0;287;0;333
107;11;0;287;0;333
108;11;0;287;0;333
109;11;0;287;0;333
110;11;0;287;0;333
111;11;0;287;0;333
112;11;0;287;0;333
89;12;0;287;0;333
90;12;0;287;0;333
91;12;0;287;0;333
92;12;0;287;0;333
93;12;0;287;0;333
94;12;0;287;0;333
95;12;0;287;0;333
96;12;0;287;0;333
97;12;0;287;0;333
97;12;0;287;0;333
98;12;0;287;0;333
98;12;0;287;0;333
99;12;0;287;0;333
99;12;0;287;0;333
100;12;0;287;0;333
100;12;0;287;0;333
101;12;0;287;0;333
101;12;0;287;0;333
102;12;0;287;0;333
102;12;0;287;0;333
103;12;0;287;0;333
103;12;0;287;0;333
104;12;0;287;0;333
104;12;0;287;0;333
105;12;0;287;0;333
106;12;0;287;0;333
107;12;0;287;0;333
108;12;0;287;0;333
109;12;0;287;0;333
110;12;0;287;0;333
111;12;0;287;0;333
112;12;0;287;0;333
89;13;0;287;0;333
90;13;0;287;0;333
91;13;0;287;0;333
92;13;0;287;0;333
93;13;0;287;0;333
94;13;0;287;0;333
95;13;0;287;0;333
96;13;0;287;0;333
97;13;0;287;0;333
97;13;0;287;0;333
98;13;0;287;0;333
98;13;0;287;0;333
99;13;0;287;0;333
99;13;0;287;0;333
100;13;0;287;0;333
100;13;0;287;0;333
101;13;0;287;0;333
101;13;0;287;0;333
102;13;0;287;0;333
102;13;0;287;0;333
103;13;0;287;0;333
103;13;0;287;0;333
104;13;0;287;0;333
104;13;0;287;0;333
105;13;0;287;0;333
106;13;0;287;0;333
107;13;0;287;0;333
108;13;0;287;0;333
109;13;0;287;0;333
110;13;0;287;0;333
111;13;0;287;0;333
112;13;0;287;0;333
89;14;0;287;0;333
90;14;0;287;0;333
91;14;0;287;0;333
92;14;0;287;0;333
93;14;0;287;0;333
94;14;0;287;0;333
95;14;0;287;0;333
96;14;0;287;0;333
97;14;0;287;0;333
97;14;0;287;0;333
98;14;0;287;0;333
98;14;0;287;0;333
99;14;0;287;0;333
99;14;0;287;0;333
100;14;0;287;0;333
100;14;0;287;0;333
101;14;0;287;0;333
101;14;0;287;0;333
102;14;0;287;0;333
102;14;0;287;0;333
103;14;0;287;0;333
103;14;0;287;0;333
104;14;0;287;0;333
104;14;0;287;0;333
105;14;0;287;0;333
106;14;0;287;0;333
107;14;0;287;0;333
108;14;0;287;0;333
109;14;0;287;0;333
110;14;0;287;0;333
111;14;0;287;0;333
112;14;0;287;0;333
89;15;0;287;0;333
90;15;0;287;0;333
91;15;0;287;0;333
92;15;0;287;0;333
93;15;0;287;0;333
94;15;0;287;0;333
95;15;0;287;0;333
96;15;0;287;0;333
97;15;0;287;0;333
97;15;0;287;0;333
98;15;0;287;0;333
98;15;0;287;0;333
99;15;0;287;0;333
99;15;0;287;0;333
100;15;0;287;0;333
100;15;0;287;0;333
101;15;0;287;0;333
101;15;0;287;0;333
102;15;0;287;0;333
102;15;0;287;0;333
103;15;0;287;0;333
103;15;0;287;0;333
104;15;0;287;0;333
104;15;0;287;0;333
105;15;0;287;0;333
106;15;0;287;0;333
107;15;0;287;0;333
108;15;0;287;0;333
109;15;0;287;0;333
110;15;0;287;0;333
111;15;0;287;0;333
112;15;0;287;0;333
89;16;0;287;0;333
90;16;0;287;0;333
91;16;0;287;0;333
92;16;0;287;0;333
93;16;0;287;0;333
94;16;0;287;0;333
95;16;0;287;0;333
96;16;0;287;0;333
97;16;0;287;0;333
97;16;0;287;0;333
98;16;0;287;0;333
98;16;0;287;0;333
99;16;0;287;0;333
99;16;0;287;0;333
100;16;0;287;0;333
100;16;0;287;0;333
101;16;0;287;0;333
101;16;0;287;0;333
102;16;0;287;0;333
102;16;0;287;0;333
103;16;0;287;0;333
103;16;0;287;0;333
104;16;0;287;0;333
104;16;0;287;0;333
105;16;0;287;0;333
106;16;0;287;0;333
107;16;0;287;0;333
108;16;0;287;0;333
109;16;0;287;0;333
110;16;0;287;0;333
111;16;0;287;0;333
112;16;0;287;0;333
97;17;0;287;0;333
98;17;0;287;0;333
99;17;0;287;0;333
100;17;0;287;0;333
101;17;0;287;0;333
102;17;0;287;0;333
103;17;0;287;0;333
104;17;0;287;0;333
105;17;0;287;0;333
106;17;0;287;0;333
107;17;0;287;0;333
108;17;0;287;0;333
109;17;0;287;0;333
110;17;0;287;0;333
111;17;0;287;0;333
112;17;0;287;0;333
97;18;0;287;0;333
98;18;0;287;0;333
99;18;0;287;0;333
100;18;0;287;0;333
101;18;0;287;0;333
102;18;0;287;0;333
103;18;0;287;0;333
104;18;0;287;0;333
105;18;0;287;0;333
106;18;0;287;0;333
107;18;0;287;0;333
108;18;0;287;0;333
109;18;0;287;0;333
110;18;0;287;0;333
111;18;0;287;0;333
112;18;0;287;0;333
128;18;0;287;0;333
129;18;0;287;0;333
130;18;0;287;0;333
97;19;0;287;0;333
98;19;0;287;0;333
99;19;0;287;0;333
100;19;0;287;0;333
101;19;0;287;0;333
102;19;0;287;0;333
103;19;0;287;0;333
104;19;0;287;0;333
105;19;0;287;0;333
106;19;0;287;0;333
107;19;0;287;0;333
108;19;0;287;0;333
109;19;0;287;0;333
110;19;0;287;0;333
111;19;0;287;0;333
112;19;0;287;0;333
112;19;0;287;0;333
113;19;0;287;0;333
114;19;0;287;0;333
115;19;0;287;0;333
116;19;0;287;0;333
117;19;0;287;0;333
118;19;0;287;0;333
119;19;0;287;0;333
120;19;0;287;0;333
121;19;0;287;0;333
122;19;0;287;0;333
123;19;0;287;0;333
124;19;0;287;0;333
125;19;0;287;0;333
126;19;0;287;0;333
127;19;0;287;0;333
128;19;0;287;0;333
129;19;0;287;0;333
129;19;0;287;0;333
130;19;0;287;0;333
130;19;0;287;0;333
131;19;0;287;0;333
132;19;0;287;0;333
97;20;0;287;0;333
98;20;0;287;0;333
99;20;0;287;0;333
100;20;0;287;0;333
101;20;0;287;0;333
102;20;0;287;0;333
103;20;0;287;0;333
104;20;0;287;0;333
105;20;0;287;0;333
106;20;0;287;0;333
107;20;0;287;0;333
108;20;0;287;0;333
109;20;0;287;0;333
110;20;0;287;0;333
111;20;0;287;0;333
112;20;0;287;0;333
112;20;0;287;0;333
113;20;0;287;0;333
114;20;0;287;0;333
115;20;0;287;0;333
116;20;0;287;0;333
117;20;0;287;0;333
118;20;0;287;0;333
119;20;0;287;0;333
120;20;0;287;0;333
121;20;0;287;0;333
122;20;0;287;0;333
123;20;0;287;0;333
124;20;0;287;0;333
125;20;0;287;0;333
126;20;0;287;0;333
127;20;0;287;0;333
128;20;0;287;0;333
129;20;0;287;0;333
129;20;0;287;0;333
130;20;0;287;0;333
130;20;0;287;0;333
131;20;0;287;0;333
132;20;0;287;0;333
97;21;0;287;0;333
98;21;0;287;0;333
99;21;0;287;0;333
100;21;0;287;0;333
101;21;0;287;0;333
102;21;0;287;0;333
103;21;0;287;0;333
104;21;0;287;0;333
105;21;0;287;0;333
106;21;0;287;0;333
107;21;0;287;0;333
108;21;0;287;0;333
109;21;0;287;0;333
110;21;0;287;0;333
111;21;0;287;0;333
112;21;0;287;0;333
112;21;0;287;0;333
113;21;0;287;0;333
114;21;0;287;0;333
115;21;0;287;0;333
116;21;0;287;0;333
117;21;0;287;0;333
118;21;0;287;0;333
119;21;0;287;0;333
120;21;0;287;0;333
121;21;0;287;0;333
122;21;0;287;0;333
123;21;0;287;0;333
124;21;0;287;0;333
125;21;0;287;0;333
126;21;0;287;0;333
127;21;0;287;0;333
128;21;0;287;0;333
129;21;0;287;0;333
129;21;0;287;0;333
130;21;0;287;0;333
130;21;0;287;0;333
131;21;0;287;0;333
132;21;0;287;0;333
97;22;0;287;0;333
98;22;0;287;0;333
99;22;0;287;0;333
100;22;0;287;0;333
101;22;0;287;0;333
102;22;0;287;0;333
103;22;0;287;0;333
104;22;0;287;0;333
105;22;0;287;0;333
106;22;0;287;0;333
107;22;0;287;0;333
108;22;0;287;0;333
109;22;0;287;0;333
110;22;0;287;0;333
111;22;0;287;0;333
112;22;0;287;0;333
112;22;0;287;0;333
113;22;0;287;0;333
114;22;0;287;0;333
115;22;0;287;0;333
116;22;0;287;0;333
117;22;0;287;0;333
118;22;0;287;0;333
119;22;0;287;0;333
120;22;0;287;0;333
121;22;0;287;0;333
122;22;0;287;0;333
123;22;0;287;0;333
124;22;0;287;0;333
125;22;0;287;0;333
126;22;0;287;0;333
127;22;0;287;0;333
128;22;0;287;0;333
129;22;0;287;0;333
130;22;0;287;0;333
131;22;0;287;0;333
132;22;0;287;0;333
132;22;0;287;0;333
133;22;0;287;0;333
134;22;0;287;0;333
97;23;0;287;0;333
98;23;0;287;0;333
99;23;0;287;0;333
100;23;0;287;0;333
101;23;0;287;0;333
102;23;0;287;0;333
103;23;0;287;0;333
104;23;0;287;0;333
105;23;0;287;0;333
106;23;0;287;0;333
107;23;0;287;0;333
108;23;0;287;0;333
109;23;0;287;0;333
110;23;0;287;0;333
111;23;0;287;0;333
112;23;0;287;0;333
112;23;0;287;0;333
113;23;0;287;0;333
114;23;0;287;0;333
115;23;0;287;0;333
116;23;0;287;0;333
117;23;0;287;0;333
118;23;0;287;0;333
119;23;0;287;0;333
120;23;0;287;0;333
121;23;0;287;0;333
122;23;0;287;0;333
123;23;0;287;0;333
124;23;0;287;0;333
125;23;0;287;0;333
126;23;0;287;0;333
127;23;0;287;0;333
132;23;0;287;0;333
133;23;0;287;0;333
134;23;0;287;0;333
134;23;0;287;0;333
135;23;0;287;0;333
136;23;0;287;0;333
137;23;0;287;0;333
138;23;0;287;0;333
147;23;0;287;0;333
148;23;0;287;0;333
149;23;0;287;0;333
97;24;0;287;0;333
98;24;0;287;0;333
99;24;0;287;0;333
100;24;0;287;0;333
101;24;0;287;0;333
102;24;0;287;0;333
103;24;0;287;0;333
104;24;0;287;0;333
105;24;0;287;0;333
106;24;0;287;0;333
107;24;0;287;0;333
108;24;0;287;0;333
109;24;0;287;0;333
110;24;0;287;0;333
111;24;0;287;0;333
112;24;0;287;0;333
112;24;0;287;0;333
113;24;0;287;0;333
114;24;0;287;0;333
115;24;0;287;0;333
116;24;0;287;0;333
117;24;0;287;0;333
118;24;0;287;0;333
119;24;0;287;0;333
120;24;0;287;0;333
121;24;0;287;0;333
122;24;0;287;0;333
123;24;0;287;0;333
124;24;0;287;0;333
125;24;0;287;0;333
126;24;0;287;0;333
127;24;0;287;0;333
134;24;0;287;0;333
135;24;0;287;0;333
136;24;0;287;0;333
137;24;0;287;0;333
138;24;0;287;0;333
138;24;0;287;0;333
139;24;0;287;0;333
140;24;0;287;0;333
146;24;0;287;0;333
147;24;0;287;0;333
148;24;0;287;0;333
149;24;0;287;0;333
97;25;0;287;0;333
98;25;0;287;0;333
99;25;0;287;0;333
100;25;0;287;0;333
101;25;0;287;0;333
102;25;0;287;0;333
103;25;0;287;0;333
104;25;0;287;0;333
105;25;0;287;0;333
106;25;0;287;0;333
107;25;0;287;0;333
108;25;0;287;0;333
109;25;0;287;0;333
110;25;0;287;0;333
111;25;0;287;0;333
112;25;0;287;0;333
112;25;0;287;0;333
113;25;0;287;0;333
114;25;0;287;0;333
115;25;0;287;0;333
116;25;0;287;0;333
117;25;0;287;0;333
118;25;0;287;0;333
119;25;0;287;0;333
120;25;0;287;0;333
121;25;0;287;0;333
122;25;0;287;0;333
123;25;0;287;0;333
124;25;0;287;0;333
125;25;0;287;0;333
126;25;0;287;0;333
127;25;0;287;0;333
134;25;0;287;0;333
135;25;0;287;0;333
136;25;0;287;0;333
137;25;0;287;0;333
138;25;0;287;0;333
138;25;0;287;0;333
139;25;0;287;0;333
140;25;0;287;0;333
145;25;0;287;0;333
146;25;0;287;0;333
147;25;0;287;0;333
148;25;0;287;0;333
149;25;0;287;0;333
150;25;0;287;0;333
151;25;0;287;0;333
138;26;0;287;0;333
139;26;0;287;0;333
140;26;0;287;0;333
140;26;0;287;0;333
141;26;0;287;0;333
142;26;0;287;0;333
143;26;0;287;0;333
144;26;0;287;0;333
145;26;0;287;0;333
146;26;0;287;0;333
147;26;0;287;0;333
148;26;0;287;0;333
149;26;0;287;0;333
150;26;0;287;0;333
151;26;0;287;0;333
140;27;0;287;0;333
141;27;0;287;0;333
142;27;0;287;0;333
143;27;0;287;0;333
144;27;0;287;0;333
145;27;0;287;0;333
146;27;0;287;0;333
148;27;0;287;0;333
149;27;0;287;0;333
150;27;0;287;0;333
151;27;0;287;0;333
151;27;0;287;0;333
152;27;0;287;0;333
140;28;0;287;0;333
141;28;0;287;0;333
142;28;0;287;0;333
143;28;0;287;0;333
144;28;0;287;0;333
145;28;0;287;0;333
150;28;0;287;0;333
151;28;0;287;0;333
151;28;0;287;0;333
152;28;0;287;0;333
150;29;0;287;0;333
151;29;0;287;0;333
151;29;0;287;0;333
152;29;0;287;0;333
153;29;0;287;0;333
150;30;0;287;0;333
151;30;0;287;0;333
151;30;0;287;0;333
152;30;0;287;0;333
153;30;0;287;0;333
150;31;0;287;0;333
151;31;0;287;0;333
151;31;0;287;0;333
152;31;0;287;0;333
153;31;0;287;0;333
154;31;0;287;0;333
155;31;0;287;0;333
156;31;0;287;0;333
157;31;0;287;0;333
158;31;0;287;0;333
151;32;0;287;0;333
152;32;0;287;0;333
153;32;0;287;0;333
154;32;0;287;0;333
155;32;0;287;0;333
156;32;0;287;0;333
157;32;0;287;0;333
158;32;0;287;0;333
151;33;0;287;0;333
152;33;0;287;0;333
153;33;0;287;0;333
154;33;0;287;0;333
155;33;0;287;0;333
156;33;0;287;0;333
157;33;0;287;0;333
157;33;0;287;0;333
158;33;0;287;0;333
158;33;0;287;0;333
159;33;0;287;0;333
160;33;0;287;0;333
157;34;0;287;0;333
158;34;0;287;0;333
159;34;0;287;0;333
159;34;0;287;0;333
160;34;0;287;0;333
160;34;0;287;0;333
161;34;0;287;0;333
157;35;0;287;0;333
158;35;0;287;0;333
159;35;0;287;0;333
159;35;0;287;0;333
160;35;0;287;0;333
160;35;0;287;0;333
161;35;0;287;0;333
159;36;0;287;0;333
160;36;0;287;0;333
161;36;0;287;0;333
161;36;0;287;0;333
162;36;0;287;0;333
161;37;0;287;0;333
162;37;0;287;0;333
161;38;0;287;0;333
162;38;0;287;0;333
163;38;0;287;0;333
161;39;0;287;0;333
162;39;0;287;0;333
163;39;0;287;0;333
163;40;0;287;0;333
164;40;0;287;0;333
165;40;0;287;0;333
166;40;0;287;0;333
163;41;0;287;0;333
164;41;0;287;0;333
165;41;0;287;0;333
166;41;0;287;0;333
163;42;0;287;0;333
164;42;0;287;0;333
165;42;0;287;0;333
166;42;0;287;0;333
166;42;0;287;0;333
167;42;0;287;0;333
168;42;0;287;0;333
166;43;0;287;0;333
167;43;0;287;0;333
168;43;0;287;0;333
166;44;0;287;0;333
167;44;0;287;0;333
168;44;0;287;0;333
169;44;0;287;0;333
170;44;0;287;0;333
171;44;0;287;0;333
166;45;0;287;0;333
167;45;0;287;0;333
168;45;0;287;0;333
169;45;0;287;0;333
170;45;0;287;0;333
171;45;0;287;0;333
166;46;0;287;0;333
167;46;0;287;0;333
168;46;0;287;0;333
169;46;0;287;0;333
170;46;0;287;0;333
171;46;0;287;0;333
169;47;0;287;0;333
170;47;0;287;0;333
171;47;0;287;0;333
169;48;0;287;0;333
170;48;0;287;0;333
171;48;0;287;0;333
172;48;0;287;0;333
169;49;0;287;0;333
170;49;0;287;0;333
171;49;0;287;0;333
172;49;0;287;0;333
169;50;0;287;0;333
170;50;0;287;0;333
171;50;0;287;0;333
172;50;0;287;0;333
173;50;0;287;0;333
169;51;0;287;0;333
170;51;0;287;0;333
171;51;0;287;0;333
172;51;0;287;0;333
173;51;0;287;0;333
174;51;0;287;0;333
172;52;0;287;0;333
173;52;0;287;0;333
174;52;0;287;0;333
175;52;0;287;0;333
172;53;0;287;0;333
173;53;0;287;0;333
174;53;0;287;0;333
175;53;0;287;0;333
172;54;0;287;0;333
173;54;0;287;0;333
174;54;0;287;0;333
175;54;0;287;0;333
172;55;0;287;0;333
173;55;0;287;0;333
174;55;0;287;0;333
175;55;0;287;0;333
176;55;0;287;0;333
172;56;0;287;0;333
173;56;0;287;0;333
174;56;0;287;0;333
175;56;0;287;0;333
176;56;0;287;0;333
177;56;0;287;0;333
174;57;0;287;0;333
175;57;0;287;0;333
176;57;0;287;0;333
177;57;0;287;0;333
178;57;0;287;0;333
174;58;0;287;0;333
175;58;0;287;0;333
176;58;0;287;0;333
177;58;0;287;0;333
178;58;0;287;0;333
174;59;0;287;0;333
175;59;0;287;0;333
176;59;0;287;0;333
177;59;0;287;0;333
178;59;0;287;0;333
179;59;0;287;0;333
174;60;0;287;0;333
175;60;0;287;0;333
176;60;0;287;0;333
177;60;0;287;0;333
178;60;0;287;0;333
179;60;0;287;0;333
180;60;0;287;0;333
176;61;0;287;0;333
177;61;0;287;0;333
178;61;0;287;0;333
179;61;0;287;0;333
180;61;0;287;0;333
176;62;0;287;0;333
177;62;0;287;0;333
178;62;0;287;0;333
179;62;0;287;0;333
179;62;0;287;0;333
180;62;0;287;0;333
180;62;0;287;0;333
181;62;0;287;0;333
176;63;0;287;0;333
177;63;0;287;0;333
178;63;0;287;0;333
179;63;0;287;0;333
180;63;0;287;0;333
176;64;0;287;0;333
177;64;0;287;0;333
178;64;0;287;0;333
179;64;0;287;0;333
180;64;0;287;0;333
180;64;0;287;0;333
181;64;0;287;0;333
182;64;0;287;0;333
182;64;0;287;0;333
183;64;0;287;0;333
184;64;0;287;0;333
176;65;0;287;0;333
177;65;0;287;0;333
178;65;0;287;0;333
179;65;0;287;0;333
180;65;0;287;0;333
180;65;0;287;0;333
181;65;0;287;0;333
182;65;0;287;0;333
182;65;0;287;0;333
183;65;0;287;0;333
184;65;0;287;0;333
176;66;0;287;0;333
177;66;0;287;0;333
178;66;0;287;0;333
179;66;0;287;0;333
180;66;0;287;0;333
180;66;0;287;0;333
181;66;0;287;0;333
182;66;0;287;0;333
182;66;0;287;0;333
183;66;0;287;0;333
184;66;0;287;0;333
184;66;0;287;0;333
185;66;0;287;0;333
186;66;0;287;0;333
187;66;0;287;0;333
182;67;0;287;0;333
183;67;0;287;0;333
184;67;0;287;0;333
184;67;0;287;0;333
185;67;0;287;0;333
186;67;0;287;0;333
187;67;0;287;0;333
184;68;0;287;0;333
185;68;0;287;0;333
186;68;0;287;0;333
187;68;0;287;0;333
184;69;0;287;0;333
185;69;0;287;0;333
186;69;0;287;0;333
187;69;0;287;0;333
188;69;0;287;0;333
189;69;0;287;0;333
187;70;0;287;0;333
188;70;0;287;0;333
189;70;0;287;0;333
187;71;0;287;0;333
188;71;0;287;0;333
189;71;0;287;0;333
188;72;0;287;0;333
189;72;0;287;0;333
189;72;0;287;0;333
190;72;0;287;0;333
191;72;0;287;0;333
189;73;0;287;0;333
190;73;0;287;0;333
191;73;0;287;0;333
192;73;0;287;0;333
189;74;0;287;0;333
190;74;0;287;0;333
191;74;0;287;0;333
192;74;0;287;0;333
189;75;0;287;0;333
190;75;0;287;0;333
191;75;0;287;0;333
191;75;0;287;0;333
192;75;0;287;0;333
193;75;0;287;0;333
189;76;0;287;0;333
190;76;0;287;0;333
191;76;0;287;0;333
191;76;0;287;0;333
192;76;0;287;0;333
193;76;0;287;0;333
191;77;0;287;0;333
192;77;0;287;0;333
193;77;0;287;0;333
194;77;0;287;0;333
120;78;0;630;0;333
121;78;0;630;0;333
122;78;0;630;0;333
123;78;0;630;0;333
124;78;0;630;0;333
125;78;0;630;0;333
126;78;0;630;0;333
127;78;0;630;0;333
161;78;0;287;0;333
162;78;0;287;0;333
162;78;0;287;0;333
163;78;0;287;0;333
164;78;0;287;0;333
192;78;0;287;0;333
193;78;0;287;0;333
194;78;0;287;0;333
195;78;0;287;0;333
196;78;0;287;0;333
197;78;0;287;0;333
198;78;0;287;0;333
198;78;0;287;0;333
199;78;0;287;0;333
199;78;0;287;0;333
200;78;0;287;0;333
200;78;0;287;0;333
112;79;0;630;0;333
113;79;0;630;0;333
114;79;0;630;0;333
115;79;0;630;0;333
116;79;0;630;0;333
117;79;0;630;0;333
118;79;0;630;0;333
119;79;0;630;0;333
120;79;0;630;0;333
121;79;0;630;0;333
122;79;0;630;0;333
123;79;0;630;0;333
125;79;0;622;0;333
126;79;0;630;0;333
127;79;0;630;0;333
128;79;0;630;0;333
129;79;0;630;0;333
130;79;0;630;0;333
131;79;0;630;0;333
132;79;0;630;0;333
133;79;0;630;0;333
134;79;0;630;0;333
135;79;0;630;0;333
153;79;0;630;0;333
153;79;0;623;0;333
154;79;0;630;0;333
155;79;0;630;0;333
156;79;0;630;0;333
157;79;0;630;0;333
158;79;0;630;0;333
159;79;0;630;0;333
160;79;0;630;0;333
161;79;0;287;0;333
162;79;0;287;0;333
162;79;0;287;0;333
163;79;0;287;0;333
164;79;0;287;0;333
192;79;0;287;0;333
193;79;0;287;0;333
194;79;0;287;0;333
195;79;0;287;0;333
196;79;0;287;0;333
197;79;0;287;0;333
198;79;0;287;0;333
198;79;0;287;0;333
199;79;0;287;0;333
199;79;0;287;0;333
200;79;0;287;0;333
200;79;0;287;0;333
111;80;0;630;0;333
112;80;0;630;0;333
113;80;0;630;0;333
114;80;0;630;0;333
115;80;0;630;0;333
116;80;0;630;0;333
118;80;0;622;0;333
119;80;0;630;0;333
120;80;0;630;0;333
121;80;0;622;0;333
122;80;0;622;0;333
123;80;0;622;0;333
124;80;0;628;0;333
125;80;0;629;0;333
126;80;0;622;0;333
127;80;0;622;0;333
128;80;0;630;0;333
129;80;0;630;0;333
130;80;0;630;0;333
131;80;0;630;0;333
133;80;0;622;0;333
134;80;0;630;0;333
135;80;0;630;0;333
136;80;0;630;0;333
137;80;0;630;0;333
138;80;0;630;0;333
139;80;0;630;0;333
140;80;0;630;0;333
141;80;0;630;0;333
142;80;0;630;0;333
152;80;0;623;0;333
153;80;0;630;0;333
154;80;0;630;0;333
155;80;0;630;0;333
156;80;0;630;0;333
158;80;0;622;0;333
159;80;0;630;0;333
160;80;0;630;0;333
161;80;0;622;0;333
162;80;0;622;0;333
163;80;0;623;0;333
163;80;0;622;0;333
164;80;0;630;0;333
165;80;0;630;0;333
166;80;0;630;0;333
167;80;0;630;0;333
168;80;0;630;0;333
169;80;0;630;0;333
170;80;0;630;0;333
171;80;0;630;0;333
192;80;0;287;0;333
193;80;0;287;0;333
194;80;0;287;0;333
195;80;0;287;0;333
196;80;0;287;0;333
197;80;0;287;0;333
198;80;0;287;0;333
198;80;0;287;0;333
198;80;0;287;0;333
199;80;0;287;0;333
199;80;0;287;0;333
200;80;0;287;0;333
200;80;0;287;0;333
110;81;0;630;0;333
111;81;0;630;0;333
112;81;0;630;0;333
113;81;0;630;0;333
114;81;0;622;0;333
115;81;0;622;0;333
116;81;0;622;0;333
117;81;0;628;0;333
118;81;0;629;0;333
119;81;0;622;0;333
120;81;0;622;0;333
121;81;0;628;0;333
122;81;0;1783;0;333
122;81;0;1817;0;333
123;81;0;274;0;333
124;81;0;914;0;333
125;81;0;1782;0;333
126;81;0;386;0;333
127;81;0;623;0;333
128;81;0;630;0;333
129;81;0;622;0;333
130;81;0;622;0;333
131;81;0;622;0;333
132;81;0;628;0;333
133;81;0;629;0;333
134;81;0;622;0;333
135;81;0;622;0;333
136;81;0;630;0;333
137;81;0;630;0;333
138;81;0;630;0;333
139;81;0;630;0;333
141;81;0;622;0;333
142;81;0;630;0;333
143;81;0;630;0;333
144;81;0;630;0;333
145;81;0;630;0;333
146;81;0;630;0;333
147;81;0;630;0;333
148;81;0;630;0;333
149;81;0;630;0;333
150;81;0;630;0;333
152;81;0;623;0;333
153;81;0;630;0;333
154;81;0;622;0;333
155;81;0;622;0;333
156;81;0;622;0;333
157;81;0;628;0;333
158;81;0;629;0;333
159;81;0;622;0;333
160;81;0;622;0;333
161;81;0;628;0;333
163;81;0;623;0;333
164;81;0;630;0;333
165;81;0;630;0;333
166;81;0;630;0;333
167;81;0;630;0;333
169;81;0;622;0;333
170;81;0;630;0;333
171;81;0;630;0;333
172;81;0;287;0;333
173;81;0;287;0;333
174;81;0;287;0;333
198;81;0;287;0;333
198;81;0;287;0;333
199;81;0;287;0;333
199;81;0;287;0;333
200;81;0;287;0;333
200;81;0;287;0;333
109;82;0;630;0;333
110;82;0;630;0;333
111;82;0;630;0;333
112;82;0;622;0;333
113;82;0;622;0;333
114;82;0;628;0;333
126;82;0;1783;0;333
127;82;0;629;0;333
128;82;0;622;0;333
129;82;0;628;0;333
130;82;0;1782;0;333
131;82;0;1783;0;333
133;82;0;301;0;333
134;82;0;301;0;333
135;82;0;623;0;333
135;82;0;629;0;333
136;82;0;630;0;333
137;82;0;622;0;333
138;82;0;622;0;333
139;82;0;622;0;333
140;82;0;628;0;333
141;82;0;629;0;333
142;82;0;622;0;333
143;82;0;630;0;333
144;82;0;630;0;333
145;82;0;630;0;333
146;82;0;630;0;333
148;82;0;622;0;333
149;82;0;630;0;333
150;82;0;630;0;333
151;82;0;628;0;333
152;82;0;629;0;333
153;82;0;622;0;333
154;82;0;628;0;333
163;82;0;623;0;333
164;82;0;630;0;333
165;82;0;622;0;333
166;82;0;622;0;333
167;82;0;622;0;333
168;82;0;628;0;333
169;82;0;629;0;333
170;82;0;622;0;333
171;82;0;622;0;333
171;82;0;624;0;333
172;82;0;628;0;333
172;82;0;622;0;333
173;82;0;630;0;333
174;82;0;287;0;333
198;82;0;287;0;333
198;82;0;287;0;333
199;82;0;287;0;333
199;82;0;287;0;333
200;82;0;287;0;333
200;82;0;287;0;333
109;83;0;630;0;333
110;83;0;630;0;333
111;83;0;622;0;333
114;83;0;3195;333;0
127;83;0;273;0;333
132;83;0;1245;0;333
133;83;0;1783;0;333
134;83;0;274;0;333
135;83;0;629;0;333
136;83;0;622;0;333
137;83;0;273;0;333
138;83;0;1246;0;333
139;83;0;628;0;333
140;83;0;1782;0;333
141;83;0;386;0;333
142;83;0;627;0;333
143;83;0;630;0;333
144;83;0;622;0;333
145;83;0;622;0;333
146;83;0;622;0;333
147;83;0;628;0;333
148;83;0;629;0;333
149;83;0;622;0;333
150;83;0;622;0;333
151;83;0;628;0;333
153;83;0;386;0;333
163;83;0;629;0;333
168;83;0;1782;0;333
170;83;0;1783;0;333
173;83;0;623;0;333
174;83;0;287;0;333
175;83;0;287;0;333
176;83;0;287;0;333
198;83;0;287;0;333
198;83;0;287;0;333
199;83;0;287;0;333
199;83;0;287;0;333
200;83;0;287;0;333
200;83;0;287;0;333
201;83;0;287;0;333
109;84;0;630;0;333
110;84;0;630;0;333
114;84;0;3195;333;0
135;84;0;1782;0;333
137;84;0;308;0;333
138;84;0;1783;0;333
139;84;0;2169;0;333
142;84;0;273;0;333
143;84;0;629;0;333
144;84;0;628;0;333
145;84;0;915;0;333
146;84;0;1782;0;333
147;84;0;301;0;333
148;84;0;301;0;333
149;84;0;628;0;333
150;84;0;1783;0;333
151;84;0;914;0;333
152;84;0;274;0;333
153;84;0;1817;0;333
154;84;0;1782;0;333
173;84;0;629;0;333
174;84;0;622;0;333
175;84;0;630;0;333
176;84;0;287;0;333
198;84;0;287;0;333
198;84;0;287;0;333
199;84;0;287;0;333
199;84;0;287;0;333
200;84;0;287;0;333
200;84;0;287;0;333
201;84;0;287;0;333
109;85;0;630;0;333
110;85;0;630;0;333
114;85;0;3195;333;0
141;85;0;1783;0;333
143;85;0;308;0;333
145;85;0;1783;0;333
146;85;0;1247;0;333
148;85;0;274;0;333
149;85;0;585;0;333
150;85;0;581;0;333
175;85;0;623;0;333
176;85;0;287;0;333
177;85;0;287;0;333
198;85;0;287;0;333
198;85;0;287;0;333
199;85;0;287;0;333
199;85;0;287;0;333
200;85;0;287;0;333
200;85;0;287;0;333
201;85;0;287;0;333
109;86;0;630;0;333
110;86;0;622;0;333
111;86;0;628;0;333
114;86;0;3195;333;0
133;86;0;1782;0;333
147;86;0;1254;0;333
175;86;0;629;0;333
176;86;0;630;0;333
177;86;0;287;0;333
178;86;0;287;0;333
179;86;0;287;0;333
197;86;0;287;0;333
198;86;0;287;0;333
198;86;0;287;0;333
199;86;0;287;0;333
199;86;0;287;0;333
200;86;0;287;0;333
200;86;0;287;0;333
201;86;0;287;0;333
58;87;0;627;0;333
109;87;0;622;0;333
110;87;0;628;0;333
113;87;0;3185;333;0
114;87;0;3192;333;0
115;87;0;3192;333;0
116;87;0;3184;333;0
176;87;0;629;0;333
177;87;0;622;0;333
178;87;0;630;0;333
179;87;0;287;0;333
180;87;0;287;0;333
181;87;0;287;0;333
182;87;0;287;0;333
183;87;0;287;0;333
184;87;0;287;0;333
185;87;0;287;0;333
186;87;0;287;0;333
187;87;0;287;0;333
188;87;0;287;0;333
189;87;0;287;0;333
190;87;0;287;0;333
191;87;0;287;0;333
192;87;0;287;0;333
193;87;0;287;0;333
194;87;0;287;0;333
195;87;0;287;0;333
196;87;0;287;0;333
197;87;0;287;0;333
198;87;0;622;0;333
199;87;0;622;0;333
200;87;0;622;0;333
201;87;0;622;0;333
43;88;0;630;0;333
44;88;0;630;0;333
58;88;0;623;0;333
113;88;0;3193;333;0
116;88;0;3195;333;0
177;88;0;1782;0;333
178;88;0;629;0;333
179;88;0;622;0;333
180;88;0;622;0;333
181;88;0;622;0;333
182;88;0;622;0;333
183;88;0;597;0;333
184;88;0;597;0;333
185;88;0;622;0;333
186;88;0;622;0;333
187;88;0;622;0;333
187;88;0;624;0;333
188;88;0;622;0;333
189;88;0;622;0;333
190;88;0;622;0;333
191;88;0;597;0;333
192;88;0;597;0;333
193;88;0;622;0;333
194;88;0;622;0;333
195;88;0;622;0;333
195;88;0;624;0;333
196;88;0;622;0;333
197;88;0;622;0;333
42;89;0;630;0;333
43;89;0;630;0;333
44;89;0;630;0;333
45;89;0;630;0;333
46;89;0;630;0;333
47;89;0;630;0;333
113;89;0;3193;333;0
116;89;0;3195;333;0
179;89;0;520;0;333
181;89;0;1782;0;333
192;89;0;1782;0;333
41;90;0;630;0;333
42;90;0;630;0;333
43;90;0;630;0;333
44;90;0;630;0;333
45;90;0;630;0;333
46;90;0;630;0;333
47;90;0;630;0;333
106;90;0;630;0;333
112;90;0;1251;0;333
113;90;0;3187;333;0
114;90;0;3194;333;0
115;90;0;3194;333;0
116;90;0;3186;333;0
178;90;0;1783;0;333
191;90;0;1783;0;333
40;91;0;629;0;333
41;91;0;630;0;333
42;91;0;630;0;333
43;91;0;630;0;333
44;91;0;630;0;333
45;91;0;630;0;333
46;91;0;630;0;333
47;91;0;630;0;333
59;91;0;623;0;333
60;91;0;630;0;333
61;91;0;630;0;333
62;91;0;630;0;333
63;91;0;630;0;333
64;91;0;630;0;333
65;91;0;630;0;333
66;91;0;630;0;333
67;91;0;630;0;333
68;91;0;630;0;333
69;91;0;630;0;333
70;91;0;630;0;333
71;91;0;630;0;333
72;91;0;630;0;333
73;91;0;630;0;333
74;91;0;630;0;333
75;91;0;630;0;333
76;91;0;630;0;333
77;91;0;630;0;333
106;91;0;630;0;333
112;91;0;513;0;333
113;91;0;513;0;333
114;91;0;3195;333;0
41;92;0;629;0;333
42;92;0;622;0;333
43;92;0;622;0;333
44;92;0;630;0;333
45;92;0;630;0;333
46;92;0;630;0;333
47;92;0;630;0;333
48;92;0;630;0;333
49;92;0;630;0;333
58;92;0;627;0;333
59;92;0;630;0;333
60;92;0;630;0;333
61;92;0;630;0;333
62;92;0;630;0;333
63;92;0;630;0;333
64;92;0;630;0;333
65;92;0;630;0;333
66;92;0;630;0;333
67;92;0;630;0;333
68;92;0;630;0;333
69;92;0;630;0;333
70;92;0;630;0;333
71;92;0;630;0;333
72;92;0;630;0;333
73;92;0;630;0;333
74;92;0;630;0;333
75;92;0;630;0;333
76;92;0;630;0;333
77;92;0;630;0;333
106;92;0;630;0;333
114;92;0;3195;333;0
41;93;0;287;0;333
44;93;0;623;0;333
45;93;0;630;0;333
46;93;0;630;0;333
47;93;0;630;0;333
48;93;0;630;0;333
49;93;0;630;0;333
52;93;0;627;0;333
54;93;0;630;0;333
55;93;0;630;0;333
58;93;0;623;0;333
59;93;0;630;0;333
60;93;0;630;0;333
61;93;0;630;0;333
62;93;0;630;0;333
63;93;0;630;0;333
64;93;0;630;0;333
65;93;0;630;0;333
66;93;0;630;0;333
67;93;0;630;0;333
68;93;0;630;0;333
69;93;0;630;0;333
70;93;0;630;0;333
71;93;0;630;0;333
72;93;0;630;0;333
73;93;0;630;0;333
74;93;0;630;0;333
75;93;0;630;0;333
76;93;0;630;0;333
77;93;0;630;0;333
106;93;0;630;0;333
107;93;0;630;0;333
114;93;0;3195;333;0
41;94;0;287;0;333
43;94;0;627;0;333
45;94;0;629;0;333
45;94;0;287;0;333
46;94;0;630;0;333
47;94;0;630;0;333
48;94;0;630;0;333
49;94;0;287;0;333
50;94;0;287;0;333
52;94;0;623;0;333
53;94;0;630;0;333
54;94;0;630;0;333
55;94;0;630;0;333
58;94;0;623;0;333
59;94;0;630;0;333
60;94;0;630;0;333
61;94;0;630;0;333
62;94;0;630;0;333
63;94;0;630;0;333
64;94;0;630;0;333
65;94;0;630;0;333
66;94;0;630;0;333
67;94;0;630;0;333
68;94;0;630;0;333
69;94;0;630;0;333
70;94;0;630;0;333
71;94;0;630;0;333
72;94;0;630;0;333
73;94;0;630;0;333
74;94;0;630;0;333
75;94;0;630;0;333
76;94;0;630;0;333
77;94;0;630;0;333
106;94;0;630;0;333
107;94;0;630;0;333
108;94;0;630;0;333
114;94;0;3195;333;0
126;94;0;501;0;333
126;94;0;504;0;333
127;94;0;432;0;333
128;94;0;432;0;333
129;94;0;432;0;333
130;94;0;432;0;333
131;94;0;432;0;333
132;94;0;432;0;333
133;94;0;432;0;333
134;94;0;432;0;333
135;94;0;432;0;333
136;94;0;432;0;333
136;94;0;433;0;333
137;94;0;627;0;333
140;94;0;627;0;333
33;95;0;630;0;333
34;95;0;630;0;333
35;95;0;630;0;333
36;95;0;630;0;333
37;95;0;630;0;333
41;95;0;287;0;333
43;95;0;629;0;333
44;95;0;628;0;333
45;95;0;287;0;333
46;95;0;629;0;333
47;95;0;622;0;333
48;95;0;622;0;333
49;95;0;630;0;333
50;95;0;628;0;333
50;95;0;287;0;333
50;95;0;287;0;333
51;95;0;287;0;333
52;95;0;623;0;333
52;95;0;287;0;333
52;95;0;287;0;333
53;95;0;630;0;333
53;95;0;287;0;333
54;95;0;630;0;333
55;95;0;630;0;333
58;95;0;623;0;333
59;95;0;630;0;333
60;95;0;630;0;333
61;95;0;630;0;333
62;95;0;630;0;333
63;95;0;630;0;333
64;95;0;630;0;333
65;95;0;630;0;333
66;95;0;630;0;333
67;95;0;630;0;333
68;95;0;630;0;333
69;95;0;630;0;333
70;95;0;630;0;333
71;95;0;630;0;333
72;95;0;630;0;333
73;95;0;630;0;333
74;95;0;630;0;333
75;95;0;630;0;333
76;95;0;630;0;333
77;95;0;630;0;333
106;95;0;630;0;333
107;95;0;630;0;333
108;95;0;630;0;333
114;95;0;3195;333;0
126;95;0;501;0;333
136;95;0;433;0;333
137;95;0;623;0;333
140;95;0;629;0;333
141;95;0;628;0;333
32;96;0;630;0;333
33;96;0;630;0;333
34;96;0;630;0;333
35;96;0;630;0;333
36;96;0;630;0;333
37;96;0;630;0;333
41;96;0;287;0;333
44;96;0;623;0;333
45;96;0;287;0;333
49;96;0;629;0;333
50;96;0;622;0;333
51;96;0;622;0;333
52;96;0;629;0;333
52;96;0;622;0;333
52;96;0;624;0;333
53;96;0;622;0;333
54;96;0;622;0;333
55;96;0;622;0;333
56;96;0;628;0;333
56;96;0;287;0;333
57;96;0;287;0;333
58;96;0;623;0;333
58;96;0;287;0;333
59;96;0;630;0;333
60;96;0;630;0;333
61;96;0;630;0;333
62;96;0;630;0;333
63;96;0;630;0;333
64;96;0;630;0;333
65;96;0;630;0;333
66;96;0;630;0;333
67;96;0;630;0;333
68;96;0;630;0;333
69;96;0;630;0;333
70;96;0;630;0;333
71;96;0;630;0;333
72;96;0;630;0;333
73;96;0;630;0;333
74;96;0;630;0;333
75;96;0;630;0;333
76;96;0;630;0;333
77;96;0;630;0;333
106;96;0;630;0;333
108;96;0;630;0;333
109;96;0;630;0;333
114;96;0;3195;333;0
116;96;0;627;0;333
118;96;0;630;0;333
126;96;0;501;0;333
130;96;0;1254;0;333
137;96;0;629;0;333
32;97;0;630;0;333
33;97;0;630;0;333
34;97;0;630;0;333
35;97;0;630;0;333
36;97;0;630;0;333
37;97;0;630;0;333
39;97;0;287;0;333
40;97;0;287;0;333
41;97;0;287;0;333
43;97;0;623;0;333
44;97;0;287;0;333
45;97;0;287;0;333
49;97;0;1782;0;333
55;97;0;629;0;333
56;97;0;622;0;333
57;97;0;622;0;333
58;97;0;629;0;333
58;97;0;622;0;333
59;97;0;630;0;333
60;97;0;630;0;333
61;97;0;630;0;333
62;97;0;630;0;333
63;97;0;630;0;333
64;97;0;630;0;333
65;97;0;630;0;333
66;97;0;630;0;333
67;97;0;622;0;333
68;97;0;622;0;333
69;97;0;622;0;333
70;97;0;622;0;333
71;97;0;622;0;333
72;97;0;630;0;333
73;97;0;630;0;333
74;97;0;630;0;333
75;97;0;630;0;333
76;97;0;630;0;333
77;97;0;630;0;333
106;97;0;630;0;333
107;97;0;630;0;333
108;97;0;630;0;333
109;97;0;630;0;333
114;97;0;627;0;333
116;97;0;623;0;333
117;97;0;630;0;333
118;97;0;630;0;333
126;97;0;501;0;333
131;97;0;1251;0;333
135;97;0;627;0;333
135;97;0;1273;0;333
137;97;0;627;0;333
29;98;0;623;0;333
30;98;0;630;0;333
31;98;0;630;0;333
32;98;0;630;0;333
33;98;0;630;0;333
34;98;0;630;0;333
35;98;0;630;0;333
36;98;0;630;0;333
37;98;0;622;0;333
39;98;0;287;0;333
39;98;0;287;0;333
40;98;0;622;0;333
41;98;0;622;0;333
42;98;0;628;0;333
43;98;0;623;0;333
43;98;0;625;0;333
44;98;0;287;0;333
45;98;0;622;0;333
46;98;0;628;0;333
56;98;0;913;333;0
59;98;0;623;0;333
60;98;0;630;0;333
61;98;0;630;0;333
62;98;0;630;0;333
63;98;0;630;0;333
64;98;0;630;0;333
65;98;0;622;0;333
66;98;0;622;0;333
67;98;0;628;0;333
69;98;0;627;0;333
72;98;0;623;0;333
73;98;0;630;0;333
74;98;0;630;0;333
75;98;0;630;0;333
76;98;0;630;0;333
77;98;0;630;0;333
101;98;0;627;0;333
106;98;0;630;0;333
107;98;0;630;0;333
108;98;0;630;0;333
109;98;0;630;0;333
110;98;0;630;0;333
114;98;0;623;0;333
116;98;0;623;0;333
117;98;0;630;0;333
118;98;0;630;0;333
119;98;0;630;0;333
120;98;0;630;0;333
126;98;0;501;0;333
135;98;0;629;0;333
136;98;0;628;0;333
137;98;0;623;0;333
140;98;0;1273;0;333
29;99;0;626;0;333
29;99;0;287;0;333
30;99;0;630;0;333
31;99;0;630;0;333
32;99;0;630;0;333
33;99;0;630;0;333
34;99;0;630;0;333
35;99;0;630;0;333
36;99;0;630;0;333
37;99;0;287;0;333
38;99;0;287;0;333
39;99;0;287;0;333
43;99;0;623;0;333
44;99;0;287;0;333
46;99;0;627;0;333
47;99;0;626;0;333
59;99;0;623;0;333
59;99;0;625;0;333
60;99;0;630;0;333
61;99;0;630;0;333
62;99;0;630;0;333
63;99;0;622;0;333
64;99;0;622;0;333
65;99;0;628;0;333
69;99;0;629;0;333
70;99;0;628;0;333
72;99;0;623;0;333
73;99;0;630;0;333
74;99;0;630;0;333
75;99;0;630;0;333
76;99;0;630;0;333
77;99;0;630;0;333
78;99;0;630;0;333
79;99;0;630;0;333
80;99;0;630;0;333
81;99;0;630;0;333
82;99;0;630;0;333
83;99;0;630;0;333
84;99;0;630;0;333
85;99;0;630;0;333
86;99;0;630;0;333
87;99;0;630;0;333
88;99;0;630;0;333
89;99;0;630;0;333
90;99;0;630;0;333
91;99;0;630;0;333
92;99;0;630;0;333
93;99;0;630;0;333
94;99;0;630;0;333
95;99;0;630;0;333
96;99;0;630;0;333
97;99;0;630;0;333
98;99;0;630;0;333
99;99;0;622;0;333
100;99;0;628;0;333
102;99;0;623;0;333
103;99;0;630;0;333
104;99;0;630;0;333
105;99;0;630;0;333
106;99;0;630;0;333
107;99;0;630;0;333
108;99;0;630;0;333
109;99;0;630;0;333
110;99;0;630;0;333
112;99;0;627;0;333
116;99;0;623;0;333
117;99;0;630;0;333
118;99;0;630;0;333
119;99;0;630;0;333
120;99;0;630;0;333
126;99;0;501;0;333
137;99;0;623;0;333
138;99;0;630;0;333
29;100;0;287;0;333
30;100;0;623;0;333
31;100;0;630;0;333
32;100;0;630;0;333
33;100;0;630;0;333
34;100;0;630;0;333
35;100;0;622;0;333
36;100;0;622;0;333
37;100;0;628;0;333
37;100;0;622;0;333
38;100;0;622;0;333
38;100;0;624;0;333
39;100;0;622;0;333
40;100;0;628;0;333
43;100;0;629;0;333
44;100;0;622;0;333
45;100;0;628;0;333
46;100;0;629;0;333
47;100;0;627;0;333
47;100;0;628;0;333
48;100;0;626;0;333
59;100;0;623;0;333
60;100;0;630;0;333
61;100;0;630;0;333
62;100;0;630;0;333
72;100;0;629;0;333
73;100;0;630;0;333
74;100;0;630;0;333
75;100;0;630;0;333
76;100;0;630;0;333
77;100;0;630;0;333
78;100;0;630;0;333
79;100;0;630;0;333
80;100;0;630;0;333
81;100;0;630;0;333
82;100;0;630;0;333
83;100;0;630;0;333
84;100;0;630;0;333
85;100;0;630;0;333
86;100;0;630;0;333
87;100;0;630;0;333
88;100;0;630;0;333
89;100;0;630;0;333
90;100;0;630;0;333
91;100;0;630;0;333
92;100;0;630;0;333
93;100;0;630;0;333
94;100;0;630;0;333
95;100;0;630;0;333
96;100;0;630;0;333
97;100;0;622;0;333
98;100;0;622;0;333
99;100;0;628;0;333
102;100;0;623;0;333
103;100;0;630;0;333
104;100;0;630;0;333
105;100;0;630;0;333
106;100;0;630;0;333
107;100;0;630;0;333
108;100;0;630;0;333
109;100;0;630;0;333
110;100;0;630;0;333
111;100;0;630;0;333
112;100;0;629;0;333
113;100;0;622;0;333
114;100;0;630;0;333
116;100;0;629;0;333
118;100;0;630;0;333
119;100;0;630;0;333
120;100;0;630;0;333
126;100;0;501;0;333
132;100;0;1273;0;333
137;100;0;626;0;333
138;100;0;622;0;333
139;100;0;628;0;333
140;100;0;629;0;333
141;100;0;628;0;333
29;101;0;287;0;333
30;101;0;629;0;333
31;101;0;630;0;333
32;101;0;622;0;333
33;101;0;622;0;333
34;101;0;622;0;333
35;101;0;628;0;333
41;101;0;2805;0;333
42;101;0;12;0;333
43;101;0;12;0;333
44;101;0;12;0;333
45;101;0;12;0;333
46;101;0;2805;0;333
47;101;0;629;0;333
48;101;0;628;0;333
58;101;0;627;0;333
59;101;0;629;0;333
60;101;0;622;0;333
61;101;0;628;0;333
61;101;0;622;0;333
62;101;0;622;0;333
63;101;0;628;0;333
73;101;0;629;0;333
74;101;0;629;0;333
75;101;0;630;0;333
76;101;0;630;0;333
77;101;0;630;0;333
78;101;0;630;0;333
79;101;0;630;0;333
80;101;0;630;0;333
81;101;0;630;0;333
82;101;0;630;0;333
83;101;0;630;0;333
84;101;0;630;0;333
85;101;0;630;0;333
86;101;0;630;0;333
87;101;0;630;0;333
88;101;0;630;0;333
89;101;0;630;0;333
90;101;0;630;0;333
91;101;0;630;0;333
92;101;0;630;0;333
93;101;0;622;0;333
94;101;0;622;0;333
95;101;0;622;0;333
96;101;0;622;0;333
102;101;0;623;0;333
103;101;0;630;0;333
104;101;0;630;0;333
105;101;0;630;0;333
106;101;0;630;0;333
107;101;0;630;0;333
108;101;0;630;0;333
109;101;0;630;0;333
110;101;0;630;0;333
111;101;0;630;0;333
113;101;0;1254;0;333
114;101;0;629;0;333
115;101;0;1273;0;333
116;101;0;1273;0;333
117;101;0;630;0;333
119;101;0;628;0;333
126;101;0;501;0;333
141;101;0;433;0;333
29;102;0;287;0;333
30;102;0;622;0;333
31;102;0;629;0;333
31;102;0;622;0;333
32;102;0;622;0;333
32;102;0;624;0;333
33;102;0;622;0;333
34;102;0;628;0;333
58;102;0;623;0;333
60;102;0;628;0;333
64;102;0;3185;333;0
65;102;0;3192;333;0
66;102;0;3192;333;0
67;102;0;3184;333;0
67;102;0;220;333;0
73;102;0;627;0;333
74;102;0;630;0;333
75;102;0;630;0;333
76;102;0;630;0;333
77;102;0;630;0;333
78;102;0;630;0;333
79;102;0;630;0;333
80;102;0;630;0;333
81;102;0;630;0;333
82;102;0;630;0;333
83;102;0;630;0;333
84;102;0;630;0;333
85;102;0;630;0;333
86;102;0;630;0;333
87;102;0;630;0;333
88;102;0;630;0;333
89;102;0;630;0;333
90;102;0;630;0;333
91;102;0;630;0;333
92;102;0;630;0;333
99;102;0;1245;0;333
102;102;0;627;0;333
103;102;0;622;0;333
104;102;0;630;0;333
105;102;0;630;0;333
106;102;0;630;0;333
107;102;0;630;0;333
108;102;0;630;0;333
109;102;0;630;0;333
110;102;0;630;0;333
111;102;0;630;0;333
116;102;0;630;0;333
118;102;0;628;0;333
126;102;0;501;0;333
131;102;0;1254;0;333
132;102;0;1251;0;333
141;102;0;433;0;333
27;103;0;287;0;333
28;103;0;287;0;333
28;103;0;287;0;333
29;103;0;287;0;333
58;103;0;629;0;333
59;103;0;3187;333;0
60;103;0;3194;333;0
61;103;0;3194;333;0
62;103;0;3194;333;0
63;103;0;3194;333;0
64;103;0;3193;333;0
67;103;0;3195;333;0
68;103;0;3194;333;0
69;103;0;3194;333;0
70;103;0;3194;333;0
71;103;0;3194;333;0
72;103;0;3194;333;0
73;103;0;3194;333;0
73;103;0;629;333;0
74;103;0;630;0;333
75;103;0;630;0;333
75;103;0;673;0;333
76;103;0;630;0;333
77;103;0;630;0;333
78;103;0;630;0;333
79;103;0;630;0;333
80;103;0;630;0;333
81;103;0;630;0;333
82;103;0;630;0;333
83;103;0;630;0;333
84;103;0;630;0;333
85;103;0;630;0;333
86;103;0;622;0;333
87;103;0;622;0;333
88;103;0;622;0;333
89;103;0;622;0;333
90;103;0;622;0;333
91;103;0;622;0;333
92;103;0;622;0;333
93;103;0;628;0;333
96;103;0;1251;0;333
101;103;0;1245;0;333
104;103;0;630;0;333
105;103;0;630;0;333
106;103;0;622;0;333
107;103;0;622;0;333
108;103;0;622;0;333
109;103;0;622;0;333
110;103;0;622;0;333
111;103;0;622;0;333
112;103;0;628;0;333
115;103;0;630;0;333
116;103;0;630;0;333
126;103;0;501;0;333
130;103;0;1257;0;333
141;103;0;433;0;333
27;104;0;287;0;333
28;104;0;287;0;333
29;104;0;622;0;333
30;104;0;628;0;333
64;104;0;3193;333;0
67;104;0;3195;333;0
67;104;0;220;333;0
76;104;0;630;0;333
77;104;0;630;0;333
78;104;0;630;0;333
79;104;0;630;0;333
80;104;0;630;0;333
81;104;0;630;0;333
82;104;0;630;0;333
83;104;0;630;0;333
84;104;0;630;0;333
85;104;0;630;0;333
104;104;0;629;0;333
105;104;0;629;0;333
106;104;0;628;0;333
109;104;0;1251;0;333
114;104;0;623;0;333
115;104;0;630;0;333
117;104;0;628;0;333
126;104;0;501;0;333
131;104;0;1254;0;333
140;104;0;1273;0;333
141;104;0;433;0;333
25;105;0;287;0;333
26;105;0;287;0;333
27;105;0;287;0;333
27;105;0;287;0;333
27;105;0;287;0;333
28;105;0;287;0;333
32;105;0;913;333;0
64;105;0;3187;333;0
65;105;0;3194;333;0
66;105;0;3194;333;0
67;105;0;3186;333;0
73;105;0;623;0;333
74;105;0;630;0;333
75;105;0;630;0;333
76;105;0;630;0;333
77;105;0;630;0;333
78;105;0;630;0;333
79;105;0;630;0;333
80;105;0;630;0;333
81;105;0;630;0;333
82;105;0;630;0;333
83;105;0;630;0;333
84;105;0;630;0;333
85;105;0;630;0;333
90;105;0;1251;0;333
91;105;0;1245;0;333
94;105;0;3185;333;0
95;105;0;3192;333;0
96;105;0;3192;333;0
97;105;0;3184;333;0
99;105;0;1254;0;333
114;105;0;623;0;333
115;105;0;629;333;0
116;105;0;628;0;333
126;105;0;501;0;333
141;105;0;433;0;333
25;106;0;287;0;333
26;106;0;287;0;333
27;106;0;287;0;333
28;106;0;622;0;333
29;106;0;628;0;333
71;106;0;1245;0;333
73;106;0;623;0;333
74;106;0;630;0;333
75;106;0;630;0;333
76;106;0;630;0;333
77;106;0;630;0;333
78;106;0;630;0;333
79;106;0;630;0;333
80;106;0;630;0;333
81;106;0;630;0;333
82;106;0;630;0;333
83;106;0;630;0;333
84;106;0;673;0;333
84;106;0;630;0;333
85;106;0;673;0;333
85;106;0;622;0;333
86;106;0;3192;333;0
87;106;0;3192;333;0
88;106;0;3192;333;0
89;106;0;3192;333;0
90;106;0;3192;333;0
91;106;0;3192;333;0
92;106;0;3192;333;0
93;106;0;3192;333;0
94;106;0;3193;333;0
97;106;0;3195;333;0
98;106;0;3192;333;0
99;106;0;3192;333;0
100;106;0;3192;333;0
101;106;0;3192;333;0
102;106;0;3192;333;0
103;106;0;3192;333;0
104;106;0;3192;333;0
105;106;0;3192;333;0
106;106;0;3192;333;0
107;106;0;3192;333;0
108;106;0;3192;333;0
109;106;0;3192;333;0
110;106;0;3192;333;0
111;106;0;3192;333;0
112;106;0;3192;333;0
112;106;0;3192;333;0
113;106;0;3192;333;0
114;106;0;3192;333;0
114;106;0;629;333;0
115;106;0;628;333;0
115;106;0;3192;333;0
115;106;0;3186;333;0
115;106;0;628;333;0
115;106;0;629;333;0
126;106;0;501;0;333
131;106;0;1273;0;333
139;106;0;1254;0;333
141;106;0;433;0;333
24;107;0;287;0;333
25;107;0;630;0;333
25;107;0;287;0;333
25;107;0;287;0;333
26;107;0;630;0;333
26;107;0;287;0;333
27;107;0;287;0;333
72;107;0;1254;0;333
73;107;0;629;0;333
74;107;0;622;0;333
75;107;0;622;0;333
76;107;0;630;0;333
77;107;0;630;0;333
78;107;0;630;0;333
79;107;0;630;0;333
80;107;0;630;0;333
81;107;0;630;0;333
82;107;0;630;0;333
83;107;0;630;0;333
84;107;0;630;0;333
85;107;0;3194;333;0
85;107;0;628;333;0
86;107;0;3194;333;0
87;107;0;3194;333;0
88;107;0;3194;333;0
89;107;0;3194;333;0
90;107;0;3194;333;0
91;107;0;3194;333;0
92;107;0;3194;333;0
93;107;0;3194;333;0
94;107;0;3193;333;0
97;107;0;3195;333;0
98;107;0;3192;333;0
99;107;0;3192;333;0
100;107;0;3192;333;0
101;107;0;3192;333;0
102;107;0;3192;333;0
103;107;0;3192;333;0
104;107;0;3192;333;0
105;107;0;3192;333;0
106;107;0;3192;333;0
107;107;0;3192;333;0
108;107;0;3192;333;0
109;107;0;3192;333;0
110;107;0;3192;333;0
111;107;0;3192;333;0
112;107;0;3192;333;0
113;107;0;3192;333;0
114;107;0;3192;333;0
115;107;0;3192;333;0
126;107;0;501;0;333
139;107;0;627;0;333
141;107;0;433;0;333
24;108;0;630;0;333
24;108;0;287;0;333
24;108;0;287;0;333
25;108;0;622;0;333
25;108;0;287;0;333
25;108;0;287;0;333
26;108;0;622;0;333
27;108;0;628;0;333
27;108;0;622;0;333
28;108;0;628;0;333
72;108;0;273;0;333
72;108;0;1782;0;333
74;108;0;1783;0;333
76;108;0;629;0;333
77;108;0;630;0;333
78;108;0;629;0;333
79;108;0;622;0;333
80;108;0;622;0;333
81;108;0;622;0;333
82;108;0;622;0;333
83;108;0;622;0;333
84;108;0;628;0;333
94;108;0;3187;333;0
95;108;0;3194;333;0
96;108;0;3194;333;0
97;108;0;3186;333;0
126;108;0;501;0;333
131;108;0;503;0;333
131;108;0;504;0;333
132;108;0;500;0;333
133;108;0;500;0;333
134;108;0;500;0;333
135;108;0;500;0;333
136;108;0;500;0;333
137;108;0;500;0;333
138;108;0;500;0;333
139;108;0;500;0;333
139;108;0;629;0;333
140;108;0;628;0;333
141;108;0;502;0;333
141;108;0;500;0;333
24;109;0;629;0;333
24;109;0;287;0;333
25;109;0;1245;0;333
25;109;0;628;0;333
25;109;0;287;0;333
26;109;0;1245;0;333
77;109;0;629;0;333
83;109;0;1257;0;333
84;109;0;1257;0;333
126;109;0;501;0;333
130;109;0;501;0;333
130;109;0;504;0;333
23;110;0;287;0;333
24;110;0;287;0;333
25;110;0;1245;0;333
25;110;0;622;0;333
26;110;0;1245;0;333
28;110;0;911;333;0
79;110;0;1783;0;333
80;110;0;1245;0;333
83;110;0;1245;0;333
126;110;0;503;0;333
127;110;0;500;0;333
128;110;0;500;0;333
129;110;0;500;0;333
130;110;0;500;0;333
130;110;0;502;0;333
22;111;0;287;0;333
23;111;0;287;0;333
24;111;0;287;0;333
81;111;0;1817;0;333
21;112;0;287;0;333
22;112;0;287;0;333
22;112;0;287;0;333
23;112;0;287;0;333
24;112;0;622;0;333
36;112;0;1862;0;333
36;112;0;692;333;0
50;112;0;1862;0;333
50;112;0;692;333;0
81;112;0;1254;0;333
82;112;0;1782;0;333
19;113;0;287;0;333
20;113;0;287;0;333
21;113;0;287;0;333
21;113;0;287;0;333
22;113;0;287;0;333
22;113;0;287;0;333
23;113;0;287;0;333
19;114;0;287;0;333
20;114;0;287;0;333
20;114;0;287;0;333
21;114;0;287;0;333
21;114;0;287;0;333
22;114;0;622;0;333
23;114;0;622;0;333
24;114;0;628;0;333
19;115;0;287;0;333
20;115;0;287;0;333
20;115;0;287;0;333
21;115;0;287;0;333
21;115;0;287;0;333
18;116;0;627;0;333
20;116;0;287;0;333
21;116;0;287;0;333
18;117;0;623;0;333
19;117;0;630;0;333
20;117;0;630;0;333
21;117;0;630;0;333
22;117;0;630;0;333
18;118;0;623;0;333
19;118;0;630;0;333
20;118;0;630;0;333
21;118;0;630;0;333
22;118;0;630;0;333
18;119;0;623;0;333
19;119;0;630;0;333
20;119;0;630;0;333
21;119;0;630;0;333
22;119;0;630;0;333
18;120;0;629;0;333
19;120;0;630;0;333
20;120;0;630;0;333
21;120;0;630;0;333
22;120;0;630;0;333
136;120;0;3132;333;0
136;120;0;3129;333;0
137;120;0;432;0;333
138;120;0;432;0;333
139;120;0;432;0;333
140;120;0;432;0;333
141;120;0;432;0;333
141;120;0;433;0;333
19;121;0;629;0;333
20;121;0;629;0;333
21;121;0;630;0;333
22;121;0;630;0;333
136;121;0;3129;333;0
138;121;0;1246;0;333
141;121;0;433;0;333
21;122;0;629;0;333
22;122;0;622;0;333
23;122;0;287;0;333
29;122;0;627;0;333
136;122;0;3129;333;0
138;122;0;1245;0;333
141;122;0;433;0;333
23;123;0;629;0;333
24;123;0;630;0;333
25;123;0;630;0;333
29;123;0;623;0;333
136;123;0;3129;333;0
141;123;0;433;0;333
144;123;0;623;0;333
145;123;0;287;0;333
146;123;0;287;0;333
147;123;0;287;0;333
148;123;0;287;0;333
149;123;0;287;0;333
150;123;0;287;0;333
151;123;0;287;0;333
152;123;0;287;0;333
153;123;0;287;0;333
154;123;0;287;0;333
24;124;0;629;0;333
25;124;0;630;0;333
29;124;0;629;0;333
30;124;0;630;0;333
31;124;0;630;0;333
32;124;0;630;0;333
136;124;0;3129;333;0
141;124;0;433;0;333
142;124;0;627;0;333
144;124;0;623;0;333
145;124;0;287;0;333
146;124;0;287;0;333
147;124;0;287;0;333
148;124;0;287;0;333
149;124;0;287;0;333
150;124;0;287;0;333
151;124;0;287;0;333
152;124;0;287;0;333
153;124;0;287;0;333
153;124;0;287;0;333
154;124;0;287;0;333
11;125;0;630;0;333
12;125;0;630;0;333
13;125;0;630;0;333
25;125;0;629;0;333
26;125;0;628;0;333
30;125;0;629;0;333
31;125;0;622;0;333
32;125;0;622;0;333
33;125;0;628;0;333
125;125;0;373;0;333
125;125;0;501;0;333
125;125;0;504;0;333
136;125;0;3129;333;0
137;125;0;1246;0;333
141;125;0;433;0;333
142;125;0;623;0;333
143;125;0;287;0;333
144;125;0;287;0;333
145;125;0;287;0;333
146;125;0;287;0;333
147;125;0;287;0;333
148;125;0;622;0;333
149;125;0;622;0;333
150;125;0;622;0;333
151;125;0;622;0;333
152;125;0;630;0;333
153;125;0;287;0;333
153;125;0;287;0;333
154;125;0;287;0;333
10;126;0;630;0;333
11;126;0;630;0;333
12;126;0;630;0;333
13;126;0;630;0;333
25;126;0;287;0;333
26;126;0;1247;0;333
27;126;0;1246;0;333
125;126;0;373;0;333
125;126;0;501;0;333
136;126;0;3129;333;0
141;126;0;433;0;333
142;126;0;629;0;333
143;126;0;622;0;333
144;126;0;622;0;333
145;126;0;622;0;333
146;126;0;630;0;333
147;126;0;287;0;333
152;126;0;623;0;333
153;126;0;287;0;333
153;126;0;287;0;333
154;126;0;287;0;333
10;127;0;630;0;333
11;127;0;630;0;333
12;127;0;630;0;333
13;127;0;630;0;333
14;127;0;630;0;333
24;127;0;287;0;333
25;127;0;287;0;333
125;127;0;373;0;333
125;127;0;501;0;333
136;127;0;3129;333;0
141;127;0;433;0;333
142;127;0;274;0;333
143;127;0;1245;0;333
146;127;0;629;0;333
147;127;0;622;0;333
148;127;0;628;0;333
152;127;0;629;0;333
153;127;0;622;0;333
154;127;0;622;0;333
8;128;0;623;0;333
9;128;0;630;0;333
10;128;0;630;0;333
11;128;0;630;0;333
12;128;0;630;0;333
13;128;0;630;0;333
14;128;0;630;0;333
19;128;0;630;0;333
20;128;0;630;0;333
22;128;0;287;0;333
23;128;0;287;0;333
24;128;0;1246;0;333
24;128;0;287;0;333
25;128;0;1247;0;333
25;128;0;622;0;333
26;128;0;628;0;333
125;128;0;373;0;333
125;128;0;503;0;333
125;128;0;502;0;333
136;128;0;3129;333;0
142;128;0;433;0;333
142;128;0;432;0;333
8;129;0;623;0;333
9;129;0;630;0;333
10;129;0;630;0;333
11;129;0;630;0;333
12;129;0;630;0;333
13;129;0;630;0;333
14;129;0;630;0;333
16;129;0;623;0;333
17;129;0;630;0;333
18;129;0;630;0;333
19;129;0;630;0;333
20;129;0;630;0;333
21;129;0;287;0;333
22;129;0;287;0;333
23;129;0;622;0;333
24;129;0;622;0;333
25;129;0;628;0;333
136;129;0;3131;333;0
139;129;0;1254;0;333
142;129;0;433;0;333
6;130;0;287;0;333
7;130;0;287;0;333
8;130;0;629;0;333
8;130;0;287;0;333
9;130;0;630;0;333
10;130;0;623;0;333
11;130;0;630;0;333
12;130;0;630;0;333
13;130;0;630;0;333
14;130;0;630;0;333
16;130;0;623;0;333
17;130;0;630;0;333
18;130;0;630;0;333
19;130;0;630;0;333
20;130;0;630;0;333
21;130;0;622;0;333
22;130;0;622;0;333
135;130;0;3129;333;0
135;130;0;3132;333;0
142;130;0;433;0;333
6;131;0;287;0;333
7;131;0;622;0;333
8;131;0;622;0;333
9;131;0;629;0;333
10;131;0;623;0;333
11;131;0;630;0;333
12;131;0;630;0;333
13;131;0;630;0;333
14;131;0;622;0;333
14;131;0;287;0;333
15;131;0;628;0;333
15;131;0;287;0;333
15;131;0;287;0;333
16;131;0;623;0;333
16;131;0;287;0;333
16;131;0;287;0;333
17;131;0;630;0;333
17;131;0;287;0;333
18;131;0;630;0;333
19;131;0;630;0;333
20;131;0;628;0;333
20;131;0;622;0;333
21;131;0;628;0;333
23;131;0;1246;0;333
135;131;0;3129;333;0
141;131;0;1245;0;333
142;131;0;433;0;333
6;132;0;287;0;333
10;132;0;629;0;333
11;132;0;629;0;333
12;132;0;622;0;333
12;132;0;624;0;333
13;132;0;622;0;333
14;132;0;628;0;333
14;132;0;622;0;333
15;132;0;622;0;333
16;132;0;623;0;333
16;132;0;622;0;333
17;132;0;630;0;333
18;132;0;622;0;333
19;132;0;622;0;333
20;132;0;628;0;333
34;132;0;504;333;0
34;132;0;503;333;0
34;132;0;502;333;0
34;132;0;373;333;0
34;132;0;373;333;0
135;132;0;3131;333;0
136;132;0;3128;333;0
137;132;0;3128;333;0
138;132;0;3128;333;0
139;132;0;3128;333;0
140;132;0;3128;333;0
141;132;0;3128;333;0
142;132;0;3128;333;0
142;132;0;3130;333;0
202;132;0;623;0;333
203;132;0;630;0;333
204;132;0;630;0;333
0;133;0;287;0;333
0;133;0;287;0;333
1;133;0;287;0;333
2;133;0;287;0;333
3;133;0;287;0;333
4;133;0;287;0;333
5;133;0;287;0;333
6;133;0;287;0;333
14;133;0;913;333;0
16;133;0;629;0;333
17;133;0;629;0;333
19;133;0;628;0;333
89;133;0;1783;0;333
91;133;0;585;0;333
92;133;0;581;0;333
201;133;0;627;0;333
202;133;0;623;0;333
203;133;0;630;0;333
204;133;0;630;0;333
205;133;0;630;0;333
206;133;0;630;0;333
0;134;0;287;0;333
1;134;0;622;0;333
2;134;0;622;0;333
3;134;0;622;0;333
4;134;0;622;0;333
5;134;0;622;0;333
6;134;0;622;0;333
7;134;0;628;0;333
94;134;0;1782;0;333
98;134;0;1783;0;333
200;134;0;627;0;333
201;134;0;623;0;333
202;134;0;630;0;333
203;134;0;622;0;333
204;134;0;622;0;333
204;134;0;624;0;333
205;134;0;622;0;333
206;134;0;630;0;333
207;134;0;630;0;333
0;135;0;287;0;333
1;135;0;287;0;333
89;135;0;1817;0;333
91;135;0;308;0;333
200;135;0;623;0;333
201;135;0;630;0;333
202;135;0;630;0;333
203;135;0;1246;0;333
205;135;0;424;0;333
205;135;0;914;0;333
206;135;0;623;0;333
207;135;0;630;0;333
207;135;0;630;0;333
208;135;0;273;0;333
1;136;0;287;0;333
95;136;0;1817;0;333
97;136;0;308;0;333
200;136;0;623;0;333
201;136;0;630;0;333
202;136;0;914;0;333
203;136;0;914;0;333
204;136;0;1783;0;333
205;136;0;1246;0;333
206;136;0;629;0;333
207;136;0;622;0;333
208;136;0;1276;0;333
1;137;0;287;0;333
85;137;0;1783;0;333
86;137;0;308;0;333
88;137;0;630;0;333
99;137;0;1782;0;333
200;137;0;629;0;333
201;137;0;622;0;333
202;137;0;1245;0;333
202;137;0;1783;0;333
205;137;0;233;0;333
206;137;0;308;0;333
207;137;0;274;0;333
1;138;0;287;0;333
88;138;0;630;0;333
89;138;0;630;0;333
90;138;0;630;0;333
91;138;0;630;0;333
92;138;0;630;0;333
93;138;0;630;0;333
94;138;0;630;0;333
104;138;0;627;0;333
202;138;0;585;0;333
203;138;0;581;0;333
206;138;0;915;0;333
1;139;0;287;0;333
80;139;0;1783;0;333
86;139;0;630;0;333
87;139;0;630;0;333
88;139;0;630;0;333
89;139;0;630;0;333
90;139;0;630;0;333
91;139;0;630;0;333
92;139;0;630;0;333
93;139;0;630;0;333
94;139;0;630;0;333
95;139;0;630;0;333
104;139;0;629;0;333
105;139;0;630;0;333
154;139;0;627;0;333
204;139;0;1783;0;333
1;140;0;287;0;333
80;140;0;308;0;333
85;140;0;630;0;333
86;140;0;630;0;333
87;140;0;630;0;333
88;140;0;630;0;333
89;140;0;630;0;333
90;140;0;630;0;333
91;140;0;630;0;333
92;140;0;630;0;333
93;140;0;630;0;333
94;140;0;630;0;333
95;140;0;630;0;333
96;140;0;630;0;333
97;140;0;630;0;333
105;140;0;623;0;333
106;140;0;630;0;333
152;140;0;1245;0;333
154;140;0;623;0;333
155;140;0;630;0;333
156;140;0;630;0;333
157;140;0;630;0;333
1;141;0;287;0;333
81;141;0;1817;0;333
83;141;0;630;0;333
84;141;0;630;0;333
85;141;0;630;0;333
86;141;0;630;0;333
87;141;0;630;0;333
88;141;0;630;0;333
89;141;0;630;0;333
90;141;0;630;0;333
91;141;0;630;0;333
92;141;0;630;0;333
93;141;0;630;0;333
94;141;0;630;0;333
95;141;0;630;0;333
96;141;0;630;0;333
97;141;0;630;0;333
98;141;0;630;0;333
99;141;0;630;0;333
100;141;0;630;0;333
105;141;0;629;0;333
106;141;0;622;0;333
107;141;0;628;0;333
109;141;0;627;0;333
150;141;0;1247;0;333
154;141;0;623;0;333
155;141;0;630;0;333
156;141;0;630;0;333
157;141;0;630;0;333
158;141;0;630;0;333
1;142;0;287;0;333
2;142;0;287;0;333
82;142;0;630;0;333
83;142;0;630;0;333
84;142;0;630;0;333
85;142;0;630;0;333
86;142;0;630;0;333
87;142;0;630;0;333
88;142;0;630;0;333
89;142;0;630;0;333
90;142;0;630;0;333
91;142;0;630;0;333
92;142;0;630;0;333
93;142;0;630;0;333
94;142;0;630;0;333
95;142;0;630;0;333
96;142;0;630;0;333
97;142;0;630;0;333
98;142;0;630;0;333
99;142;0;630;0;333
100;142;0;630;0;333
109;142;0;629;0;333
110;142;0;622;0;333
111;142;0;630;0;333
150;142;0;1245;0;333
154;142;0;623;0;333
154;142;0;625;0;333
155;142;0;630;0;333
156;142;0;630;0;333
157;142;0;630;0;333
158;142;0;630;0;333
159;142;0;630;0;333
160;142;0;630;0;333
161;142;0;630;0;333
162;142;0;630;0;333
1;143;0;287;0;333
2;143;0;622;0;333
80;143;0;630;0;333
81;143;0;630;0;333
82;143;0;630;0;333
83;143;0;630;0;333
84;143;0;630;0;333
85;143;0;630;0;333
86;143;0;630;0;333
87;143;0;630;0;333
88;143;0;630;0;333
89;143;0;630;0;333
90;143;0;630;0;333
91;143;0;630;0;333
92;143;0;630;0;333
93;143;0;630;0;333
94;143;0;630;0;333
95;143;0;630;0;333
96;143;0;630;0;333
97;143;0;630;0;333
98;143;0;630;0;333
99;143;0;630;0;333
100;143;0;630;0;333
111;143;0;622;0;333
112;143;0;630;0;333
113;143;0;630;0;333
154;143;0;629;0;333
155;143;0;622;0;333
156;143;0;630;0;333
157;143;0;630;0;333
158;143;0;630;0;333
159;143;0;630;0;333
160;143;0;630;0;333
161;143;0;630;0;333
162;143;0;630;0;333
1;144;0;287;0;333
79;144;0;630;0;333
80;144;0;630;0;333
81;144;0;630;0;333
82;144;0;630;0;333
83;144;0;630;0;333
84;144;0;630;0;333
85;144;0;630;0;333
86;144;0;630;0;333
87;144;0;630;0;333
88;144;0;630;0;333
89;144;0;630;0;333
90;144;0;630;0;333
91;144;0;630;0;333
92;144;0;630;0;333
93;144;0;630;0;333
94;144;0;630;0;333
95;144;0;630;0;333
96;144;0;630;0;333
97;144;0;630;0;333
98;144;0;630;0;333
99;144;0;630;0;333
100;144;0;630;0;333
101;144;0;630;0;333
102;144;0;630;0;333
106;144;0;630;0;333
107;144;0;630;0;333
108;144;0;630;0;333
109;144;0;630;0;333
112;144;0;629;0;333
113;144;0;622;0;333
114;144;0;630;0;333
153;144;0;1246;0;333
156;144;0;623;0;333
157;144;0;630;0;333
158;144;0;630;0;333
159;144;0;630;0;333
160;144;0;630;0;333
161;144;0;630;0;333
162;144;0;630;0;333
1;145;0;287;0;333
79;145;0;630;0;333
80;145;0;630;0;333
83;145;0;630;0;333
84;145;0;630;0;333
85;145;0;630;0;333
86;145;0;630;0;333
87;145;0;630;0;333
88;145;0;630;0;333
89;145;0;630;0;333
90;145;0;630;0;333
91;145;0;630;0;333
92;145;0;630;0;333
93;145;0;630;0;333
94;145;0;630;0;333
95;145;0;630;0;333
96;145;0;630;0;333
97;145;0;630;0;333
98;145;0;630;0;333
99;145;0;630;0;333
100;145;0;630;0;333
101;145;0;630;0;333
102;145;0;630;0;333
103;145;0;630;0;333
104;145;0;630;0;333
105;145;0;630;0;333
106;145;0;630;0;333
107;145;0;630;0;333
108;145;0;630;0;333
109;145;0;630;0;333
112;145;0;274;0;333
114;145;0;629;0;333
155;145;0;1246;0;333
156;145;0;629;0;333
157;145;0;622;0;333
158;145;0;630;0;333
159;145;0;630;0;333
160;145;0;630;0;333
161;145;0;630;0;333
162;145;0;630;0;333
1;146;0;287;0;333
79;146;0;287;0;333
83;146;0;630;0;333
84;146;0;630;0;333
85;146;0;630;0;333
86;146;0;630;0;333
87;146;0;630;0;333
88;146;0;630;0;333
89;146;0;630;0;333
90;146;0;630;0;333
91;146;0;630;0;333
92;146;0;630;0;333
93;146;0;630;0;333
94;146;0;630;0;333
95;146;0;630;0;333
96;146;0;630;0;333
97;146;0;630;0;333
98;146;0;630;0;333
99;146;0;630;0;333
100;146;0;630;0;333
101;146;0;630;0;333
102;146;0;630;0;333
103;146;0;630;0;333
104;146;0;630;0;333
105;146;0;630;0;333
106;146;0;630;0;333
107;146;0;630;0;333
108;146;0;630;0;333
109;146;0;630;0;333
115;146;0;274;0;333
116;146;0;627;0;333
119;146;0;630;0;333
152;146;0;1247;0;333
158;146;0;623;0;333
159;146;0;630;0;333
160;146;0;630;0;333
161;146;0;630;0;333
162;146;0;630;0;333
1;147;0;287;0;333
2;147;0;287;0;333
79;147;0;287;0;333
83;147;0;630;0;333
84;147;0;630;0;333
85;147;0;630;0;333
86;147;0;630;0;333
87;147;0;630;0;333
88;147;0;630;0;333
89;147;0;630;0;333
90;147;0;630;0;333
91;147;0;630;0;333
92;147;0;630;0;333
93;147;0;630;0;333
94;147;0;630;0;333
95;147;0;630;0;333
96;147;0;630;0;333
97;147;0;630;0;333
98;147;0;630;0;333
99;147;0;630;0;333
100;147;0;630;0;333
101;147;0;630;0;333
102;147;0;630;0;333
103;147;0;630;0;333
104;147;0;630;0;333
105;147;0;630;0;333
106;147;0;630;0;333
116;147;0;626;0;333
117;147;0;622;0;333
118;147;0;622;0;333
119;147;0;630;0;333
120;147;0;630;0;333
121;147;0;628;0;333
155;147;0;273;0;333
158;147;0;623;0;333
159;147;0;630;0;333
160;147;0;630;0;333
161;147;0;630;0;333
162;147;0;630;0;333
2;148;0;287;0;333
78;148;0;287;0;333
79;148;0;287;0;333
84;148;0;630;0;333
85;148;0;630;0;333
86;148;0;630;0;333
87;148;0;630;0;333
88;148;0;630;0;333
89;148;0;630;0;333
90;148;0;630;0;333
91;148;0;630;0;333
92;148;0;630;0;333
93;148;0;630;0;333
94;148;0;630;0;333
95;148;0;630;0;333
96;148;0;630;0;333
97;148;0;630;0;333
98;148;0;630;0;333
99;148;0;630;0;333
100;148;0;630;0;333
101;148;0;630;0;333
102;148;0;630;0;333
103;148;0;630;0;333
104;148;0;630;0;333
105;148;0;630;0;333
106;148;0;630;0;333
107;148;0;630;0;333
108;148;0;630;0;333
109;148;0;630;0;333
115;148;0;1782;0;333
116;148;0;1782;0;333
119;148;0;629;0;333
120;148;0;622;0;333
122;148;0;628;0;333
152;148;0;1245;0;333
158;148;0;623;0;333
159;148;0;630;0;333
160;148;0;630;0;333
161;148;0;630;0;333
162;148;0;630;0;333
1;149;0;287;0;333
2;149;0;287;0;333
78;149;0;287;0;333
88;149;0;630;0;333
89;149;0;630;0;333
90;149;0;630;0;333
91;149;0;630;0;333
92;149;0;630;0;333
93;149;0;630;0;333
94;149;0;630;0;333
95;149;0;630;0;333
96;149;0;630;0;333
97;149;0;630;0;333
98;149;0;630;0;333
99;149;0;630;0;333
100;149;0;630;0;333
101;149;0;630;0;333
102;149;0;630;0;333
103;149;0;630;0;333
104;149;0;630;0;333
105;149;0;630;0;333
106;149;0;630;0;333
107;149;0;630;0;333
108;149;0;630;0;333
109;149;0;630;0;333
120;149;0;629;0;333
121;149;0;622;0;333
122;149;0;622;0;333
123;149;0;628;0;333
152;149;0;623;0;333
153;149;0;287;0;333
154;149;0;287;0;333
155;149;0;287;0;333
156;149;0;287;0;333
157;149;0;287;0;333
158;149;0;629;0;333
158;149;0;287;0;333
159;149;0;622;0;333
159;149;0;287;0;333
160;149;0;622;0;333
160;149;0;287;0;333
161;149;0;622;0;333
161;149;0;287;0;333
162;149;0;622;0;333
163;149;0;628;0;333
1;150;0;287;0;333
77;150;0;287;0;333
78;150;0;287;0;333
88;150;0;630;0;333
89;150;0;630;0;333
90;150;0;630;0;333
91;150;0;630;0;333
92;150;0;630;0;333
93;150;0;630;0;333
94;150;0;630;0;333
95;150;0;630;0;333
96;150;0;630;0;333
97;150;0;630;0;333
98;150;0;630;0;333
99;150;0;630;0;333
100;150;0;630;0;333
101;150;0;630;0;333
102;150;0;630;0;333
103;150;0;630;0;333
104;150;0;630;0;333
105;150;0;630;0;333
106;150;0;630;0;333
107;150;0;630;0;333
108;150;0;630;0;333
109;150;0;630;0;333
110;150;0;630;0;333
111;150;0;630;0;333
122;150;0;274;0;333
150;150;0;623;0;333
151;150;0;287;0;333
152;150;0;287;0;333
153;150;0;287;0;333
154;150;0;287;0;333
155;150;0;287;0;333
156;150;0;287;0;333
157;150;0;287;0;333
158;150;0;287;0;333
159;150;0;287;0;333
160;150;0;287;0;333
161;150;0;287;0;333
0;151;0;287;0;333
1;151;0;287;0;333
61;151;0;287;0;333
62;151;0;287;0;333
63;151;0;287;0;333
64;151;0;287;0;333
65;151;0;287;0;333
74;151;0;287;0;333
75;151;0;287;0;333
76;151;0;287;0;333
77;151;0;287;0;333
88;151;0;630;0;333
89;151;0;630;0;333
90;151;0;630;0;333
91;151;0;630;0;333
92;151;0;630;0;333
93;151;0;630;0;333
94;151;0;630;0;333
95;151;0;630;0;333
96;151;0;630;0;333
97;151;0;630;0;333
98;151;0;630;0;333
99;151;0;630;0;333
100;151;0;630;0;333
101;151;0;630;0;333
102;151;0;630;0;333
103;151;0;630;0;333
104;151;0;630;0;333
105;151;0;630;0;333
106;151;0;630;0;333
107;151;0;630;0;333
108;151;0;630;0;333
109;151;0;630;0;333
110;151;0;630;0;333
111;151;0;630;0;333
114;151;0;630;0;333
115;151;0;630;0;333
116;151;0;630;0;333
122;151;0;627;0;333
150;151;0;629;0;333
151;151;0;622;0;333
152;151;0;622;0;333
152;151;0;624;0;333
153;151;0;622;0;333
154;151;0;622;0;333
155;151;0;622;0;333
156;151;0;622;0;333
157;151;0;622;0;333
158;151;0;622;0;333
159;151;0;622;0;333
159;151;0;624;0;333
160;151;0;622;0;333
161;151;0;622;0;333
0;152;0;287;0;333
61;152;0;287;0;333
65;152;0;287;0;333
66;152;0;287;0;333
67;152;0;287;0;333
68;152;0;287;0;333
69;152;0;287;0;333
70;152;0;287;0;333
73;152;0;287;0;333
74;152;0;287;0;333
90;152;0;630;0;333
91;152;0;630;0;333
92;152;0;630;0;333
93;152;0;630;0;333
94;152;0;630;0;333
95;152;0;630;0;333
96;152;0;630;0;333
97;152;0;630;0;333
98;152;0;630;0;333
99;152;0;630;0;333
100;152;0;630;0;333
101;152;0;630;0;333
102;152;0;630;0;333
103;152;0;630;0;333
104;152;0;630;0;333
105;152;0;630;0;333
106;152;0;630;0;333
107;152;0;630;0;333
108;152;0;630;0;333
109;152;0;630;0;333
110;152;0;630;0;333
111;152;0;630;0;333
112;152;0;630;0;333
113;152;0;630;0;333
114;152;0;630;0;333
115;152;0;630;0;333
122;152;0;623;0;333
123;152;0;630;0;333
143;152;0;504;0;333
143;152;0;501;0;333
144;152;0;432;0;333
145;152;0;432;0;333
146;152;0;432;0;333
147;152;0;432;0;333
148;152;0;432;0;333
149;152;0;432;0;333
149;152;0;915;0;333
150;152;0;432;0;333
150;152;0;232;0;333
150;152;0;233;0;333
151;152;0;432;0;333
152;152;0;432;0;333
152;152;0;233;0;333
153;152;0;432;0;333
154;152;0;432;0;333
155;152;0;432;0;333
155;152;0;1245;0;333
156;152;0;432;0;333
156;152;0;629;0;333
157;152;0;432;0;333
157;152;0;628;0;333
158;152;0;432;0;333
158;152;0;1246;0;333
159;152;0;432;0;333
160;152;0;432;0;333
160;152;0;915;0;333
161;152;0;432;0;333
161;152;0;433;0;333
0;153;0;287;0;333
1;153;0;287;0;333
57;153;0;287;0;333
58;153;0;287;0;333
59;153;0;287;0;333
60;153;0;287;0;333
61;153;0;287;0;333
70;153;0;287;0;333
71;153;0;287;0;333
72;153;0;287;0;333
73;153;0;287;0;333
91;153;0;630;0;333
92;153;0;630;0;333
93;153;0;630;0;333
94;153;0;630;0;333
95;153;0;630;0;333
96;153;0;630;0;333
97;153;0;630;0;333
98;153;0;630;0;333
99;153;0;630;0;333
100;153;0;630;0;333
101;153;0;630;0;333
102;153;0;630;0;333
103;153;0;630;0;333
104;153;0;630;0;333
105;153;0;630;0;333
106;153;0;630;0;333
107;153;0;630;0;333
108;153;0;630;0;333
109;153;0;630;0;333
110;153;0;630;0;333
111;153;0;630;0;333
112;153;0;630;0;333
113;153;0;630;0;333
114;153;0;630;0;333
115;153;0;630;0;333
116;153;0;630;0;333
117;153;0;630;0;333
118;153;0;630;0;333
120;153;0;627;0;333
122;153;0;623;0;333
123;153;0;630;0;333
124;153;0;630;0;333
143;153;0;501;0;333
150;153;0;915;0;333
160;153;0;1245;0;333
161;153;0;433;0;333
1;154;0;287;0;333
2;154;0;287;0;333
3;154;0;287;0;333
57;154;0;287;0;333
58;154;0;287;0;333
59;154;0;287;0;333
60;154;0;287;0;333
61;154;0;287;0;333
95;154;0;630;0;333
96;154;0;630;0;333
97;154;0;630;0;333
98;154;0;630;0;333
99;154;0;630;0;333
100;154;0;630;0;333
101;154;0;630;0;333
102;154;0;630;0;333
103;154;0;630;0;333
104;154;0;630;0;333
105;154;0;630;0;333
106;154;0;630;0;333
107;154;0;630;0;333
108;154;0;630;0;333
109;154;0;630;0;333
110;154;0;630;0;333
111;154;0;630;0;333
112;154;0;630;0;333
113;154;0;630;0;333
114;154;0;630;0;333
115;154;0;630;0;333
116;154;0;630;0;333
117;154;0;630;0;333
118;154;0;630;0;333
120;154;0;629;0;333
121;154;0;628;0;333
122;154;0;623;0;333
123;154;0;630;0;333
124;154;0;630;0;333
143;154;0;501;0;333
161;154;0;433;0;333
3;155;0;287;0;333
56;155;0;287;0;333
56;155;0;287;0;333
57;155;0;287;0;333
95;155;0;630;0;333
96;155;0;630;0;333
97;155;0;630;0;333
98;155;0;630;0;333
99;155;0;630;0;333
100;155;0;630;0;333
101;155;0;630;0;333
102;155;0;630;0;333
103;155;0;630;0;333
104;155;0;630;0;333
105;155;0;630;0;333
106;155;0;630;0;333
107;155;0;630;0;333
108;155;0;630;0;333
109;155;0;630;0;333
110;155;0;630;0;333
111;155;0;630;0;333
112;155;0;630;0;333
113;155;0;630;0;333
114;155;0;630;0;333
115;155;0;630;0;333
116;155;0;630;0;333
117;155;0;630;0;333
118;155;0;630;0;333
122;155;0;623;0;333
123;155;0;630;0;333
143;155;0;501;0;333
153;155;0;1273;0;333
154;155;0;1276;0;333
161;155;0;433;0;333
3;156;0;287;0;333
55;156;0;287;0;333
56;156;0;287;0;333
57;156;0;287;0;333
95;156;0;630;0;333
96;156;0;630;0;333
97;156;0;630;0;333
98;156;0;630;0;333
99;156;0;630;0;333
100;156;0;630;0;333
101;156;0;630;0;333
102;156;0;630;0;333
103;156;0;630;0;333
104;156;0;630;0;333
105;156;0;630;0;333
106;156;0;630;0;333
107;156;0;630;0;333
108;156;0;630;0;333
109;156;0;630;0;333
110;156;0;630;0;333
111;156;0;630;0;333
112;156;0;630;0;333
113;156;0;630;0;333
114;156;0;630;0;333
115;156;0;630;0;333
116;156;0;630;0;333
117;156;0;630;0;333
118;156;0;630;0;333
122;156;0;629;0;333
123;156;0;629;0;333
143;156;0;501;0;333
161;156;0;433;0;333
161;156;0;233;0;333
3;157;0;287;0;333
54;157;0;287;0;333
55;157;0;287;0;333
56;157;0;287;0;333
97;157;0;630;0;333
98;157;0;630;0;333
99;157;0;630;0;333
100;157;0;630;0;333
101;157;0;630;0;333
102;157;0;630;0;333
103;157;0;630;0;333
104;157;0;630;0;333
105;157;0;630;0;333
106;157;0;630;0;333
107;157;0;630;0;333
108;157;0;630;0;333
109;157;0;630;0;333
110;157;0;630;0;333
111;157;0;630;0;333
112;157;0;630;0;333
113;157;0;630;0;333
114;157;0;630;0;333
115;157;0;630;0;333
116;157;0;630;0;333
117;157;0;630;0;333
118;157;0;630;0;333
121;157;0;1782;0;333
122;157;0;274;0;333
143;157;0;501;0;333
161;157;0;433;0;333
3;158;0;287;0;333
54;158;0;287;0;333
55;158;0;287;0;333
56;158;0;287;0;333
97;158;0;630;0;333
98;158;0;630;0;333
99;158;0;630;0;333
100;158;0;630;0;333
101;158;0;630;0;333
102;158;0;630;0;333
103;158;0;630;0;333
104;158;0;630;0;333
105;158;0;630;0;333
106;158;0;630;0;333
107;158;0;630;0;333
108;158;0;630;0;333
109;158;0;630;0;333
110;158;0;630;0;333
111;158;0;630;0;333
112;158;0;630;0;333
113;158;0;630;0;333
114;158;0;630;0;333
115;158;0;630;0;333
116;158;0;630;0;333
117;158;0;630;0;333
118;158;0;630;0;333
143;158;0;501;0;333
161;158;0;433;0;333
3;159;0;287;0;333
4;159;0;287;0;333
5;159;0;287;0;333
6;159;0;287;0;333
54;159;0;287;0;333
96;159;0;630;0;333
97;159;0;630;0;333
98;159;0;630;0;333
99;159;0;630;0;333
100;159;0;630;0;333
101;159;0;630;0;333
102;159;0;630;0;333
103;159;0;630;0;333
104;159;0;630;0;333
105;159;0;630;0;333
106;159;0;630;0;333
107;159;0;630;0;333
108;159;0;630;0;333
109;159;0;630;0;333
110;159;0;630;0;333
111;159;0;630;0;333
112;159;0;630;0;333
113;159;0;630;0;333
114;159;0;630;0;333
115;159;0;630;0;333
116;159;0;630;0;333
117;159;0;630;0;333
121;159;0;627;0;333
143;159;0;501;0;333
161;159;0;433;0;333
6;160;0;287;0;333
52;160;0;287;0;333
53;160;0;287;0;333
54;160;0;287;0;333
96;160;0;630;0;333
97;160;0;630;0;333
98;160;0;630;0;333
99;160;0;630;0;333
100;160;0;630;0;333
101;160;0;630;0;333
102;160;0;630;0;333
103;160;0;630;0;333
104;160;0;630;0;333
105;160;0;630;0;333
106;160;0;630;0;333
107;160;0;630;0;333
108;160;0;630;0;333
109;160;0;630;0;333
110;160;0;630;0;333
111;160;0;630;0;333
112;160;0;630;0;333
113;160;0;630;0;333
114;160;0;630;0;333
115;160;0;630;0;333
116;160;0;630;0;333
117;160;0;630;0;333
121;160;0;629;0;333
122;160;0;628;0;333
143;160;0;501;0;333
161;160;0;433;0;333
6;161;0;287;0;333
52;161;0;287;0;333
97;161;0;630;0;333
98;161;0;630;0;333
99;161;0;630;0;333
100;161;0;630;0;333
101;161;0;630;0;333
102;161;0;630;0;333
103;161;0;630;0;333
104;161;0;630;0;333
105;161;0;630;0;333
106;161;0;630;0;333
107;161;0;630;0;333
108;161;0;630;0;333
109;161;0;630;0;333
110;161;0;630;0;333
111;161;0;630;0;333
112;161;0;630;0;333
113;161;0;630;0;333
114;161;0;630;0;333
115;161;0;630;0;333
116;161;0;630;0;333
117;161;0;630;0;333
118;161;0;630;0;333
143;161;0;501;0;333
160;161;0;1246;0;333
161;161;0;433;0;333
6;162;0;287;0;333
52;162;0;287;0;333
97;162;0;630;0;333
98;162;0;630;0;333
99;162;0;630;0;333
100;162;0;630;0;333
101;162;0;630;0;333
102;162;0;630;0;333
103;162;0;630;0;333
104;162;0;630;0;333
105;162;0;630;0;333
106;162;0;630;0;333
107;162;0;630;0;333
108;162;0;630;0;333
109;162;0;630;0;333
110;162;0;630;0;333
111;162;0;630;0;333
112;162;0;630;0;333
113;162;0;630;0;333
114;162;0;630;0;333
115;162;0;630;0;333
116;162;0;622;0;333
117;162;0;622;0;333
118;162;0;630;0;333
120;162;0;627;0;333
143;162;0;501;0;333
161;162;0;433;0;333
6;163;0;287;0;333
52;163;0;287;0;333
97;163;0;630;0;333
98;163;0;630;0;333
99;163;0;630;0;333
100;163;0;630;0;333
101;163;0;630;0;333
102;163;0;630;0;333
103;163;0;630;0;333
104;163;0;630;0;333
105;163;0;630;0;333
106;163;0;630;0;333
107;163;0;630;0;333
108;163;0;630;0;333
109;163;0;630;0;333
110;163;0;630;0;333
111;163;0;630;0;333
112;163;0;630;0;333
113;163;0;622;0;333
114;163;0;622;0;333
114;163;0;624;0;333
115;163;0;622;0;333
116;163;0;622;0;333
117;163;0;628;0;333
118;163;0;622;0;333
119;163;0;628;0;333
120;163;0;629;0;333
121;163;0;630;0;333
143;163;0;501;0;333
146;163;0;914;0;333
147;163;0;627;0;333
149;163;0;1254;0;333
150;163;0;1254;0;333
161;163;0;433;0;333
6;164;0;287;0;333
52;164;0;287;0;333
97;164;0;630;0;333
98;164;0;630;0;333
99;164;0;630;0;333
100;164;0;630;0;333
101;164;0;630;0;333
102;164;0;630;0;333
103;164;0;630;0;333
104;164;0;630;0;333
105;164;0;630;0;333
106;164;0;630;0;333
107;164;0;630;0;333
108;164;0;630;0;333
109;164;0;630;0;333
110;164;0;630;0;333
111;164;0;630;0;333
112;164;0;622;0;333
115;164;0;1782;0;333
121;164;0;629;0;333
122;164;0;630;0;333
143;164;0;503;0;333
144;164;0;500;0;333
145;164;0;500;0;333
146;164;0;500;0;333
147;164;0;500;0;333
147;164;0;629;0;333
148;164;0;628;0;333
149;164;0;500;0;333
150;164;0;500;0;333
151;164;0;500;0;333
152;164;0;500;0;333
153;164;0;500;0;333
154;164;0;500;0;333
155;164;0;500;0;333
156;164;0;500;0;333
157;164;0;500;0;333
158;164;0;500;0;333
159;164;0;500;0;333
160;164;0;500;0;333
161;164;0;502;0;333
161;164;0;500;0;333
6;165;0;287;0;333
7;165;0;287;0;333
52;165;0;287;0;333
97;165;0;630;0;333
98;165;0;630;0;333
99;165;0;630;0;333
100;165;0;630;0;333
101;165;0;630;0;333
102;165;0;630;0;333
103;165;0;630;0;333
104;165;0;630;0;333
105;165;0;630;0;333
106;165;0;630;0;333
107;165;0;630;0;333
108;165;0;630;0;333
109;165;0;630;0;333
110;165;0;630;0;333
111;165;0;622;0;333
113;165;0;274;0;333
122;165;0;629;0;333
123;165;0;628;0;333
7;166;0;287;0;333
52;166;0;287;0;333
97;166;0;630;0;333
98;166;0;630;0;333
99;166;0;630;0;333
100;166;0;630;0;333
101;166;0;630;0;333
102;166;0;630;0;333
103;166;0;630;0;333
104;166;0;630;0;333
105;166;0;630;0;333
106;166;0;630;0;333
107;166;0;630;0;333
108;166;0;630;0;333
109;166;0;630;0;333
110;166;0;622;0;333
7;167;0;287;0;333
8;167;0;287;0;333
9;167;0;287;0;333
52;167;0;287;0;333
108;167;0;287;0;333
109;167;0;622;0;333
9;168;0;287;0;333
50;168;0;287;0;333
51;168;0;287;0;333
52;168;0;287;0;333
108;168;0;287;0;333
9;169;0;287;0;333
10;169;0;287;0;333
50;169;0;287;0;333
108;169;0;287;0;333
10;170;0;287;0;333
15;170;0;623;0;333
16;170;0;287;0;333
17;170;0;287;0;333
50;170;0;287;0;333
107;170;0;287;0;333
108;170;0;287;0;333
145;170;0;627;0;333
10;171;0;287;0;333
11;171;0;287;0;333
12;171;0;287;0;333
13;171;0;287;0;333
14;171;0;287;0;333
15;171;0;287;0;333
16;171;0;287;0;333
17;171;0;287;0;333
18;171;0;287;0;333
44;171;0;623;0;333
45;171;0;287;0;333
46;171;0;287;0;333
47;171;0;287;0;333
48;171;0;287;0;333
49;171;0;287;0;333
50;171;0;287;0;333
107;171;0;287;0;333
108;171;0;622;0;333
145;171;0;623;0;333
146;171;0;630;0;333
18;172;0;287;0;333
44;172;0;623;0;333
45;172;0;287;0;333
106;172;0;287;0;333
107;172;0;287;0;333
145;172;0;623;0;333
146;172;0;630;0;333
147;172;0;630;0;333
18;173;0;287;0;333
19;173;0;287;0;333
20;173;0;287;0;333
21;173;0;287;0;333
22;173;0;287;0;333
44;173;0;623;0;333
45;173;0;287;0;333
106;173;0;287;0;333
107;173;0;622;0;333
141;173;0;1783;0;333
142;173;0;1783;0;333
145;173;0;629;0;333
146;173;0;622;0;333
147;173;0;622;0;333
148;173;0;628;0;333
22;174;0;287;0;333
23;174;0;287;0;333
24;174;0;287;0;333
44;174;0;623;0;333
45;174;0;287;0;333
106;174;0;287;0;333
141;174;0;1817;0;333
142;174;0;274;0;333
145;174;0;1246;0;333
146;174;0;1245;0;333
24;175;0;287;0;333
44;175;0;623;0;333
45;175;0;287;0;333
105;175;0;287;0;333
106;175;0;287;0;333
141;175;0;1783;0;333
142;175;0;308;0;333
143;175;0;1245;0;333
144;175;0;274;0;333
147;175;0;1783;0;333
149;175;0;1783;0;333
24;176;0;287;0;333
25;176;0;287;0;333
26;176;0;287;0;333
39;176;0;623;0;333
40;176;0;287;0;333
41;176;0;287;0;333
42;176;0;287;0;333
43;176;0;287;0;333
44;176;0;287;0;333
45;176;0;287;0;333
105;176;0;287;0;333
106;176;0;622;0;333
137;176;0;1782;0;333
140;176;0;1246;0;333
144;176;0;1246;0;333
145;176;0;1782;0;333
147;176;0;308;0;333
148;176;0;1246;0;333
148;176;0;301;0;333
150;176;0;274;0;333
26;177;0;287;0;333
29;177;0;623;0;333
30;177;0;287;0;333
31;177;0;287;0;333
32;177;0;287;0;333
32;177;0;287;0;333
39;177;0;623;0;333
40;177;0;287;0;333
105;177;0;287;0;333
147;177;0;274;0;333
148;177;0;1817;0;333
149;177;0;1783;0;333
26;178;0;287;0;333
26;178;0;287;0;333
27;178;0;287;0;333
28;178;0;287;0;333
29;178;0;287;0;333
30;178;0;287;0;333
32;178;0;287;0;333
35;178;0;623;0;333
36;178;0;287;0;333
37;178;0;287;0;333
38;178;0;287;0;333
39;178;0;287;0;333
40;178;0;287;0;333
105;178;0;287;0;333
135;178;0;1783;0;333
136;178;0;1817;0;333
137;178;0;1782;0;333
138;178;0;274;0;333
139;178;0;627;0;333
141;178;0;301;0;333
142;178;0;308;0;333
32;179;0;287;0;333
33;179;0;287;0;333
34;179;0;287;0;333
35;179;0;287;0;333
36;179;0;287;0;333
105;179;0;287;0;333
106;179;0;287;0;333
136;179;0;1246;0;333
137;179;0;301;0;333
138;179;0;301;0;333
139;179;0;629;0;333
140;179;0;628;0;333
106;180;0;287;0;333
139;180;0;1783;0;333
140;180;0;1817;0;333
141;180;0;1782;0;333
106;181;0;287;0;333
140;181;0;274;0;333
106;182;0;287;0;333
107;182;0;287;0;333
107;183;0;287;0;333
107;184;0;287;0;333
107;185;0;287;0;333
107;186;0;287;0;333
107;187;0;287;0;333
108;187;0;287;0;333
107;188;0;287;0;333
108;188;0;287;0;333
108;189;0;287;0;333
108;190;0;287;0;333
109;190;0;287;0;333
109;191;0;287;0;333
67;192;0;623;0;333
68;192;0;287;0;333
69;192;0;287;0;333
70;192;0;287;0;333
109;192;0;287;0;333
67;193;0;629;0;333
68;193;0;622;0;333
69;193;0;630;0;333
70;193;0;287;0;333
71;193;0;287;0;333
72;193;0;287;0;333
73;193;0;287;0;333
109;193;0;287;0;333
69;194;0;629;0;333
70;194;0;622;0;333
71;194;0;622;0;333
72;194;0;629;0;333
72;194;0;630;0;333
73;194;0;287;0;333
74;194;0;287;0;333
75;194;0;287;0;333
76;194;0;287;0;333
77;194;0;287;0;333
107;194;0;287;0;333
108;194;0;287;0;333
109;194;0;287;0;333
72;195;0;629;0;333
73;195;0;622;0;333
74;195;0;622;0;333
75;195;0;622;0;333
76;195;0;630;0;333
77;195;0;287;0;333
96;195;0;287;0;333
97;195;0;287;0;333
98;195;0;287;0;333
99;195;0;287;0;333
100;195;0;287;0;333
101;195;0;287;0;333
104;195;0;287;0;333
105;195;0;287;0;333
106;195;0;287;0;333
107;195;0;287;0;333
108;195;0;622;0;333
109;195;0;622;0;333
110;195;0;628;0;333
76;196;0;623;0;333
77;196;0;287;0;333
78;196;0;287;0;333
83;196;0;287;0;333
84;196;0;287;0;333
85;196;0;287;0;333
86;196;0;287;0;333
87;196;0;287;0;333
91;196;0;287;0;333
92;196;0;287;0;333
93;196;0;287;0;333
94;196;0;287;0;333
95;196;0;287;0;333
96;196;0;287;0;333
97;196;0;622;0;333
98;196;0;622;0;333
99;196;0;622;0;333
100;196;0;630;0;333
101;196;0;287;0;333
102;196;0;287;0;333
103;196;0;287;0;333
104;196;0;287;0;333
105;196;0;622;0;333
106;196;0;622;0;333
107;196;0;622;0;333
108;196;0;628;0;333
76;197;0;629;0;333
77;197;0;630;0;333
78;197;0;287;0;333
82;197;0;287;0;333
83;197;0;287;0;333
84;197;0;622;0;333
85;197;0;622;0;333
86;197;0;630;0;333
87;197;0;287;0;333
88;197;0;287;0;333
89;197;0;287;0;333
90;197;0;287;0;333
91;197;0;287;0;333
92;197;0;622;0;333
93;197;0;622;0;333
94;197;0;622;0;333
95;197;0;622;0;333
95;197;0;624;0;333
96;197;0;622;0;333
97;197;0;628;0;333
100;197;0;629;0;333
101;197;0;622;0;333
102;197;0;622;0;333
103;197;0;622;0;333
103;197;0;624;0;333
104;197;0;622;0;333
105;197;0;628;0;333
77;198;0;623;0;333
78;198;0;287;0;333
82;198;0;287;0;333
83;198;0;622;0;333
86;198;0;629;0;333
87;198;0;622;0;333
88;198;0;622;0;333
88;198;0;624;0;333
89;198;0;622;0;333
90;198;0;622;0;333
91;198;0;622;0;333
92;198;0;628;0;333
77;199;0;623;0;333
78;199;0;287;0;333
82;199;0;287;0;333
77;200;0;623;0;333
78;200;0;287;0;333
81;200;0;287;0;333
82;200;0;287;0;333
77;201;0;623;0;333
77;201;0;625;0;333
78;201;0;287;0;333
81;201;0;287;0;333
82;201;0;622;0;333
77;202;0;623;0;333
78;202;0;287;0;333
79;202;0;287;0;333
81;202;0;287;0;333
77;203;0;629;0;333
78;203;0;630;0;333
79;203;0;287;0;333
80;203;0;287;0;333
81;203;0;287;0;333
81;203;0;287;0;333
78;204;0;629;0;333
79;204;0;622;0;333
80;204;0;622;0;333
80;204;0;624;0;333
81;204;0;622;0;333
82;204;0;628;0;333
