120;0;0;623;0;333
121;0;0;287;0;333
122;0;0;287;0;333
123;0;0;287;0;333
124;0;0;287;0;333
125;0;0;287;0;333
125;0;0;287;0;333
117;1;0;1783;0;333
119;1;0;1782;0;333
120;1;0;623;0;333
121;1;0;287;0;333
122;1;0;287;0;333
123;1;0;287;0;333
124;1;0;287;0;333
125;1;0;287;0;333
126;1;0;287;0;333
127;1;0;287;0;333
128;1;0;287;0;333
117;2;0;274;0;333
118;2;0;911;0;333
119;2;0;2832;0;333
120;2;0;623;0;333
121;2;0;287;0;333
122;2;0;287;0;333
123;2;0;622;0;333
124;2;0;622;0;333
124;2;0;28;0;333
124;2;0;1254;0;333
125;2;0;622;0;333
126;2;0;287;0;333
127;2;0;287;0;333
128;2;0;287;0;333
116;3;0;3099;0;333
120;3;0;629;0;333
121;3;0;622;0;333
122;3;0;622;0;333
122;3;0;630;0;333
124;3;0;1245;0;333
125;3;0;627;0;333
126;3;0;287;0;333
127;3;0;287;0;333
128;3;0;287;0;333
116;4;0;3100;0;333
116;4;0;1783;0;333
118;4;0;2169;0;333
118;4;0;1783;0;333
119;4;0;1783;0;333
122;4;0;629;0;333
123;4;0;1246;0;333
124;4;0;1783;0;333
125;4;0;623;0;333
126;4;0;287;0;333
127;4;0;287;0;333
128;4;0;287;0;333
117;5;0;1783;0;333
118;5;0;12;0;333
118;5;0;2488;0;333
122;5;0;274;0;333
125;5;0;627;0;333
126;5;0;287;0;333
127;5;0;287;0;333
128;5;0;287;0;333
117;6;0;2170;0;333
117;6;0;1783;0;333
119;6;0;338;0;333
123;6;0;1783;0;333
125;6;0;623;0;333
126;6;0;287;0;333
127;6;0;287;0;333
128;6;0;287;0;333
15;7;0;1246;0;333
18;7;0;1245;0;333
19;7;0;1250;0;333
124;7;0;338;0;333
125;7;0;629;0;333
126;7;0;628;0;333
127;7;0;622;0;333
128;7;0;622;0;333
3;8;0;627;0;333
6;8;0;623;0;333
7;8;0;287;0;333
8;8;0;287;0;333
9;8;0;287;0;333
10;8;0;287;0;333
11;8;0;287;0;333
12;8;0;287;0;333
13;8;0;287;0;333
14;8;0;287;0;333
15;8;0;287;0;333
16;8;0;232;0;333
16;8;0;1276;0;333
20;8;0;1276;0;333
118;8;0;911;0;333
122;8;0;1783;0;333
123;8;0;338;0;333
125;8;0;1782;0;333
126;8;0;3100;0;333
127;8;0;626;0;333
3;9;0;623;0;333
4;9;0;287;0;333
5;9;0;287;0;333
6;9;0;287;0;333
7;9;0;287;0;333
7;9;0;287;0;333
8;9;0;287;0;333
8;9;0;287;0;333
9;9;0;287;0;333
9;9;0;287;0;333
10;9;0;287;0;333
10;9;0;287;0;333
11;9;0;287;0;333
12;9;0;287;0;333
13;9;0;287;0;333
14;9;0;287;0;333
15;9;0;287;0;333
16;9;0;1246;0;333
16;9;0;630;0;333
32;9;0;287;0;333
33;9;0;287;0;333
34;9;0;287;0;333
35;9;0;287;0;333
36;9;0;287;0;333
37;9;0;287;0;333
38;9;0;287;0;333
39;9;0;287;0;333
40;9;0;287;0;333
41;9;0;287;0;333
42;9;0;287;0;333
43;9;0;287;0;333
44;9;0;287;0;333
45;9;0;287;0;333
46;9;0;287;0;333
47;9;0;287;0;333
48;9;0;287;0;333
49;9;0;287;0;333
50;9;0;287;0;333
51;9;0;287;0;333
52;9;0;287;0;333
53;9;0;287;0;333
54;9;0;287;0;333
55;9;0;287;0;333
56;9;0;287;0;333
57;9;0;287;0;333
58;9;0;287;0;333
59;9;0;287;0;333
60;9;0;287;0;333
61;9;0;287;0;333
62;9;0;287;0;333
63;9;0;287;0;333
64;9;0;287;0;333
65;9;0;287;0;333
66;9;0;287;0;333
67;9;0;287;0;333
68;9;0;287;0;333
69;9;0;287;0;333
70;9;0;287;0;333
71;9;0;287;0;333
72;9;0;287;0;333
73;9;0;287;0;333
74;9;0;287;0;333
75;9;0;287;0;333
76;9;0;287;0;333
77;9;0;287;0;333
78;9;0;287;0;333
79;9;0;287;0;333
80;9;0;287;0;333
81;9;0;287;0;333
82;9;0;287;0;333
83;9;0;287;0;333
84;9;0;287;0;333
85;9;0;287;0;333
86;9;0;287;0;333
87;9;0;287;0;333
119;9;0;581;0;333
120;9;0;42;0;333
122;9;0;1783;0;333
123;9;0;913;0;333
125;9;0;3100;0;333
126;9;0;3099;0;333
3;10;0;623;0;333
4;10;0;287;0;333
5;10;0;287;0;333
6;10;0;287;0;333
7;10;0;287;0;333
8;10;0;287;0;333
9;10;0;287;0;333
10;10;0;287;0;333
10;10;0;287;0;333
11;10;0;287;0;333
12;10;0;287;0;333
13;10;0;287;0;333
14;10;0;287;0;333
15;10;0;622;0;333
16;10;0;623;0;333
17;10;0;600;0;333
18;10;0;600;0;333
19;10;0;600;0;333
20;10;0;600;0;333
21;10;0;600;0;333
22;10;0;600;0;333
23;10;0;600;0;333
24;10;0;287;0;333
25;10;0;287;0;333
26;10;0;287;0;333
27;10;0;287;0;333
28;10;0;287;0;333
29;10;0;287;0;333
30;10;0;287;0;333
31;10;0;287;0;333
32;10;0;287;0;333
33;10;0;287;0;333
34;10;0;287;0;333
35;10;0;287;0;333
36;10;0;287;0;333
37;10;0;287;0;333
38;10;0;287;0;333
39;10;0;287;0;333
40;10;0;287;0;333
41;10;0;287;0;333
42;10;0;287;0;333
43;10;0;287;0;333
44;10;0;287;0;333
45;10;0;287;0;333
46;10;0;287;0;333
47;10;0;287;0;333
48;10;0;287;0;333
49;10;0;287;0;333
50;10;0;287;0;333
51;10;0;287;0;333
52;10;0;287;0;333
53;10;0;287;0;333
54;10;0;287;0;333
55;10;0;287;0;333
56;10;0;287;0;333
57;10;0;287;0;333
58;10;0;287;0;333
59;10;0;287;0;333
60;10;0;287;0;333
61;10;0;287;0;333
62;10;0;287;0;333
63;10;0;287;0;333
64;10;0;287;0;333
65;10;0;287;0;333
66;10;0;287;0;333
67;10;0;287;0;333
68;10;0;287;0;333
69;10;0;287;0;333
70;10;0;287;0;333
71;10;0;287;0;333
72;10;0;287;0;333
73;10;0;287;0;333
74;10;0;287;0;333
75;10;0;287;0;333
76;10;0;287;0;333
77;10;0;287;0;333
78;10;0;287;0;333
79;10;0;287;0;333
80;10;0;287;0;333
81;10;0;287;0;333
82;10;0;287;0;333
83;10;0;287;0;333
84;10;0;287;0;333
85;10;0;287;0;333
86;10;0;287;0;333
87;10;0;287;0;333
118;10;0;3100;0;333
120;10;0;338;0;333
122;10;0;3098;0;333
124;10;0;274;0;333
2;11;0;627;0;333
3;11;0;623;0;333
4;11;0;287;0;333
5;11;0;287;0;333
6;11;0;597;0;333
7;11;0;597;0;333
8;11;0;597;0;333
8;11;0;3099;0;333
9;11;0;287;0;333
10;11;0;287;0;333
10;11;0;287;0;333
11;11;0;287;0;333
11;11;0;287;0;333
12;11;0;287;0;333
12;11;0;287;0;333
13;11;0;287;0;333
13;11;0;287;0;333
14;11;0;622;0;333
16;11;0;623;0;333
17;11;0;600;0;333
18;11;0;600;0;333
19;11;0;600;0;333
20;11;0;600;0;333
21;11;0;600;0;333
22;11;0;600;0;333
23;11;0;600;0;333
24;11;0;287;0;333
25;11;0;287;0;333
26;11;0;287;0;333
27;11;0;287;0;333
28;11;0;287;0;333
29;11;0;287;0;333
30;11;0;287;0;333
31;11;0;287;0;333
32;11;0;287;0;333
33;11;0;287;0;333
34;11;0;287;0;333
35;11;0;287;0;333
36;11;0;287;0;333
37;11;0;287;0;333
38;11;0;287;0;333
39;11;0;287;0;333
40;11;0;287;0;333
41;11;0;3092;0;333
42;11;0;3092;0;333
43;11;0;3092;0;333
44;11;0;3092;0;333
45;11;0;3092;0;333
46;11;0;3092;0;333
47;11;0;3092;0;333
48;11;0;3092;0;333
49;11;0;3092;0;333
50;11;0;3092;0;333
51;11;0;3092;0;333
52;11;0;3092;0;333
53;11;0;3092;0;333
54;11;0;3092;0;333
55;11;0;3092;0;333
56;11;0;3092;0;333
57;11;0;3092;0;333
58;11;0;3092;0;333
59;11;0;3092;0;333
60;11;0;3092;0;333
61;11;0;3092;0;333
62;11;0;3092;0;333
63;11;0;3092;0;333
64;11;0;3092;0;333
65;11;0;3092;0;333
66;11;0;3092;0;333
67;11;0;3092;0;333
68;11;0;3092;0;333
69;11;0;3092;0;333
70;11;0;3092;0;333
71;11;0;3092;0;333
72;11;0;3092;0;333
73;11;0;3092;0;333
74;11;0;3092;0;333
75;11;0;3092;0;333
76;11;0;287;0;333
77;11;0;287;0;333
78;11;0;287;0;333
79;11;0;287;0;333
80;11;0;287;0;333
81;11;0;287;0;333
82;11;0;287;0;333
83;11;0;287;0;333
84;11;0;287;0;333
85;11;0;287;0;333
86;11;0;287;0;333
87;11;0;287;0;333
2;12;0;623;0;333
3;12;0;287;0;333
4;12;0;287;0;333
8;12;0;3095;0;333
9;12;0;596;0;333
9;12;0;3099;0;333
10;12;0;287;0;333
11;12;0;287;0;333
11;12;0;287;0;333
12;12;0;287;0;333
12;12;0;287;0;333
13;12;0;287;0;333
13;12;0;287;0;333
16;12;0;623;0;333
17;12;0;600;0;333
18;12;0;600;0;333
19;12;0;600;0;333
20;12;0;600;0;333
21;12;0;600;0;333
22;12;0;600;0;333
23;12;0;600;0;333
24;12;0;287;0;333
25;12;0;287;0;333
26;12;0;287;0;333
27;12;0;287;0;333
28;12;0;287;0;333
29;12;0;287;0;333
30;12;0;287;0;333
31;12;0;287;0;333
32;12;0;287;0;333
33;12;0;287;0;333
34;12;0;287;0;333
35;12;0;287;0;333
36;12;0;287;0;333
37;12;0;287;0;333
38;12;0;287;0;333
39;12;0;287;0;333
40;12;0;287;0;333
41;12;0;3092;0;333
42;12;0;3092;0;333
43;12;0;3092;0;333
44;12;0;3092;0;333
45;12;0;3092;0;333
46;12;0;3092;0;333
47;12;0;3092;0;333
48;12;0;3092;0;333
49;12;0;3092;0;333
50;12;0;3092;0;333
51;12;0;3092;0;333
52;12;0;3092;0;333
53;12;0;3092;0;333
54;12;0;3092;0;333
55;12;0;3092;0;333
56;12;0;3092;0;333
57;12;0;3092;0;333
58;12;0;3092;0;333
59;12;0;3092;0;333
60;12;0;3092;0;333
61;12;0;3092;0;333
62;12;0;3092;0;333
63;12;0;3092;0;333
64;12;0;3092;0;333
65;12;0;3092;0;333
66;12;0;3092;0;333
67;12;0;3092;0;333
68;12;0;3092;0;333
69;12;0;3092;0;333
70;12;0;3092;0;333
71;12;0;3092;0;333
72;12;0;3092;0;333
73;12;0;3092;0;333
74;12;0;3092;0;333
75;12;0;3092;0;333
76;12;0;287;0;333
77;12;0;287;0;333
78;12;0;287;0;333
79;12;0;287;0;333
80;12;0;287;0;333
81;12;0;287;0;333
82;12;0;287;0;333
83;12;0;287;0;333
84;12;0;287;0;333
85;12;0;287;0;333
86;12;0;287;0;333
87;12;0;287;0;333
2;13;0;623;0;333
3;13;0;287;0;333
4;13;0;287;0;333
9;13;0;596;0;333
10;13;0;287;0;333
11;13;0;287;0;333
11;13;0;287;0;333
12;13;0;287;0;333
12;13;0;287;0;333
13;13;0;287;0;333
13;13;0;287;0;333
16;13;0;623;0;333
16;13;0;625;0;333
16;13;0;2038;0;333
17;13;0;600;0;333
18;13;0;600;0;333
19;13;0;600;0;333
20;13;0;600;0;333
21;13;0;600;0;333
22;13;0;600;0;333
23;13;0;600;0;333
24;13;0;287;0;333
25;13;0;287;0;333
26;13;0;287;0;333
27;13;0;287;0;333
28;13;0;287;0;333
29;13;0;287;0;333
30;13;0;287;0;333
31;13;0;287;0;333
32;13;0;287;0;333
33;13;0;287;0;333
34;13;0;287;0;333
35;13;0;287;0;333
36;13;0;287;0;333
37;13;0;287;0;333
38;13;0;287;0;333
39;13;0;287;0;333
40;13;0;287;0;333
41;13;0;3092;0;333
42;13;0;3092;0;333
43;13;0;3092;0;333
44;13;0;3092;0;333
45;13;0;3092;0;333
46;13;0;3092;0;333
47;13;0;3092;0;333
48;13;0;3092;0;333
49;13;0;3092;0;333
50;13;0;3092;0;333
51;13;0;3092;0;333
52;13;0;3092;0;333
53;13;0;3092;0;333
54;13;0;3092;0;333
55;13;0;3092;0;333
56;13;0;3092;0;333
57;13;0;3092;0;333
58;13;0;3092;0;333
59;13;0;3092;0;333
60;13;0;3092;0;333
61;13;0;3092;0;333
62;13;0;3092;0;333
63;13;0;3092;0;333
64;13;0;3092;0;333
65;13;0;3092;0;333
66;13;0;3092;0;333
67;13;0;3092;0;333
68;13;0;3092;0;333
69;13;0;3092;0;333
70;13;0;3092;0;333
71;13;0;3092;0;333
72;13;0;3092;0;333
73;13;0;3092;0;333
74;13;0;3092;0;333
75;13;0;3092;0;333
76;13;0;287;0;333
77;13;0;287;0;333
78;13;0;287;0;333
79;13;0;287;0;333
80;13;0;287;0;333
81;13;0;287;0;333
82;13;0;287;0;333
83;13;0;287;0;333
84;13;0;287;0;333
85;13;0;287;0;333
86;13;0;287;0;333
87;13;0;287;0;333
2;14;0;623;0;333
3;14;0;287;0;333
4;14;0;287;0;333
4;14;0;287;0;333
5;14;0;287;0;333
7;14;0;2937;0;333
8;14;0;3101;0;333
10;14;0;792;0;333
10;14;0;10;0;333
11;14;0;287;0;333
12;14;0;287;0;333
13;14;0;622;0;333
14;14;0;628;0;333
15;14;0;1245;0;333
16;14;0;623;0;333
17;14;0;600;0;333
18;14;0;600;0;333
19;14;0;600;0;333
20;14;0;600;0;333
21;14;0;600;0;333
22;14;0;600;0;333
23;14;0;600;0;333
24;14;0;287;0;333
25;14;0;287;0;333
26;14;0;287;0;333
27;14;0;287;0;333
28;14;0;287;0;333
29;14;0;287;0;333
30;14;0;287;0;333
31;14;0;287;0;333
32;14;0;287;0;333
33;14;0;287;0;333
34;14;0;287;0;333
35;14;0;287;0;333
36;14;0;287;0;333
37;14;0;287;0;333
38;14;0;3092;0;333
39;14;0;3092;0;333
40;14;0;3092;0;333
41;14;0;3092;0;333
42;14;0;3092;0;333
43;14;0;3092;0;333
44;14;0;3092;0;333
45;14;0;3092;0;333
46;14;0;3092;0;333
52;14;0;3092;0;333
53;14;0;3092;0;333
54;14;0;3092;0;333
55;14;0;3092;0;333
56;14;0;3092;0;333
57;14;0;3092;0;333
58;14;0;3092;0;333
59;14;0;3092;0;333
60;14;0;3092;0;333
61;14;0;3092;0;333
62;14;0;3092;0;333
63;14;0;3092;0;333
64;14;0;3092;0;333
65;14;0;3092;0;333
66;14;0;3092;0;333
67;14;0;3092;0;333
68;14;0;3092;0;333
69;14;0;3092;0;333
70;14;0;3092;0;333
71;14;0;3092;0;333
72;14;0;3092;0;333
73;14;0;3092;0;333
74;14;0;3092;0;333
75;14;0;3092;0;333
76;14;0;287;0;333
77;14;0;287;0;333
78;14;0;287;0;333
79;14;0;287;0;333
80;14;0;287;0;333
81;14;0;287;0;333
82;14;0;287;0;333
83;14;0;287;0;333
84;14;0;287;0;333
85;14;0;287;0;333
86;14;0;287;0;333
87;14;0;287;0;333
2;15;0;623;0;333
2;15;0;625;0;333
3;15;0;287;0;333
4;15;0;287;0;333
5;15;0;287;0;333
9;15;0;596;0;333
10;15;0;287;0;333
11;15;0;622;0;333
12;15;0;622;0;333
13;15;0;628;0;333
16;15;0;623;0;333
17;15;0;600;0;333
18;15;0;600;0;333
19;15;0;600;0;333
20;15;0;600;0;333
21;15;0;600;0;333
22;15;0;600;0;333
23;15;0;600;0;333
24;15;0;287;0;333
25;15;0;287;0;333
26;15;0;287;0;333
27;15;0;287;0;333
28;15;0;287;0;333
29;15;0;287;0;333
30;15;0;287;0;333
31;15;0;287;0;333
32;15;0;287;0;333
33;15;0;287;0;333
34;15;0;287;0;333
35;15;0;287;0;333
36;15;0;287;0;333
37;15;0;287;0;333
38;15;0;3092;0;333
39;15;0;3092;0;333
40;15;0;3092;0;333
41;15;0;3092;0;333
42;15;0;3092;0;333
43;15;0;3092;0;333
44;15;0;3092;0;333
45;15;0;3092;0;333
46;15;0;3092;0;333
52;15;0;3092;0;333
53;15;0;3092;0;333
54;15;0;3092;0;333
55;15;0;3092;0;333
56;15;0;3092;0;333
57;15;0;3092;0;333
58;15;0;3092;0;333
59;15;0;3092;0;333
60;15;0;3092;0;333
61;15;0;3092;0;333
62;15;0;3092;0;333
63;15;0;3092;0;333
64;15;0;3092;0;333
65;15;0;3092;0;333
66;15;0;3092;0;333
67;15;0;3092;0;333
71;15;0;3092;0;333
72;15;0;3092;0;333
73;15;0;3092;0;333
74;15;0;3092;0;333
75;15;0;3092;0;333
76;15;0;3092;0;333
77;15;0;3092;0;333
78;15;0;3092;0;333
79;15;0;3092;0;333
80;15;0;3092;0;333
81;15;0;3092;0;333
82;15;0;287;0;333
83;15;0;287;0;333
84;15;0;287;0;333
85;15;0;287;0;333
86;15;0;287;0;333
87;15;0;287;0;333
2;16;0;623;0;333
3;16;0;287;0;333
4;16;0;287;0;333
6;16;0;3099;0;333
7;16;0;3101;0;333
9;16;0;596;0;333
9;16;0;3093;0;333
10;16;0;287;0;333
14;16;0;1246;0;333
15;16;0;911;0;333
16;16;0;623;0;333
17;16;0;600;0;333
18;16;0;600;0;333
19;16;0;600;0;333
20;16;0;600;0;333
21;16;0;600;0;333
22;16;0;600;0;333
23;16;0;600;0;333
24;16;0;287;0;333
25;16;0;287;0;333
26;16;0;287;0;333
27;16;0;287;0;333
28;16;0;287;0;333
29;16;0;287;0;333
30;16;0;287;0;333
31;16;0;287;0;333
32;16;0;287;0;333
33;16;0;287;0;333
34;16;0;287;0;333
35;16;0;287;0;333
36;16;0;287;0;333
37;16;0;287;0;333
38;16;0;3092;0;333
39;16;0;3092;0;333
40;16;0;3092;0;333
41;16;0;3092;0;333
42;16;0;3092;0;333
43;16;0;3092;0;333
44;16;0;3092;0;333
45;16;0;3092;0;333
46;16;0;3092;0;333
52;16;0;3092;0;333
53;16;0;3092;0;333
54;16;0;3092;0;333
55;16;0;3092;0;333
56;16;0;3092;0;333
57;16;0;3092;0;333
58;16;0;3092;0;333
59;16;0;3092;0;333
60;16;0;3092;0;333
61;16;0;3092;0;333
62;16;0;3092;0;333
63;16;0;3092;0;333
64;16;0;3092;0;333
65;16;0;3092;0;333
66;16;0;3092;0;333
67;16;0;3092;0;333
71;16;0;3092;0;333
72;16;0;3092;0;333
73;16;0;3092;0;333
74;16;0;3092;0;333
75;16;0;3092;0;333
76;16;0;3092;0;333
77;16;0;3092;0;333
78;16;0;3092;0;333
79;16;0;3092;0;333
80;16;0;3092;0;333
81;16;0;3092;0;333
82;16;0;287;0;333
83;16;0;287;0;333
84;16;0;287;0;333
85;16;0;287;0;333
86;16;0;287;0;333
87;16;0;287;0;333
2;17;0;623;0;333
3;17;0;287;0;333
4;17;0;287;0;333
7;17;0;2937;0;333
9;17;0;596;0;333
9;17;0;3099;0;333
10;17;0;287;0;333
15;17;0;1276;0;333
16;17;0;623;0;333
17;17;0;600;0;333
18;17;0;600;0;333
19;17;0;600;0;333
20;17;0;600;0;333
21;17;0;600;0;333
22;17;0;600;0;333
23;17;0;600;0;333
24;17;0;287;0;333
25;17;0;287;0;333
26;17;0;287;0;333
27;17;0;287;0;333
28;17;0;287;0;333
29;17;0;287;0;333
30;17;0;287;0;333
31;17;0;287;0;333
32;17;0;287;0;333
33;17;0;287;0;333
34;17;0;287;0;333
35;17;0;287;0;333
36;17;0;287;0;333
37;17;0;287;0;333
38;17;0;3092;0;333
39;17;0;3092;0;333
40;17;0;3092;0;333
41;17;0;3092;0;333
42;17;0;3092;0;333
43;17;0;3092;0;333
44;17;0;3092;0;333
45;17;0;3092;0;333
46;17;0;3092;0;333
52;17;0;3092;0;333
53;17;0;3092;0;333
54;17;0;3092;0;333
55;17;0;3092;0;333
56;17;0;3092;0;333
57;17;0;3092;0;333
58;17;0;3092;0;333
59;17;0;3092;0;333
60;17;0;3092;0;333
71;17;0;3092;0;333
72;17;0;3092;0;333
73;17;0;3092;0;333
74;17;0;3092;0;333
75;17;0;3092;0;333
76;17;0;3092;0;333
77;17;0;3092;0;333
78;17;0;3092;0;333
79;17;0;3092;0;333
80;17;0;3092;0;333
81;17;0;3092;0;333
82;17;0;287;0;333
83;17;0;287;0;333
84;17;0;287;0;333
85;17;0;287;0;333
86;17;0;287;0;333
87;17;0;287;0;333
2;18;0;623;0;333
3;18;0;287;0;333
3;18;0;287;0;333
4;18;0;35;0;333
9;18;0;596;0;333
9;18;0;3093;0;333
10;18;0;287;0;333
14;18;0;1257;0;333
15;18;0;232;0;333
16;18;0;623;0;333
17;18;0;600;0;333
18;18;0;600;0;333
19;18;0;600;0;333
20;18;0;600;0;333
21;18;0;600;0;333
22;18;0;600;0;333
23;18;0;600;0;333
24;18;0;287;0;333
25;18;0;287;0;333
25;18;0;624;0;333
26;18;0;287;0;333
27;18;0;287;0;333
28;18;0;287;0;333
29;18;0;287;0;333
30;18;0;287;0;333
31;18;0;287;0;333
32;18;0;287;0;333
33;18;0;287;0;333
34;18;0;287;0;333
35;18;0;287;0;333
36;18;0;287;0;333
37;18;0;287;0;333
38;18;0;3092;0;333
39;18;0;3092;0;333
40;18;0;3092;0;333
41;18;0;3092;0;333
42;18;0;3092;0;333
43;18;0;3092;0;333
44;18;0;3092;0;333
45;18;0;3092;0;333
46;18;0;3092;0;333
52;18;0;3092;0;333
53;18;0;3092;0;333
54;18;0;3092;0;333
55;18;0;3092;0;333
56;18;0;3092;0;333
57;18;0;3092;0;333
58;18;0;3092;0;333
59;18;0;3092;0;333
60;18;0;3092;0;333
71;18;0;3092;0;333
72;18;0;3092;0;333
73;18;0;3092;0;333
74;18;0;3092;0;333
75;18;0;3092;0;333
76;18;0;3092;0;333
77;18;0;3092;0;333
78;18;0;3092;0;333
79;18;0;3092;0;333
80;18;0;3092;0;333
81;18;0;3092;0;333
82;18;0;287;0;333
83;18;0;287;0;333
84;18;0;287;0;333
85;18;0;287;0;333
86;18;0;287;0;333
87;18;0;287;0;333
0;19;0;627;0;333
2;19;0;623;0;333
3;19;0;287;0;333
3;19;0;287;0;333
4;19;0;3099;0;333
6;19;0;3099;0;333
9;19;0;596;0;333
10;19;0;287;0;333
10;19;0;287;0;333
15;19;0;1278;0;333
16;19;0;623;0;333
17;19;0;600;0;333
18;19;0;600;0;333
19;19;0;600;0;333
20;19;0;600;0;333
21;19;0;600;0;333
22;19;0;600;0;333
23;19;0;600;0;333
24;19;0;622;0;333
26;19;0;623;0;333
27;19;0;287;0;333
28;19;0;287;0;333
29;19;0;287;0;333
30;19;0;287;0;333
31;19;0;287;0;333
32;19;0;287;0;333
33;19;0;287;0;333
34;19;0;287;0;333
35;19;0;287;0;333
36;19;0;287;0;333
37;19;0;287;0;333
38;19;0;3092;0;333
39;19;0;3092;0;333
40;19;0;3092;0;333
41;19;0;3092;0;333
42;19;0;3092;0;333
43;19;0;3092;0;333
44;19;0;3092;0;333
52;19;0;3092;0;333
53;19;0;3092;0;333
54;19;0;3092;0;333
55;19;0;3092;0;333
56;19;0;3092;0;333
57;19;0;3092;0;333
75;19;0;3092;0;333
76;19;0;3092;0;333
77;19;0;3092;0;333
78;19;0;3092;0;333
79;19;0;3092;0;333
80;19;0;3092;0;333
81;19;0;3092;0;333
82;19;0;287;0;333
83;19;0;287;0;333
84;19;0;287;0;333
85;19;0;287;0;333
86;19;0;287;0;333
87;19;0;287;0;333
0;20;0;623;0;333
1;20;0;287;0;333
2;20;0;287;0;333
3;20;0;287;0;333
3;20;0;287;0;333
6;20;0;3099;0;333
7;20;0;3101;0;333
8;20;0;3099;0;333
9;20;0;596;0;333
9;20;0;596;0;333
9;20;0;3099;0;333
10;20;0;287;0;333
10;20;0;287;0;333
10;20;0;287;0;333
10;20;0;287;0;333
13;20;0;1247;0;333
15;20;0;1254;0;333
16;20;0;623;0;333
17;20;0;600;0;333
18;20;0;600;0;333
19;20;0;600;0;333
20;20;0;600;0;333
21;20;0;600;0;333
22;20;0;600;0;333
25;20;0;233;0;333
26;20;0;623;0;333
27;20;0;287;0;333
28;20;0;287;0;333
29;20;0;287;0;333
30;20;0;287;0;333
31;20;0;287;0;333
32;20;0;287;0;333
33;20;0;287;0;333
34;20;0;287;0;333
35;20;0;287;0;333
36;20;0;287;0;333
37;20;0;287;0;333
38;20;0;3092;0;333
39;20;0;3092;0;333
40;20;0;3092;0;333
41;20;0;3092;0;333
42;20;0;3092;0;333
43;20;0;3092;0;333
44;20;0;3092;0;333
75;20;0;3092;0;333
76;20;0;3092;0;333
77;20;0;3092;0;333
78;20;0;3092;0;333
79;20;0;3092;0;333
80;20;0;3092;0;333
81;20;0;3092;0;333
82;20;0;287;0;333
83;20;0;287;0;333
84;20;0;287;0;333
85;20;0;287;0;333
86;20;0;287;0;333
87;20;0;287;0;333
0;21;0;629;0;333
1;21;0;627;0;333
1;21;0;630;0;333
2;21;0;287;0;333
3;21;0;287;0;333
9;21;0;596;0;333
10;21;0;287;0;333
10;21;0;287;0;333
13;21;0;913;0;333
15;21;0;1273;0;333
16;21;0;629;0;333
17;21;0;622;0;333
18;21;0;622;0;333
18;21;0;624;0;333
18;21;0;2937;0;333
19;21;0;622;0;333
20;21;0;622;0;333
21;21;0;622;0;333
22;21;0;622;0;333
25;21;0;623;0;333
26;21;0;628;0;333
26;21;0;623;0;333
27;21;0;287;0;333
28;21;0;287;0;333
29;21;0;287;0;333
30;21;0;287;0;333
31;21;0;287;0;333
32;21;0;287;0;333
33;21;0;3092;0;333
34;21;0;3092;0;333
35;21;0;3092;0;333
36;21;0;3092;0;333
37;21;0;3092;0;333
38;21;0;3092;0;333
39;21;0;3092;0;333
40;21;0;3092;0;333
41;21;0;3092;0;333
42;21;0;3092;0;333
43;21;0;3092;0;333
44;21;0;3092;0;333
75;21;0;3092;0;333
76;21;0;3092;0;333
77;21;0;3092;0;333
78;21;0;3092;0;333
79;21;0;3092;0;333
80;21;0;3092;0;333
81;21;0;3092;0;333
82;21;0;287;0;333
83;21;0;287;0;333
84;21;0;287;0;333
85;21;0;287;0;333
86;21;0;287;0;333
87;21;0;287;0;333
1;22;0;623;0;333
2;22;0;287;0;333
3;22;0;287;0;333
3;22;0;287;0;333
4;22;0;287;0;333
4;22;0;287;0;333
5;22;0;287;0;333
5;22;0;287;0;333
5;22;0;287;0;333
6;22;0;287;0;333
6;22;0;287;0;333
7;22;0;287;0;333
8;22;0;287;0;333
8;22;0;287;0;333
9;22;0;622;0;333
10;22;0;622;0;333
11;22;0;628;0;333
14;22;0;914;0;333
15;22;0;3099;0;333
25;22;0;623;0;333
26;22;0;628;0;333
26;22;0;623;0;333
27;22;0;287;0;333
28;22;0;622;0;333
29;22;0;622;0;333
30;22;0;622;0;333
30;22;0;42;0;333
30;22;0;319;0;333
31;22;0;287;0;333
32;22;0;287;0;333
33;22;0;3092;0;333
34;22;0;3092;0;333
35;22;0;3092;0;333
36;22;0;3092;0;333
37;22;0;3092;0;333
38;22;0;3092;0;333
39;22;0;3092;0;333
40;22;0;3092;0;333
41;22;0;3092;0;333
75;22;0;3092;0;333
76;22;0;3092;0;333
77;22;0;3092;0;333
78;22;0;3092;0;333
79;22;0;3092;0;333
80;22;0;3092;0;333
81;22;0;3092;0;333
82;22;0;287;0;333
83;22;0;287;0;333
84;22;0;287;0;333
85;22;0;287;0;333
86;22;0;287;0;333
87;22;0;287;0;333
1;23;0;623;0;333
2;23;0;287;0;333
3;23;0;287;0;333
3;23;0;287;0;333
4;23;0;287;0;333
4;23;0;287;0;333
5;23;0;287;0;333
5;23;0;287;0;333
5;23;0;287;0;333
6;23;0;287;0;333
6;23;0;287;0;333
7;23;0;287;0;333
8;23;0;287;0;333
12;23;0;1245;0;333
13;23;0;232;0;333
14;23;0;3099;0;333
15;23;0;3099;0;333
22;23;0;627;0;333
25;23;0;626;0;333
26;23;0;628;0;333
27;23;0;622;0;333
28;23;0;1245;0;333
31;23;0;622;0;333
32;23;0;287;0;333
33;23;0;3092;0;333
34;23;0;3092;0;333
35;23;0;3092;0;333
36;23;0;3092;0;333
37;23;0;3092;0;333
38;23;0;3092;0;333
39;23;0;3092;0;333
41;23;0;3092;0;333
77;23;0;3092;0;333
78;23;0;3092;0;333
79;23;0;3092;0;333
80;23;0;3092;0;333
81;23;0;3092;0;333
82;23;0;287;0;333
83;23;0;287;0;333
84;23;0;287;0;333
85;23;0;287;0;333
86;23;0;287;0;333
87;23;0;287;0;333
1;24;0;623;0;333
2;24;0;287;0;333
3;24;0;287;0;333
4;24;0;287;0;333
5;24;0;287;0;333
6;24;0;287;0;333
7;24;0;287;0;333
8;24;0;287;0;333
11;24;0;232;0;333
22;24;0;629;0;333
23;24;0;628;0;333
25;24;0;626;0;333
26;24;0;622;0;333
27;24;0;1251;0;333
31;24;0;623;0;333
32;24;0;287;0;333
33;24;0;3092;0;333
34;24;0;3092;0;333
35;24;0;3092;0;333
36;24;0;3092;0;333
37;24;0;3092;0;333
38;24;0;3092;0;333
39;24;0;3092;0;333
40;24;0;3092;0;333
41;24;0;3092;0;333
77;24;0;3092;0;333
78;24;0;3092;0;333
79;24;0;3092;0;333
80;24;0;3092;0;333
81;24;0;3092;0;333
82;24;0;287;0;333
83;24;0;287;0;333
84;24;0;287;0;333
85;24;0;287;0;333
86;24;0;287;0;333
87;24;0;287;0;333
0;25;0;3099;0;333
1;25;0;623;0;333
2;25;0;287;0;333
3;25;0;287;0;333
3;25;0;287;0;333
4;25;0;287;0;333
4;25;0;287;0;333
5;25;0;287;0;333
5;25;0;287;0;333
6;25;0;287;0;333
7;25;0;622;0;333
8;25;0;622;0;333
9;25;0;628;0;333
10;25;0;3099;0;333
26;25;0;672;0;333
27;25;0;672;0;333
28;25;0;672;0;333
31;25;0;623;0;333
32;25;0;287;0;333
33;25;0;3092;0;333
34;25;0;3092;0;333
35;25;0;3092;0;333
36;25;0;3092;0;333
37;25;0;3092;0;333
38;25;0;3092;0;333
39;25;0;3092;0;333
40;25;0;3092;0;333
41;25;0;3092;0;333
77;25;0;3092;0;333
78;25;0;3092;0;333
79;25;0;3092;0;333
80;25;0;3092;0;333
81;25;0;3092;0;333
82;25;0;287;0;333
83;25;0;287;0;333
84;25;0;287;0;333
85;25;0;287;0;333
86;25;0;287;0;333
87;25;0;287;0;333
0;26;0;3099;0;333
1;26;0;629;0;333
2;26;0;622;0;333
3;26;0;622;0;333
4;26;0;622;0;333
5;26;0;622;0;333
6;26;0;622;0;333
9;26;0;232;0;333
28;26;0;675;0;333
30;26;0;233;0;333
31;26;0;623;0;333
32;26;0;287;0;333
33;26;0;3092;0;333
34;26;0;3092;0;333
35;26;0;3092;0;333
36;26;0;3092;0;333
37;26;0;3092;0;333
38;26;0;3092;0;333
77;26;0;3092;0;333
78;26;0;3092;0;333
79;26;0;3092;0;333
80;26;0;3092;0;333
81;26;0;3092;0;333
82;26;0;287;0;333
83;26;0;287;0;333
84;26;0;287;0;333
85;26;0;287;0;333
86;26;0;287;0;333
87;26;0;287;0;333
28;27;0;1251;0;333
30;27;0;623;0;333
31;27;0;287;0;333
32;27;0;287;0;333
33;27;0;3092;0;333
34;27;0;3092;0;333
35;27;0;3092;0;333
36;27;0;3092;0;333
38;27;0;3092;0;333
77;27;0;3092;0;333
78;27;0;3092;0;333
79;27;0;3092;0;333
80;27;0;3092;0;333
81;27;0;3092;0;333
82;27;0;287;0;333
83;27;0;287;0;333
84;27;0;287;0;333
85;27;0;287;0;333
86;27;0;287;0;333
87;27;0;287;0;333
28;28;0;623;0;333
29;28;0;287;0;333
30;28;0;287;0;333
31;28;0;287;0;333
32;28;0;287;0;333
33;28;0;3092;0;333
34;28;0;3092;0;333
35;28;0;3092;0;333
36;28;0;3092;0;333
77;28;0;3092;0;333
78;28;0;3092;0;333
79;28;0;3092;0;333
80;28;0;3092;0;333
81;28;0;3092;0;333
82;28;0;287;0;333
83;28;0;287;0;333
84;28;0;287;0;333
85;28;0;287;0;333
86;28;0;287;0;333
87;28;0;287;0;333
27;29;0;287;0;333
30;29;0;287;0;333
31;29;0;287;0;333
32;29;0;287;0;333
33;29;0;3092;0;333
34;29;0;3092;0;333
35;29;0;3092;0;333
36;29;0;3092;0;333
77;29;0;3092;0;333
78;29;0;3092;0;333
79;29;0;3092;0;333
80;29;0;3092;0;333
81;29;0;3092;0;333
82;29;0;287;0;333
83;29;0;287;0;333
84;29;0;287;0;333
85;29;0;287;0;333
86;29;0;287;0;333
87;29;0;287;0;333
26;30;0;287;0;333
27;30;0;287;0;333
28;30;0;287;0;333
29;30;0;287;0;333
30;30;0;287;0;333
31;30;0;287;0;333
32;30;0;287;0;333
33;30;0;3092;0;333
34;30;0;3092;0;333
35;30;0;3092;0;333
36;30;0;3092;0;333
77;30;0;3092;0;333
78;30;0;3092;0;333
79;30;0;3092;0;333
80;30;0;3092;0;333
81;30;0;3092;0;333
82;30;0;287;0;333
83;30;0;287;0;333
84;30;0;287;0;333
85;30;0;287;0;333
86;30;0;287;0;333
87;30;0;287;0;333
24;31;0;287;0;333
25;31;0;287;0;333
26;31;0;287;0;333
27;31;0;287;0;333
28;31;0;287;0;333
29;31;0;287;0;333
30;31;0;287;0;333
31;31;0;287;0;333
32;31;0;287;0;333
33;31;0;3092;0;333
34;31;0;3092;0;333
35;31;0;3092;0;333
36;31;0;3092;0;333
78;31;0;3092;0;333
79;31;0;3092;0;333
80;31;0;3092;0;333
81;31;0;3092;0;333
82;31;0;287;0;333
83;31;0;287;0;333
84;31;0;287;0;333
85;31;0;287;0;333
86;31;0;287;0;333
87;31;0;287;0;333
22;32;0;1246;0;333
23;32;0;287;0;333
24;32;0;287;0;333
25;32;0;287;0;333
26;32;0;287;0;333
27;32;0;287;0;333
28;32;0;287;0;333
29;32;0;287;0;333
30;32;0;287;0;333
31;32;0;287;0;333
32;32;0;287;0;333
33;32;0;3092;0;333
34;32;0;3092;0;333
35;32;0;3092;0;333
36;32;0;3092;0;333
75;32;0;3092;0;333
76;32;0;3092;0;333
77;32;0;3092;0;333
78;32;0;3092;0;333
79;32;0;3092;0;333
80;32;0;3092;0;333
81;32;0;3092;0;333
82;32;0;287;0;333
83;32;0;287;0;333
84;32;0;287;0;333
85;32;0;287;0;333
86;32;0;287;0;333
87;32;0;287;0;333
21;33;0;232;0;333
21;33;0;233;0;333
22;33;0;629;0;333
23;33;0;287;0;333
24;33;0;287;0;333
25;33;0;287;0;333
26;33;0;287;0;333
27;33;0;287;0;333
28;33;0;287;0;333
29;33;0;287;0;333
30;33;0;3092;0;333
31;33;0;3092;0;333
32;33;0;3092;0;333
33;33;0;3092;0;333
34;33;0;3092;0;333
35;33;0;3092;0;333
36;33;0;3092;0;333
71;33;0;3092;0;333
72;33;0;3092;0;333
73;33;0;3092;0;333
74;33;0;3092;0;333
75;33;0;3092;0;333
76;33;0;3092;0;333
77;33;0;3092;0;333
78;33;0;3092;0;333
79;33;0;3092;0;333
80;33;0;3092;0;333
81;33;0;3092;0;333
82;33;0;287;0;333
83;33;0;287;0;333
84;33;0;287;0;333
85;33;0;287;0;333
86;33;0;287;0;333
87;33;0;287;0;333
21;34;0;627;0;333
22;34;0;629;0;333
23;34;0;287;0;333
24;34;0;287;0;333
25;34;0;287;0;333
26;34;0;287;0;333
27;34;0;287;0;333
28;34;0;287;0;333
29;34;0;287;0;333
30;34;0;3092;0;333
31;34;0;3092;0;333
32;34;0;3092;0;333
33;34;0;3092;0;333
34;34;0;3092;0;333
35;34;0;3092;0;333
36;34;0;3092;0;333
71;34;0;3092;0;333
72;34;0;3092;0;333
73;34;0;3092;0;333
74;34;0;3092;0;333
75;34;0;3092;0;333
76;34;0;3092;0;333
77;34;0;3092;0;333
78;34;0;3092;0;333
79;34;0;3092;0;333
80;34;0;3092;0;333
81;34;0;3092;0;333
82;34;0;287;0;333
83;34;0;287;0;333
84;34;0;287;0;333
85;34;0;287;0;333
86;34;0;287;0;333
87;34;0;287;0;333
20;35;0;1273;0;333
21;35;0;3098;0;333
22;35;0;629;0;333
23;35;0;287;0;333
24;35;0;287;0;333
25;35;0;287;0;333
26;35;0;287;0;333
27;35;0;287;0;333
28;35;0;287;0;333
29;35;0;287;0;333
30;35;0;3092;0;333
31;35;0;3092;0;333
32;35;0;3092;0;333
33;35;0;3092;0;333
34;35;0;3092;0;333
35;35;0;3092;0;333
36;35;0;3092;0;333
71;35;0;3092;0;333
72;35;0;3092;0;333
73;35;0;3092;0;333
74;35;0;3092;0;333
75;35;0;3092;0;333
76;35;0;3092;0;333
77;35;0;3092;0;333
78;35;0;3092;0;333
79;35;0;3092;0;333
80;35;0;287;0;333
81;35;0;287;0;333
82;35;0;287;0;333
83;35;0;287;0;333
84;35;0;287;0;333
85;35;0;287;0;333
86;35;0;287;0;333
87;35;0;287;0;333
19;36;0;1246;0;333
22;36;0;629;0;333
23;36;0;287;0;333
24;36;0;287;0;333
25;36;0;287;0;333
26;36;0;287;0;333
27;36;0;287;0;333
28;36;0;287;0;333
29;36;0;287;0;333
30;36;0;3092;0;333
31;36;0;3092;0;333
32;36;0;3092;0;333
33;36;0;3092;0;333
34;36;0;3092;0;333
35;36;0;3092;0;333
36;36;0;3092;0;333
67;36;0;3092;0;333
68;36;0;3092;0;333
69;36;0;3092;0;333
70;36;0;3092;0;333
71;36;0;3092;0;333
72;36;0;3092;0;333
73;36;0;3092;0;333
74;36;0;3092;0;333
75;36;0;3092;0;333
76;36;0;3092;0;333
77;36;0;3092;0;333
78;36;0;3092;0;333
79;36;0;3092;0;333
80;36;0;287;0;333
81;36;0;287;0;333
82;36;0;287;0;333
83;36;0;287;0;333
84;36;0;287;0;333
85;36;0;287;0;333
86;36;0;287;0;333
87;36;0;287;0;333
19;37;0;627;0;333
20;37;0;627;0;333
21;37;0;627;0;333
22;37;0;629;0;333
23;37;0;287;0;333
24;37;0;287;0;333
25;37;0;287;0;333
26;37;0;287;0;333
27;37;0;287;0;333
28;37;0;287;0;333
29;37;0;287;0;333
30;37;0;3092;0;333
31;37;0;3092;0;333
32;37;0;3092;0;333
33;37;0;3092;0;333
34;37;0;3092;0;333
67;37;0;3092;0;333
68;37;0;3092;0;333
69;37;0;3092;0;333
70;37;0;3092;0;333
71;37;0;3092;0;333
72;37;0;3092;0;333
73;37;0;3092;0;333
74;37;0;3092;0;333
75;37;0;3092;0;333
76;37;0;3092;0;333
77;37;0;3092;0;333
78;37;0;3092;0;333
79;37;0;3092;0;333
80;37;0;287;0;333
81;37;0;287;0;333
82;37;0;287;0;333
83;37;0;287;0;333
84;37;0;287;0;333
85;37;0;287;0;333
86;37;0;287;0;333
87;37;0;287;0;333
88;37;0;600;0;333
89;37;0;600;0;333
90;37;0;600;0;333
91;37;0;600;0;333
92;37;0;600;0;333
93;37;0;600;0;333
94;37;0;600;0;333
95;37;0;600;0;333
96;37;0;600;0;333
96;37;0;613;0;333
97;37;0;600;0;333
98;37;0;600;0;333
99;37;0;600;0;333
99;37;0;613;0;333
100;37;0;600;0;333
101;37;0;600;0;333
102;37;0;600;0;333
103;37;0;3085;0;333
104;37;0;3092;0;333
105;37;0;613;0;333
109;37;0;3100;0;333
19;38;0;623;0;333
20;38;0;287;0;333
21;38;0;287;0;333
22;38;0;287;0;333
23;38;0;287;0;333
24;38;0;287;0;333
25;38;0;287;0;333
26;38;0;287;0;333
27;38;0;287;0;333
28;38;0;287;0;333
29;38;0;287;0;333
30;38;0;3092;0;333
31;38;0;3092;0;333
32;38;0;3092;0;333
33;38;0;3092;0;333
34;38;0;3092;0;333
67;38;0;3092;0;333
68;38;0;3092;0;333
69;38;0;3092;0;333
70;38;0;3092;0;333
71;38;0;3092;0;333
72;38;0;3092;0;333
73;38;0;3092;0;333
74;38;0;3092;0;333
75;38;0;3092;0;333
76;38;0;3092;0;333
77;38;0;3092;0;333
78;38;0;3092;0;333
79;38;0;3092;0;333
80;38;0;287;0;333
81;38;0;287;0;333
82;38;0;287;0;333
83;38;0;287;0;333
84;38;0;287;0;333
85;38;0;287;0;333
86;38;0;287;0;333
87;38;0;287;0;333
90;38;0;3088;0;333
91;38;0;3091;0;333
95;38;0;3088;0;333
96;38;0;3087;0;333
99;38;0;425;0;333
100;38;0;613;0;333
102;38;0;520;0;333
104;38;0;424;0;333
104;38;0;1245;0;333
105;38;0;613;0;333
109;38;0;3100;0;333
19;39;0;623;0;333
20;39;0;287;0;333
21;39;0;287;0;333
22;39;0;287;0;333
23;39;0;287;0;333
24;39;0;287;0;333
25;39;0;287;0;333
26;39;0;287;0;333
27;39;0;287;0;333
28;39;0;287;0;333
29;39;0;287;0;333
30;39;0;3092;0;333
31;39;0;3092;0;333
32;39;0;3092;0;333
33;39;0;3092;0;333
34;39;0;3092;0;333
67;39;0;3092;0;333
68;39;0;3092;0;333
69;39;0;3092;0;333
70;39;0;3092;0;333
71;39;0;3092;0;333
72;39;0;3092;0;333
73;39;0;3092;0;333
74;39;0;3092;0;333
75;39;0;3092;0;333
76;39;0;3092;0;333
77;39;0;3092;0;333
78;39;0;3092;0;333
79;39;0;3092;0;333
80;39;0;287;0;333
81;39;0;287;0;333
82;39;0;287;0;333
83;39;0;287;0;333
84;39;0;287;0;333
85;39;0;287;0;333
86;39;0;287;0;333
87;39;0;287;0;333
91;39;0;613;0;333
95;39;0;3088;0;333
96;39;0;3087;0;333
104;39;0;519;0;333
105;39;0;613;0;333
106;39;0;613;0;333
107;39;0;613;0;333
19;40;0;623;0;333
20;40;0;287;0;333
21;40;0;287;0;333
22;40;0;287;0;333
23;40;0;287;0;333
24;40;0;287;0;333
25;40;0;287;0;333
26;40;0;287;0;333
27;40;0;287;0;333
28;40;0;287;0;333
29;40;0;287;0;333
30;40;0;3092;0;333
31;40;0;3092;0;333
32;40;0;3092;0;333
33;40;0;3092;0;333
34;40;0;3092;0;333
67;40;0;3092;0;333
68;40;0;3092;0;333
69;40;0;3092;0;333
70;40;0;3092;0;333
71;40;0;3092;0;333
72;40;0;3092;0;333
73;40;0;3092;0;333
74;40;0;3092;0;333
75;40;0;3092;0;333
76;40;0;3092;0;333
77;40;0;3092;0;333
78;40;0;3092;0;333
79;40;0;3092;0;333
80;40;0;287;0;333
81;40;0;287;0;333
82;40;0;287;0;333
83;40;0;287;0;333
84;40;0;287;0;333
85;40;0;287;0;333
86;40;0;287;0;333
87;40;0;287;0;333
90;40;0;3088;0;333
91;40;0;3087;0;333
94;40;0;424;0;333
95;40;0;3088;0;333
96;40;0;3087;0;333
103;40;0;3101;0;333
106;40;0;3092;0;333
107;40;0;613;0;333
109;40;0;3100;0;333
19;41;0;623;0;333
20;41;0;287;0;333
21;41;0;287;0;333
22;41;0;287;0;333
23;41;0;287;0;333
24;41;0;287;0;333
25;41;0;287;0;333
26;41;0;287;0;333
27;41;0;287;0;333
28;41;0;287;0;333
29;41;0;287;0;333
30;41;0;3092;0;333
31;41;0;3092;0;333
32;41;0;3092;0;333
33;41;0;3092;0;333
34;41;0;3092;0;333
62;41;0;3092;0;333
63;41;0;3092;0;333
64;41;0;3092;0;333
65;41;0;3092;0;333
66;41;0;3092;0;333
67;41;0;3092;0;333
68;41;0;3092;0;333
69;41;0;3092;0;333
70;41;0;3092;0;333
71;41;0;3092;0;333
72;41;0;287;0;333
73;41;0;287;0;333
74;41;0;287;0;333
75;41;0;287;0;333
76;41;0;287;0;333
77;41;0;287;0;333
78;41;0;287;0;333
79;41;0;287;0;333
80;41;0;287;0;333
81;41;0;287;0;333
82;41;0;287;0;333
83;41;0;287;0;333
84;41;0;287;0;333
85;41;0;287;0;333
86;41;0;287;0;333
87;41;0;287;0;333
88;41;0;1246;0;333
89;41;0;1245;0;333
89;41;0;424;0;333
90;41;0;3088;0;333
91;41;0;3087;0;333
94;41;0;519;0;333
95;41;0;3092;0;333
96;41;0;613;0;333
107;41;0;3090;0;333
109;41;0;3100;0;333
19;42;0;623;0;333
20;42;0;287;0;333
21;42;0;287;0;333
22;42;0;287;0;333
23;42;0;287;0;333
24;42;0;287;0;333
25;42;0;287;0;333
26;42;0;287;0;333
27;42;0;287;0;333
28;42;0;287;0;333
29;42;0;287;0;333
30;42;0;3092;0;333
31;42;0;3092;0;333
32;42;0;3092;0;333
62;42;0;3092;0;333
63;42;0;3092;0;333
64;42;0;3092;0;333
65;42;0;3092;0;333
66;42;0;3092;0;333
67;42;0;3092;0;333
68;42;0;3092;0;333
69;42;0;3092;0;333
70;42;0;3092;0;333
71;42;0;3092;0;333
72;42;0;287;0;333
73;42;0;287;0;333
74;42;0;287;0;333
75;42;0;287;0;333
76;42;0;287;0;333
77;42;0;287;0;333
78;42;0;287;0;333
79;42;0;287;0;333
80;42;0;287;0;333
81;42;0;287;0;333
82;42;0;287;0;333
83;42;0;287;0;333
84;42;0;287;0;333
90;42;0;3092;0;333
91;42;0;613;0;333
93;42;0;3101;0;333
95;42;0;424;0;333
95;42;0;1246;0;333
96;42;0;613;0;333
97;42;0;613;0;333
98;42;0;613;0;333
107;42;0;425;0;333
109;42;0;3100;0;333
19;43;0;623;0;333
19;43;0;630;0;333
20;43;0;287;0;333
21;43;0;287;0;333
22;43;0;287;0;333
23;43;0;287;0;333
24;43;0;287;0;333
25;43;0;287;0;333
26;43;0;287;0;333
27;43;0;287;0;333
28;43;0;287;0;333
29;43;0;287;0;333
30;43;0;3092;0;333
31;43;0;3092;0;333
32;43;0;3092;0;333
60;43;0;3092;0;333
61;43;0;3092;0;333
62;43;0;3092;0;333
63;43;0;3092;0;333
64;43;0;3092;0;333
65;43;0;3092;0;333
66;43;0;3092;0;333
67;43;0;3092;0;333
68;43;0;3092;0;333
69;43;0;3092;0;333
70;43;0;3092;0;333
71;43;0;3092;0;333
72;43;0;287;0;333
73;43;0;287;0;333
74;43;0;287;0;333
75;43;0;287;0;333
76;43;0;287;0;333
77;43;0;287;0;333
78;43;0;287;0;333
79;43;0;287;0;333
80;43;0;287;0;333
81;43;0;287;0;333
82;43;0;287;0;333
83;43;0;287;0;333
84;43;0;287;0;333
89;43;0;1245;0;333
91;43;0;520;0;333
95;43;0;627;0;333
96;43;0;718;0;333
98;43;0;3092;0;333
99;43;0;3094;0;333
109;43;0;3100;0;333
114;43;0;3100;0;333
115;43;0;3100;0;333
115;43;0;613;0;333
116;43;0;3100;0;333
19;44;0;623;0;333
20;44;0;287;0;333
21;44;0;287;0;333
22;44;0;287;0;333
23;44;0;287;0;333
24;44;0;287;0;333
25;44;0;287;0;333
26;44;0;287;0;333
27;44;0;287;0;333
28;44;0;287;0;333
29;44;0;287;0;333
30;44;0;3092;0;333
31;44;0;3092;0;333
32;44;0;3092;0;333
60;44;0;3092;0;333
61;44;0;3092;0;333
62;44;0;3092;0;333
63;44;0;3092;0;333
64;44;0;3092;0;333
65;44;0;3092;0;333
66;44;0;3092;0;333
67;44;0;3092;0;333
68;44;0;3092;0;333
69;44;0;3092;0;333
70;44;0;3092;0;333
71;44;0;3092;0;333
72;44;0;287;0;333
73;44;0;287;0;333
74;44;0;287;0;333
75;44;0;287;0;333
76;44;0;287;0;333
77;44;0;287;0;333
78;44;0;287;0;333
79;44;0;287;0;333
80;44;0;287;0;333
81;44;0;287;0;333
82;44;0;287;0;333
83;44;0;287;0;333
84;44;0;287;0;333
94;44;0;607;0;333
95;44;0;629;0;333
96;44;0;722;0;333
98;44;0;1246;0;333
108;44;0;3100;0;333
109;44;0;3100;0;333
115;44;0;3100;0;333
116;44;0;600;0;333
19;45;0;623;0;333
20;45;0;287;0;333
21;45;0;287;0;333
22;45;0;287;0;333
23;45;0;287;0;333
24;45;0;287;0;333
25;45;0;287;0;333
26;45;0;287;0;333
27;45;0;287;0;333
28;45;0;287;0;333
29;45;0;287;0;333
30;45;0;3092;0;333
31;45;0;3092;0;333
32;45;0;3092;0;333
58;45;0;3092;0;333
59;45;0;3092;0;333
60;45;0;3092;0;333
61;45;0;3092;0;333
62;45;0;3092;0;333
63;45;0;3092;0;333
64;45;0;3092;0;333
65;45;0;3092;0;333
66;45;0;3092;0;333
67;45;0;3092;0;333
68;45;0;3092;0;333
69;45;0;3092;0;333
70;45;0;3092;0;333
71;45;0;3092;0;333
72;45;0;287;0;333
73;45;0;287;0;333
74;45;0;287;0;333
75;45;0;287;0;333
76;45;0;287;0;333
77;45;0;287;0;333
78;45;0;287;0;333
79;45;0;287;0;333
80;45;0;287;0;333
81;45;0;628;0;333
81;45;0;622;0;333
82;45;0;622;0;333
83;45;0;287;0;333
84;45;0;287;0;333
94;45;0;610;0;333
96;45;0;722;0;333
104;45;0;3096;0;333
105;45;0;1245;0;333
107;45;0;3100;0;333
108;45;0;3100;0;333
108;45;0;3100;0;333
116;45;0;600;0;333
19;46;0;623;0;333
20;46;0;287;0;333
21;46;0;287;0;333
22;46;0;287;0;333
23;46;0;287;0;333
24;46;0;287;0;333
25;46;0;287;0;333
26;46;0;287;0;333
27;46;0;287;0;333
28;46;0;287;0;333
29;46;0;287;0;333
30;46;0;3092;0;333
31;46;0;3092;0;333
32;46;0;3092;0;333
58;46;0;3092;0;333
59;46;0;3092;0;333
60;46;0;3092;0;333
61;46;0;3092;0;333
62;46;0;3092;0;333
63;46;0;3092;0;333
64;46;0;3092;0;333
65;46;0;287;0;333
66;46;0;287;0;333
67;46;0;287;0;333
68;46;0;287;0;333
69;46;0;287;0;333
70;46;0;287;0;333
71;46;0;287;0;333
72;46;0;287;0;333
73;46;0;287;0;333
74;46;0;287;0;333
75;46;0;287;0;333
76;46;0;287;0;333
77;46;0;287;0;333
78;46;0;287;0;333
79;46;0;287;0;333
80;46;0;287;0;333
81;46;0;628;0;333
82;46;0;623;0;333
83;46;0;287;0;333
84;46;0;287;0;333
96;46;0;722;0;333
98;46;0;721;0;333
99;46;0;721;0;333
100;46;0;721;0;333
101;46;0;3100;0;333
102;46;0;1278;0;333
103;46;0;1257;0;333
104;46;0;613;0;333
105;46;0;3092;0;333
106;46;0;1257;0;333
107;46;0;3100;0;333
116;46;0;600;0;333
17;47;0;627;0;333
18;47;0;627;0;333
19;47;0;627;0;333
19;47;0;623;0;333
20;47;0;287;0;333
21;47;0;287;0;333
22;47;0;287;0;333
23;47;0;287;0;333
24;47;0;287;0;333
25;47;0;287;0;333
26;47;0;287;0;333
27;47;0;287;0;333
28;47;0;287;0;333
29;47;0;287;0;333
30;47;0;3092;0;333
31;47;0;3092;0;333
32;47;0;3092;0;333
58;47;0;3092;0;333
59;47;0;3092;0;333
60;47;0;3092;0;333
61;47;0;3092;0;333
62;47;0;3092;0;333
63;47;0;3092;0;333
64;47;0;3092;0;333
65;47;0;287;0;333
66;47;0;287;0;333
67;47;0;287;0;333
68;47;0;287;0;333
69;47;0;287;0;333
70;47;0;287;0;333
71;47;0;287;0;333
72;47;0;287;0;333
73;47;0;287;0;333
74;47;0;287;0;333
75;47;0;287;0;333
76;47;0;287;0;333
77;47;0;287;0;333
78;47;0;287;0;333
79;47;0;287;0;333
80;47;0;287;0;333
81;47;0;628;0;333
82;47;0;623;0;333
83;47;0;287;0;333
84;47;0;287;0;333
100;47;0;2052;0;333
101;47;0;3100;0;333
112;47;0;3092;0;333
116;47;0;600;0;333
116;47;0;613;0;333
17;48;0;623;0;333
18;48;0;287;0;333
19;48;0;287;0;333
20;48;0;287;0;333
21;48;0;287;0;333
22;48;0;287;0;333
23;48;0;287;0;333
24;48;0;287;0;333
25;48;0;287;0;333
26;48;0;287;0;333
27;48;0;287;0;333
28;48;0;287;0;333
29;48;0;287;0;333
30;48;0;3092;0;333
31;48;0;3092;0;333
32;48;0;3092;0;333
56;48;0;3092;0;333
57;48;0;3092;0;333
58;48;0;3092;0;333
59;48;0;3092;0;333
60;48;0;3092;0;333
61;48;0;3092;0;333
62;48;0;3092;0;333
63;48;0;3092;0;333
64;48;0;3092;0;333
65;48;0;287;0;333
66;48;0;287;0;333
67;48;0;287;0;333
68;48;0;287;0;333
69;48;0;287;0;333
70;48;0;287;0;333
71;48;0;287;0;333
72;48;0;287;0;333
73;48;0;287;0;333
74;48;0;287;0;333
75;48;0;287;0;333
76;48;0;287;0;333
77;48;0;287;0;333
78;48;0;287;0;333
79;48;0;287;0;333
80;48;0;287;0;333
81;48;0;628;0;333
82;48;0;623;0;333
83;48;0;287;0;333
84;48;0;287;0;333
94;48;0;1246;0;333
99;48;0;3101;0;333
100;48;0;2052;0;333
101;48;0;3100;0;333
111;48;0;3100;0;333
116;48;0;600;0;333
116;48;0;613;0;333
17;49;0;287;0;333
18;49;0;287;0;333
19;49;0;287;0;333
20;49;0;287;0;333
21;49;0;287;0;333
22;49;0;287;0;333
23;49;0;287;0;333
24;49;0;287;0;333
25;49;0;287;0;333
26;49;0;287;0;333
27;49;0;287;0;333
28;49;0;287;0;333
29;49;0;287;0;333
30;49;0;3092;0;333
31;49;0;3092;0;333
32;49;0;3092;0;333
56;49;0;3092;0;333
57;49;0;3092;0;333
58;49;0;3092;0;333
59;49;0;3092;0;333
60;49;0;3092;0;333
61;49;0;3092;0;333
62;49;0;3092;0;333
63;49;0;3092;0;333
64;49;0;3092;0;333
65;49;0;287;0;333
66;49;0;287;0;333
67;49;0;287;0;333
68;49;0;287;0;333
69;49;0;287;0;333
70;49;0;287;0;333
71;49;0;287;0;333
72;49;0;287;0;333
73;49;0;287;0;333
74;49;0;287;0;333
75;49;0;622;0;333
76;49;0;630;0;333
77;49;0;630;0;333
78;49;0;622;0;333
79;49;0;622;0;333
80;49;0;622;0;333
81;49;0;628;0;333
82;49;0;623;0;333
83;49;0;287;0;333
84;49;0;287;0;333
94;49;0;611;0;333
101;49;0;1278;0;333
111;49;0;3100;0;333
114;49;0;3101;0;333
116;49;0;600;0;333
17;50;0;287;0;333
18;50;0;287;0;333
19;50;0;287;0;333
20;50;0;287;0;333
21;50;0;287;0;333
22;50;0;287;0;333
23;50;0;287;0;333
24;50;0;287;0;333
25;50;0;287;0;333
26;50;0;287;0;333
27;50;0;287;0;333
28;50;0;287;0;333
29;50;0;287;0;333
30;50;0;3092;0;333
31;50;0;3092;0;333
32;50;0;3092;0;333
56;50;0;3092;0;333
57;50;0;3092;0;333
58;50;0;3092;0;333
59;50;0;3092;0;333
60;50;0;3092;0;333
61;50;0;3092;0;333
62;50;0;3092;0;333
63;50;0;3092;0;333
64;50;0;3092;0;333
65;50;0;287;0;333
66;50;0;287;0;333
67;50;0;287;0;333
68;50;0;287;0;333
69;50;0;287;0;333
70;50;0;287;0;333
71;50;0;287;0;333
72;50;0;287;0;333
73;50;0;287;0;333
74;50;0;287;0;333
75;50;0;628;0;333
76;50;0;1251;0;333
79;50;0;2832;0;333
80;50;0;1254;0;333
82;50;0;627;0;333
83;50;0;287;0;333
84;50;0;287;0;333
94;50;0;612;0;333
101;50;0;1278;0;333
110;50;0;3100;0;333
111;50;0;3100;0;333
114;50;0;1245;0;333
116;50;0;3088;0;333
17;51;0;623;0;333
18;51;0;287;0;333
19;51;0;287;0;333
20;51;0;287;0;333
21;51;0;287;0;333
22;51;0;287;0;333
23;51;0;287;0;333
24;51;0;287;0;333
25;51;0;287;0;333
26;51;0;287;0;333
27;51;0;287;0;333
28;51;0;287;0;333
29;51;0;287;0;333
30;51;0;3092;0;333
31;51;0;3092;0;333
32;51;0;3092;0;333
53;51;0;3092;0;333
54;51;0;3092;0;333
55;51;0;3092;0;333
56;51;0;3092;0;333
57;51;0;3092;0;333
58;51;0;3092;0;333
59;51;0;3092;0;333
60;51;0;3092;0;333
61;51;0;3092;0;333
62;51;0;3092;0;333
63;51;0;3092;0;333
64;51;0;3092;0;333
65;51;0;287;0;333
66;51;0;287;0;333
67;51;0;287;0;333
68;51;0;287;0;333
69;51;0;287;0;333
70;51;0;287;0;333
71;51;0;287;0;333
72;51;0;287;0;333
73;51;0;287;0;333
74;51;0;287;0;333
75;51;0;628;0;333
79;51;0;627;0;333
80;51;0;627;0;333
81;51;0;287;0;333
82;51;0;287;0;333
83;51;0;287;0;333
84;51;0;287;0;333
100;51;0;3100;0;333
101;51;0;3100;0;333
110;51;0;3100;0;333
113;51;0;3093;0;333
114;51;0;613;0;333
115;51;0;3092;0;333
116;51;0;3088;0;333
17;52;0;627;0;333
18;52;0;287;0;333
19;52;0;287;0;333
20;52;0;287;0;333
21;52;0;287;0;333
22;52;0;287;0;333
23;52;0;287;0;333
24;52;0;287;0;333
25;52;0;287;0;333
26;52;0;287;0;333
27;52;0;287;0;333
28;52;0;287;0;333
29;52;0;287;0;333
30;52;0;3092;0;333
31;52;0;3092;0;333
32;52;0;3092;0;333
37;52;0;915;0;333
38;52;0;1257;0;333
39;52;0;1276;0;333
40;52;0;915;0;333
43;52;0;232;0;333
43;52;0;1247;0;333
45;52;0;1254;0;333
46;52;0;1276;0;333
47;52;0;914;0;333
48;52;0;626;0;333
50;52;0;1254;0;333
51;52;0;1276;0;333
52;52;0;914;0;333
53;52;0;3092;0;333
54;52;0;3092;0;333
55;52;0;3092;0;333
56;52;0;3092;0;333
57;52;0;3092;0;333
58;52;0;3092;0;333
59;52;0;3092;0;333
60;52;0;3092;0;333
61;52;0;3092;0;333
62;52;0;3092;0;333
63;52;0;3092;0;333
64;52;0;3092;0;333
65;52;0;287;0;333
66;52;0;287;0;333
67;52;0;287;0;333
68;52;0;287;0;333
69;52;0;287;0;333
70;52;0;287;0;333
71;52;0;287;0;333
72;52;0;287;0;333
73;52;0;287;0;333
74;52;0;287;0;333
75;52;0;628;0;333
79;52;0;623;0;333
80;52;0;287;0;333
81;52;0;287;0;333
82;52;0;287;0;333
83;52;0;287;0;333
84;52;0;287;0;333
89;52;0;3096;0;333
94;52;0;3101;0;333
100;52;0;3100;0;333
110;52;0;3100;0;333
114;52;0;520;0;333
116;52;0;600;0;333
17;53;0;630;0;333
18;53;0;287;0;333
19;53;0;287;0;333
20;53;0;287;0;333
21;53;0;287;0;333
22;53;0;287;0;333
23;53;0;287;0;333
24;53;0;287;0;333
25;53;0;287;0;333
26;53;0;287;0;333
27;53;0;287;0;333
28;53;0;287;0;333
29;53;0;287;0;333
30;53;0;3092;0;333
31;53;0;3092;0;333
32;53;0;3092;0;333
34;53;0;1276;0;333
37;53;0;232;0;333
37;53;0;1276;0;333
39;53;0;233;0;333
41;53;0;233;0;333
44;53;0;1273;0;333
46;53;0;1246;0;333
47;53;0;233;0;333
48;53;0;1276;0;333
49;53;0;232;0;333
49;53;0;1251;0;333
50;53;0;1254;0;333
52;53;0;1254;0;333
52;53;0;915;0;333
53;53;0;3092;0;333
54;53;0;3092;0;333
55;53;0;3092;0;333
56;53;0;3092;0;333
57;53;0;3092;0;333
58;53;0;3092;0;333
59;53;0;287;0;333
60;53;0;287;0;333
61;53;0;287;0;333
62;53;0;287;0;333
63;53;0;287;0;333
64;53;0;287;0;333
65;53;0;287;0;333
66;53;0;287;0;333
67;53;0;287;0;333
68;53;0;287;0;333
69;53;0;287;0;333
70;53;0;622;0;333
71;53;0;622;0;333
72;53;0;622;0;333
73;53;0;622;0;333
74;53;0;622;0;333
75;53;0;628;0;333
78;53;0;627;0;333
79;53;0;623;0;333
80;53;0;287;0;333
81;53;0;287;0;333
82;53;0;287;0;333
83;53;0;287;0;333
84;53;0;287;0;333
89;53;0;3088;0;333
90;53;0;3087;0;333
98;53;0;1273;0;333
99;53;0;3100;0;333
100;53;0;3100;0;333
110;53;0;3100;0;333
116;53;0;600;0;333
17;54;0;623;0;333
18;54;0;287;0;333
19;54;0;287;0;333
20;54;0;287;0;333
21;54;0;287;0;333
22;54;0;287;0;333
23;54;0;287;0;333
24;54;0;287;0;333
25;54;0;287;0;333
26;54;0;287;0;333
27;54;0;287;0;333
28;54;0;287;0;333
29;54;0;287;0;333
30;54;0;3092;0;333
31;54;0;3092;0;333
32;54;0;3092;0;333
35;54;0;627;0;333
38;54;0;915;0;333
39;54;0;623;0;333
40;54;0;287;0;333
42;54;0;232;0;333
42;54;0;914;0;333
44;54;0;915;0;333
45;54;0;1254;0;333
47;54;0;1276;0;333
49;54;0;914;0;333
50;54;0;1276;0;333
53;54;0;3092;0;333
54;54;0;3092;0;333
55;54;0;3092;0;333
56;54;0;3092;0;333
57;54;0;3092;0;333
58;54;0;3092;0;333
59;54;0;287;0;333
60;54;0;287;0;333
61;54;0;287;0;333
62;54;0;287;0;333
63;54;0;287;0;333
64;54;0;287;0;333
65;54;0;287;0;333
66;54;0;287;0;333
67;54;0;287;0;333
68;54;0;287;0;333
69;54;0;287;0;333
70;54;0;628;0;333
72;54;0;1254;0;333
73;54;0;915;0;333
74;54;0;1251;0;333
75;54;0;1257;0;333
76;54;0;911;0;333
78;54;0;629;0;333
79;54;0;623;0;333
80;54;0;287;0;333
81;54;0;287;0;333
82;54;0;287;0;333
83;54;0;287;0;333
84;54;0;287;0;333
89;54;0;3088;0;333
90;54;0;3087;0;333
108;54;0;3100;0;333
108;54;0;3092;0;333
109;54;0;3100;0;333
110;54;0;3100;0;333
113;54;0;2052;0;333
116;54;0;600;0;333
17;55;0;623;0;333
18;55;0;287;0;333
19;55;0;287;0;333
20;55;0;287;0;333
21;55;0;287;0;333
22;55;0;287;0;333
23;55;0;287;0;333
24;55;0;287;0;333
25;55;0;287;0;333
26;55;0;287;0;333
27;55;0;287;0;333
28;55;0;287;0;333
29;55;0;287;0;333
30;55;0;3092;0;333
31;55;0;3092;0;333
32;55;0;3092;0;333
34;55;0;1276;0;333
35;55;0;629;0;333
36;55;0;628;0;333
37;55;0;233;0;333
39;55;0;626;0;333
40;55;0;622;0;333
41;55;0;1245;0;333
44;55;0;1276;0;333
45;55;0;233;0;333
46;55;0;1257;0;333
47;55;0;915;0;333
48;55;0;232;0;333
48;55;0;1257;0;333
49;55;0;1254;0;333
50;55;0;3092;0;333
51;55;0;3092;0;333
52;55;0;3092;0;333
53;55;0;3092;0;333
54;55;0;3092;0;333
55;55;0;3092;0;333
56;55;0;3092;0;333
57;55;0;3092;0;333
58;55;0;3092;0;333
59;55;0;287;0;333
60;55;0;287;0;333
61;55;0;287;0;333
62;55;0;287;0;333
63;55;0;287;0;333
64;55;0;287;0;333
65;55;0;287;0;333
66;55;0;287;0;333
67;55;0;287;0;333
68;55;0;287;0;333
69;55;0;287;0;333
70;55;0;628;0;333
71;55;0;914;0;333
79;55;0;623;0;333
79;55;0;625;0;333
80;55;0;287;0;333
81;55;0;287;0;333
82;55;0;287;0;333
83;55;0;287;0;333
84;55;0;287;0;333
89;55;0;3088;0;333
90;55;0;3087;0;333
108;55;0;3100;0;333
108;55;0;613;0;333
109;55;0;3094;0;333
113;55;0;2805;0;333
113;55;0;798;0;333
114;55;0;600;0;333
115;55;0;600;0;333
116;55;0;600;0;333
17;56;0;623;0;333
18;56;0;287;0;333
19;56;0;287;0;333
20;56;0;287;0;333
21;56;0;287;0;333
22;56;0;287;0;333
23;56;0;287;0;333
24;56;0;287;0;333
25;56;0;287;0;333
26;56;0;287;0;333
27;56;0;287;0;333
28;56;0;287;0;333
29;56;0;287;0;333
30;56;0;3092;0;333
31;56;0;3092;0;333
32;56;0;3092;0;333
36;56;0;1254;0;333
37;56;0;233;0;333
39;56;0;915;0;333
40;56;0;1273;0;333
41;56;0;627;0;333
44;56;0;1245;0;333
47;56;0;1246;0;333
50;56;0;3092;0;333
51;56;0;3092;0;333
52;56;0;3092;0;333
53;56;0;3092;0;333
54;56;0;3092;0;333
55;56;0;3092;0;333
56;56;0;3092;0;333
57;56;0;3092;0;333
58;56;0;3092;0;333
59;56;0;287;0;333
60;56;0;287;0;333
61;56;0;287;0;333
62;56;0;287;0;333
63;56;0;287;0;333
64;56;0;287;0;333
65;56;0;287;0;333
66;56;0;628;0;333
66;56;0;622;0;333
67;56;0;622;0;333
68;56;0;622;0;333
68;56;0;624;0;333
68;56;0;2937;0;333
69;56;0;622;0;333
70;56;0;628;0;333
71;56;0;1246;0;333
77;56;0;629;0;333
78;56;0;628;0;333
79;56;0;623;0;333
80;56;0;287;0;333
81;56;0;287;0;333
82;56;0;287;0;333
83;56;0;287;0;333
84;56;0;287;0;333
89;56;0;3092;0;333
90;56;0;3085;0;333
93;56;0;519;0;333
94;56;0;613;0;333
108;56;0;3100;0;333
114;56;0;600;0;333
114;56;0;613;0;333
17;57;0;287;0;333
18;57;0;287;0;333
19;57;0;287;0;333
20;57;0;287;0;333
21;57;0;287;0;333
22;57;0;287;0;333
23;57;0;287;0;333
24;57;0;287;0;333
25;57;0;287;0;333
26;57;0;287;0;333
27;57;0;287;0;333
28;57;0;287;0;333
29;57;0;287;0;333
30;57;0;3092;0;333
31;57;0;3092;0;333
32;57;0;3092;0;333
38;57;0;232;0;333
38;57;0;1273;0;333
40;57;0;914;0;333
41;57;0;629;0;333
42;57;0;628;0;333
43;57;0;1246;0;333
48;57;0;232;0;333
49;57;0;1254;0;333
50;57;0;3092;0;333
51;57;0;3092;0;333
52;57;0;3092;0;333
53;57;0;3092;0;333
54;57;0;3092;0;333
55;57;0;3092;0;333
56;57;0;3092;0;333
57;57;0;3092;0;333
58;57;0;3092;0;333
59;57;0;287;0;333
60;57;0;287;0;333
61;57;0;287;0;333
62;57;0;287;0;333
63;57;0;287;0;333
64;57;0;287;0;333
65;57;0;287;0;333
66;57;0;628;0;333
69;57;0;232;0;333
78;57;0;914;0;333
79;57;0;623;0;333
80;57;0;287;0;333
81;57;0;287;0;333
82;57;0;287;0;333
83;57;0;287;0;333
84;57;0;287;0;333
89;57;0;1245;0;333
90;57;0;3095;0;333
91;57;0;3098;0;333
92;57;0;3098;0;333
93;57;0;1257;0;333
94;57;0;613;0;333
95;57;0;3092;0;333
106;57;0;1794;0;333
107;57;0;1793;0;333
110;57;0;3101;0;333
113;57;0;1879;0;333
114;57;0;600;0;333
17;58;0;623;0;333
18;58;0;287;0;333
19;58;0;287;0;333
20;58;0;287;0;333
21;58;0;287;0;333
22;58;0;287;0;333
23;58;0;287;0;333
24;58;0;287;0;333
25;58;0;287;0;333
26;58;0;287;0;333
27;58;0;287;0;333
28;58;0;287;0;333
29;58;0;287;0;333
30;58;0;3092;0;333
31;58;0;3092;0;333
32;58;0;3092;0;333
35;58;0;232;0;333
38;58;0;915;0;333
39;58;0;1257;0;333
40;58;0;233;0;333
41;58;0;1254;0;333
42;58;0;914;0;333
47;58;0;1276;0;333
48;58;0;1247;0;333
49;58;0;915;0;333
50;58;0;3092;0;333
51;58;0;3092;0;333
52;58;0;3092;0;333
53;58;0;3092;0;333
54;58;0;3092;0;333
55;58;0;3092;0;333
56;58;0;3092;0;333
57;58;0;3092;0;333
58;58;0;3092;0;333
59;58;0;287;0;333
60;58;0;287;0;333
61;58;0;287;0;333
62;58;0;287;0;333
63;58;0;287;0;333
64;58;0;287;0;333
65;58;0;287;0;333
66;58;0;628;0;333
72;58;0;911;0;333
78;58;0;1251;0;333
79;58;0;623;0;333
80;58;0;287;0;333
81;58;0;287;0;333
82;58;0;287;0;333
83;58;0;287;0;333
84;58;0;287;0;333
91;58;0;3097;0;333
106;58;0;1795;0;333
107;58;0;1794;0;333
113;58;0;2805;0;333
113;58;0;798;0;333
114;58;0;600;0;333
115;58;0;600;0;333
116;58;0;600;0;333
17;59;0;623;0;333
17;59;0;629;0;333
18;59;0;287;0;333
18;59;0;629;0;333
19;59;0;287;0;333
19;59;0;629;0;333
20;59;0;287;0;333
21;59;0;287;0;333
22;59;0;287;0;333
23;59;0;287;0;333
24;59;0;287;0;333
25;59;0;287;0;333
26;59;0;287;0;333
27;59;0;287;0;333
28;59;0;287;0;333
29;59;0;287;0;333
30;59;0;3092;0;333
31;59;0;3092;0;333
32;59;0;3092;0;333
33;59;0;1276;0;333
34;59;0;627;0;333
36;59;0;3091;0;333
37;59;0;914;0;333
38;59;0;914;0;333
39;59;0;1254;0;333
40;59;0;1273;0;333
41;59;0;232;0;333
41;59;0;1276;0;333
42;59;0;3090;0;333
43;59;0;287;0;333
44;59;0;287;0;333
45;59;0;287;0;333
47;59;0;1251;0;333
48;59;0;232;0;333
48;59;0;1251;0;333
49;59;0;233;0;333
50;59;0;3092;0;333
51;59;0;3092;0;333
52;59;0;3092;0;333
53;59;0;3092;0;333
54;59;0;3092;0;333
55;59;0;3092;0;333
56;59;0;3092;0;333
57;59;0;3092;0;333
58;59;0;3092;0;333
59;59;0;287;0;333
60;59;0;287;0;333
61;59;0;287;0;333
62;59;0;287;0;333
63;59;0;287;0;333
64;59;0;287;0;333
65;59;0;287;0;333
66;59;0;628;0;333
72;59;0;287;0;333
73;59;0;287;0;333
78;59;0;1254;0;333
79;59;0;623;0;333
80;59;0;287;0;333
81;59;0;287;0;333
82;59;0;287;0;333
83;59;0;287;0;333
84;59;0;287;0;333
91;59;0;3097;0;333
107;59;0;3100;0;333
113;59;0;2052;0;333
115;59;0;600;0;333
17;60;0;630;0;333
18;60;0;629;0;333
18;60;0;629;0;333
19;60;0;629;0;333
19;60;0;629;0;333
20;60;0;287;0;333
21;60;0;287;0;333
22;60;0;287;0;333
23;60;0;287;0;333
24;60;0;287;0;333
25;60;0;287;0;333
26;60;0;287;0;333
27;60;0;287;0;333
29;60;0;3097;0;333
30;60;0;914;0;333
31;60;0;914;0;333
32;60;0;1254;0;333
33;60;0;1276;0;333
34;60;0;626;0;333
35;60;0;628;0;333
36;60;0;1251;0;333
37;60;0;1257;0;333
38;60;0;1273;0;333
39;60;0;232;0;333
39;60;0;1254;0;333
40;60;0;233;0;333
41;60;0;1276;0;333
41;60;0;3098;0;333
42;60;0;1257;0;333
43;60;0;622;0;333
44;60;0;624;0;333
44;60;0;233;0;333
45;60;0;622;0;333
46;60;0;1254;0;333
47;60;0;233;0;333
47;60;0;3097;0;333
48;60;0;1254;0;333
49;60;0;1254;0;333
50;60;0;3092;0;333
51;60;0;3092;0;333
52;60;0;3092;0;333
53;60;0;3092;0;333
54;60;0;3092;0;333
55;60;0;3092;0;333
56;60;0;3092;0;333
57;60;0;3092;0;333
58;60;0;3092;0;333
59;60;0;287;0;333
60;60;0;287;0;333
61;60;0;287;0;333
62;60;0;622;0;333
63;60;0;622;0;333
64;60;0;622;0;333
65;60;0;622;0;333
66;60;0;628;0;333
73;60;0;287;0;333
79;60;0;623;0;333
80;60;0;287;0;333
81;60;0;287;0;333
82;60;0;287;0;333
83;60;0;287;0;333
84;60;0;287;0;333
90;60;0;621;0;333
91;60;0;620;0;333
107;60;0;620;0;333
108;60;0;618;0;333
110;60;0;1246;0;333
114;60;0;600;0;333
114;60;0;613;0;333
19;61;0;623;0;333
20;61;0;287;0;333
21;61;0;287;0;333
22;61;0;287;0;333
23;61;0;287;0;333
24;61;0;287;0;333
25;61;0;287;0;333
26;61;0;287;0;333
27;61;0;628;0;333
29;61;0;1245;0;333
31;61;0;3098;0;333
32;61;0;232;0;333
32;61;0;1251;0;333
50;61;0;630;0;333
51;61;0;287;0;333
52;61;0;287;0;333
53;61;0;287;0;333
54;61;0;287;0;333
55;61;0;287;0;333
56;61;0;287;0;333
57;61;0;287;0;333
58;61;0;287;0;333
59;61;0;287;0;333
60;61;0;287;0;333
61;61;0;287;0;333
62;61;0;628;0;333
68;61;0;913;0;333
72;61;0;1254;0;333
73;61;0;627;0;333
73;61;0;287;0;333
74;61;0;627;0;333
75;61;0;627;0;333
76;61;0;627;0;333
77;61;0;627;0;333
78;61;0;627;0;333
79;61;0;623;0;333
80;61;0;287;0;333
81;61;0;287;0;333
82;61;0;287;0;333
83;61;0;287;0;333
84;61;0;287;0;333
90;61;0;621;0;333
91;61;0;620;0;333
107;61;0;620;0;333
108;61;0;618;0;333
113;61;0;600;0;333
114;61;0;600;0;333
19;62;0;627;0;333
20;62;0;287;0;333
21;62;0;287;0;333
22;62;0;287;0;333
23;62;0;287;0;333
24;62;0;287;0;333
25;62;0;287;0;333
26;62;0;628;0;333
27;62;0;628;0;333
50;62;0;629;0;333
51;62;0;287;0;333
52;62;0;287;0;333
53;62;0;287;0;333
54;62;0;287;0;333
55;62;0;287;0;333
56;62;0;287;0;333
57;62;0;287;0;333
58;62;0;287;0;333
59;62;0;287;0;333
60;62;0;287;0;333
61;62;0;287;0;333
62;62;0;628;0;333
73;62;0;287;0;333
74;62;0;287;0;333
75;62;0;287;0;333
76;62;0;287;0;333
77;62;0;287;0;333
78;62;0;287;0;333
79;62;0;287;0;333
80;62;0;287;0;333
81;62;0;287;0;333
82;62;0;287;0;333
83;62;0;287;0;333
84;62;0;287;0;333
91;62;0;1273;0;333
107;62;0;3100;0;333
110;62;0;3089;0;333
112;62;0;600;0;333
112;62;0;613;0;333
113;62;0;600;0;333
19;63;0;629;0;333
20;63;0;628;0;333
21;63;0;622;0;333
22;63;0;622;0;333
23;63;0;622;0;333
24;63;0;630;0;333
25;63;0;628;0;333
26;63;0;628;0;333
27;63;0;914;0;333
50;63;0;630;0;333
51;63;0;287;0;333
52;63;0;287;0;333
53;63;0;287;0;333
54;63;0;287;0;333
55;63;0;287;0;333
56;63;0;287;0;333
57;63;0;287;0;333
58;63;0;287;0;333
59;63;0;630;0;333
60;63;0;630;0;333
61;63;0;630;0;333
62;63;0;628;0;333
72;63;0;1003;0;333
73;63;0;287;0;333
74;63;0;287;0;333
75;63;0;287;0;333
76;63;0;287;0;333
77;63;0;287;0;333
78;63;0;287;0;333
79;63;0;287;0;333
80;63;0;287;0;333
81;63;0;287;0;333
82;63;0;287;0;333
83;63;0;287;0;333
84;63;0;287;0;333
91;63;0;1273;0;333
100;63;0;3100;0;333
101;63;0;233;0;333
102;63;0;233;0;333
103;63;0;1257;0;333
104;63;0;3100;0;333
107;63;0;3100;0;333
110;63;0;613;0;333
111;63;0;600;0;333
112;63;0;600;0;333
50;64;0;630;0;333
51;64;0;287;0;333
52;64;0;287;0;333
53;64;0;287;0;333
54;64;0;287;0;333
55;64;0;287;0;333
56;64;0;287;0;333
57;64;0;287;0;333
58;64;0;622;0;333
59;64;0;622;0;333
60;64;0;622;0;333
61;64;0;622;0;333
62;64;0;1245;0;333
66;64;0;914;0;333
73;64;0;287;0;333
74;64;0;287;0;333
75;64;0;287;0;333
76;64;0;287;0;333
77;64;0;287;0;333
78;64;0;287;0;333
79;64;0;287;0;333
80;64;0;287;0;333
81;64;0;287;0;333
82;64;0;287;0;333
83;64;0;287;0;333
84;64;0;287;0;333
91;64;0;3100;0;333
100;64;0;3100;0;333
101;64;0;3101;0;333
102;64;0;520;0;333
103;64;0;1273;0;333
104;64;0;1793;0;333
110;64;0;613;0;333
111;64;0;600;0;333
50;65;0;622;0;333
51;65;0;622;0;333
52;65;0;622;0;333
52;65;0;630;0;333
53;65;0;622;0;333
54;65;0;622;0;333
54;65;0;624;0;333
54;65;0;2039;0;333
55;65;0;622;0;333
56;65;0;622;0;333
57;65;0;622;0;333
58;65;0;1254;0;333
59;65;0;626;0;333
60;65;0;628;0;333
66;65;0;3097;0;333
69;65;0;914;0;333
70;65;0;627;0;333
71;65;0;627;0;333
72;65;0;627;0;333
73;65;0;287;0;333
74;65;0;287;0;333
75;65;0;287;0;333
76;65;0;287;0;333
77;65;0;287;0;333
78;65;0;287;0;333
79;65;0;287;0;333
80;65;0;287;0;333
81;65;0;287;0;333
82;65;0;287;0;333
83;65;0;287;0;333
84;65;0;287;0;333
88;65;0;3101;0;333
89;65;0;1793;0;333
91;65;0;3100;0;333
99;65;0;3100;0;333
100;65;0;1795;0;333
104;65;0;1796;0;333
111;65;0;600;0;333
50;66;0;1245;0;333
51;66;0;3097;0;333
54;66;0;3098;0;333
56;66;0;913;0;333
59;66;0;3097;0;333
62;66;0;3098;0;333
63;66;0;3097;0;333
68;66;0;627;0;333
69;66;0;627;0;333
70;66;0;627;0;333
71;66;0;287;0;333
72;66;0;287;0;333
73;66;0;287;0;333
74;66;0;287;0;333
75;66;0;287;0;333
76;66;0;287;0;333
77;66;0;287;0;333
78;66;0;287;0;333
79;66;0;287;0;333
80;66;0;287;0;333
81;66;0;287;0;333
82;66;0;287;0;333
83;66;0;287;0;333
84;66;0;287;0;333
90;66;0;1792;0;333
91;66;0;3100;0;333
99;66;0;3100;0;333
101;66;0;1797;0;333
101;66;0;1795;0;333
102;66;0;1795;0;333
103;66;0;1795;0;333
104;66;0;1794;0;333
111;66;0;600;0;333
68;67;0;623;0;333
69;67;0;287;0;333
70;67;0;287;0;333
71;67;0;287;0;333
72;67;0;287;0;333
73;67;0;287;0;333
74;67;0;287;0;333
75;67;0;287;0;333
76;67;0;287;0;333
77;67;0;287;0;333
78;67;0;287;0;333
79;67;0;287;0;333
80;67;0;287;0;333
81;67;0;287;0;333
82;67;0;287;0;333
83;67;0;287;0;333
84;67;0;287;0;333
90;67;0;1792;0;333
91;67;0;3100;0;333
99;67;0;3100;0;333
102;67;0;600;0;333
103;67;0;600;0;333
104;67;0;600;0;333
105;67;0;600;0;333
105;67;0;613;0;333
106;67;0;600;0;333
107;67;0;600;0;333
107;67;0;613;0;333
108;67;0;600;0;333
108;67;0;613;0;333
109;67;0;600;0;333
109;67;0;613;0;333
110;67;0;600;0;333
66;68;0;1276;0;333
68;68;0;623;0;333
69;68;0;287;0;333
70;68;0;287;0;333
71;68;0;287;0;333
72;68;0;287;0;333
73;68;0;287;0;333
74;68;0;287;0;333
75;68;0;287;0;333
76;68;0;287;0;333
77;68;0;287;0;333
78;68;0;287;0;333
79;68;0;287;0;333
80;68;0;287;0;333
81;68;0;287;0;333
82;68;0;287;0;333
83;68;0;287;0;333
84;68;0;287;0;333
90;68;0;1792;0;333
91;68;0;3100;0;333
97;68;0;3100;0;333
98;68;0;3100;0;333
99;68;0;613;0;333
101;68;0;600;0;333
102;68;0;600;0;333
66;69;0;1273;0;333
68;69;0;623;0;333
68;69;0;625;0;333
69;69;0;287;0;333
70;69;0;287;0;333
71;69;0;287;0;333
72;69;0;287;0;333
73;69;0;287;0;333
74;69;0;287;0;333
75;69;0;287;0;333
76;69;0;287;0;333
77;69;0;287;0;333
78;69;0;287;0;333
79;69;0;287;0;333
80;69;0;287;0;333
81;69;0;287;0;333
82;69;0;287;0;333
83;69;0;287;0;333
84;69;0;287;0;333
90;69;0;1792;0;333
96;69;0;3100;0;333
97;69;0;233;0;333
98;69;0;613;0;333
99;69;0;3085;0;333
100;69;0;600;0;333
66;70;0;3098;0;333
68;70;0;623;0;333
69;70;0;287;0;333
70;70;0;287;0;333
71;70;0;287;0;333
72;70;0;287;0;333
73;70;0;287;0;333
74;70;0;287;0;333
75;70;0;287;0;333
76;70;0;287;0;333
77;70;0;287;0;333
78;70;0;287;0;333
79;70;0;287;0;333
80;70;0;287;0;333
81;70;0;287;0;333
82;70;0;287;0;333
83;70;0;287;0;333
84;70;0;287;0;333
87;70;0;3089;0;333
90;70;0;1792;0;333
95;70;0;3100;0;333
96;70;0;3100;0;333
68;71;0;626;0;333
69;71;0;287;0;333
70;71;0;287;0;333
71;71;0;287;0;333
72;71;0;287;0;333
73;71;0;287;0;333
74;71;0;287;0;333
75;71;0;287;0;333
76;71;0;287;0;333
77;71;0;287;0;333
78;71;0;287;0;333
79;71;0;287;0;333
80;71;0;287;0;333
81;71;0;287;0;333
82;71;0;287;0;333
83;71;0;287;0;333
84;71;0;287;0;333
87;71;0;613;0;333
88;71;0;1795;0;333
89;71;0;1794;0;333
90;71;0;3097;0;333
94;71;0;3100;0;333
95;71;0;3100;0;333
66;72;0;232;0;333
68;72;0;626;0;333
69;72;0;622;0;333
70;72;0;622;0;333
71;72;0;630;0;333
72;72;0;629;0;333
73;72;0;628;0;333
74;72;0;630;0;333
75;72;0;627;0;333
76;72;0;629;0;333
78;72;0;630;0;333
78;72;0;624;0;333
78;72;0;498;0;333
79;72;0;622;0;333
80;72;0;622;0;333
81;72;0;622;0;333
82;72;0;622;0;333
83;72;0;622;0;333
84;72;0;622;0;333
87;72;0;613;0;333
88;72;0;3100;0;333
89;72;0;2927;0;333
92;72;0;2927;0;333
93;72;0;3100;0;333
94;72;0;3100;0;333
70;73;0;915;0;333
71;73;0;233;0;333
67;74;0;3098;0;333
71;74;0;1251;0;333
67;75;0;3097;0;333
69;75;0;911;0;333
71;75;0;232;0;333
71;75;0;233;0;333
