57;0;0;680;0;333
58;0;0;633;0;333
59;0;0;637;0;333
60;0;0;633;0;333
61;0;0;637;0;333
62;0;0;633;0;333
63;0;0;681;0;333
56;1;0;680;0;333
57;1;0;691;0;333
58;1;0;2880;0;333
61;1;0;2880;0;333
63;1;0;690;0;333
64;1;0;681;0;333
64;1;0;36;0;333
64;1;0;1060;0;333
0;2;0;680;0;333
1;2;0;633;0;333
2;2;0;633;0;333
2;2;0;266;0;333
3;2;0;637;0;333
3;2;0;266;0;333
4;2;0;633;0;333
4;2;0;266;0;333
5;2;0;633;0;333
5;2;0;266;0;333
6;2;0;681;0;333
55;2;0;680;0;333
56;2;0;691;0;333
58;2;0;2875;0;333
59;2;0;2875;0;333
61;2;0;2875;0;333
62;2;0;2875;0;333
64;2;0;690;0;333
64;2;0;396;0;333
64;2;0;1265;0;333
65;2;0;681;0;333
65;2;0;36;0;333
65;2;0;1061;0;333
0;3;0;634;0;333
1;3;0;267;0;333
6;3;0;690;0;333
6;3;0;396;0;333
6;3;0;1265;0;333
7;3;0;681;0;333
7;3;0;276;0;333
55;3;0;638;0;333
65;3;0;635;0;333
0;4;0;638;0;333
1;4;0;267;0;333
7;4;0;690;0;333
8;4;0;633;0;333
8;4;0;266;0;333
9;4;0;633;0;333
10;4;0;637;0;333
11;4;0;633;0;333
11;4;0;266;0;333
12;4;0;681;0;333
55;4;0;634;0;333
56;4;0;267;0;333
65;4;0;639;0;333
65;4;0;267;0;333
0;5;0;634;0;333
3;5;0;267;0;333
4;5;0;267;0;333
9;5;0;212;0;333
12;5;0;690;0;333
12;5;0;396;0;333
12;5;0;1265;0;333
13;5;0;681;0;333
13;5;0;272;0;333
55;5;0;634;0;333
57;5;0;266;0;333
59;5;0;266;0;333
60;5;0;740;0;333
61;5;0;266;0;333
65;5;0;635;0;333
0;6;0;634;0;333
1;6;0;267;0;333
3;6;0;267;0;333
4;6;0;267;0;333
8;6;0;213;0;333
9;6;0;2885;0;333
10;6;0;215;0;333
13;6;0;690;0;333
14;6;0;681;0;333
14;6;0;2041;0;333
54;6;0;680;0;333
55;6;0;691;0;333
55;6;0;633;0;333
55;6;0;396;0;333
55;6;0;1265;0;333
56;6;0;633;0;333
56;6;0;272;0;333
57;6;0;633;0;333
57;6;0;36;0;333
57;6;0;126;0;333
58;6;0;633;0;333
58;6;0;272;0;333
59;6;0;680;0;333
59;6;0;691;0;333
59;6;0;689;0;333
60;6;0;633;0;333
60;6;0;75;0;333
61;6;0;681;0;333
61;6;0;690;0;333
61;6;0;681;0;333
61;6;0;275;0;333
62;6;0;633;0;333
63;6;0;653;0;333
64;6;0;657;0;333
65;6;0;690;0;333
65;6;0;633;0;333
65;6;0;681;0;333
65;6;0;275;0;333
66;6;0;681;0;333
0;7;0;682;0;333
1;7;0;689;0;333
3;7;0;395;0;333
3;7;0;267;0;333
9;7;0;214;0;333
12;7;0;212;0;333
14;7;0;690;0;333
15;7;0;633;0;333
15;7;0;681;0;333
15;7;0;464;0;333
16;7;0;633;0;333
17;7;0;637;0;333
18;7;0;633;0;333
19;7;0;681;0;333
19;7;0;275;0;333
53;7;0;680;0;333
54;7;0;691;0;333
55;7;0;2832;0;333
60;7;0;28;0;333
61;7;0;635;0;333
65;7;0;635;0;333
66;7;0;690;0;333
66;7;0;395;0;333
67;7;0;681;0;333
67;7;0;75;0;333
1;8;0;682;0;333
2;8;0;689;0;333
4;8;0;267;0;333
11;8;0;213;0;333
12;8;0;2885;0;333
13;8;0;215;0;333
15;8;0;635;0;333
19;8;0;635;0;333
20;8;0;606;0;333
21;8;0;602;0;333
22;8;0;602;0;333
23;8;0;602;0;333
23;8;0;395;0;333
24;8;0;602;0;333
24;8;0;2805;0;333
25;8;0;602;0;333
26;8;0;602;0;333
26;8;0;395;0;333
27;8;0;602;0;333
27;8;0;2805;0;333
28;8;0;602;0;333
29;8;0;602;0;333
29;8;0;395;0;333
30;8;0;602;0;333
30;8;0;2805;0;333
31;8;0;602;0;333
32;8;0;602;0;333
32;8;0;395;0;333
33;8;0;602;0;333
33;8;0;2805;0;333
34;8;0;602;0;333
35;8;0;602;0;333
35;8;0;395;0;333
36;8;0;602;0;333
36;8;0;2805;0;333
37;8;0;602;0;333
38;8;0;602;0;333
38;8;0;395;0;333
39;8;0;602;0;333
39;8;0;2805;0;333
40;8;0;602;0;333
41;8;0;602;0;333
41;8;0;396;0;333
41;8;0;42;0;333
42;8;0;602;0;333
42;8;0;2805;0;333
43;8;0;602;0;333
44;8;0;602;0;333
45;8;0;602;0;333
45;8;0;2805;0;333
46;8;0;602;0;333
47;8;0;602;0;333
48;8;0;602;0;333
48;8;0;2805;0;333
49;8;0;602;0;333
50;8;0;602;0;333
50;8;0;396;0;333
50;8;0;42;0;333
51;8;0;601;0;333
51;8;0;2805;0;333
52;8;0;680;0;333
53;8;0;691;0;333
61;8;0;683;0;333
61;8;0;689;0;333
65;8;0;690;0;333
67;8;0;690;0;333
68;8;0;681;0;333
2;9;0;682;0;333
3;9;0;689;0;333
12;9;0;214;0;333
15;9;0;635;0;333
15;9;0;267;0;333
16;9;0;267;0;333
18;9;0;396;0;333
18;9;0;42;0;333
19;9;0;690;0;333
20;9;0;633;0;333
21;9;0;633;0;333
22;9;0;633;0;333
22;9;0;264;0;333
23;9;0;637;0;333
24;9;0;633;0;333
24;9;0;264;0;333
25;9;0;633;0;333
25;9;0;276;0;333
26;9;0;633;0;333
27;9;0;633;0;333
28;9;0;633;0;333
28;9;0;264;0;333
29;9;0;637;0;333
29;9;0;396;0;333
29;9;0;1265;0;333
30;9;0;633;0;333
30;9;0;264;0;333
31;9;0;633;0;333
31;9;0;276;0;333
32;9;0;633;0;333
33;9;0;633;0;333
34;9;0;633;0;333
34;9;0;264;0;333
35;9;0;637;0;333
36;9;0;633;0;333
36;9;0;264;0;333
37;9;0;681;0;333
37;9;0;276;0;333
38;9;0;602;0;333
39;9;0;602;0;333
40;9;0;602;0;333
41;9;0;602;0;333
42;9;0;602;0;333
43;9;0;602;0;333
44;9;0;602;0;333
45;9;0;602;0;333
46;9;0;602;0;333
47;9;0;602;0;333
48;9;0;602;0;333
49;9;0;602;0;333
50;9;0;602;0;333
51;9;0;601;0;333
52;9;0;654;0;333
60;9;0;396;0;333
60;9;0;42;0;333
61;9;0;212;0;333
65;9;0;213;0;333
68;9;0;635;0;333
68;9;0;267;0;333
3;10;0;634;0;333
4;10;0;267;0;333
6;10;0;212;0;333
15;10;0;635;0;333
37;10;0;655;0;333
37;10;0;655;0;333
38;10;0;602;0;333
39;10;0;602;0;333
40;10;0;602;0;333
41;10;0;602;0;333
42;10;0;602;0;333
43;10;0;602;0;333
44;10;0;602;0;333
45;10;0;602;0;333
46;10;0;602;0;333
47;10;0;602;0;333
48;10;0;602;0;333
49;10;0;602;0;333
50;10;0;602;0;333
51;10;0;601;0;333
52;10;0;658;0;333
60;10;0;213;0;333
61;10;0;2885;0;333
62;10;0;215;0;333
65;10;0;213;0;333
66;10;0;2879;0;333
66;10;0;2852;0;333
66;10;0;42;0;333
68;10;0;639;0;333
3;11;0;634;0;333
5;11;0;213;0;333
6;11;0;2885;0;333
7;11;0;215;0;333
14;11;0;212;0;333
15;11;0;635;0;333
16;11;0;267;0;333
37;11;0;659;0;333
37;11;0;659;0;333
38;11;0;602;0;333
39;11;0;602;0;333
40;11;0;602;0;333
41;11;0;602;0;333
42;11;0;602;0;333
43;11;0;602;0;333
44;11;0;602;0;333
45;11;0;602;0;333
46;11;0;602;0;333
47;11;0;602;0;333
48;11;0;602;0;333
49;11;0;602;0;333
50;11;0;602;0;333
51;11;0;601;0;333
52;11;0;634;0;333
54;11;0;212;0;333
55;11;0;212;0;333
56;11;0;212;0;333
57;11;0;212;0;333
61;11;0;214;0;333
65;11;0;688;0;333
68;11;0;635;0;333
68;11;0;267;0;333
3;12;0;638;0;333
6;12;0;214;0;333
10;12;0;212;0;333
13;12;0;213;0;333
14;12;0;36;0;333
15;12;0;635;0;333
15;12;0;269;0;333
20;12;0;688;0;333
21;12;0;632;0;333
22;12;0;632;0;333
23;12;0;636;0;333
24;12;0;632;0;333
25;12;0;632;0;333
26;12;0;632;0;333
27;12;0;632;0;333
28;12;0;632;0;333
29;12;0;636;0;333
30;12;0;632;0;333
31;12;0;632;0;333
32;12;0;632;0;333
33;12;0;632;0;333
34;12;0;652;0;333
35;12;0;656;0;333
36;12;0;632;0;333
36;12;0;632;0;333
37;12;0;683;0;333
38;12;0;602;0;333
39;12;0;602;0;333
40;12;0;602;0;333
41;12;0;602;0;333
42;12;0;602;0;333
43;12;0;602;0;333
44;12;0;602;0;333
45;12;0;602;0;333
46;12;0;602;0;333
47;12;0;602;0;333
48;12;0;602;0;333
49;12;0;602;0;333
50;12;0;602;0;333
50;12;0;396;0;333
50;12;0;42;0;333
51;12;0;680;0;333
51;12;0;601;0;333
52;12;0;691;0;333
52;12;0;681;0;333
52;12;0;688;0;333
53;12;0;320;0;333
54;12;0;320;0;333
55;12;0;320;0;333
56;12;0;320;0;333
57;12;0;320;0;333
58;12;0;215;0;333
65;12;0;635;0;333
68;12;0;635;0;333
3;13;0;634;0;333
4;13;0;267;0;333
7;13;0;266;0;333
9;13;0;213;0;333
10;13;0;2885;0;333
11;13;0;215;0;333
14;13;0;214;0;333
15;13;0;635;0;333
16;13;0;267;0;333
20;13;0;635;0;333
20;13;0;276;0;333
21;13;0;602;0;333
22;13;0;602;0;333
23;13;0;602;0;333
23;13;0;395;0;333
24;13;0;602;0;333
24;13;0;2805;0;333
25;13;0;602;0;333
26;13;0;602;0;333
26;13;0;396;0;333
26;13;0;42;0;333
27;13;0;602;0;333
27;13;0;2805;0;333
28;13;0;602;0;333
29;13;0;602;0;333
29;13;0;396;0;333
29;13;0;42;0;333
30;13;0;602;0;333
30;13;0;2805;0;333
31;13;0;602;0;333
32;13;0;602;0;333
32;13;0;396;0;333
32;13;0;42;0;333
33;13;0;602;0;333
33;13;0;2805;0;333
34;13;0;602;0;333
35;13;0;602;0;333
36;13;0;602;0;333
37;13;0;602;0;333
38;13;0;602;0;333
39;13;0;602;0;333
40;13;0;602;0;333
41;13;0;602;0;333
41;13;0;396;0;333
41;13;0;42;0;333
42;13;0;602;0;333
42;13;0;2805;0;333
43;13;0;602;0;333
44;13;0;602;0;333
45;13;0;602;0;333
45;13;0;2805;0;333
46;13;0;602;0;333
47;13;0;602;0;333
48;13;0;602;0;333
48;13;0;2805;0;333
49;13;0;601;0;333
50;13;0;680;0;333
51;13;0;691;0;333
51;13;0;267;0;333
55;13;0;214;0;333
57;13;0;320;0;333
58;13;0;215;0;333
63;13;0;212;0;333
65;13;0;690;0;333
66;13;0;682;0;333
67;13;0;680;0;333
68;13;0;635;0;333
68;13;0;681;0;333
3;14;0;682;0;333
4;14;0;632;0;333
5;14;0;636;0;333
6;14;0;632;0;333
7;14;0;632;0;333
8;14;0;689;0;333
9;14;0;395;0;333
10;14;0;214;0;333
15;14;0;635;0;333
20;14;0;690;0;333
20;14;0;396;0;333
20;14;0;1265;0;333
21;14;0;681;0;333
50;14;0;634;0;333
56;14;0;213;0;333
57;14;0;320;0;333
58;14;0;215;0;333
62;14;0;213;0;333
63;14;0;2885;0;333
64;14;0;215;0;333
66;14;0;276;0;333
67;14;0;688;0;333
67;14;0;682;0;333
68;14;0;683;0;333
8;15;0;682;0;333
9;15;0;689;0;333
15;15;0;635;0;333
15;15;0;267;0;333
16;15;0;267;0;333
21;15;0;690;0;333
22;15;0;681;0;333
50;15;0;638;0;333
51;15;0;267;0;333
57;15;0;320;0;333
63;15;0;214;0;333
66;15;0;688;0;333
67;15;0;683;0;333
9;16;0;634;0;333
15;16;0;635;0;333
15;16;0;276;0;333
21;16;0;1003;0;333
22;16;0;690;0;333
23;16;0;681;0;333
23;16;0;276;0;333
50;16;0;634;0;333
51;16;0;266;0;333
53;16;0;266;0;333
55;16;0;690;0;333
56;16;0;681;0;333
57;16;0;396;0;333
57;16;0;42;0;333
65;16;0;688;0;333
66;16;0;683;0;333
9;17;0;638;0;333
11;17;0;212;0;333
15;17;0;655;0;333
23;17;0;635;0;333
50;17;0;682;0;333
51;17;0;632;0;333
52;17;0;632;0;333
53;17;0;632;0;333
54;17;0;636;0;333
55;17;0;632;0;333
56;17;0;632;0;333
56;17;0;683;0;333
57;17;0;632;0;333
58;17;0;652;0;333
59;17;0;656;0;333
60;17;0;632;0;333
61;17;0;632;0;333
62;17;0;632;0;333
63;17;0;636;0;333
64;17;0;632;0;333
65;17;0;683;0;333
9;18;0;634;0;333
10;18;0;213;0;333
11;18;0;2885;0;333
12;18;0;215;0;333
15;18;0;659;0;333
23;18;0;635;0;333
23;18;0;267;0;333
56;18;0;607;0;333
56;18;0;2805;0;333
57;18;0;607;0;333
58;18;0;607;0;333
59;18;0;607;0;333
60;18;0;607;0;333
61;18;0;607;0;333
61;18;0;2805;0;333
8;19;0;680;0;333
9;19;0;691;0;333
11;19;0;214;0;333
14;19;0;396;0;333
14;19;0;42;0;333
15;19;0;635;0;333
15;19;0;276;0;333
16;19;0;267;0;333
23;19;0;635;0;333
23;19;0;36;0;333
23;19;0;315;0;333
56;19;0;609;0;333
57;19;0;609;0;333
58;19;0;609;0;333
59;19;0;609;0;333
60;19;0;609;0;333
61;19;0;609;0;333
7;20;0;680;0;333
15;20;0;635;0;333
23;20;0;639;0;333
56;20;0;609;0;333
56;20;0;396;0;333
56;20;0;42;0;333
57;20;0;609;0;333
58;20;0;609;0;333
59;20;0;609;0;333
60;20;0;609;0;333
61;20;0;609;0;333
61;20;0;396;0;333
61;20;0;42;0;333
61;20;0;42;0;333
7;21;0;634;0;333
7;21;0;682;0;333
7;21;0;634;0;333
8;21;0;632;0;333
9;21;0;632;0;333
10;21;0;632;0;333
11;21;0;632;0;333
12;21;0;632;0;333
13;21;0;632;0;333
14;21;0;632;0;333
15;21;0;683;0;333
16;21;0;681;0;333
16;21;0;36;0;333
16;21;0;336;0;333
18;21;0;267;0;333
23;21;0;635;0;333
56;21;0;609;0;333
56;21;0;2805;0;333
57;21;0;609;0;333
58;21;0;609;0;333
59;21;0;609;0;333
60;21;0;609;0;333
61;21;0;609;0;333
61;21;0;2805;0;333
7;22;0;634;0;333
8;22;0;266;0;333
10;22;0;266;0;333
11;22;0;320;0;333
12;22;0;266;0;333
14;22;0;320;0;333
16;22;0;635;0;333
17;22;0;267;0;333
17;22;0;267;0;333
23;22;0;635;0;333
23;22;0;267;0;333
56;22;0;609;0;333
57;22;0;609;0;333
58;22;0;609;0;333
59;22;0;609;0;333
60;22;0;609;0;333
61;22;0;609;0;333
7;23;0;638;0;333
11;23;0;320;0;333
14;23;0;320;0;333
16;23;0;635;0;333
18;23;0;267;0;333
23;23;0;690;0;333
23;23;0;396;0;333
23;23;0;1265;0;333
24;23;0;681;0;333
24;23;0;36;0;333
24;23;0;75;0;333
56;23;0;609;0;333
57;23;0;609;0;333
58;23;0;609;0;333
59;23;0;609;0;333
60;23;0;609;0;333
61;23;0;609;0;333
7;24;0;634;0;333
7;24;0;633;0;333
7;24;0;634;0;333
8;24;0;681;0;333
11;24;0;320;0;333
12;24;0;2877;0;333
13;24;0;2877;0;333
14;24;0;320;0;333
16;24;0;690;0;333
17;24;0;681;0;333
17;24;0;275;0;333
22;24;0;212;0;333
24;24;0;690;0;333
25;24;0;681;0;333
25;24;0;276;0;333
56;24;0;609;0;333
56;24;0;2805;0;333
57;24;0;609;0;333
58;24;0;609;0;333
59;24;0;609;0;333
60;24;0;609;0;333
61;24;0;609;0;333
61;24;0;2805;0;333
7;25;0;634;0;333
8;25;0;690;0;333
11;25;0;320;0;333
12;25;0;320;0;333
12;25;0;1060;0;333
13;25;0;320;0;333
13;25;0;1060;0;333
14;25;0;320;0;333
17;25;0;690;0;333
17;25;0;635;0;333
18;25;0;267;0;333
21;25;0;212;0;333
22;25;0;320;0;333
23;25;0;212;0;333
25;25;0;690;0;333
25;25;0;396;0;333
25;25;0;1265;0;333
26;25;0;681;0;333
26;25;0;36;0;333
26;25;0;335;0;333
56;25;0;609;0;333
57;25;0;609;0;333
58;25;0;609;0;333
59;25;0;609;0;333
60;25;0;609;0;333
61;25;0;609;0;333
6;26;0;680;0;333
7;26;0;691;0;333
17;26;0;635;0;333
17;26;0;265;0;333
20;26;0;213;0;333
21;26;0;320;0;333
22;26;0;320;0;333
23;26;0;320;0;333
24;26;0;215;0;333
26;26;0;690;0;333
27;26;0;681;0;333
27;26;0;2041;0;333
56;26;0;609;0;333
57;26;0;609;0;333
58;26;0;609;0;333
59;26;0;609;0;333
60;26;0;609;0;333
61;26;0;609;0;333
5;27;0;680;0;333
8;27;0;2832;0;333
14;27;0;212;0;333
17;27;0;635;0;333
17;27;0;36;0;333
17;27;0;1089;0;333
18;27;0;267;0;333
20;27;0;213;0;333
21;27;0;320;0;333
22;27;0;320;0;333
22;27;0;2851;0;333
22;27;0;42;0;333
23;27;0;320;0;333
24;27;0;215;0;333
26;27;0;688;0;333
27;27;0;683;0;333
56;27;0;609;0;333
56;27;0;2805;0;333
57;27;0;609;0;333
58;27;0;609;0;333
59;27;0;609;0;333
60;27;0;609;0;333
61;27;0;609;0;333
61;27;0;2805;0;333
4;28;0;680;0;333
5;28;0;691;0;333
13;28;0;213;0;333
14;28;0;2885;0;333
15;28;0;215;0;333
17;28;0;635;0;333
17;28;0;396;0;333
17;28;0;1265;0;333
20;28;0;213;0;333
21;28;0;320;0;333
22;28;0;320;0;333
23;28;0;320;0;333
24;28;0;215;0;333
25;28;0;688;0;333
25;28;0;276;0;333
26;28;0;683;0;333
56;28;0;609;0;333
57;28;0;609;0;333
58;28;0;609;0;333
59;28;0;609;0;333
60;28;0;609;0;333
61;28;0;609;0;333
4;29;0;634;0;333
8;29;0;688;0;333
8;29;0;396;0;333
8;29;0;1265;0;333
10;29;0;212;0;333
14;29;0;214;0;333
17;29;0;635;0;333
17;29;0;211;0;333
21;29;0;214;0;333
22;29;0;320;0;333
23;29;0;214;0;333
24;29;0;688;0;333
25;29;0;683;0;333
56;29;0;609;0;333
57;29;0;609;0;333
58;29;0;609;0;333
59;29;0;609;0;333
60;29;0;609;0;333
61;29;0;609;0;333
4;30;0;634;0;333
8;30;0;683;0;333
9;30;0;213;0;333
10;30;0;2885;0;333
11;30;0;215;0;333
17;30;0;655;0;333
22;30;0;214;0;333
24;30;0;635;0;333
56;30;0;609;0;333
56;30;0;2805;0;333
57;30;0;609;0;333
58;30;0;609;0;333
59;30;0;609;0;333
60;30;0;609;0;333
61;30;0;609;0;333
61;30;0;2805;0;333
4;31;0;638;0;333
6;31;0;688;0;333
7;31;0;683;0;333
10;31;0;214;0;333
17;31;0;659;0;333
24;31;0;639;0;333
56;31;0;609;0;333
57;31;0;609;0;333
58;31;0;609;0;333
59;31;0;609;0;333
60;31;0;609;0;333
61;31;0;609;0;333
4;32;0;682;0;333
5;32;0;689;0;333
5;32;0;632;0;333
6;32;0;683;0;333
8;32;0;266;0;333
9;32;0;266;0;333
10;32;0;266;0;333
11;32;0;266;0;333
12;32;0;266;0;333
13;32;0;266;0;333
14;32;0;266;0;333
17;32;0;635;0;333
17;32;0;211;0;333
24;32;0;635;0;333
56;32;0;609;0;333
57;32;0;609;0;333
58;32;0;609;0;333
59;32;0;609;0;333
60;32;0;609;0;333
61;32;0;609;0;333
5;33;0;682;0;333
6;33;0;689;0;333
7;33;0;266;0;333
9;33;0;266;0;333
12;33;0;266;0;333
14;33;0;266;0;333
17;33;0;635;0;333
20;33;0;266;0;333
22;33;0;266;0;333
23;33;0;688;0;333
24;33;0;683;0;333
56;33;0;609;0;333
56;33;0;2805;0;333
57;33;0;609;0;333
58;33;0;609;0;333
59;33;0;609;0;333
60;33;0;609;0;333
61;33;0;609;0;333
61;33;0;2805;0;333
6;34;0;682;0;333
7;34;0;632;0;333
8;34;0;632;0;333
9;34;0;636;0;333
10;34;0;632;0;333
11;34;0;632;0;333
12;34;0;632;0;333
13;34;0;632;0;333
14;34;0;632;0;333
15;34;0;652;0;333
16;34;0;656;0;333
17;34;0;632;0;333
17;34;0;683;0;333
17;34;0;632;0;333
18;34;0;632;0;333
19;34;0;632;0;333
20;34;0;632;0;333
21;34;0;636;0;333
22;34;0;632;0;333
23;34;0;683;0;333
56;34;0;609;0;333
57;34;0;609;0;333
58;34;0;609;0;333
59;34;0;609;0;333
60;34;0;609;0;333
61;34;0;609;0;333
5;35;0;504;0;333
5;35;0;501;0;333
6;35;0;433;0;333
6;35;0;504;0;333
6;35;0;501;0;333
7;35;0;433;0;333
7;35;0;504;0;333
7;35;0;501;0;333
8;35;0;433;0;333
8;35;0;504;0;333
8;35;0;501;0;333
9;35;0;433;0;333
9;35;0;504;0;333
9;35;0;501;0;333
10;35;0;433;0;333
10;35;0;503;0;333
10;35;0;504;0;333
11;35;0;433;0;333
11;35;0;500;0;333
12;35;0;433;0;333
12;35;0;500;0;333
13;35;0;433;0;333
13;35;0;502;0;333
13;35;0;500;0;333
14;35;0;691;0;333
14;35;0;691;0;333
17;35;0;690;0;333
17;35;0;688;0;333
19;35;0;501;0;333
19;35;0;501;0;333
19;35;0;504;0;333
20;35;0;504;0;333
20;35;0;501;0;333
21;35;0;504;0;333
21;35;0;501;0;333
22;35;0;504;0;333
22;35;0;501;0;333
23;35;0;503;0;333
23;35;0;504;0;333
24;35;0;500;0;333
25;35;0;500;0;333
25;35;0;500;0;333
26;35;0;500;0;333
26;35;0;502;0;333
56;35;0;609;0;333
57;35;0;609;0;333
58;35;0;609;0;333
59;35;0;609;0;333
60;35;0;609;0;333
61;35;0;609;0;333
5;36;0;501;0;333
6;36;0;501;0;333
7;36;0;501;0;333
8;36;0;501;0;333
9;36;0;503;0;333
10;36;0;500;0;333
11;36;0;500;0;333
12;36;0;500;0;333
13;36;0;502;0;333
13;36;0;500;0;333
14;36;0;691;0;333
14;36;0;691;0;333
17;36;0;688;0;333
19;36;0;501;0;333
20;36;0;501;0;333
21;36;0;501;0;333
22;36;0;503;0;333
23;36;0;500;0;333
24;36;0;500;0;333
24;36;0;500;0;333
25;36;0;500;0;333
26;36;0;500;0;333
26;36;0;502;0;333
56;36;0;609;0;333
56;36;0;2805;0;333
57;36;0;609;0;333
58;36;0;609;0;333
59;36;0;609;0;333
60;36;0;609;0;333
61;36;0;609;0;333
61;36;0;2805;0;333
5;37;0;501;0;333
6;37;0;501;0;333
7;37;0;501;0;333
8;37;0;503;0;333
9;37;0;500;0;333
10;37;0;500;0;333
11;37;0;500;0;333
12;37;0;500;0;333
13;37;0;502;0;333
13;37;0;500;0;333
14;37;0;691;0;333
14;37;0;691;0;333
14;37;0;396;0;333
14;37;0;1265;0;333
17;37;0;688;0;333
19;37;0;501;0;333
20;37;0;501;0;333
21;37;0;503;0;333
22;37;0;500;0;333
23;37;0;500;0;333
24;37;0;500;0;333
25;37;0;500;0;333
26;37;0;500;0;333
26;37;0;502;0;333
56;37;0;609;0;333
57;37;0;609;0;333
58;37;0;609;0;333
59;37;0;609;0;333
60;37;0;609;0;333
61;37;0;609;0;333
5;38;0;501;0;333
6;38;0;501;0;333
7;38;0;503;0;333
7;38;0;503;0;333
8;38;0;500;0;333
13;38;0;502;0;333
14;38;0;691;0;333
17;38;0;688;0;333
19;38;0;501;0;333
20;38;0;503;0;333
21;38;0;500;0;333
22;38;0;500;0;333
23;38;0;500;0;333
24;38;0;500;0;333
25;38;0;500;0;333
26;38;0;500;0;333
26;38;0;502;0;333
56;38;0;609;0;333
56;38;0;396;0;333
56;38;0;42;0;333
56;38;0;42;0;333
57;38;0;609;0;333
58;38;0;609;0;333
59;38;0;609;0;333
60;38;0;609;0;333
61;38;0;609;0;333
61;38;0;396;0;333
61;38;0;42;0;333
5;39;0;501;0;333
6;39;0;503;0;333
7;39;0;500;0;333
8;39;0;500;0;333
9;39;0;500;0;333
10;39;0;500;0;333
11;39;0;500;0;333
12;39;0;500;0;333
13;39;0;502;0;333
13;39;0;500;0;333
14;39;0;691;0;333
17;39;0;688;0;333
19;39;0;503;0;333
20;39;0;500;0;333
21;39;0;500;0;333
22;39;0;500;0;333
22;39;0;500;0;333
23;39;0;500;0;333
24;39;0;500;0;333
25;39;0;500;0;333
26;39;0;433;0;333
26;39;0;500;0;333
26;39;0;502;0;333
56;39;0;609;0;333
56;39;0;2805;0;333
57;39;0;609;0;333
58;39;0;609;0;333
59;39;0;609;0;333
60;39;0;609;0;333
61;39;0;609;0;333
61;39;0;2805;0;333
5;40;0;503;0;333
6;40;0;500;0;333
6;40;0;500;0;333
7;40;0;500;0;333
8;40;0;500;0;333
8;40;0;500;0;333
9;40;0;500;0;333
10;40;0;500;0;333
11;40;0;500;0;333
12;40;0;500;0;333
12;40;0;500;0;333
12;40;0;500;0;333
12;40;0;500;0;333
13;40;0;500;0;333
13;40;0;502;0;333
14;40;0;689;0;333
14;40;0;691;0;333
17;40;0;688;0;333
17;40;0;688;0;333
17;40;0;396;0;333
17;40;0;1265;0;333
26;40;0;433;0;333
56;40;0;609;0;333
57;40;0;609;0;333
58;40;0;609;0;333
59;40;0;609;0;333
60;40;0;609;0;333
61;40;0;609;0;333
6;41;0;691;0;333
7;41;0;691;0;333
8;41;0;691;0;333
8;41;0;1360;0;333
9;41;0;691;0;333
9;41;0;320;0;333
10;41;0;691;0;333
10;41;0;513;0;333
11;41;0;691;0;333
11;41;0;690;0;333
11;41;0;220;0;333
12;41;0;691;0;333
13;41;0;690;0;333
13;41;0;691;0;333
18;41;0;691;0;333
18;41;0;320;0;333
19;41;0;691;0;333
19;41;0;513;0;333
20;41;0;691;0;333
20;41;0;220;0;333
21;41;0;691;0;333
21;41;0;320;0;333
22;41;0;691;0;333
22;41;0;220;0;333
22;41;0;220;0;333
23;41;0;691;0;333
23;41;0;272;0;333
24;41;0;691;0;333
25;41;0;691;0;333
26;41;0;690;0;333
26;41;0;691;0;333
26;41;0;688;0;333
26;41;0;2041;0;333
56;41;0;609;0;333
57;41;0;609;0;333
58;41;0;609;0;333
59;41;0;609;0;333
60;41;0;609;0;333
61;41;0;609;0;333
5;42;0;691;0;333
6;42;0;396;0;333
6;42;0;42;0;333
6;42;0;1265;0;333
9;42;0;320;0;333
10;42;0;215;0;333
11;42;0;690;0;333
11;42;0;8;0;333
18;42;0;320;0;333
19;42;0;1360;0;333
20;42;0;212;0;333
21;42;0;320;0;333
22;42;0;8;0;333
26;42;0;688;0;333
56;42;0;609;0;333
56;42;0;2805;0;333
57;42;0;609;0;333
58;42;0;610;0;333
59;42;0;609;0;333
60;42;0;609;0;333
61;42;0;609;0;333
61;42;0;2805;0;333
5;43;0;691;0;333
9;43;0;320;0;333
11;43;0;690;0;333
11;43;0;513;0;333
18;43;0;320;0;333
19;43;0;320;0;333
20;43;0;320;0;333
21;43;0;320;0;333
22;43;0;513;0;333
26;43;0;688;0;333
26;43;0;396;0;333
26;43;0;1265;0;333
56;43;0;609;0;333
57;43;0;609;0;333
59;43;0;609;0;333
60;43;0;609;0;333
61;43;0;609;0;333
5;44;0;691;0;333
9;44;0;320;0;333
10;44;0;320;0;333
11;44;0;690;0;333
11;44;0;320;0;333
26;44;0;688;0;333
26;44;0;464;0;333
56;44;0;609;0;333
57;44;0;609;0;333
58;44;0;609;0;333
59;44;0;610;0;333
60;44;0;610;0;333
61;44;0;609;0;333
5;45;0;691;0;333
11;45;0;690;0;333
11;45;0;513;0;333
22;45;0;320;0;333
23;45;0;320;0;333
24;45;0;320;0;333
25;45;0;320;0;333
26;45;0;688;0;333
26;45;0;320;0;333
56;45;0;609;0;333
56;45;0;2805;0;333
57;45;0;609;0;333
58;45;0;609;0;333
61;45;0;609;0;333
61;45;0;2805;0;333
5;46;0;691;0;333
5;46;0;513;0;333
6;46;0;320;0;333
7;46;0;320;0;333
11;46;0;690;0;333
21;46;0;8;0;333
22;46;0;320;0;333
24;46;0;214;0;333
25;46;0;1360;0;333
26;46;0;688;0;333
26;46;0;513;0;333
56;46;0;609;0;333
57;46;0;610;0;333
58;46;0;610;0;333
61;46;0;610;0;333
1;47;0;501;0;333
1;47;0;504;0;333
2;47;0;432;0;333
2;47;0;504;0;333
2;47;0;501;0;333
3;47;0;432;0;333
3;47;0;504;0;333
3;47;0;501;0;333
4;47;0;432;0;333
4;47;0;433;0;333
4;47;0;504;0;333
4;47;0;501;0;333
5;47;0;691;0;333
5;47;0;8;0;333
6;47;0;213;0;333
7;47;0;320;0;333
11;47;0;690;0;333
11;47;0;396;0;333
19;47;0;688;0;333
19;47;0;691;0;333
19;47;0;396;0;333
19;47;0;42;0;333
19;47;0;42;0;333
20;47;0;688;0;333
20;47;0;688;0;333
21;47;0;688;0;333
21;47;0;1360;0;333
22;47;0;688;0;333
22;47;0;220;0;333
23;47;0;688;0;333
23;47;0;1360;0;333
24;47;0;688;0;333
25;47;0;688;0;333
25;47;0;220;0;333
26;47;0;688;0;333
56;47;0;610;0;333
58;47;0;611;0;333
58;47;0;611;0;333
1;48;0;501;0;333
2;48;0;501;0;333
3;48;0;501;0;333
4;48;0;433;0;333
4;48;0;501;0;333
5;48;0;691;0;333
5;48;0;220;0;333
6;48;0;320;0;333
7;48;0;320;0;333
11;48;0;690;0;333
26;48;0;688;0;333
58;48;0;610;0;333
1;49;0;501;0;333
2;49;0;501;0;333
3;49;0;501;0;333
4;49;0;433;0;333
4;49;0;501;0;333
5;49;0;691;0;333
19;49;0;321;102;333
26;49;0;688;0;333
1;50;0;501;0;333
2;50;0;501;0;333
3;50;0;501;0;333
4;50;0;433;0;333
4;50;0;503;0;333
4;50;0;502;0;333
5;50;0;691;0;333
5;50;0;395;0;333
14;50;0;42;0;333
24;50;0;792;0;333
24;50;0;10;0;333
26;50;0;688;0;333
1;51;0;501;0;333
2;51;0;501;0;333
3;51;0;503;0;333
4;51;0;433;0;333
4;51;0;502;0;333
4;51;0;500;0;333
5;51;0;691;0;333
9;51;0;212;0;333
10;51;0;396;0;333
10;51;0;42;0;333
26;51;0;688;0;333
28;51;0;501;0;333
28;51;0;504;0;333
29;51;0;502;0;333
29;51;0;501;0;333
29;51;0;504;0;333
1;52;0;501;0;333
2;52;0;503;0;333
3;52;0;500;0;333
3;52;0;500;0;333
3;52;0;500;0;333
3;52;0;500;0;333
3;52;0;500;0;333
4;52;0;433;0;333
4;52;0;502;0;333
4;52;0;500;0;333
5;52;0;691;0;333
8;52;0;213;0;333
9;52;0;36;0;333
10;52;0;215;0;333
16;52;0;2079;0;333
25;52;0;2832;0;333
26;52;0;688;0;333
28;52;0;501;0;333
29;52;0;502;0;333
29;52;0;501;0;333
29;52;0;501;0;333
1;53;0;503;0;333
2;53;0;500;0;333
3;53;0;500;0;333
4;53;0;500;0;333
4;53;0;502;0;333
5;53;0;691;0;333
9;53;0;214;0;333
26;53;0;688;0;333
28;53;0;501;0;333
29;53;0;502;0;333
29;53;0;501;0;333
5;54;0;691;0;333
24;54;0;794;0;333
24;54;0;798;0;333
26;54;0;688;0;333
28;54;0;501;0;333
29;54;0;502;0;333
29;54;0;501;0;333
5;55;0;691;0;333
20;55;0;212;0;333
26;55;0;688;0;333
28;55;0;501;0;333
29;55;0;502;0;333
29;55;0;501;0;333
5;56;0;691;0;333
10;56;0;212;0;333
19;56;0;213;0;333
20;56;0;36;0;333
21;56;0;215;0;333
26;56;0;688;0;333
28;56;0;501;0;333
29;56;0;502;0;333
29;56;0;501;0;333
5;57;0;691;0;333
9;57;0;213;0;333
10;57;0;36;0;333
11;57;0;215;0;333
20;57;0;214;0;333
26;57;0;688;0;333
28;57;0;501;0;333
29;57;0;502;0;333
29;57;0;501;0;333
5;58;0;691;0;333
9;58;0;396;0;333
9;58;0;42;0;333
10;58;0;214;0;333
26;58;0;688;0;333
28;58;0;501;0;333
29;58;0;502;0;333
29;58;0;501;0;333
5;59;0;691;0;333
19;59;0;688;0;333
19;59;0;691;0;333
19;59;0;396;0;333
19;59;0;42;0;333
20;59;0;688;0;333
21;59;0;688;0;333
22;59;0;688;0;333
23;59;0;688;0;333
24;59;0;688;0;333
25;59;0;688;0;333
26;59;0;688;0;333
26;59;0;688;0;333
28;59;0;501;0;333
29;59;0;502;0;333
29;59;0;501;0;333
5;60;0;691;0;333
22;60;0;513;0;333
23;60;0;320;0;333
24;60;0;1360;0;333
26;60;0;688;0;333
26;60;0;8;0;333
28;60;0;501;0;333
29;60;0;502;0;333
29;60;0;501;0;333
5;61;0;691;0;333
23;61;0;320;0;333
25;61;0;212;0;333
26;61;0;688;0;333
26;61;0;8;0;333
28;61;0;501;0;333
29;61;0;502;0;333
29;61;0;501;0;333
5;62;0;691;0;333
5;62;0;690;0;333
5;62;0;220;0;333
6;62;0;690;0;333
6;62;0;1360;0;333
7;62;0;690;0;333
7;62;0;1360;0;333
8;62;0;690;0;333
8;62;0;320;0;333
9;62;0;690;0;333
9;62;0;320;0;333
10;62;0;690;0;333
10;62;0;320;0;333
11;62;0;690;0;333
11;62;0;513;0;333
12;62;0;396;0;333
12;62;0;42;0;333
23;62;0;320;0;333
24;62;0;320;0;333
25;62;0;320;0;333
26;62;0;688;0;333
26;62;0;320;0;333
28;62;0;501;0;333
29;62;0;502;0;333
29;62;0;501;0;333
5;63;0;691;0;333
5;63;0;220;0;333
9;63;0;513;0;333
10;63;0;320;0;333
14;63;0;680;0;333
15;63;0;653;0;333
16;63;0;657;0;333
17;63;0;681;0;333
17;63;0;276;0;333
26;63;0;688;0;333
26;63;0;513;0;333
28;63;0;501;0;333
29;63;0;502;0;333
29;63;0;501;0;333
57;63;0;680;0;333
58;63;0;653;0;333
59;63;0;657;0;333
60;63;0;681;0;333
60;63;0;396;0;333
60;63;0;1265;0;333
61;63;0;609;0;333
61;63;0;2805;0;333
5;64;0;691;0;333
5;64;0;220;0;333
9;64;0;213;0;333
10;64;0;320;0;333
14;64;0;654;0;333
17;64;0;635;0;333
18;64;0;320;0;333
19;64;0;320;0;333
20;64;0;320;0;333
21;64;0;320;0;333
26;64;0;688;0;333
26;64;0;396;0;333
26;64;0;1265;0;333
28;64;0;501;0;333
29;64;0;502;0;333
29;64;0;501;0;333
57;64;0;634;0;333
60;64;0;635;0;333
61;64;0;609;0;333
5;65;0;691;0;333
5;65;0;513;0;333
7;65;0;220;0;333
8;65;0;220;0;333
10;65;0;320;0;333
11;65;0;220;0;333
14;65;0;658;0;333
17;65;0;635;0;333
17;65;0;396;0;333
17;65;0;1265;0;333
18;65;0;320;0;333
20;65;0;214;0;333
21;65;0;320;0;333
22;65;0;513;0;333
23;65;0;220;0;333
26;65;0;688;0;333
27;65;0;432;0;333
28;65;0;432;0;333
28;65;0;433;0;333
28;65;0;504;0;333
28;65;0;501;0;333
28;65;0;501;0;333
29;65;0;502;0;333
29;65;0;501;0;333
29;65;0;501;0;333
57;65;0;634;0;333
60;65;0;635;0;333
61;65;0;609;0;333
61;65;0;395;0;333
5;66;0;689;0;333
5;66;0;691;0;333
5;66;0;688;0;333
6;66;0;688;0;333
6;66;0;1360;0;333
7;66;0;688;0;333
7;66;0;1360;0;333
8;66;0;688;0;333
9;66;0;688;0;333
10;66;0;688;0;333
10;66;0;320;0;333
11;66;0;688;0;333
11;66;0;220;0;333
11;66;0;220;0;333
12;66;0;688;0;333
12;66;0;396;0;333
12;66;0;1265;0;333
13;66;0;688;0;333
14;66;0;634;0;333
17;66;0;635;0;333
17;66;0;265;0;333
18;66;0;689;0;333
18;66;0;320;0;333
19;66;0;689;0;333
20;66;0;689;0;333
21;66;0;689;0;333
22;66;0;689;0;333
23;66;0;689;0;333
24;66;0;689;0;333
25;66;0;689;0;333
26;66;0;688;0;333
26;66;0;689;0;333
26;66;0;688;0;333
28;66;0;500;0;333
28;66;0;504;0;333
29;66;0;502;0;333
29;66;0;500;0;333
57;66;0;634;0;333
57;66;0;276;0;333
60;66;0;635;0;333
60;66;0;75;0;333
61;66;0;609;0;333
5;67;0;504;0;333
5;67;0;501;0;333
6;67;0;504;0;333
6;67;0;500;0;333
7;67;0;504;0;333
7;67;0;500;0;333
7;67;0;500;0;333
7;67;0;500;0;333
8;67;0;504;0;333
8;67;0;500;0;333
9;67;0;504;0;333
9;67;0;500;0;333
9;67;0;500;0;333
10;67;0;504;0;333
10;67;0;500;0;333
11;67;0;504;0;333
11;67;0;500;0;333
12;67;0;504;0;333
12;67;0;500;0;333
13;67;0;504;0;333
13;67;0;500;0;333
13;67;0;502;0;333
14;67;0;691;0;333
14;67;0;691;0;333
14;67;0;634;0;333
14;67;0;634;0;333
17;67;0;690;0;333
17;67;0;635;0;333
17;67;0;276;0;333
19;67;0;504;0;333
19;67;0;504;0;333
19;67;0;504;0;333
19;67;0;500;0;333
19;67;0;500;0;333
20;67;0;504;0;333
20;67;0;504;0;333
20;67;0;500;0;333
20;67;0;500;0;333
20;67;0;500;0;333
21;67;0;504;0;333
21;67;0;500;0;333
22;67;0;504;0;333
22;67;0;500;0;333
22;67;0;500;0;333
23;67;0;504;0;333
23;67;0;500;0;333
24;67;0;504;0;333
24;67;0;500;0;333
25;67;0;504;0;333
25;67;0;500;0;333
26;67;0;504;0;333
26;67;0;500;0;333
27;67;0;504;0;333
27;67;0;500;0;333
27;67;0;500;0;333
27;67;0;500;0;333
28;67;0;502;0;333
28;67;0;504;0;333
28;67;0;500;0;333
55;67;0;680;0;333
56;67;0;633;0;333
57;67;0;691;0;333
60;67;0;690;0;333
61;67;0;633;0;333
61;67;0;276;0;333
62;67;0;633;0;333
62;67;0;264;0;333
63;67;0;681;0;333
5;68;0;503;0;333
6;68;0;500;0;333
7;68;0;500;0;333
8;68;0;500;0;333
8;68;0;500;0;333
9;68;0;500;0;333
9;68;0;500;0;333
9;68;0;500;0;333
10;68;0;500;0;333
11;68;0;500;0;333
12;68;0;500;0;333
13;68;0;500;0;333
13;68;0;502;0;333
14;68;0;691;0;333
14;68;0;634;0;333
17;68;0;690;0;333
17;68;0;635;0;333
19;68;0;500;0;333
19;68;0;500;0;333
21;68;0;500;0;333
22;68;0;500;0;333
23;68;0;500;0;333
24;68;0;500;0;333
25;68;0;500;0;333
26;68;0;500;0;333
26;68;0;500;0;333
27;68;0;502;0;333
27;68;0;502;0;333
27;68;0;500;0;333
54;68;0;680;0;333
55;68;0;691;0;333
57;68;0;212;0;333
61;68;0;2832;0;333
63;68;0;690;0;333
64;68;0;681;0;333
64;68;0;464;0;333
10;69;0;501;0;333
11;69;0;500;0;333
12;69;0;500;0;333
13;69;0;502;0;333
13;69;0;500;0;333
14;69;0;691;0;333
14;69;0;395;0;333
14;69;0;634;0;333
17;69;0;690;0;333
17;69;0;635;0;333
17;69;0;36;0;333
17;69;0;315;0;333
19;69;0;500;0;333
21;69;0;500;0;333
22;69;0;500;0;333
23;69;0;500;0;333
24;69;0;500;0;333
25;69;0;500;0;333
26;69;0;502;0;333
26;69;0;500;0;333
53;69;0;680;0;333
54;69;0;691;0;333
56;69;0;213;0;333
57;69;0;2885;0;333
57;69;0;2852;0;333
57;69;0;42;0;333
58;69;0;215;0;333
64;69;0;690;0;333
65;69;0;681;0;333
10;70;0;503;0;333
11;70;0;500;0;333
12;70;0;500;0;333
12;70;0;500;0;333
13;70;0;500;0;333
13;70;0;502;0;333
14;70;0;691;0;333
14;70;0;634;0;333
17;70;0;690;0;333
17;70;0;635;0;333
17;70;0;265;0;333
19;70;0;500;0;333
19;70;0;500;0;333
20;70;0;500;0;333
21;70;0;500;0;333
21;70;0;500;0;333
21;70;0;500;0;333
21;70;0;500;0;333
22;70;0;500;0;333
22;70;0;500;0;333
22;70;0;500;0;333
23;70;0;500;0;333
23;70;0;500;0;333
23;70;0;500;0;333
23;70;0;500;0;333
24;70;0;500;0;333
24;70;0;500;0;333
24;70;0;500;0;333
25;70;0;500;0;333
25;70;0;500;0;333
25;70;0;500;0;333
25;70;0;500;0;333
26;70;0;502;0;333
26;70;0;500;0;333
53;70;0;638;0;333
57;70;0;214;0;333
63;70;0;2885;0;333
63;70;0;2852;0;333
63;70;0;42;0;333
64;70;0;215;0;333
65;70;0;635;0;333
14;71;0;691;0;333
14;71;0;634;0;333
17;71;0;690;0;333
17;71;0;635;0;333
17;71;0;396;0;333
17;71;0;1265;0;333
22;71;0;500;0;333
22;71;0;500;0;333
23;71;0;500;0;333
23;71;0;500;0;333
23;71;0;500;0;333
23;71;0;500;0;333
24;71;0;500;0;333
24;71;0;500;0;333
24;71;0;500;0;333
24;71;0;500;0;333
25;71;0;500;0;333
25;71;0;500;0;333
25;71;0;500;0;333
25;71;0;500;0;333
26;71;0;502;0;333
26;71;0;500;0;333
53;71;0;634;0;333
54;71;0;267;0;333
63;71;0;214;0;333
65;71;0;639;0;333
65;71;0;276;0;333
13;72;0;680;0;333
13;72;0;432;0;333
14;72;0;691;0;333
17;72;0;690;0;333
18;72;0;633;0;333
19;72;0;633;0;333
19;72;0;266;0;333
20;72;0;681;0;333
20;72;0;272;0;333
23;72;0;500;0;333
23;72;0;500;0;333
24;72;0;500;0;333
24;72;0;500;0;333
25;72;0;500;0;333
25;72;0;500;0;333
26;72;0;500;0;333
53;72;0;634;0;333
59;72;0;212;0;333
65;72;0;635;0;333
12;73;0;680;0;333
13;73;0;691;0;333
13;73;0;276;0;333
20;73;0;690;0;333
20;73;0;396;0;333
20;73;0;1265;0;333
21;73;0;681;0;333
21;73;0;75;0;333
24;73;0;500;0;333
24;73;0;500;0;333
25;73;0;500;0;333
25;73;0;500;0;333
26;73;0;500;0;333
53;73;0;638;0;333
58;73;0;213;0;333
59;73;0;2885;0;333
59;73;0;2852;0;333
59;73;0;42;0;333
60;73;0;215;0;333
65;73;0;635;0;333
65;73;0;267;0;333
11;74;0;680;0;333
12;74;0;691;0;333
21;74;0;690;0;333
22;74;0;681;0;333
22;74;0;276;0;333
53;74;0;682;0;333
54;74;0;689;0;333
59;74;0;214;0;333
64;74;0;1003;0;333
65;74;0;635;0;333
10;75;0;680;0;333
11;75;0;691;0;333
21;75;0;2832;0;333
22;75;0;690;0;333
23;75;0;681;0;333
23;75;0;464;0;333
54;75;0;682;0;333
55;75;0;689;0;333
56;75;0;395;0;333
57;75;0;266;0;333
65;75;0;690;0;333
66;75;0;681;0;333
4;76;0;680;0;333
5;76;0;633;0;333
5;76;0;266;0;333
6;76;0;633;0;333
6;76;0;276;0;333
7;76;0;637;0;333
8;76;0;633;0;333
8;76;0;276;0;333
9;76;0;633;0;333
9;76;0;266;0;333
10;76;0;691;0;333
10;76;0;681;0;333
13;76;0;266;0;333
16;76;0;266;0;333
23;76;0;635;0;333
55;76;0;682;0;333
56;76;0;689;0;333
56;76;0;632;0;333
57;76;0;632;0;333
58;76;0;632;0;333
59;76;0;632;0;333
60;76;0;652;0;333
61;76;0;656;0;333
62;76;0;632;0;333
63;76;0;632;0;333
64;76;0;632;0;333
65;76;0;632;0;333
66;76;0;690;0;333
66;76;0;683;0;333
67;76;0;681;0;333
67;76;0;272;0;333
4;77;0;634;0;333
7;77;0;212;0;333
10;77;0;635;0;333
10;77;0;267;0;333
17;77;0;395;0;333
23;77;0;639;0;333
56;77;0;682;0;333
57;77;0;689;0;333
59;77;0;396;0;333
59;77;0;42;0;333
62;77;0;320;0;333
63;77;0;266;0;333
64;77;0;395;0;333
65;77;0;320;0;333
66;77;0;275;0;333
67;77;0;690;0;333
68;77;0;681;0;333
4;78;0;638;0;333
6;78;0;212;0;333
7;78;0;320;0;333
8;78;0;212;0;333
10;78;0;635;0;333
11;78;0;633;0;333
12;78;0;633;0;333
12;78;0;320;0;333
13;78;0;633;0;333
13;78;0;266;0;333
14;78;0;633;0;333
15;78;0;633;0;333
15;78;0;320;0;333
16;78;0;681;0;333
16;78;0;276;0;333
23;78;0;635;0;333
23;78;0;36;0;333
23;78;0;2952;0;333
24;78;0;602;0;333
25;78;0;602;0;333
26;78;0;602;0;333
27;78;0;602;0;333
28;78;0;602;0;333
29;78;0;602;0;333
30;78;0;602;0;333
31;78;0;603;0;333
31;78;0;602;0;333
32;78;0;603;0;333
32;78;0;2805;0;333
33;78;0;603;0;333
57;78;0;634;0;333
58;78;0;267;0;333
62;78;0;320;0;333
63;78;0;2877;0;333
64;78;0;2877;0;333
65;78;0;320;0;333
67;78;0;2850;0;333
68;78;0;690;0;333
68;78;0;267;0;333
69;78;0;681;0;333
4;79;0;634;0;333
5;79;0;213;0;333
6;79;0;320;0;333
7;79;0;320;0;333
8;79;0;320;0;333
9;79;0;215;0;333
10;79;0;635;0;333
10;79;0;265;0;333
12;79;0;320;0;333
13;79;0;2877;0;333
14;79;0;2877;0;333
15;79;0;320;0;333
16;79;0;635;0;333
17;79;0;267;0;333
23;79;0;690;0;333
23;79;0;396;0;333
23;79;0;1265;0;333
24;79;0;633;0;333
24;79;0;275;0;333
25;79;0;633;0;333
25;79;0;633;0;333
25;79;0;633;0;333
25;79;0;264;0;333
26;79;0;633;0;333
27;79;0;633;0;333
27;79;0;36;0;333
27;79;0;75;0;333
28;79;0;637;0;333
28;79;0;396;0;333
28;79;0;1265;0;333
29;79;0;633;0;333
30;79;0;633;0;333
30;79;0;264;0;333
31;79;0;681;0;333
31;79;0;275;0;333
32;79;0;603;0;333
33;79;0;603;0;333
57;79;0;634;0;333
62;79;0;320;0;333
63;79;0;320;0;333
63;79;0;1060;0;333
64;79;0;320;0;333
64;79;0;1060;0;333
65;79;0;320;0;333
67;79;0;396;0;333
67;79;0;42;0;333
69;79;0;635;0;333
4;80;0;634;0;333
5;80;0;213;0;333
6;80;0;320;0;333
7;80;0;320;0;333
7;80;0;2851;0;333
7;80;0;42;0;333
8;80;0;320;0;333
9;80;0;215;0;333
10;80;0;635;0;333
12;80;0;320;0;333
13;80;0;320;0;333
13;80;0;1060;0;333
14;80;0;320;0;333
14;80;0;1060;0;333
15;80;0;320;0;333
15;80;0;2851;0;333
15;80;0;42;0;333
16;80;0;690;0;333
17;80;0;681;0;333
17;80;0;276;0;333
31;80;0;655;0;333
31;80;0;655;0;333
32;80;0;603;0;333
33;80;0;603;0;333
57;80;0;654;0;333
66;80;0;212;0;333
68;80;0;267;0;333
69;80;0;639;0;333
3;81;0;680;0;333
4;81;0;691;0;333
4;81;0;395;0;333
5;81;0;213;0;333
6;81;0;320;0;333
7;81;0;320;0;333
8;81;0;320;0;333
9;81;0;215;0;333
10;81;0;635;0;333
10;81;0;267;0;333
11;81;0;396;0;333
17;81;0;655;0;333
31;81;0;659;0;333
31;81;0;659;0;333
32;81;0;603;0;333
33;81;0;605;0;333
57;81;0;658;0;333
61;81;0;212;0;333
65;81;0;213;0;333
66;81;0;2885;0;333
69;81;0;635;0;333
2;82;0;680;0;333
3;82;0;691;0;333
3;82;0;682;0;333
6;82;0;214;0;333
7;82;0;320;0;333
8;82;0;214;0;333
9;82;0;688;0;333
10;82;0;683;0;333
17;82;0;659;0;333
23;82;0;688;0;333
24;82;0;632;0;333
25;82;0;632;0;333
26;82;0;632;0;333
27;82;0;632;0;333
28;82;0;636;0;333
29;82;0;652;0;333
30;82;0;656;0;333
31;82;0;683;0;333
32;82;0;603;0;333
33;82;0;605;0;333
57;82;0;634;0;333
58;82;0;267;0;333
60;82;0;213;0;333
61;82;0;2885;0;333
62;82;0;215;0;333
66;82;0;214;0;333
68;82;0;267;0;333
69;82;0;635;0;333
1;83;0;680;0;333
2;83;0;691;0;333
2;83;0;266;0;333
3;83;0;266;0;333
7;83;0;214;0;333
11;83;0;212;0;333
16;83;0;212;0;333
17;83;0;690;0;333
18;83;0;681;0;333
18;83;0;276;0;333
23;83;0;639;0;333
24;83;0;602;0;333
25;83;0;602;0;333
26;83;0;602;0;333
27;83;0;602;0;333
28;83;0;602;0;333
29;83;0;602;0;333
30;83;0;602;0;333
31;83;0;602;0;333
32;83;0;603;0;333
33;83;0;605;0;333
33;83;0;605;0;333
57;83;0;682;0;333
58;83;0;689;0;333
59;83;0;395;0;333
61;83;0;214;0;333
64;83;0;212;0;333
68;83;0;276;0;333
69;83;0;635;0;333
1;84;0;634;0;333
10;84;0;213;0;333
11;84;0;2885;0;333
12;84;0;215;0;333
15;84;0;213;0;333
16;84;0;2885;0;333
17;84;0;215;0;333
18;84;0;635;0;333
23;84;0;635;0;333
58;84;0;682;0;333
59;84;0;689;0;333
62;84;0;396;0;333
62;84;0;42;0;333
63;84;0;213;0;333
64;84;0;2885;0;333
65;84;0;215;0;333
67;84;0;2850;0;333
68;84;0;267;0;333
69;84;0;635;0;333
1;85;0;638;0;333
11;85;0;214;0;333
16;85;0;214;0;333
18;85;0;690;0;333
19;85;0;681;0;333
19;85;0;2041;0;333
22;85;0;680;0;333
23;85;0;635;0;333
23;85;0;681;0;333
59;85;0;682;0;333
60;85;0;689;0;333
64;85;0;214;0;333
68;85;0;276;0;333
69;85;0;635;0;333
1;86;0;634;0;333
2;86;0;267;0;333
19;86;0;690;0;333
20;86;0;681;0;333
21;86;0;680;0;333
22;86;0;688;0;333
22;86;0;681;0;333
23;86;0;683;0;333
60;86;0;682;0;333
61;86;0;689;0;333
66;86;0;212;0;333
68;86;0;267;0;333
69;86;0;635;0;333
1;87;0;682;0;333
2;87;0;689;0;333
15;87;0;1003;0;333
17;87;0;212;0;333
19;87;0;396;0;333
19;87;0;42;0;333
20;87;0;680;0;333
21;87;0;688;0;333
21;87;0;681;0;333
22;87;0;683;0;333
61;87;0;634;0;333
62;87;0;267;0;333
65;87;0;213;0;333
66;87;0;2885;0;333
68;87;0;275;0;333
69;87;0;639;0;333
2;88;0;682;0;333
3;88;0;689;0;333
6;88;0;266;0;333
11;88;0;266;0;333
16;88;0;213;0;333
17;88;0;2885;0;333
18;88;0;215;0;333
19;88;0;680;0;333
20;88;0;688;0;333
20;88;0;681;0;333
21;88;0;683;0;333
61;88;0;634;0;333
66;88;0;214;0;333
68;88;0;688;0;333
68;88;0;267;0;333
69;88;0;683;0;333
3;89;0;682;0;333
4;89;0;689;0;333
4;89;0;680;0;333
5;89;0;633;0;333
5;89;0;266;0;333
6;89;0;633;0;333
6;89;0;276;0;333
7;89;0;691;0;333
7;89;0;633;0;333
7;89;0;210;0;333
8;89;0;653;0;333
9;89;0;657;0;333
10;89;0;690;0;333
10;89;0;633;0;333
10;89;0;210;0;333
11;89;0;633;0;333
11;89;0;36;0;333
11;89;0;505;0;333
12;89;0;681;0;333
12;89;0;276;0;333
17;89;0;214;0;333
18;89;0;680;0;333
19;89;0;688;0;333
19;89;0;681;0;333
20;89;0;683;0;333
61;89;0;634;0;333
62;89;0;267;0;333
67;89;0;688;0;333
67;89;0;396;0;333
67;89;0;1265;0;333
68;89;0;683;0;333
4;90;0;634;0;333
12;90;0;635;0;333
17;90;0;680;0;333
18;90;0;688;0;333
18;90;0;681;0;333
19;90;0;683;0;333
61;90;0;638;0;333
63;90;0;266;0;333
65;90;0;266;0;333
66;90;0;688;0;333
67;90;0;683;0;333
4;91;0;638;0;333
9;91;0;218;0;333
12;91;0;635;0;333
12;91;0;36;0;333
12;91;0;3110;0;333
17;91;0;688;0;333
17;91;0;682;0;333
18;91;0;683;0;333
61;91;0;682;0;333
62;91;0;689;0;333
66;91;0;635;0;333
4;92;0;634;0;333
5;92;0;267;0;333
8;92;0;217;0;333
9;92;0;2885;0;333
9;92;0;2851;0;333
9;92;0;42;0;333
10;92;0;219;0;333
12;92;0;639;0;333
13;92;0;688;0;333
13;92;0;681;0;333
13;92;0;359;0;333
14;92;0;632;0;333
15;92;0;636;0;333
16;92;0;632;0;333
17;92;0;683;0;333
62;92;0;682;0;333
63;92;0;632;0;333
64;92;0;636;0;333
65;92;0;632;0;333
66;92;0;683;0;333
4;93;0;634;0;333
9;93;0;216;0;333
12;93;0;688;0;333
12;93;0;639;0;333
12;93;0;276;0;333
13;93;0;683;0;333
4;94;0;638;0;333
11;94;0;688;0;333
12;94;0;683;0;333
4;95;0;682;0;333
5;95;0;689;0;333
6;95;0;395;0;333
6;95;0;266;0;333
9;95;0;266;0;333
10;95;0;688;0;333
11;95;0;683;0;333
5;96;0;682;0;333
6;96;0;632;0;333
7;96;0;636;0;333
8;96;0;632;0;333
9;96;0;632;0;333
10;96;0;683;0;333
