L: -6
X: 658
Y: 607
W: 60
H: 60
0;0;6;0;0
1;0;6;0;0
2;0;6;0;0
3;0;6;0;0
4;0;6;0;0
5;0;6;0;0
6;0;6;0;0
7;0;6;0;0
8;0;6;0;0
9;0;6;0;0
10;0;6;0;0
11;0;6;0;0
12;0;6;0;0
13;0;6;0;0
14;0;6;0;0
15;0;6;0;0
16;0;6;0;0
17;0;6;0;0
18;0;6;0;0
19;0;6;0;0
20;0;6;0;0
21;0;6;0;0
22;0;6;0;0
23;0;6;0;0
24;0;6;0;0
25;0;6;0;0
26;0;6;0;0
27;0;6;0;0
28;0;6;0;0
29;0;6;0;0
30;0;6;0;0
31;0;6;0;0
32;0;6;0;0
33;0;6;0;0
34;0;6;0;0
35;0;6;0;0
36;0;6;0;0
37;0;6;0;0
38;0;6;0;0
39;0;6;0;0
40;0;6;0;0
41;0;6;0;0
42;0;6;0;0
43;0;6;0;0
44;0;6;0;0
45;0;6;0;0
46;0;6;0;0
47;0;6;0;0
48;0;6;0;0
49;0;6;0;0
50;0;6;0;0
51;0;6;0;0
52;0;6;0;0
53;0;6;0;0
54;0;6;0;0
55;0;6;0;0
56;0;6;0;0
57;0;6;0;0
58;0;6;0;0
59;0;6;0;0
0;1;6;0;0
1;1;6;0;0
2;1;6;0;0
3;1;6;0;0
4;1;6;0;0
5;1;6;0;0
6;1;6;0;0
7;1;6;0;0
8;1;6;0;0
9;1;6;0;0
10;1;6;0;0
11;1;6;0;0
12;1;6;0;0
13;1;6;0;0
14;1;6;0;0
15;1;6;0;0
16;1;6;0;0
17;1;6;0;0
18;1;6;0;0
19;1;6;0;0
20;1;6;0;0
21;1;6;0;0
22;1;6;0;0
23;1;6;0;0
24;1;6;0;0
25;1;6;0;0
26;1;6;0;0
27;1;6;0;0
28;1;6;0;0
29;1;6;0;0
30;1;6;0;0
31;1;6;0;0
32;1;6;0;0
33;1;6;0;0
34;1;6;0;0
35;1;6;0;0
36;1;6;0;0
37;1;6;0;0
38;1;6;0;0
39;1;6;0;0
40;1;6;0;0
41;1;6;0;0
42;1;6;0;0
43;1;6;0;0
44;1;6;0;0
45;1;6;0;0
46;1;6;0;0
47;1;6;0;0
48;1;6;0;0
49;1;6;0;0
50;1;6;0;0
51;1;6;0;0
52;1;6;0;0
53;1;6;0;0
54;1;6;0;0
55;1;6;0;0
56;1;6;0;0
57;1;6;0;0
58;1;6;0;0
59;1;6;0;0
0;2;6;0;0
1;2;6;0;0
2;2;6;0;0
3;2;6;0;0
4;2;6;0;0
5;2;6;0;0
6;2;6;0;0
7;2;6;0;0
8;2;6;0;0
9;2;6;0;0
10;2;6;0;0
11;2;6;0;0
12;2;6;0;0
13;2;6;0;0
14;2;6;0;0
15;2;6;0;0
16;2;6;0;0
17;2;6;0;0
18;2;6;0;0
19;2;6;0;0
20;2;6;0;0
21;2;6;0;0
22;2;6;0;0
23;2;6;0;0
24;2;6;0;0
25;2;6;0;0
26;2;6;0;0
27;2;6;0;0
28;2;6;0;0
29;2;6;0;0
30;2;6;0;0
31;2;6;0;0
32;2;6;0;0
33;2;6;0;0
34;2;6;0;0
35;2;6;0;0
36;2;6;0;0
37;2;6;0;0
38;2;6;0;0
39;2;6;0;0
40;2;6;0;0
41;2;6;0;0
42;2;6;0;0
43;2;6;0;0
44;2;6;0;0
45;2;6;0;0
46;2;6;0;0
47;2;6;0;0
48;2;6;0;0
49;2;6;0;0
50;2;6;0;0
51;2;6;0;0
52;2;6;0;0
53;2;6;0;0
54;2;6;0;0
55;2;6;0;0
56;2;6;0;0
57;2;6;0;0
58;2;6;0;0
59;2;6;0;0
0;3;6;0;0
1;3;6;0;0
2;3;6;0;0
3;3;6;0;0
4;3;6;0;0
5;3;6;0;0
6;3;6;0;0
7;3;6;0;0
8;3;6;0;0
9;3;6;0;0
10;3;6;0;0
11;3;6;0;0
12;3;6;0;0
13;3;6;0;0
14;3;6;0;0
15;3;6;0;0
16;3;6;0;0
17;3;6;0;0
18;3;6;0;0
19;3;6;0;0
20;3;6;0;0
21;3;6;0;0
22;3;6;0;0
23;3;6;0;0
24;3;6;0;0
25;3;6;0;0
26;3;6;0;0
27;3;6;0;0
28;3;6;0;0
29;3;6;0;0
30;3;6;0;0
31;3;6;0;0
32;3;6;0;0
33;3;6;0;0
34;3;6;0;0
35;3;6;0;0
36;3;6;0;0
37;3;6;0;0
38;3;6;0;0
39;3;6;0;0
40;3;6;0;0
41;3;6;0;0
42;3;6;0;0
43;3;6;0;0
44;3;6;0;0
45;3;6;0;0
46;3;6;0;0
47;3;6;0;0
48;3;6;0;0
49;3;6;0;0
50;3;6;0;0
51;3;6;0;0
52;3;6;0;0
53;3;6;0;0
54;3;6;0;0
55;3;6;0;0
56;3;6;0;0
57;3;6;0;0
58;3;6;0;0
59;3;6;0;0
0;4;6;0;0
1;4;6;0;0
2;4;6;0;0
3;4;6;0;0
4;4;6;0;0
5;4;6;0;0
6;4;6;0;0
7;4;6;0;0
8;4;6;0;0
9;4;6;0;0
10;4;6;0;0
11;4;6;0;0
12;4;6;0;0
13;4;6;0;0
14;4;6;0;0
15;4;6;0;0
16;4;6;0;0
17;4;6;0;0
18;4;6;0;0
19;4;6;0;0
20;4;6;0;0
21;4;6;0;0
22;4;6;0;0
23;4;6;0;0
24;4;6;0;0
25;4;6;0;0
26;4;6;0;0
27;4;6;0;0
28;4;6;0;0
29;4;6;0;0
30;4;6;0;0
31;4;6;0;0
32;4;6;0;0
33;4;6;0;0
34;4;6;0;0
35;4;6;0;0
36;4;6;0;0
37;4;6;0;0
38;4;6;0;0
39;4;6;0;0
40;4;6;0;0
41;4;6;0;0
42;4;6;0;0
43;4;6;0;0
44;4;6;0;0
45;4;6;0;0
46;4;6;0;0
47;4;6;0;0
48;4;6;0;0
49;4;6;0;0
50;4;6;0;0
51;4;6;0;0
52;4;6;0;0
53;4;6;0;0
54;4;6;0;0
55;4;6;0;0
56;4;6;0;0
57;4;6;0;0
58;4;6;0;0
59;4;6;0;0
0;5;6;0;0
1;5;6;0;0
2;5;6;0;0
3;5;6;0;0
4;5;6;0;0
5;5;6;0;0
6;5;6;0;0
7;5;6;0;0
8;5;6;0;0
9;5;6;0;0
10;5;6;0;0
11;5;6;0;0
12;5;6;0;0
13;5;6;0;0
14;5;6;0;0
15;5;6;0;0
16;5;6;0;0
17;5;6;0;0
18;5;6;0;0
19;5;6;0;0
20;5;6;0;0
21;5;6;0;0
22;5;6;0;0
23;5;6;0;0
24;5;6;0;0
25;5;6;0;0
26;5;6;0;0
27;5;6;0;0
28;5;6;0;0
29;5;6;0;0
30;5;6;0;0
31;5;6;0;0
32;5;6;0;0
33;5;6;0;0
34;5;6;0;0
35;5;6;0;0
36;5;6;0;0
37;5;6;0;0
38;5;6;0;0
39;5;6;0;0
40;5;6;0;0
41;5;6;0;0
42;5;6;0;0
43;5;6;0;0
44;5;6630;0;0
45;5;11750;0;0
46;5;11750;0;0
47;5;11750;0;0
48;5;5606;0;0
49;5;6;0;0
50;5;6;0;0
51;5;6;0;0
52;5;6;0;0
53;5;6;0;0
54;5;6;0;0
55;5;6;0;0
56;5;6;0;0
57;5;6;0;0
58;5;6;0;0
59;5;6;0;0
0;6;6;0;0
1;6;6;0;0
2;6;6;0;0
3;6;6;0;0
4;6;6;0;0
5;6;6;0;0
6;6;6;0;0
7;6;6;0;0
8;6;6;0;0
9;6;6;0;0
10;6;6;0;0
11;6;6;0;0
12;6;6;0;0
13;6;6;0;0
14;6;6;0;0
15;6;6;0;0
16;6;6;0;0
17;6;6;0;0
18;6;6;0;0
19;6;6;0;0
20;6;6;0;0
21;6;6;0;0
22;6;6;0;0
23;6;6;0;0
24;6;6;0;0
25;6;6;0;0
26;6;6;0;0
27;6;6;0;0
28;6;6;0;0
29;6;6;0;0
30;6;6;0;0
31;6;6;0;0
32;6;6;0;0
33;6;6;0;0
34;6;6;0;0
35;6;6;0;0
36;6;6;0;0
37;6;6;0;0
38;6;6;0;0
39;6;6;0;0
40;6;6;0;0
41;6;6;0;0
42;6;6630;0;0
43;6;21990;0;0
44;6;15;0;0
45;6;15;0;0
46;6;15;0;0
47;6;15;0;0
48;6;15;0;0
49;6;23014;0;0
50;6;5606;0;0
51;6;6;0;0
52;6;6;0;0
53;6;6;0;0
54;6;6;0;0
55;6;6;0;0
56;6;6;0;0
57;6;6;0;0
58;6;6;0;0
59;6;6;0;0
0;7;6;0;0
1;7;6;0;0
2;7;6;0;0
3;7;6;0;0
4;7;6;0;0
5;7;6;0;0
6;7;6;0;0
7;7;6;0;0
8;7;6;0;0
9;7;6;0;0
10;7;6;0;0
11;7;6;0;0
12;7;6;0;0
13;7;6;0;0
14;7;6;0;0
15;7;6;0;0
16;7;6;0;0
17;7;6;0;0
18;7;6;0;0
19;7;6;0;0
20;7;6;0;0
21;7;6;0;0
22;7;6;0;0
23;7;6;0;0
24;7;6;0;0
25;7;6;0;0
26;7;6;0;0
27;7;6;0;0
28;7;6;0;0
29;7;6;0;0
30;7;6;0;0
31;7;6;0;0
32;7;6;0;0
33;7;6;0;0
34;7;6;0;0
35;7;6;0;0
36;7;6;0;0
37;7;6;0;0
38;7;6;0;0
39;7;6;0;0
40;7;6;0;0
41;7;8678;0;0
42;7;15;0;0
43;7;15;0;0
44;7;15;0;0
45;7;15;0;0
46;7;15;0;0
47;7;15;0;0
48;7;15;0;0
49;7;15;0;0
50;7;15;0;0
51;7;4582;0;0
52;7;6;0;0
53;7;6;0;0
54;7;6;0;0
55;7;6;0;0
56;7;6;0;0
57;7;6;0;0
58;7;6;0;0
59;7;6;0;0
0;8;6;0;0
1;8;6;0;0
2;8;6;0;0
3;8;6;0;0
4;8;6;0;0
5;8;6;0;0
6;8;6;0;0
7;8;6;0;0
8;8;6;0;0
9;8;6;0;0
10;8;6;0;0
11;8;6;0;0
12;8;6;0;0
13;8;6;0;0
14;8;6;0;0
15;8;6;0;0
16;8;6;0;0
17;8;6;0;0
18;8;6;0;0
19;8;6;0;0
20;8;6;0;0
21;8;6;0;0
22;8;6;0;0
23;8;6;0;0
24;8;6;0;0
25;8;6;0;0
26;8;6;0;0
27;8;6;0;0
28;8;6;0;0
29;8;6;0;0
30;8;6;0;0
31;8;6;0;0
32;8;6;0;0
33;8;6;0;0
34;8;6;0;0
35;8;6;0;0
36;8;6;0;0
37;8;6;0;0
38;8;6;0;0
39;8;6;0;0
40;8;6630;0;0
41;8;29158;0;0
42;8;15;0;0
43;8;15;0;0
44;8;15;0;0
45;8;15;0;0
46;8;17889;0;0
47;8;9697;0;0
48;8;18913;0;0
49;8;15;0;0
50;8;15;0;0
51;8;20966;0;0
52;8;6;0;0
53;8;6;0;0
54;8;6;0;0
55;8;6;0;0
56;8;6;0;0
57;8;6;0;0
58;8;6;0;0
59;8;6;0;0
0;9;6;0;0
1;9;6;0;0
2;9;6;0;0
3;9;6;0;0
4;9;6;0;0
5;9;6;0;0
6;9;6;0;0
7;9;6;0;0
8;9;6;0;0
9;9;6;0;0
10;9;6;0;0
11;9;6;0;0
12;9;6;0;0
13;9;6;0;0
14;9;6;0;0
15;9;6;0;0
16;9;6;0;0
17;9;6;0;0
18;9;6;0;0
19;9;6;0;0
20;9;6;0;0
21;9;6;0;0
22;9;6;0;0
23;9;6;0;0
24;9;6;0;0
25;9;6;0;0
26;9;6;0;0
27;9;6;0;0
28;9;6;0;0
29;9;6;0;0
30;9;6;0;0
31;9;6;0;0
32;9;6;0;0
33;9;6;0;0
34;9;6;0;0
35;9;6;0;0
36;9;6;0;0
37;9;6;0;0
38;9;6;0;0
39;9;16870;0;0
40;9;15;0;0
41;9;15;0;0
42;9;15;0;0
43;9;15;0;0
44;9;26081;0;0
45;9;1;0;0
46;9;1;0;0
47;9;1;0;0
48;9;1;0;0
49;9;14817;0;0
50;9;15;0;0
51;9;15;0;0
52;9;15846;0;0
53;9;6;0;0
54;9;6;0;0
55;9;6;0;0
56;9;6;0;0
57;9;6;0;0
58;9;6;0;0
59;9;6;0;0
0;10;6;0;0
1;10;6;0;0
2;10;6;0;0
3;10;6;0;0
4;10;6;0;0
5;10;6;0;0
6;10;6;0;0
7;10;6;0;0
8;10;6;0;0
9;10;6;0;0
10;10;6;0;0
11;10;6;0;0
12;10;6;0;0
13;10;6;0;0
14;10;6;0;0
15;10;6;0;0
16;10;6;0;0
17;10;6;0;0
18;10;6;0;0
19;10;6;0;0
20;10;6;0;0
21;10;6;0;0
22;10;6;0;0
23;10;6;0;0
24;10;6;0;0
25;10;6;0;0
26;10;6;0;0
27;10;6;0;0
28;10;6;0;0
29;10;6;0;0
30;10;6;0;0
31;10;6;0;0
32;10;6;0;0
33;10;6;0;0
34;10;6;0;0
35;10;6;0;0
36;10;6;0;0
37;10;6;0;0
38;10;8678;0;0
39;10;15;0;0
40;10;15;0;0
41;10;15;0;0
42;10;15;0;0
43;10;15;0;0
44;10;3553;0;0
45;10;8673;0;0
46;10;15;0;0
47;10;23009;0;0
48;10;5601;0;0
49;10;5;0;0
50;10;24037;0;0
51;10;15;0;0
52;10;15;0;0
53;10;4582;0;0
54;10;6;0;0
55;10;6;0;0
56;10;6;0;0
57;10;6;0;0
58;10;6;0;0
59;10;6;0;0
0;11;6;0;0
1;11;6;0;0
2;11;6;0;0
3;11;6;0;0
4;11;6;0;0
5;11;6;0;0
6;11;6;0;0
7;11;6;0;0
8;11;6;0;0
9;11;6;0;0
10;11;6;0;0
11;11;6;0;0
12;11;6;0;0
13;11;6;0;0
14;11;6;0;0
15;11;6;0;0
16;11;6;0;0
17;11;6;0;0
18;11;6;0;0
19;11;6;0;0
20;11;6;0;0
21;11;6;0;0
22;11;6;0;0
23;11;6;0;0
24;11;6;0;0
25;11;6;0;0
26;11;6;0;0
27;11;6;0;0
28;11;6;0;0
29;11;6;0;0
30;11;6;0;0
31;11;6;0;0
32;11;6;0;0
33;11;6;0;0
34;11;6;0;0
35;11;6;0;0
36;11;6;0;0
37;11;6;0;0
38;11;12774;0;0
39;11;15;0;0
40;11;15;0;0
41;11;26081;0;0
42;11;9697;0;0
43;11;1505;0;0
44;11;1;0;0
45;11;12769;0;0
46;11;15;0;0
47;11;15;0;0
48;11;15;0;0
49;11;23013;0;0
50;11;29157;0;0
51;11;15;0;0
52;11;15;0;0
53;11;10726;0;0
54;11;6;0;0
55;11;6;0;0
56;11;6;0;0
57;11;6;0;0
58;11;6;0;0
59;11;6;0;0
0;12;6;0;0
1;12;6;0;0
2;12;6;0;0
3;12;6;0;0
4;12;6;0;0
5;12;6;0;0
6;12;6;0;0
7;12;6;0;0
8;12;6;0;0
9;12;6;0;0
10;12;6;0;0
11;12;6;0;0
12;12;6;0;0
13;12;6;0;0
14;12;6;0;0
15;12;6;0;0
16;12;6;0;0
17;12;6;0;0
18;12;6;0;0
19;12;6;0;0
20;12;6;0;0
21;12;6;0;0
22;12;6;0;0
23;12;6;0;0
24;12;6;0;0
25;12;6;0;0
26;12;6;0;0
27;12;6;0;0
28;12;6;0;0
29;12;6;0;0
30;12;6;0;0
31;12;6;0;0
32;12;6;0;0
33;12;6;0;0
34;12;6;0;0
35;12;6;0;0
36;12;6;0;0
37;12;6;0;0
38;12;7654;0;0
39;12;15;0;0
40;12;15;0;0
41;12;3553;0;0
42;12;1;0;0
43;12;1;0;0
44;12;1;0;0
45;12;12769;0;0
46;12;15;0;0
47;12;15;0;0
48;12;15;0;0
49;12;15;0;0
50;12;15;0;0
51;12;15;0;0
52;12;15;0;0
53;12;10726;0;0
54;12;6;0;0
55;12;6;0;0
56;12;6;0;0
57;12;6;0;0
58;12;6;0;0
59;12;6;0;0
0;13;6;0;0
1;13;6;0;0
2;13;6;0;0
3;13;6;0;0
4;13;6;0;0
5;13;6;0;0
6;13;6;0;0
7;13;6;0;0
8;13;6;0;0
9;13;6;0;0
10;13;6;0;0
11;13;6;0;0
12;13;6630;0;0
13;13;11750;0;0
14;13;11750;0;0
15;13;11750;0;0
16;13;5606;0;0
17;13;6;0;0
18;13;6;0;0
19;13;6;0;0
20;13;6;0;0
21;13;6;0;0
22;13;6;0;0
23;13;6;0;0
24;13;6;0;0
25;13;6;0;0
26;13;6;0;0
27;13;6;0;0
28;13;6;0;0
29;13;6;0;0
30;13;6;0;0
31;13;6;0;0
32;13;6;0;0
33;13;6;0;0
34;13;6;0;0
35;13;6;0;0
36;13;6;0;0
37;13;6;0;0
38;13;6;0;0
39;13;2529;0;0
40;13;1505;0;0
41;13;1;0;0
42;13;6625;0;0
43;13;11745;0;0
44;13;11745;0;0
45;13;29153;0;0
46;13;15;0;0
47;13;15;0;0
48;13;15;0;0
49;13;15;0;0
50;13;15;0;0
51;13;15;0;0
52;13;15;0;0
53;13;10726;0;0
54;13;6;0;0
55;13;6;0;0
56;13;6;0;0
57;13;6;0;0
58;13;6;0;0
59;13;6;0;0
0;14;6;0;0
1;14;6;0;0
2;14;6;0;0
3;14;6;0;0
4;14;6;0;0
5;14;6;0;0
6;14;6;0;0
7;14;6;0;0
8;14;6;0;0
9;14;6630;0;0
10;14;11750;0;0
11;14;21990;0;0
12;14;15;0;0
13;14;15;0;0
14;14;15;0;0
15;14;15;0;0
16;14;15;0;0
17;14;4582;0;0
18;14;6;0;0
19;14;6;0;0
20;14;6;0;0
21;14;6;0;0
22;14;6;0;0
23;14;6;0;0
24;14;6;0;0
25;14;6;0;0
26;14;6;0;0
27;14;6;0;0
28;14;6;0;0
29;14;6;0;0
30;14;6;0;0
31;14;6;0;0
32;14;6;0;0
33;14;6;0;0
34;14;6;0;0
35;14;6;0;0
36;14;6;0;0
37;14;6;0;0
38;14;6630;0;0
39;14;11745;0;0
40;14;11745;0;0
41;14;21985;0;0
42;14;15;0;0
43;14;15;0;0
44;14;15;0;0
45;14;15;0;0
46;14;15;0;0
47;14;15;0;0
48;14;15;0;0
49;14;15;0;0
50;14;15;0;0
51;14;15;0;0
52;14;15;0;0
53;14;10726;0;0
54;14;6;0;0
55;14;6;0;0
56;14;6;0;0
57;14;6;0;0
58;14;6;0;0
59;14;6;0;0
0;15;6;0;0
1;15;6;0;0
2;15;6;0;0
3;15;6;0;0
4;15;6;0;0
5;15;6;0;0
6;15;6;0;0
7;15;6182;0;0
8;15;5158;0;0
9;15;15;0;0
10;15;15;0;0
11;15;15;0;0
12;15;15;0;0
13;15;17889;0;0
14;15;18913;0;0
15;15;15;0;0
16;15;15;0;0
17;15;3553;0;0
18;15;1;0;0
19;15;4134;0;0
20;15;6;0;0
21;15;6;0;0
22;15;6;0;0
23;15;6;0;0
24;15;6;0;0
25;15;6;0;0
26;15;6;0;0
27;15;6;0;0
28;15;6;0;0
29;15;6;0;0
30;15;6;0;0
31;15;6;0;0
32;15;6;0;0
33;15;6;0;0
34;15;6;0;0
35;15;6;0;0
36;15;6;0;0
37;15;8678;0;0
38;15;15;0;0
39;15;15;0;0
40;15;15;0;0
41;15;15;0;0
42;15;15;0;0
43;15;15;0;0
44;15;15;0;0
45;15;15;0;0
46;15;15;0;0
47;15;15;0;0
48;15;15;0;0
49;15;15;0;0
50;15;15;0;0
51;15;15;0;0
52;15;15;0;0
53;15;3558;0;0
54;15;6;0;0
55;15;6;0;0
56;15;6;0;0
57;15;6;0;0
58;15;6;0;0
59;15;6;0;0
0;16;6;0;0
1;16;6;0;0
2;16;6;0;0
3;16;6;0;0
4;16;6;0;0
5;16;6;0;0
6;16;8230;0;0
7;16;1;0;0
8;16;1;0;0
9;16;24033;0;0
10;16;15;0;0
11;16;26081;0;0
12;16;1505;0;0
13;16;1;0;0
14;16;1;0;0
15;16;2529;0;0
16;16;1505;0;0
17;16;1;0;0
18;16;1;0;0
19;16;3110;0;0
20;16;6;0;0
21;16;6;0;0
22;16;6;0;0
23;16;6;0;0
24;16;6;0;0
25;16;6;0;0
26;16;6;0;0
27;16;6;0;0
28;16;6;0;0
29;16;6;0;0
30;16;6;0;0
31;16;6;0;0
32;16;6;0;0
33;16;6;0;0
34;16;6;0;0
35;16;6;0;0
36;16;6;0;0
37;16;12774;0;0
38;16;15;0;0
39;16;15;0;0
40;16;26085;0;0
41;16;27109;0;0
42;16;15;0;0
43;16;15;0;0
44;16;15;0;0
45;16;15;0;0
46;16;15;0;0
47;16;15;0;0
48;16;15;0;0
49;16;15;0;0
50;16;15;0;0
51;16;15;0;0
52;16;13798;0;0
53;16;6;0;0
54;16;6;0;0
55;16;6;0;0
56;16;6;0;0
57;16;6;0;0
58;16;6;0;0
59;16;6;0;0
0;17;6;0;0
1;17;6;0;0
2;17;6;0;0
3;17;6;0;0
4;17;6;0;0
5;17;6;0;0
6;17;24614;0;0
7;17;1;0;0
8;17;1;0;0
9;17;25057;0;0
10;17;15;0;0
11;17;28129;0;0
12;17;5601;0;0
13;17;1;0;0
14;17;1;0;0
15;17;1;0;0
16;17;1;0;0
17;17;1;0;0
18;17;13350;0;0
19;17;6;0;0
20;17;6;0;0
21;17;6;0;0
22;17;6;0;0
23;17;6;0;0
24;17;6;0;0
25;17;6;0;0
26;17;6;0;0
27;17;6;0;0
28;17;6;0;0
29;17;6;0;0
30;17;6;0;0
31;17;6;0;0
32;17;6;0;0
33;17;6;0;0
34;17;6;0;0
35;17;6;0;0
36;17;6;0;0
37;17;12774;0;0
38;17;15;0;0
39;17;15;0;0
40;17;28133;0;0
41;17;29157;0;0
42;17;15;0;0
43;17;15;0;0
44;17;15;0;0
45;17;15;0;0
46;17;17893;0;0
47;17;27109;0;0
48;17;15;0;0
49;17;15;0;0
50;17;15;0;0
51;17;19942;0;0
52;17;6;0;0
53;17;6;0;0
54;17;6;0;0
55;17;6;0;0
56;17;6;0;0
57;17;6;0;0
58;17;6;0;0
59;17;6;0;0
0;18;6;0;0
1;18;6;0;0
2;18;6;0;0
3;18;6;0;0
4;18;6;0;0
5;18;8230;0;0
6;18;1;0;0
7;18;1;0;0
8;18;8673;0;0
9;18;15;0;0
10;18;15;0;0
11;18;15;0;0
12;18;15;0;0
13;18;4577;0;0
14;18;1;0;0
15;18;1;0;0
16;18;17446;0;0
17;18;1062;0;0
18;18;6;0;0
19;18;6;0;0
20;18;6;0;0
21;18;6;0;0
22;18;6;0;0
23;18;6;0;0
24;18;6;0;0
25;18;6;0;0
26;18;6;0;0
27;18;6;0;0
28;18;6;0;0
29;18;6;0;0
30;18;6;0;0
31;18;6;0;0
32;18;6;0;0
33;18;6;0;0
34;18;6;0;0
35;18;6;0;0
36;18;6;0;0
37;18;12774;0;0
38;18;15;0;0
39;18;15;0;0
40;18;15;0;0
41;18;15;0;0
42;18;15;0;0
43;18;15;0;0
44;18;15;0;0
45;18;19941;0;0
46;18;5;0;0
47;18;25061;0;0
48;18;15;0;0
49;18;15;0;0
50;18;15;0;0
51;18;3558;0;0
52;18;6;0;0
53;18;6;0;0
54;18;6;0;0
55;18;6;0;0
56;18;6;0;0
57;18;6;0;0
58;18;6;0;0
59;18;6;0;0
0;19;6;0;0
1;19;6;0;0
2;19;6;0;0
3;19;6;0;0
4;19;6;0;0
5;19;7206;0;0
6;19;1;0;0
7;19;1;0;0
8;19;12769;0;0
9;19;15;0;0
10;19;26081;0;0
11;19;27105;0;0
12;19;15;0;0
13;19;10726;0;0
14;19;2086;0;0
15;19;1062;0;0
16;19;6;0;0
17;19;6;0;0
18;19;6;0;0
19;19;6;0;0
20;19;6;0;0
21;19;6;0;0
22;19;6;0;0
23;19;6;0;0
24;19;6;0;0
25;19;6;0;0
26;19;6;0;0
27;19;6;0;0
28;19;6;0;0
29;19;6;0;0
30;19;6;0;0
31;19;6;0;0
32;19;6;0;0
33;19;6;0;0
34;19;6;0;0
35;19;6;0;0
36;19;6;0;0
37;19;7654;0;0
38;19;15;0;0
39;19;15;0;0
40;19;15;0;0
41;19;26085;0;0
42;19;27109;0;0
43;19;15;0;0
44;19;15;0;0
45;19;28133;0;0
46;19;21989;0;0
47;19;15;0;0
48;19;15;0;0
49;19;17894;0;0
50;19;1510;0;0
51;19;6;0;0
52;19;6;0;0
53;19;6;0;0
54;19;6;0;0
55;19;6;0;0
56;19;6;0;0
57;19;6;0;0
58;19;6;0;0
59;19;6;0;0
0;20;6;0;0
1;20;6;0;0
2;20;6;0;0
3;20;6;0;0
4;20;6;0;0
5;20;6;0;0
6;20;23590;0;0
7;20;1;0;0
8;20;12769;0;0
9;20;15;0;0
10;20;28129;0;0
11;20;29153;0;0
12;20;15;0;0
13;20;10726;0;0
14;20;6;0;0
15;20;6;0;0
16;20;6;0;0
17;20;6;0;0
18;20;6;0;0
19;20;6;0;0
20;20;6;0;0
21;20;6;0;0
22;20;6;0;0
23;20;6;0;0
24;20;6;0;0
25;20;6;0;0
26;20;6;0;0
27;20;6;0;0
28;20;6;0;0
29;20;6;0;0
30;20;6;0;0
31;20;6;0;0
32;20;6;0;0
33;20;6;0;0
34;20;6;0;0
35;20;6;0;0
36;20;6;0;0
37;20;6;0;0
38;20;14822;0;0
39;20;15;0;0
40;20;15;0;0
41;20;28133;0;0
42;20;29157;0;0
43;20;15;0;0
44;20;15;0;0
45;20;15;0;0
46;20;15;0;0
47;20;15;0;0
48;20;13798;0;0
49;20;6;0;0
50;20;6;0;0
51;20;6;0;0
52;20;6;0;0
53;20;6;0;0
54;20;6;0;0
55;20;6;0;0
56;20;6;0;0
57;20;6;0;0
58;20;6;0;0
59;20;6;0;0
0;21;6;0;0
1;21;6;0;0
2;21;6;0;0
3;21;6;0;0
4;21;6;0;0
5;21;6;0;0
6;21;12326;0;0
7;21;1;0;0
8;21;7649;0;0
9;21;15;0;0
10;21;15;0;0
11;21;15;0;0
12;21;15;0;0
13;21;10726;0;0
14;21;6;0;0
15;21;6;0;0
16;21;6;0;0
17;21;6;0;0
18;21;6;0;0
19;21;6;0;0
20;21;6;0;0
21;21;6;0;0
22;21;6;0;0
23;21;6;0;0
24;21;6;0;0
25;21;6;0;0
26;21;6;0;0
27;21;6;0;0
28;21;6;0;0
29;21;6;0;0
30;21;6;0;0
31;21;6;0;0
32;21;6;0;0
33;21;6;0;0
34;21;6;0;0
35;21;6;0;0
36;21;6;0;0
37;21;6;0;0
38;21;6;0;0
39;21;14822;0;0
40;21;15;0;0
41;21;15;0;0
42;21;15;0;0
43;21;15;0;0
44;21;15;0;0
45;21;15;0;0
46;21;15;0;0
47;21;13798;0;0
48;21;6;0;0
49;21;6;0;0
50;21;6;0;0
51;21;6;0;0
52;21;6;0;0
53;21;6;0;0
54;21;6;0;0
55;21;6;0;0
56;21;6;0;0
57;21;6;0;0
58;21;6;0;0
59;21;6;0;0
0;22;6;0;0
1;22;6;0;0
2;22;6;0;0
3;22;6;0;0
4;22;6;0;0
5;22;6;0;0
6;22;7206;0;0
7;22;1;0;0
8;22;1;0;0
9;22;14817;0;0
10;22;15;0;0
11;22;15;0;0
12;22;15;0;0
13;22;3558;0;0
14;22;6;0;0
15;22;6;0;0
16;22;6;0;0
17;22;6;0;0
18;22;6;0;0
19;22;6;0;0
20;22;6;0;0
21;22;6;0;0
22;22;6;0;0
23;22;6;0;0
24;22;6;0;0
25;22;6;0;0
26;22;6;0;0
27;22;6;0;0
28;22;6;0;0
29;22;6;0;0
30;22;6;0;0
31;22;6;0;0
32;22;6;0;0
33;22;6;0;0
34;22;6;0;0
35;22;6;0;0
36;22;6;0;0
37;22;6;0;0
38;22;6;0;0
39;22;6;0;0
40;22;24038;0;0
41;22;15;0;0
42;22;15;0;0
43;22;15;0;0
44;22;26086;0;0
45;22;9702;0;0
46;22;1510;0;0
47;22;6;0;0
48;22;6;0;0
49;22;6;0;0
50;22;6;0;0
51;22;6;0;0
52;22;6;0;0
53;22;6;0;0
54;22;6;0;0
55;22;6;0;0
56;22;6;0;0
57;22;6;0;0
58;22;6;0;0
59;22;6;0;0
0;23;6;0;0
1;23;6;0;0
2;23;6;0;0
3;23;6;0;0
4;23;6;0;0
5;23;6;0;0
6;23;6;0;0
7;23;14374;0;0
8;23;1;0;0
9;23;1;0;0
10;23;2534;0;0
11;23;9702;0;0
12;23;1510;0;0
13;23;6;0;0
14;23;6;0;0
15;23;6;0;0
16;23;6;0;0
17;23;6;0;0
18;23;6;0;0
19;23;6;0;0
20;23;6;0;0
21;23;6;0;0
22;23;6;0;0
23;23;6;0;0
24;23;6;0;0
25;23;6;0;0
26;23;6;0;0
27;23;6;0;0
28;23;6;0;0
29;23;6;0;0
30;23;6;0;0
31;23;6;0;0
32;23;6;0;0
33;23;6;0;0
34;23;6;0;0
35;23;6;0;0
36;23;6;0;0
37;23;6;0;0
38;23;6;0;0
39;23;6;0;0
40;23;12774;0;0
41;23;15;0;0
42;23;15;0;0
43;23;15;0;0
44;23;10726;0;0
45;23;6;0;0
46;23;6;0;0
47;23;6;0;0
48;23;6;0;0
49;23;6;0;0
50;23;6;0;0
51;23;6;0;0
52;23;6;0;0
53;23;6;0;0
54;23;6;0;0
55;23;6;0;0
56;23;6;0;0
57;23;6;0;0
58;23;6;0;0
59;23;6;0;0
0;24;6;0;0
1;24;6;0;0
2;24;6;0;0
3;24;6;0;0
4;24;6;0;0
5;24;6;0;0
6;24;6;0;0
7;24;6;0;0
8;24;2086;0;0
9;24;1062;0;0
10;24;6;0;0
11;24;6;0;0
12;24;6;0;0
13;24;6;0;0
14;24;6;0;0
15;24;6;0;0
16;24;6;0;0
17;24;6;0;0
18;24;6;0;0
19;24;6;0;0
20;24;6;0;0
21;24;6;0;0
22;24;6;0;0
23;24;6;0;0
24;24;6;0;0
25;24;6;0;0
26;24;6;0;0
27;24;6;0;0
28;24;6;0;0
29;24;6;0;0
30;24;6;0;0
31;24;6;0;0
32;24;6;0;0
33;24;6;0;0
34;24;6;0;0
35;24;6;0;0
36;24;6;0;0
37;24;6;0;0
38;24;6;0;0
39;24;6;0;0
40;24;7654;0;0
41;24;15;0;0
42;24;15;0;0
43;24;15;0;0
44;24;10726;0;0
45;24;6;0;0
46;24;6;0;0
47;24;6;0;0
48;24;6;0;0
49;24;6;0;0
50;24;6;0;0
51;24;6;0;0
52;24;6;0;0
53;24;6;0;0
54;24;6;0;0
55;24;6;0;0
56;24;6;0;0
57;24;6;0;0
58;24;6;0;0
59;24;6;0;0
0;25;6;0;0
1;25;6;0;0
2;25;6;0;0
3;25;6;0;0
4;25;6;0;0
5;25;6;0;0
6;25;6;0;0
7;25;6;0;0
8;25;6;0;0
9;25;6;0;0
10;25;6;0;0
11;25;6;0;0
12;25;6;0;0
13;25;6;0;0
14;25;6;0;0
15;25;6;0;0
16;25;6;0;0
17;25;6;0;0
18;25;6;0;0
19;25;6;0;0
20;25;6;0;0
21;25;6;0;0
22;25;6;0;0
23;25;6;0;0
24;25;6;0;0
25;25;6;0;0
26;25;6;0;0
27;25;6;0;0
28;25;6;0;0
29;25;6;0;0
30;25;6;0;0
31;25;6;0;0
32;25;6;0;0
33;25;6;0;0
34;25;6;0;0
35;25;6;0;0
36;25;6;0;0
37;25;6;0;0
38;25;6;0;0
39;25;6;0;0
40;25;6;0;0
41;25;2534;0;0
42;25;18918;0;0
43;25;15;0;0
44;25;3558;0;0
45;25;6;0;0
46;25;6;0;0
47;25;6;0;0
48;25;6;0;0
49;25;6;0;0
50;25;6;0;0
51;25;6;0;0
52;25;6;0;0
53;25;6;0;0
54;25;6;0;0
55;25;6;0;0
56;25;6;0;0
57;25;6;0;0
58;25;6;0;0
59;25;6;0;0
0;26;6;0;0
1;26;6;0;0
2;26;6;0;0
3;26;6;0;0
4;26;6;0;0
5;26;6;0;0
6;26;6;0;0
7;26;6;0;0
8;26;6;0;0
9;26;6;0;0
10;26;6;0;0
11;26;6;0;0
12;26;6;0;0
13;26;6;0;0
14;26;6;0;0
15;26;6;0;0
16;26;6;0;0
17;26;6;0;0
18;26;6;0;0
19;26;6;0;0
20;26;6;0;0
21;26;6;0;0
22;26;6;0;0
23;26;6;0;0
24;26;6;0;0
25;26;6;0;0
26;26;6;0;0
27;26;6;0;0
28;26;6;0;0
29;26;6;0;0
30;26;6;0;0
31;26;6;0;0
32;26;6;0;0
33;26;6;0;0
34;26;6;0;0
35;26;6;0;0
36;26;6;0;0
37;26;6;0;0
38;26;6;0;0
39;26;6;0;0
40;26;6;0;0
41;26;6;0;0
42;26;6;0;0
43;26;6;0;0
44;26;6;0;0
45;26;6;0;0
46;26;6;0;0
47;26;6;0;0
48;26;6;0;0
49;26;6;0;0
50;26;6;0;0
51;26;6;0;0
52;26;6;0;0
53;26;6;0;0
54;26;6;0;0
55;26;6;0;0
56;26;6;0;0
57;26;6;0;0
58;26;6;0;0
59;26;6;0;0
0;27;6;0;0
1;27;6;0;0
2;27;6;0;0
3;27;6;0;0
4;27;6;0;0
5;27;6;0;0
6;27;6;0;0
7;27;6;0;0
8;27;6;0;0
9;27;6;0;0
10;27;6;0;0
11;27;6;0;0
12;27;6;0;0
13;27;6;0;0
14;27;6;0;0
15;27;6;0;0
16;27;6;0;0
17;27;6;0;0
18;27;6;0;0
19;27;6;0;0
20;27;6;0;0
21;27;6;0;0
22;27;6;0;0
23;27;6;0;0
24;27;6;0;0
25;27;6;0;0
26;27;6;0;0
27;27;6;0;0
28;27;6;0;0
29;27;6;0;0
30;27;6;0;0
31;27;6;0;0
32;27;6;0;0
33;27;6;0;0
34;27;6;0;0
35;27;6;0;0
36;27;6;0;0
37;27;6;0;0
38;27;6;0;0
39;27;6;0;0
40;27;6;0;0
41;27;6;0;0
42;27;6;0;0
43;27;6;0;0
44;27;6;0;0
45;27;6;0;0
46;27;6;0;0
47;27;6;0;0
48;27;6;0;0
49;27;6;0;0
50;27;6;0;0
51;27;6;0;0
52;27;6;0;0
53;27;6;0;0
54;27;6;0;0
55;27;6;0;0
56;27;6;0;0
57;27;6;0;0
58;27;6;0;0
59;27;6;0;0
0;28;6;0;0
1;28;6;0;0
2;28;6;0;0
3;28;6;0;0
4;28;6;0;0
5;28;6;0;0
6;28;6;0;0
7;28;6;0;0
8;28;6;0;0
9;28;6;0;0
10;28;6;0;0
11;28;6;0;0
12;28;6;0;0
13;28;6;0;0
14;28;6;0;0
15;28;6;0;0
16;28;6;0;0
17;28;6;0;0
18;28;6;0;0
19;28;6;0;0
20;28;6;0;0
21;28;6;0;0
22;28;6;0;0
23;28;6;0;0
24;28;6;0;0
25;28;6;0;0
26;28;6;0;0
27;28;6630;0;0
28;28;11750;0;0
29;28;11750;0;0
30;28;11750;0;0
31;28;5606;0;0
32;28;6;0;0
33;28;6;0;0
34;28;6;0;0
35;28;6;0;0
36;28;6;0;0
37;28;6;0;0
38;28;6;0;0
39;28;6;0;0
40;28;6;0;0
41;28;6;0;0
42;28;6;0;0
43;28;6;0;0
44;28;6;0;0
45;28;6;0;0
46;28;6;0;0
47;28;6;0;0
48;28;6;0;0
49;28;6;0;0
50;28;6;0;0
51;28;6;0;0
52;28;6;0;0
53;28;6;0;0
54;28;6;0;0
55;28;6;0;0
56;28;6;0;0
57;28;6;0;0
58;28;6;0;0
59;28;6;0;0
0;29;6;0;0
1;29;6;0;0
2;29;6;0;0
3;29;6;0;0
4;29;6;0;0
5;29;6;0;0
6;29;6;0;0
7;29;6;0;0
8;29;6;0;0
9;29;6;0;0
10;29;6;0;0
11;29;6;0;0
12;29;6;0;0
13;29;6;0;0
14;29;6;0;0
15;29;6;0;0
16;29;6;0;0
17;29;6;0;0
18;29;6;0;0
19;29;6;0;0
20;29;6;0;0
21;29;6;0;0
22;29;6;0;0
23;29;6;0;0
24;29;6;0;0
25;29;6;0;0
26;29;8678;0;0
27;29;15;0;0
28;29;15;0;0
29;29;15;0;0
30;29;15;0;0
31;29;15;0;0
32;29;15846;0;0
33;29;6;0;0
34;29;6;0;0
35;29;6;0;0
36;29;6;0;0
37;29;6;0;0
38;29;6;0;0
39;29;6;0;0
40;29;6;0;0
41;29;6;0;0
42;29;6;0;0
43;29;6;0;0
44;29;6;0;0
45;29;6;0;0
46;29;6;0;0
47;29;6;0;0
48;29;6;0;0
49;29;6;0;0
50;29;6;0;0
51;29;6;0;0
52;29;6;0;0
53;29;6;0;0
54;29;6;0;0
55;29;6;0;0
56;29;6;0;0
57;29;6;0;0
58;29;6;0;0
59;29;6;0;0
0;30;6;0;0
1;30;6;0;0
2;30;6;0;0
3;30;6;0;0
4;30;6;0;0
5;30;6;0;0
6;30;6;0;0
7;30;6;0;0
8;30;6;0;0
9;30;6;0;0
10;30;6;0;0
11;30;6;0;0
12;30;6;0;0
13;30;6;0;0
14;30;6;0;0
15;30;6;0;0
16;30;6;0;0
17;30;6;0;0
18;30;6;0;0
19;30;6;0;0
20;30;6;0;0
21;30;6;0;0
22;30;6;0;0
23;30;6;0;0
24;30;6;0;0
25;30;6;0;0
26;30;25062;0;0
27;30;15;0;0
28;30;15;0;0
29;30;15;0;0
30;30;15;0;0
31;30;15;0;0
32;30;15;0;0
33;30;15846;0;0
34;30;6182;0;0
35;30;5158;0;0
36;30;6;0;0
37;30;6;0;0
38;30;6;0;0
39;30;6;0;0
40;30;6;0;0
41;30;6;0;0
42;30;6;0;0
43;30;6;0;0
44;30;6;0;0
45;30;6;0;0
46;30;6;0;0
47;30;6;0;0
48;30;6;0;0
49;30;6;0;0
50;30;6;0;0
51;30;6;0;0
52;30;6;0;0
53;30;6;0;0
54;30;6;0;0
55;30;6;0;0
56;30;6;0;0
57;30;6;0;0
58;30;6;0;0
59;30;6;0;0
0;31;6;0;0
1;31;6;0;0
2;31;6;0;0
3;31;6;0;0
4;31;6;0;0
5;31;6;0;0
6;31;6;0;0
7;31;6;0;0
8;31;6;0;0
9;31;6;0;0
10;31;6;0;0
11;31;6;0;0
12;31;6;0;0
13;31;6;0;0
14;31;6;0;0
15;31;6;0;0
16;31;6;0;0
17;31;6;0;0
18;31;6;0;0
19;31;6;0;0
20;31;6;0;0
21;31;6;0;0
22;31;6;0;0
23;31;6;0;0
24;31;6;0;0
25;31;8678;0;0
26;31;15;0;0
27;31;15;0;0
28;31;15;0;0
29;31;15;0;0
30;31;15;0;0
31;31;15;0;0
32;31;15;0;0
33;31;15;0;0
34;31;1;0;0
35;31;1;0;0
36;31;4134;0;0
37;31;6;0;0
38;31;6;0;0
39;31;6;0;0
40;31;6;0;0
41;31;6;0;0
42;31;6;0;0
43;31;6;0;0
44;31;6;0;0
45;31;6;0;0
46;31;6;0;0
47;31;6;0;0
48;31;6;0;0
49;31;6;0;0
50;31;6;0;0
51;31;6;0;0
52;31;6;0;0
53;31;6;0;0
54;31;6;0;0
55;31;6;0;0
56;31;6;0;0
57;31;6;0;0
58;31;6;0;0
59;31;6;0;0
0;32;6;0;0
1;32;6;0;0
2;32;6;0;0
3;32;6;0;0
4;32;6;0;0
5;32;6;0;0
6;32;6;0;0
7;32;6;0;0
8;32;6;0;0
9;32;6;0;0
10;32;6;0;0
11;32;6;0;0
12;32;6;0;0
13;32;6;0;0
14;32;6;0;0
15;32;6;0;0
16;32;6;0;0
17;32;6;0;0
18;32;6;0;0
19;32;6;0;0
20;32;6;0;0
21;32;6182;0;0
22;32;11302;0;0
23;32;11302;0;0
24;32;5158;0;0
25;32;7654;0;0
26;32;15;0;0
27;32;17894;0;0
28;32;9702;0;0
29;32;27110;0;0
30;32;15;0;0
31;32;15;0;0
32;32;26081;0;0
33;32;1505;0;0
34;32;1;0;0
35;32;1;0;0
36;32;3110;0;0
37;32;6;0;0
38;32;6;0;0
39;32;6;0;0
40;32;6;0;0
41;32;6;0;0
42;32;6;0;0
43;32;6;0;0
44;32;6;0;0
45;32;6;0;0
46;32;6;0;0
47;32;6;0;0
48;32;6;0;0
49;32;6;0;0
50;32;6;0;0
51;32;6;0;0
52;32;6;0;0
53;32;6;0;0
54;32;6;0;0
55;32;6;0;0
56;32;6;0;0
57;32;6;0;0
58;32;6;0;0
59;32;6;0;0
0;33;6;0;0
1;33;6;0;0
2;33;6;0;0
3;33;6;0;0
4;33;6;0;0
5;33;6;0;0
6;33;6;0;0
7;33;6;0;0
8;33;6;0;0
9;33;6;0;0
10;33;6;0;0
11;33;6;0;0
12;33;6;0;0
13;33;6;0;0
14;33;6;0;0
15;33;6;0;0
16;33;6;0;0
17;33;6;0;0
18;33;6;0;0
19;33;6;0;0
20;33;8230;0;0
21;33;1;0;0
22;33;1;0;0
23;33;1;0;0
24;33;1;0;0
25;33;15398;0;0
26;33;6;0;0
27;33;6;0;0
28;33;6;0;0
29;33;12774;0;0
30;33;15;0;0
31;33;15;0;0
32;33;3553;0;0
33;33;1;0;0
34;33;8673;0;0
35;33;15;0;0
36;33;15846;0;0
37;33;6;0;0
38;33;6;0;0
39;33;6;0;0
40;33;6;0;0
41;33;6;0;0
42;33;6;0;0
43;33;6;0;0
44;33;6;0;0
45;33;6;0;0
46;33;6;0;0
47;33;6;0;0
48;33;6;0;0
49;33;6;0;0
50;33;6;0;0
51;33;6;0;0
52;33;6;0;0
53;33;6;0;0
54;33;6;0;0
55;33;6;0;0
56;33;6;0;0
57;33;6;0;0
58;33;6;0;0
59;33;6;0;0
0;34;6;0;0
1;34;6;0;0
2;34;6;0;0
3;34;6;0;0
4;34;6;0;0
5;34;6;0;0
6;34;6;0;0
7;34;6;0;0
8;34;6;0;0
9;34;6;0;0
10;34;6;0;0
11;34;6;0;0
12;34;6;0;0
13;34;6;0;0
14;34;6;0;0
15;34;6;0;0
16;34;6;0;0
17;34;6;0;0
18;34;6;0;0
19;34;6;0;0
20;34;7206;0;0
21;34;1;0;0
22;34;1;0;0
23;34;1;0;0
24;34;1;0;0
25;34;1;0;0
26;34;22566;0;0
27;34;5158;0;0
28;34;6;0;0
29;34;7654;0;0
30;34;15;0;0
31;34;13793;0;0
32;34;1;0;0
33;34;6625;0;0
34;34;29153;0;0
35;34;15;0;0
36;34;15;0;0
37;34;4582;0;0
38;34;6;0;0
39;34;6;0;0
40;34;6;0;0
41;34;6;0;0
42;34;6;0;0
43;34;6;0;0
44;34;6;0;0
45;34;6;0;0
46;34;6;0;0
47;34;6;0;0
48;34;6;0;0
49;34;6;0;0
50;34;6;0;0
51;34;6;0;0
52;34;6;0;0
53;34;6;0;0
54;34;6;0;0
55;34;6;0;0
56;34;6;0;0
57;34;6;0;0
58;34;6;0;0
59;34;6;0;0
0;35;6;0;0
1;35;6;0;0
2;35;6;0;0
3;35;6;0;0
4;35;6;0;0
5;35;6;0;0
6;35;6;0;0
7;35;6;0;0
8;35;6;0;0
9;35;6;0;0
10;35;6;0;0
11;35;6;0;0
12;35;6;0;0
13;35;6;0;0
14;35;6;0;0
15;35;6;0;0
16;35;6;0;0
17;35;6;0;0
18;35;6630;0;0
19;35;11750;0;0
20;35;5606;0;0
21;35;2086;0;0
22;35;9254;0;0
23;35;1062;0;0
24;35;18470;0;0
25;35;1;0;0
26;35;1;0;0
27;35;1;0;0
28;35;6;0;0
29;35;6;0;0
30;35;6;0;0
31;35;6;0;0
32;35;16865;0;0
33;35;15;0;0
34;35;15;0;0
35;35;15;0;0
36;35;15;0;0
37;35;3558;0;0
38;35;6;0;0
39;35;6;0;0
40;35;6;0;0
41;35;6;0;0
42;35;6;0;0
43;35;6;0;0
44;35;6;0;0
45;35;6;0;0
46;35;6;0;0
47;35;6;0;0
48;35;6;0;0
49;35;6;0;0
50;35;6;0;0
51;35;6;0;0
52;35;6;0;0
53;35;6;0;0
54;35;6;0;0
55;35;6;0;0
56;35;6;0;0
57;35;6;0;0
58;35;6;0;0
59;35;6;0;0
0;36;6;0;0
1;36;6;0;0
2;36;6;0;0
3;36;6;0;0
4;36;6;0;0
5;36;6;0;0
6;36;6;0;0
7;36;6;0;0
8;36;6;0;0
9;36;6;0;0
10;36;6;0;0
11;36;6;0;0
12;36;6;0;0
13;36;6;0;0
14;36;6;0;0
15;36;6;0;0
16;36;6;0;0
17;36;8678;0;0
18;36;15;0;0
19;36;15;0;0
20;36;15;0;0
21;36;23014;0;0
22;36;5606;0;0
23;36;6;0;0
24;36;6;0;0
25;36;2086;0;0
26;36;9254;0;0
27;36;1062;0;0
28;36;6;0;0
29;36;6;0;0
30;36;6;0;0
31;36;6;0;0
32;36;15;0;0
33;36;15;0;0
34;36;15;0;0
35;36;15;0;0
36;36;13798;0;0
37;36;6;0;0
38;36;6;0;0
39;36;6;0;0
40;36;6;0;0
41;36;6;0;0
42;36;6;0;0
43;36;6;0;0
44;36;6;0;0
45;36;6;0;0
46;36;6;0;0
47;36;6;0;0
48;36;6;0;0
49;36;6;0;0
50;36;6;0;0
51;36;6;0;0
52;36;6;0;0
53;36;6;0;0
54;36;6;0;0
55;36;6;0;0
56;36;6;0;0
57;36;6;0;0
58;36;6;0;0
59;36;6;0;0
0;37;6;0;0
1;37;6;0;0
2;37;6;0;0
3;37;6;0;0
4;37;6;0;0
5;37;6;0;0
6;37;6;0;0
7;37;6;0;0
8;37;6;0;0
9;37;6;0;0
10;37;6;0;0
11;37;6;0;0
12;37;6;0;0
13;37;6;0;0
14;37;6;0;0
15;37;6;0;0
16;37;6;0;0
17;37;12774;0;0
18;37;15;0;0
19;37;15;0;0
20;37;15;0;0
21;37;15;0;0
22;37;15;0;0
23;37;4582;0;0
24;37;6;0;0
25;37;6;0;0
26;37;6;0;0
27;37;6;0;0
28;37;6;0;0
29;37;6;0;0
30;37;6;0;0
31;37;6;0;0
32;37;2534;0;0
33;37;9702;0;0
34;37;9702;0;0
35;37;1510;0;0
36;37;6;0;0
37;37;6;0;0
38;37;6;0;0
39;37;6;0;0
40;37;6;0;0
41;37;6;0;0
42;37;6;0;0
43;37;6;0;0
44;37;6;0;0
45;37;6;0;0
46;37;6;0;0
47;37;6;0;0
48;37;6;0;0
49;37;6;0;0
50;37;6;0;0
51;37;6;0;0
52;37;6;0;0
53;37;6;0;0
54;37;6;0;0
55;37;6;0;0
56;37;6;0;0
57;37;6;0;0
58;37;6;0;0
59;37;6;0;0
0;38;6;0;0
1;38;6;0;0
2;38;6;0;0
3;38;6;0;0
4;38;6;0;0
5;38;6;0;0
6;38;6;0;0
7;38;6;0;0
8;38;6;0;0
9;38;6;0;0
10;38;6;0;0
11;38;6;0;0
12;38;6;0;0
13;38;6;0;0
14;38;6;0;0
15;38;6;0;0
16;38;6;0;0
17;38;7654;0;0
18;38;15;0;0
19;38;15;0;0
20;38;15;0;0
21;38;15;0;0
22;38;15;0;0
23;38;3558;0;0
24;38;6;0;0
25;38;6;0;0
26;38;6;0;0
27;38;6;0;0
28;38;6;0;0
29;38;6;0;0
30;38;6;0;0
31;38;6;0;0
32;38;6;0;0
33;38;6;0;0
34;38;6;0;0
35;38;6;0;0
36;38;6;0;0
37;38;6;0;0
38;38;6;0;0
39;38;6;0;0
40;38;6;0;0
41;38;6;0;0
42;38;6;0;0
43;38;6;0;0
44;38;6;0;0
45;38;6;0;0
46;38;6;0;0
47;38;6;0;0
48;38;6;0;0
49;38;6;0;0
50;38;6;0;0
51;38;6;0;0
52;38;6;0;0
53;38;6;0;0
54;38;6;0;0
55;38;6;0;0
56;38;6;0;0
57;38;6;0;0
58;38;6;0;0
59;38;6;0;0
0;39;6;0;0
1;39;6;0;0
2;39;6;0;0
3;39;6;0;0
4;39;6;0;0
5;39;6;0;0
6;39;6;0;0
7;39;6;0;0
8;39;6;0;0
9;39;6;0;0
10;39;6;0;0
11;39;6;0;0
12;39;6;0;0
13;39;6;0;0
14;39;6;0;0
15;39;6;0;0
16;39;6;0;0
17;39;6;0;0
18;39;2534;0;0
19;39;9702;0;0
20;39;9702;0;0
21;39;9702;0;0
22;39;1510;0;0
23;39;6;0;0
24;39;6;0;0
25;39;6;0;0
26;39;6;0;0
27;39;6;0;0
28;39;6;0;0
29;39;6;0;0
30;39;6;0;0
31;39;6;0;0
32;39;6;0;0
33;39;6;0;0
34;39;6;0;0
35;39;6;0;0
36;39;6;0;0
37;39;6;0;0
38;39;6;0;0
39;39;6;0;0
40;39;6;0;0
41;39;6;0;0
42;39;6;0;0
43;39;6;0;0
44;39;6;0;0
45;39;6;0;0
46;39;6;0;0
47;39;6;0;0
48;39;6;0;0
49;39;6;0;0
50;39;6;0;0
51;39;6;0;0
52;39;6;0;0
53;39;6;0;0
54;39;6;0;0
55;39;6;0;0
56;39;6;0;0
57;39;6;0;0
58;39;6;0;0
59;39;6;0;0
0;40;6;0;0
1;40;6;0;0
2;40;6;0;0
3;40;6;0;0
4;40;6;0;0
5;40;6;0;0
6;40;6;0;0
7;40;6;0;0
8;40;6;0;0
9;40;6;0;0
10;40;6;0;0
11;40;6;0;0
12;40;6;0;0
13;40;6;0;0
14;40;6;0;0
15;40;6;0;0
16;40;6;0;0
17;40;6;0;0
18;40;6;0;0
19;40;6;0;0
20;40;6;0;0
21;40;6182;0;0
22;40;11302;0;0
23;40;11302;0;0
24;40;11302;0;0
25;40;11302;0;0
26;40;5158;0;0
27;40;6;0;0
28;40;6;0;0
29;40;6;0;0
30;40;6;0;0
31;40;6;0;0
32;40;6;0;0
33;40;6;0;0
34;40;6;0;0
35;40;6;0;0
36;40;6;0;0
37;40;6;0;0
38;40;6;0;0
39;40;6;0;0
40;40;6;0;0
41;40;6;0;0
42;40;6;0;0
43;40;6;0;0
44;40;6;0;0
45;40;6;0;0
46;40;6;0;0
47;40;6;0;0
48;40;6;0;0
49;40;6;0;0
50;40;6;0;0
51;40;6;0;0
52;40;6;0;0
53;40;6;0;0
54;40;6;0;0
55;40;6;0;0
56;40;6;0;0
57;40;6;0;0
58;40;6;0;0
59;40;6;0;0
0;41;6;0;0
1;41;6;0;0
2;41;6;0;0
3;41;6;0;0
4;41;6;0;0
5;41;6;0;0
6;41;6;0;0
7;41;6;0;0
8;41;6;0;0
9;41;6;0;0
10;41;6;0;0
11;41;6;0;0
12;41;6;0;0
13;41;6;0;0
14;41;6;0;0
15;41;6;0;0
16;41;6;0;0
17;41;6;0;0
18;41;6;0;0
19;41;6;0;0
20;41;16422;0;0
21;41;1;0;0
22;41;1;0;0
23;41;1;0;0
24;41;1;0;0
25;41;1;0;0
26;41;1;0;0
27;41;15398;0;0
28;41;6;0;0
29;41;6;0;0
30;41;6;0;0
31;41;6;0;0
32;41;6;0;0
33;41;6;0;0
34;41;6;0;0
35;41;6;0;0
36;41;6;0;0
37;41;6;0;0
38;41;6;0;0
39;41;6;0;0
40;41;6;0;0
41;41;6;0;0
42;41;6;0;0
43;41;6;0;0
44;41;6;0;0
45;41;6;0;0
46;41;6;0;0
47;41;6;0;0
48;41;6;0;0
49;41;6;0;0
50;41;6;0;0
51;41;6;0;0
52;41;6;0;0
53;41;6;0;0
54;41;6;0;0
55;41;6;0;0
56;41;6;0;0
57;41;6;0;0
58;41;6;0;0
59;41;6;0;0
0;42;6;0;0
1;42;6;0;0
2;42;6;0;0
3;42;6;0;0
4;42;6;0;0
5;42;6;0;0
6;42;6;0;0
7;42;6;0;0
8;42;6;0;0
9;42;6;0;0
10;42;6;0;0
11;42;6;0;0
12;42;6;0;0
13;42;6;0;0
14;42;6;0;0
15;42;6;0;0
16;42;6;0;0
17;42;6;0;0
18;42;6;0;0
19;42;8230;0;0
20;42;1;0;0
21;42;1;0;0
22;42;6625;0;0
23;42;11745;0;0
24;42;11745;0;0
25;42;5601;0;0
26;42;1;0;0
27;42;1;0;0
28;42;4134;0;0
29;42;6;0;0
30;42;6;0;0
31;42;6;0;0
32;42;6;0;0
33;42;6;0;0
34;42;6;0;0
35;42;6;0;0
36;42;6;0;0
37;42;6;0;0
38;42;6;0;0
39;42;6;0;0
40;42;6;0;0
41;42;6;0;0
42;42;6;0;0
43;42;6;0;0
44;42;6;0;0
45;42;6;0;0
46;42;6;0;0
47;42;6;0;0
48;42;6;0;0
49;42;56;0;0
50;42;56;0;0
51;42;56;0;0
52;42;6;0;0
53;42;6;0;0
54;42;6;0;0
55;42;6;0;0
56;42;6;0;0
57;42;6;0;0
58;42;6;0;0
59;42;6;0;0
0;43;6;0;0
1;43;6;0;0
2;43;6;0;0
3;43;6;0;0
4;43;6;0;0
5;43;6;0;0
6;43;6;0;0
7;43;6;0;0
8;43;6;0;0
9;43;6;0;0
10;43;6;0;0
11;43;6;0;0
12;43;6;0;0
13;43;6;0;0
14;43;6;0;0
15;43;6;0;0
16;43;6;0;0
17;43;6;0;0
18;43;6;0;0
19;43;12326;0;0
20;43;1;0;0
21;43;8673;0;0
22;43;15;0;0
23;43;15;0;0
24;43;15;0;0
25;43;15;0;0
26;43;4577;0;0
27;43;1;0;0
28;43;10278;0;0
29;43;6;0;0
30;43;6;0;0
31;43;6;0;0
32;43;6;0;0
33;43;6;0;0
34;43;6;0;0
35;43;6;0;0
36;43;6;0;0
37;43;6;0;0
38;43;6;0;0
39;43;6;0;0
40;43;6;0;0
41;43;6;0;0
42;43;6;0;0
43;43;6;0;0
44;43;6;0;0
45;43;6;0;0
46;43;6;0;0
47;43;6;0;0
48;43;6;0;0
49;43;56;0;0
50;43;56;0;0
51;43;56;0;0
52;43;6;0;0
53;43;6;0;0
54;43;6;0;0
55;43;6;0;0
56;43;6;0;0
57;43;6;0;0
58;43;6;0;0
59;43;6;0;0
0;44;6;0;0
1;44;6;0;0
2;44;6;0;0
3;44;6;0;0
4;44;6;0;0
5;44;6;0;0
6;44;6;0;0
7;44;6;0;0
8;44;6;0;0
9;44;6;0;0
10;44;6;0;0
11;44;6;0;0
12;44;6;0;0
13;44;6;0;0
14;44;6;0;0
15;44;6;0;0
16;44;6;0;0
17;44;6;0;0
18;44;6;0;0
19;44;12326;0;0
20;44;1;0;0
21;44;12769;0;0
22;44;15;0;0
23;44;26085;0;0
24;44;27109;0;0
25;44;15;0;0
26;44;10721;0;0
27;44;1;0;0
28;44;10278;0;0
29;44;6;0;0
30;44;6;0;0
31;44;6;0;0
32;44;6;0;0
33;44;6;0;0
34;44;6;0;0
35;44;6;0;0
36;44;6;0;0
37;44;6;0;0
38;44;6;0;0
39;44;6;0;0
40;44;6;0;0
41;44;6;0;0
42;44;6;0;0
43;44;6;0;0
44;44;6;0;0
45;44;6;0;0
46;44;6;0;0
47;44;6;0;0
48;44;6;0;0
49;44;6;0;0
50;44;6;0;0
51;44;6;0;0
52;44;6;0;0
53;44;6;0;0
54;44;6;0;0
55;44;6;0;0
56;44;6;0;0
57;44;6;0;0
58;44;6;0;0
59;44;6;0;0
0;45;6;0;0
1;45;6;0;0
2;45;6;0;0
3;45;6;0;0
4;45;6;0;0
5;45;6;0;0
6;45;6;0;0
7;45;6;0;0
8;45;6;0;0
9;45;6;0;0
10;45;6630;0;0
11;45;5606;0;0
12;45;6;0;0
13;45;6;0;0
14;45;6;0;0
15;45;6;0;0
16;45;6;0;0
17;45;6;0;0
18;45;6;0;0
19;45;12326;0;0
20;45;1;0;0
21;45;12769;0;0
22;45;15;0;0
23;45;28133;0;0
24;45;29157;0;0
25;45;15;0;0
26;45;10721;0;0
27;45;1;0;0
28;45;10278;0;0
29;45;6;0;0
30;45;6;0;0
31;45;6;0;0
32;45;6;0;0
33;45;6;0;0
34;45;6;0;0
35;45;6;0;0
36;45;6;0;0
37;45;6;0;0
38;45;6;0;0
39;45;6;0;0
40;45;6;0;0
41;45;6;0;0
42;45;6;0;0
43;45;6;0;0
44;45;6;0;0
45;45;6;0;0
46;45;6;0;0
47;45;6;0;0
48;45;6;0;0
49;45;6;0;0
50;45;6;0;0
51;45;6;0;0
52;45;6;0;0
53;45;6;0;0
54;45;6;0;0
55;45;6;0;0
56;45;6;0;0
57;45;6;0;0
58;45;6;0;0
59;45;6;0;0
0;46;6;0;0
1;46;6;0;0
2;46;6;0;0
3;46;6;0;0
4;46;6;0;0
5;46;6;0;0
6;46;6;0;0
7;46;6;0;0
8;46;6;0;0
9;46;16870;0;0
10;46;15;0;0
11;46;15;0;0
12;46;4582;0;0
13;46;6;0;0
14;46;6;0;0
15;46;6;0;0
16;46;6;0;0
17;46;6;0;0
18;46;6;0;0
19;46;12326;0;0
20;46;1;0;0
21;46;7649;0;0
22;46;15;0;0
23;46;15;0;0
24;46;15;0;0
25;46;15;0;0
26;46;3553;0;0
27;46;1;0;0
28;46;10278;0;0
29;46;6;0;0
30;46;6;0;0
31;46;6;0;0
32;46;6;0;0
33;46;6;0;0
34;46;6;0;0
35;46;6;0;0
36;46;6;0;0
37;46;6;0;0
38;46;6;0;0
39;46;6;0;0
40;46;6;0;0
41;46;6;0;0
42;46;6;0;0
43;46;6;0;0
44;46;6;0;0
45;46;6;0;0
46;46;6;0;0
47;46;6;0;0
48;46;6;0;0
49;46;6;0;0
50;46;6;0;0
51;46;6;0;0
52;46;6;0;0
53;46;6;0;0
54;46;6;0;0
55;46;6;0;0
56;46;6;0;0
57;46;6;0;0
58;46;6;0;0
59;46;6;0;0
0;47;6;0;0
1;47;6;0;0
2;47;6;0;0
3;47;6;0;0
4;47;6;0;0
5;47;6;0;0
6;47;6630;0;0
7;47;11750;0;0
8;47;21990;0;0
9;47;15;0;0
10;47;15;0;0
11;47;15;0;0
12;47;20966;0;0
13;47;6;0;0
14;47;6;0;0
15;47;6;0;0
16;47;6;0;0
17;47;6;0;0
18;47;6;0;0
19;47;7206;0;0
20;47;1;0;0
21;47;1;0;0
22;47;2529;0;0
23;47;9697;0;0
24;47;9697;0;0
25;47;1505;0;0
26;47;1;0;0
27;47;1;0;0
28;47;10278;0;0
29;47;6;0;0
30;47;6;0;0
31;47;6;0;0
32;47;6;0;0
33;47;6;0;0
34;47;6;0;0
35;47;6;0;0
36;47;6;0;0
37;47;6;0;0
38;47;6;0;0
39;47;6;0;0
40;47;6;0;0
41;47;6;0;0
42;47;6;0;0
43;47;6;0;0
44;47;6;0;0
45;47;6;0;0
46;47;6;0;0
47;47;6;0;0
48;47;6;0;0
49;47;6;0;0
50;47;6;0;0
51;47;6;0;0
52;47;6;0;0
53;47;6;0;0
54;47;6;0;0
55;47;6;0;0
56;47;6;0;0
57;47;6;0;0
58;47;6;0;0
59;47;6;0;0
0;48;6;0;0
1;48;6;0;0
2;48;6;0;0
3;48;6;0;0
4;48;6;0;0
5;48;8678;0;0
6;48;15;0;0
7;48;15;0;0
8;48;15;0;0
9;48;15;0;0
10;48;15;0;0
11;48;15;0;0
12;48;15;0;0
13;48;4582;0;0
14;48;6;0;0
15;48;6;0;0
16;48;6;0;0
17;48;6;0;0
18;48;6;0;0
19;48;6;0;0
20;48;14374;0;0
21;48;1;0;0
22;48;1;0;0
23;48;1;0;0
24;48;1;0;0
25;48;1;0;0
26;48;1;0;0
27;48;1;0;0
28;48;10278;0;0
29;48;6;0;0
30;48;6;0;0
31;48;6;0;0
32;48;6;0;0
33;48;6;0;0
34;48;6;0;0
35;48;6;0;0
36;48;6;0;0
37;48;6;0;0
38;48;6;0;0
39;48;6;0;0
40;48;6;0;0
41;48;6;0;0
42;48;6;0;0
43;48;6;0;0
44;48;6;0;0
45;48;6;0;0
46;48;6;0;0
47;48;6;0;0
48;48;6;0;0
49;48;6;0;0
50;48;6;0;0
51;48;6;0;0
52;48;6;0;0
53;48;6;0;0
54;48;6;0;0
55;48;6;0;0
56;48;6;0;0
57;48;6;0;0
58;48;6;0;0
59;48;6;0;0
0;49;6;0;0
1;49;6;0;0
2;49;6;0;0
3;49;6;0;0
4;49;6;0;0
5;49;12774;0;0
6;49;15;0;0
7;49;15;0;0
8;49;15;0;0
9;49;15;0;0
10;49;17889;0;0
11;49;27105;0;0
12;49;15;0;0
13;49;10726;0;0
14;49;6;0;0
15;49;6;0;0
16;49;6;0;0
17;49;6;0;0
18;49;6;0;0
19;49;6;0;0
20;49;6;0;0
21;49;2086;0;0
22;49;9254;0;0
23;49;9254;0;0
24;49;9254;0;0
25;49;26662;0;0
26;49;1;0;0
27;49;1;0;0
28;49;10278;0;0
29;49;6;0;0
30;49;6;0;0
31;49;6;0;0
32;49;6;0;0
33;49;6;0;0
34;49;6;0;0
35;49;6;0;0
36;49;6;0;0
37;49;6;0;0
38;49;6;0;0
39;49;6;0;0
40;49;6;0;0
41;49;6;0;0
42;49;6;0;0
43;49;6;0;0
44;49;6;0;0
45;49;6;0;0
46;49;6;0;0
47;49;6;0;0
48;49;6;0;0
49;49;6;0;0
50;49;6;0;0
51;49;6;0;0
52;49;6;0;0
53;49;6;0;0
54;49;6;0;0
55;49;6;0;0
56;49;6;0;0
57;49;6;0;0
58;49;6;0;0
59;49;6;0;0
0;50;6;0;0
1;50;6;0;0
2;50;6;0;0
3;50;6;0;0
4;50;6;0;0
5;50;12774;0;0
6;50;15;0;0
7;50;15;0;0
8;50;26081;0;0
9;50;1505;0;0
10;50;1;0;0
11;50;12769;0;0
12;50;15;0;0
13;50;20966;0;0
14;50;6;0;0
15;50;6;0;0
16;50;6;0;0
17;50;6;0;0
18;50;6;0;0
19;50;6630;0;0
20;50;5606;0;0
21;50;6;0;0
22;50;6;0;0
23;50;6182;0;0
24;50;11302;0;0
25;50;28710;0;0
26;50;1;0;0
27;50;1;0;0
28;50;3110;0;0
29;50;6;0;0
30;50;6;0;0
31;50;6;0;0
32;50;6;0;0
33;50;6;0;0
34;50;6;0;0
35;50;6;0;0
36;50;6;0;0
37;50;6;0;0
38;50;6;0;0
39;50;6;0;0
40;50;6;0;0
41;50;6;0;0
42;50;6;0;0
43;50;6;0;0
44;50;6;0;0
45;50;6;0;0
46;50;6;0;0
47;50;6;0;0
48;50;6;0;0
49;50;6;0;0
50;50;6;0;0
51;50;6;0;0
52;50;6;0;0
53;50;6;0;0
54;50;6;0;0
55;50;6;0;0
56;50;6;0;0
57;50;6;0;0
58;50;6;0;0
59;50;6;0;0
0;51;6;0;0
1;51;6;0;0
2;51;6;0;0
3;51;6;0;0
4;51;6;0;0
5;51;12774;0;0
6;51;15;0;0
7;51;15;0;0
8;51;10721;0;0
9;51;1;0;0
10;51;1;0;0
11;51;7649;0;0
12;51;15;0;0
13;51;15;0;0
14;51;15846;0;0
15;51;6;0;0
16;51;6;0;0
17;51;6;0;0
18;51;16870;0;0
19;51;15;0;0
20;51;15;0;0
21;51;4582;0;0
22;51;6;0;0
23;51;1;0;0
24;51;1;0;0
25;51;1;0;0
26;51;1;0;0
27;51;13350;0;0
28;51;6;0;0
29;51;6;0;0
30;51;6;0;0
31;51;6;0;0
32;51;6;0;0
33;51;6;0;0
34;51;6;0;0
35;51;6;0;0
36;51;6;0;0
37;51;6;0;0
38;51;6;0;0
39;51;6;0;0
40;51;6;0;0
41;51;6;0;0
42;51;6;0;0
43;51;6;0;0
44;51;6;0;0
45;51;6;0;0
46;51;6;0;0
47;51;6;0;0
48;51;6;0;0
49;51;6;0;0
50;51;6;0;0
51;51;6;0;0
52;51;6;0;0
53;51;6;0;0
54;51;6;0;0
55;51;6;0;0
56;51;6;0;0
57;51;6;0;0
58;51;6;0;0
59;51;6;0;0
0;52;6;0;0
1;52;6;0;0
2;52;6;0;0
3;52;6;0;0
4;52;6;0;0
5;52;25062;0;0
6;52;15;0;0
7;52;15;0;0
8;52;28129;0;0
9;52;5601;0;0
10;52;1;0;0
11;52;1;0;0
12;52;24033;0;0
13;52;15;0;0
14;52;15;0;0
15;52;23014;0;0
16;52;11750;0;0
17;52;21990;0;0
18;52;15;0;0
19;52;15;0;0
20;52;15;0;0
21;52;10726;0;0
22;52;6;0;0
23;52;1;0;0
24;52;1;0;0
25;52;25638;0;0
26;52;1062;0;0
27;52;6;0;0
28;52;6;0;0
29;52;6;0;0
30;52;6;0;0
31;52;6;0;0
32;52;6;0;0
33;52;6;0;0
34;52;6;0;0
35;52;6;0;0
36;52;6;0;0
37;52;6;0;0
38;52;6;0;0
39;52;6;0;0
40;52;6;0;0
41;52;6;0;0
42;52;6;0;0
43;52;6;0;0
44;52;6;0;0
45;52;6;0;0
46;52;6;0;0
47;52;6;0;0
48;52;6;0;0
49;52;6;0;0
50;52;6;0;0
51;52;6;0;0
52;52;6;0;0
53;52;6;0;0
54;52;6;0;0
55;52;6;0;0
56;52;6;0;0
57;52;6;0;0
58;52;6;0;0
59;52;6;0;0
0;53;6;0;0
1;53;6;0;0
2;53;6;0;0
3;53;6;0;0
4;53;6;0;0
5;53;15;0;0
6;53;15;0;0
7;53;15;0;0
8;53;15;0;0
9;53;15;0;0
10;53;4577;0;0
11;53;1;0;0
12;53;25057;0;0
13;53;15;0;0
14;53;15;0;0
15;53;15;0;0
16;53;15;0;0
17;53;15;0;0
18;53;15;0;0
19;53;15;0;0
20;53;15;0;0
21;53;10726;0;0
22;53;7206;0;0
23;53;1;0;0
24;53;1;0;0
25;53;3110;0;0
26;53;6;0;0
27;53;6;0;0
28;53;6;0;0
29;53;6;0;0
30;53;6;0;0
31;53;6;0;0
32;53;6;0;0
33;53;6;0;0
34;53;6;0;0
35;53;6;0;0
36;53;6;0;0
37;53;6;0;0
38;53;6;0;0
39;53;6;0;0
40;53;6;0;0
41;53;6;0;0
42;53;6;0;0
43;53;6;0;0
44;53;6;0;0
45;53;6;0;0
46;53;6;0;0
47;53;6;0;0
48;53;6;0;0
49;53;6;0;0
50;53;6;0;0
51;53;6;0;0
52;53;6;0;0
53;53;6;0;0
54;53;6;0;0
55;53;6;0;0
56;53;6;0;0
57;53;6;0;0
58;53;6;0;0
59;53;6;0;0
0;54;6;0;0
1;54;6;0;0
2;54;6;0;0
3;54;6;0;0
4;54;6;0;0
5;54;14822;0;0
6;54;15;0;0
7;54;15;0;0
8;54;15;0;0
9;54;15;0;0
10;54;28129;0;0
11;54;21985;0;0
12;54;15;0;0
13;54;15;0;0
14;54;15;0;0
15;54;15;0;0
16;54;15;0;0
17;54;17894;0;0
18;54;18918;0;0
19;54;15;0;0
20;54;15;0;0
21;54;3558;0;0
22;54;6;0;0
23;54;2086;0;0
24;54;1062;0;0
25;54;6;0;0
26;54;6;0;0
27;54;6;0;0
28;54;6;0;0
29;54;6;0;0
30;54;6;0;0
31;54;6;0;0
32;54;6;0;0
33;54;6;0;0
34;54;6;0;0
35;54;6;0;0
36;54;6;0;0
37;54;6;0;0
38;54;6;0;0
39;54;6;0;0
40;54;6;0;0
41;54;6;0;0
42;54;6;0;0
43;54;6;0;0
44;54;6;0;0
45;54;6;0;0
46;54;6;0;0
47;54;6;0;0
48;54;6;0;0
49;54;6;0;0
50;54;6;0;0
51;54;6;0;0
52;54;6;0;0
53;54;6;0;0
54;54;6;0;0
55;54;6;0;0
56;54;6;0;0
57;54;6;0;0
58;54;6;0;0
59;54;6;0;0
0;55;6;0;0
1;55;6;0;0
2;55;6;0;0
3;55;6;0;0
4;55;6;0;0
5;55;6;0;0
6;55;2534;0;0
7;55;9702;0;0
8;55;18918;0;0
9;55;15;0;0
10;55;15;0;0
11;55;15;0;0
12;55;15;0;0
13;55;17894;0;0
14;55;9702;0;0
15;55;9702;0;0
16;55;1510;0;0
17;55;6;0;0
18;55;6;0;0
19;55;2534;0;0
20;55;1510;0;0
21;55;6;0;0
22;55;6;0;0
23;55;6;0;0
24;55;6;0;0
25;55;6;0;0
26;55;6;0;0
27;55;6;0;0
28;55;6;0;0
29;55;6;0;0
30;55;6;0;0
31;55;6;0;0
32;55;6;0;0
33;55;6;0;0
34;55;6;0;0
35;55;6;0;0
36;55;6;0;0
37;55;6;0;0
38;55;6;0;0
39;55;6;0;0
40;55;6;0;0
41;55;6;0;0
42;55;6;0;0
43;55;6;0;0
44;55;6;0;0
45;55;6;0;0
46;55;6;0;0
47;55;6;0;0
48;55;6;0;0
49;55;6;0;0
50;55;6;0;0
51;55;6;0;0
52;55;6;0;0
53;55;6;0;0
54;55;6;0;0
55;55;6;0;0
56;55;6;0;0
57;55;6;0;0
58;55;6;0;0
59;55;6;0;0
0;56;6;0;0
1;56;6;0;0
2;56;6;0;0
3;56;6;0;0
4;56;6;0;0
5;56;6;0;0
6;56;6;0;0
7;56;6;0;0
8;56;6;0;0
9;56;14822;0;0
10;56;15;0;0
11;56;15;0;0
12;56;13798;0;0
13;56;6;0;0
14;56;6;0;0
15;56;6;0;0
16;56;6;0;0
17;56;6;0;0
18;56;6;0;0
19;56;6;0;0
20;56;6;0;0
21;56;6;0;0
22;56;6;0;0
23;56;6;0;0
24;56;6;0;0
25;56;6;0;0
26;56;6;0;0
27;56;6;0;0
28;56;6;0;0
29;56;6;0;0
30;56;6;0;0
31;56;6;0;0
32;56;6;0;0
33;56;6;0;0
34;56;6;0;0
35;56;6;0;0
36;56;6;0;0
37;56;6;0;0
38;56;6;0;0
39;56;6;0;0
40;56;6;0;0
41;56;6;0;0
42;56;6;0;0
43;56;6;0;0
44;56;6;0;0
45;56;6;0;0
46;56;6;0;0
47;56;6;0;0
48;56;6;0;0
49;56;6;0;0
50;56;6;0;0
51;56;6;0;0
52;56;6;0;0
53;56;6;0;0
54;56;6;0;0
55;56;6;0;0
56;56;6;0;0
57;56;6;0;0
58;56;6;0;0
59;56;6;0;0
0;57;6;0;0
1;57;6;0;0
2;57;6;0;0
3;57;6;0;0
4;57;6;0;0
5;57;6;0;0
6;57;6;0;0
7;57;6;0;0
8;57;6;0;0
9;57;6;0;0
10;57;2534;0;0
11;57;1510;0;0
12;57;6;0;0
13;57;6;0;0
14;57;6;0;0
15;57;6;0;0
16;57;6;0;0
17;57;6;0;0
18;57;6;0;0
19;57;6;0;0
20;57;6;0;0
21;57;6;0;0
22;57;6;0;0
23;57;6;0;0
24;57;6;0;0
25;57;6;0;0
26;57;6;0;0
27;57;6;0;0
28;57;6;0;0
29;57;6;0;0
30;57;6;0;0
31;57;6;0;0
32;57;6;0;0
33;57;6;0;0
34;57;6;0;0
35;57;6;0;0
36;57;6;0;0
37;57;6;0;0
38;57;6;0;0
39;57;6;0;0
40;57;6;0;0
41;57;6;0;0
42;57;6;0;0
43;57;6;0;0
44;57;6;0;0
45;57;6;0;0
46;57;6;0;0
47;57;6;0;0
48;57;6;0;0
49;57;6;0;0
50;57;6;0;0
51;57;6;0;0
52;57;6;0;0
53;57;6;0;0
54;57;6;0;0
55;57;6;0;0
56;57;6;0;0
57;57;6;0;0
58;57;6;0;0
59;57;6;0;0
0;58;6;0;0
1;58;6;0;0
2;58;6;0;0
3;58;6;0;0
4;58;6;0;0
5;58;6;0;0
6;58;6;0;0
7;58;6;0;0
8;58;6;0;0
9;58;6;0;0
10;58;6;0;0
11;58;6;0;0
12;58;6;0;0
13;58;6;0;0
14;58;6;0;0
15;58;6;0;0
16;58;6;0;0
17;58;6;0;0
18;58;6;0;0
19;58;6;0;0
20;58;6;0;0
21;58;6;0;0
22;58;6;0;0
23;58;6;0;0
24;58;6;0;0
25;58;6;0;0
26;58;6;0;0
27;58;6;0;0
28;58;6;0;0
29;58;6;0;0
30;58;6;0;0
31;58;6;0;0
32;58;6;0;0
33;58;6;0;0
34;58;6;0;0
35;58;6;0;0
36;58;6;0;0
37;58;6;0;0
38;58;6;0;0
39;58;6;0;0
40;58;6;0;0
41;58;6;0;0
42;58;6;0;0
43;58;6;0;0
44;58;6;0;0
45;58;6;0;0
46;58;6;0;0
47;58;6;0;0
48;58;6;0;0
49;58;6;0;0
50;58;6;0;0
51;58;6;0;0
52;58;6;0;0
53;58;6;0;0
54;58;6;0;0
55;58;6;0;0
56;58;6;0;0
57;58;6;0;0
58;58;6;0;0
59;58;6;0;0
0;59;6;0;0
1;59;6;0;0
2;59;6;0;0
3;59;6;0;0
4;59;6;0;0
5;59;6;0;0
6;59;6;0;0
7;59;6;0;0
8;59;6;0;0
9;59;6;0;0
10;59;6;0;0
11;59;6;0;0
12;59;6;0;0
13;59;6;0;0
14;59;6;0;0
15;59;6;0;0
16;59;6;0;0
17;59;6;0;0
18;59;6;0;0
19;59;6;0;0
20;59;6;0;0
21;59;6;0;0
22;59;6;0;0
23;59;6;0;0
24;59;6;0;0
25;59;6;0;0
26;59;6;0;0
27;59;6;0;0
28;59;6;0;0
29;59;6;0;0
30;59;6;0;0
31;59;6;0;0
32;59;6;0;0
33;59;6;0;0
34;59;6;0;0
35;59;6;0;0
36;59;6;0;0
37;59;6;0;0
38;59;6;0;0
39;59;6;0;0
40;59;6;0;0
41;59;6;0;0
42;59;6;0;0
43;59;6;0;0
44;59;6;0;0
45;59;6;0;0
46;59;6;0;0
47;59;6;0;0
48;59;6;0;0
49;59;6;0;0
50;59;6;0;0
51;59;6;0;0
52;59;6;0;0
53;59;6;0;0
54;59;6;0;0
55;59;6;0;0
56;59;6;0;0
57;59;6;0;0
58;59;6;0;0
59;59;6;0;0
