8;0;0;623;0;333
9;0;0;287;0;333
9;0;0;287;0;333
19;0;0;287;0;333
20;0;0;287;0;333
21;0;0;287;0;333
22;0;0;287;0;333
23;0;0;287;0;333
24;0;0;287;0;333
25;0;0;287;0;333
26;0;0;287;0;333
27;0;0;287;0;333
28;0;0;287;0;333
29;0;0;287;0;333
30;0;0;287;0;333
31;0;0;287;0;333
32;0;0;287;0;333
33;0;0;287;0;333
34;0;0;287;0;333
35;0;0;287;0;333
36;0;0;287;0;333
37;0;0;287;0;333
38;0;0;287;0;333
39;0;0;287;0;333
40;0;0;287;0;333
41;0;0;287;0;333
42;0;0;287;0;333
43;0;0;287;0;333
44;0;0;287;0;333
45;0;0;287;0;333
46;0;0;287;0;333
47;0;0;287;0;333
48;0;0;287;0;333
49;0;0;287;0;333
50;0;0;287;0;333
51;0;0;287;0;333
52;0;0;287;0;333
53;0;0;287;0;333
54;0;0;287;0;333
55;0;0;3087;0;333
57;0;0;609;0;333
58;0;0;609;0;333
59;0;0;609;0;333
62;0;0;3088;0;333
63;0;0;287;0;333
64;0;0;287;0;333
65;0;0;287;0;333
66;0;0;287;0;333
67;0;0;287;0;333
68;0;0;287;0;333
69;0;0;287;0;333
70;0;0;287;0;333
71;0;0;287;0;333
72;0;0;287;0;333
73;0;0;287;0;333
74;0;0;287;0;333
75;0;0;287;0;333
76;0;0;287;0;333
77;0;0;287;0;333
78;0;0;287;0;333
79;0;0;287;0;333
80;0;0;287;0;333
81;0;0;287;0;333
82;0;0;287;0;333
83;0;0;287;0;333
3;1;0;627;0;333
8;1;0;623;0;333
9;1;0;287;0;333
50;1;0;287;0;333
51;1;0;287;0;333
52;1;0;3085;0;333
53;1;0;3085;0;333
54;1;0;3085;0;333
55;1;0;3085;0;333
56;1;0;677;0;333
57;1;0;612;0;333
58;1;0;612;0;333
59;1;0;612;0;333
59;1;0;3101;0;333
60;1;0;672;0;333
61;1;0;676;0;333
61;1;0;3101;0;333
62;1;0;3088;0;333
63;1;0;287;0;333
83;1;0;287;0;333
3;2;0;623;0;333
4;2;0;287;0;333
5;2;0;287;0;333
6;2;0;623;0;333
7;2;0;287;0;333
8;2;0;287;0;333
9;2;0;287;0;333
50;2;0;287;0;333
51;2;0;3085;0;333
52;2;0;3085;0;333
54;2;0;3092;0;333
55;2;0;3092;0;333
56;2;0;674;0;333
57;2;0;3099;0;333
60;2;0;2832;0;333
61;2;0;675;0;333
61;2;0;2805;0;333
61;2;0;2038;0;333
62;2;0;3088;0;333
63;2;0;287;0;333
83;2;0;287;0;333
3;3;0;629;0;333
4;3;0;630;0;333
5;3;0;287;0;333
6;3;0;287;0;333
7;3;0;287;0;333
45;3;0;287;0;333
46;3;0;287;0;333
47;3;0;287;0;333
48;3;0;287;0;333
49;3;0;287;0;333
50;3;0;287;0;333
51;3;0;3092;0;333
56;3;0;674;0;333
57;3;0;2937;0;333
61;3;0;675;0;333
61;3;0;3095;0;333
62;3;0;3088;0;333
63;3;0;287;0;333
64;3;0;287;0;333
83;3;0;287;0;333
3;4;0;629;0;333
4;4;0;623;0;333
5;4;0;287;0;333
6;4;0;622;0;333
6;4;0;630;0;333
7;4;0;287;0;333
8;4;0;287;0;333
45;4;0;287;0;333
46;4;0;3085;0;333
47;4;0;3085;0;333
48;4;0;3085;0;333
49;4;0;3085;0;333
50;4;0;3085;0;333
51;4;0;3085;0;333
56;4;0;674;0;333
58;4;0;3101;0;333
60;4;0;3099;0;333
61;4;0;675;0;333
61;4;0;498;0;333
62;4;0;3092;0;333
63;4;0;3085;0;333
64;4;0;287;0;333
83;4;0;287;0;333
3;5;0;623;0;333
4;5;0;287;0;333
5;5;0;287;0;333
6;5;0;629;0;333
7;5;0;630;0;333
8;5;0;287;0;333
9;5;0;287;0;333
45;5;0;287;0;333
46;5;0;3087;0;333
56;5;0;674;0;333
60;5;0;3093;0;333
61;5;0;675;0;333
61;5;0;2805;0;333
61;5;0;2038;0;333
63;5;0;3088;0;333
64;5;0;287;0;333
83;5;0;287;0;333
3;6;0;629;0;333
4;6;0;622;0;333
4;6;0;624;0;333
5;6;0;622;0;333
6;6;0;628;0;333
7;6;0;629;0;333
8;6;0;623;0;333
8;6;0;630;0;333
9;6;0;287;0;333
9;6;0;287;0;333
9;6;0;287;0;333
42;6;0;287;0;333
43;6;0;287;0;333
44;6;0;287;0;333
45;6;0;287;0;333
46;6;0;3087;0;333
56;6;0;678;0;333
57;6;0;607;0;333
58;6;0;607;0;333
59;6;0;607;0;333
60;6;0;673;0;333
61;6;0;679;0;333
63;6;0;3088;0;333
63;6;0;625;0;333
64;6;0;287;0;333
83;6;0;287;0;333
8;7;0;623;0;333
9;7;0;287;0;333
42;7;0;287;0;333
43;7;0;3085;0;333
44;7;0;3085;0;333
45;7;0;3085;0;333
46;7;0;3085;0;333
57;7;0;609;0;333
58;7;0;609;0;333
59;7;0;609;0;333
59;7;0;3101;0;333
63;7;0;3088;0;333
64;7;0;287;0;333
80;7;0;287;0;333
81;7;0;287;0;333
82;7;0;287;0;333
83;7;0;287;0;333
8;8;0;596;0;333
9;8;0;287;0;333
42;8;0;287;0;333
43;8;0;3087;0;333
57;8;0;609;0;333
57;8;0;3101;0;333
58;8;0;609;0;333
59;8;0;609;0;333
63;8;0;3088;0;333
64;8;0;287;0;333
75;8;0;287;0;333
76;8;0;287;0;333
77;8;0;287;0;333
78;8;0;287;0;333
79;8;0;287;0;333
80;8;0;622;0;333
81;8;0;622;0;333
82;8;0;622;0;333
83;8;0;622;0;333
8;9;0;596;0;333
9;9;0;287;0;333
42;9;0;287;0;333
43;9;0;3087;0;333
57;9;0;609;0;333
57;9;0;2937;0;333
58;9;0;609;0;333
59;9;0;609;0;333
63;9;0;3088;0;333
64;9;0;287;0;333
74;9;0;287;0;333
75;9;0;622;0;333
76;9;0;622;0;333
77;9;0;622;0;333
77;9;0;624;0;333
78;9;0;622;0;333
79;9;0;622;0;333
80;9;0;628;0;333
8;10;0;623;0;333
9;10;0;287;0;333
42;10;0;287;0;333
43;10;0;3087;0;333
57;10;0;609;0;333
58;10;0;609;0;333
59;10;0;610;0;333
63;10;0;3088;0;333
64;10;0;287;0;333
70;10;0;287;0;333
71;10;0;287;0;333
72;10;0;287;0;333
73;10;0;287;0;333
74;10;0;287;0;333
75;10;0;628;0;333
6;11;0;627;0;333
7;11;0;629;0;333
7;11;0;629;0;333
8;11;0;623;0;333
9;11;0;287;0;333
42;11;0;287;0;333
43;11;0;3087;0;333
57;11;0;609;0;333
58;11;0;609;0;333
59;11;0;611;0;333
63;11;0;3088;0;333
64;11;0;287;0;333
70;11;0;622;0;333
71;11;0;622;0;333
72;11;0;622;0;333
73;11;0;622;0;333
74;11;0;622;0;333
75;11;0;628;0;333
6;12;0;623;0;333
7;12;0;287;0;333
42;12;0;287;0;333
43;12;0;3087;0;333
57;12;0;609;0;333
58;12;0;405;0;333
58;12;0;609;0;333
59;12;0;609;0;333
59;12;0;3101;0;333
63;12;0;3088;0;333
64;12;0;287;0;333
65;12;0;287;0;333
66;12;0;287;0;333
67;12;0;287;0;333
68;12;0;287;0;333
69;12;0;287;0;333
70;12;0;628;0;333
6;13;0;623;0;333
7;13;0;287;0;333
40;13;0;287;0;333
41;13;0;287;0;333
42;13;0;287;0;333
43;13;0;3087;0;333
57;13;0;609;0;333
58;13;0;610;0;333
59;13;0;609;0;333
63;13;0;3088;0;333
64;13;0;287;0;333
65;13;0;287;0;333
66;13;0;287;0;333
66;13;0;287;0;333
66;13;0;287;0;333
67;13;0;287;0;333
67;13;0;287;0;333
68;13;0;287;0;333
69;13;0;622;0;333
70;13;0;628;0;333
6;14;0;623;0;333
6;14;0;625;0;333
7;14;0;287;0;333
40;14;0;287;0;333
41;14;0;3085;0;333
42;14;0;3085;0;333
43;14;0;3092;0;333
57;14;0;609;0;333
58;14;0;611;0;333
59;14;0;609;0;333
63;14;0;3088;0;333
64;14;0;287;0;333
65;14;0;622;0;333
66;14;0;622;0;333
67;14;0;622;0;333
68;14;0;622;0;333
69;14;0;628;0;333
6;15;0;623;0;333
7;15;0;287;0;333
40;15;0;287;0;333
41;15;0;3087;0;333
57;15;0;609;0;333
57;15;0;3101;0;333
58;15;0;609;0;333
59;15;0;609;0;333
63;15;0;3088;0;333
64;15;0;287;0;333
6;16;0;623;0;333
7;16;0;287;0;333
40;16;0;287;0;333
41;16;0;3087;0;333
58;16;0;609;0;333
59;16;0;609;0;333
63;16;0;3088;0;333
64;16;0;287;0;333
6;17;0;623;0;333
7;17;0;287;0;333
8;17;0;287;0;333
9;17;0;287;0;333
10;17;0;287;0;333
11;17;0;287;0;333
12;17;0;287;0;333
13;17;0;287;0;333
40;17;0;287;0;333
41;17;0;3087;0;333
58;17;0;609;0;333
59;17;0;609;0;333
63;17;0;3088;0;333
64;17;0;287;0;333
6;18;0;629;0;333
7;18;0;622;0;333
8;18;0;622;0;333
9;18;0;622;0;333
10;18;0;622;0;333
11;18;0;622;0;333
12;18;0;630;0;333
13;18;0;287;0;333
38;18;0;287;0;333
39;18;0;287;0;333
40;18;0;287;0;333
41;18;0;3087;0;333
58;18;0;609;0;333
59;18;0;609;0;333
63;18;0;3088;0;333
63;18;0;625;0;333
63;18;0;3095;0;333
63;18;0;2937;0;333
64;18;0;287;0;333
12;19;0;623;0;333
13;19;0;287;0;333
38;19;0;287;0;333
38;19;0;287;0;333
39;19;0;287;0;333
40;19;0;3085;0;333
41;19;0;3085;0;333
57;19;0;611;0;333
58;19;0;609;0;333
58;19;0;2937;0;333
59;19;0;609;0;333
63;19;0;3088;0;333
64;19;0;287;0;333
12;20;0;623;0;333
13;20;0;287;0;333
38;20;0;287;0;333
38;20;0;287;0;333
39;20;0;287;0;333
40;20;0;3087;0;333
57;20;0;609;0;333
58;20;0;405;0;333
58;20;0;609;0;333
59;20;0;609;0;333
63;20;0;3088;0;333
64;20;0;287;0;333
12;21;0;623;0;333
13;21;0;287;0;333
38;21;0;287;0;333
39;21;0;287;0;333
40;21;0;3087;0;333
57;21;0;609;0;333
58;21;0;609;0;333
59;21;0;609;0;333
59;21;0;3101;0;333
63;21;0;3088;0;333
64;21;0;287;0;333
12;22;0;623;0;333
13;22;0;287;0;333
14;22;0;287;0;333
15;22;0;287;0;333
16;22;0;287;0;333
17;22;0;287;0;333
39;22;0;287;0;333
40;22;0;3087;0;333
41;22;0;3087;0;333
57;22;0;609;0;333
58;22;0;609;0;333
59;22;0;610;0;333
63;22;0;3088;0;333
64;22;0;287;0;333
65;22;0;287;0;333
81;22;0;627;0;333
12;23;0;623;0;333
13;23;0;287;0;333
14;23;0;622;0;333
15;23;0;622;0;333
16;23;0;622;0;333
17;23;0;630;0;333
18;23;0;287;0;333
39;23;0;287;0;333
40;23;0;287;0;333
41;23;0;3087;0;333
57;23;0;609;0;333
58;23;0;609;0;333
59;23;0;611;0;333
63;23;0;3088;0;333
64;23;0;287;0;333
65;23;0;287;0;333
65;23;0;287;0;333
81;23;0;623;0;333
82;23;0;287;0;333
12;24;0;629;0;333
13;24;0;622;0;333
14;24;0;628;0;333
14;24;0;624;0;333
17;24;0;623;0;333
18;24;0;287;0;333
40;24;0;287;0;333
41;24;0;3087;0;333
42;24;0;3086;0;333
43;24;0;3087;0;333
57;24;0;609;0;333
58;24;0;610;0;333
59;24;0;609;0;333
63;24;0;3092;0;333
64;24;0;3085;0;333
65;24;0;287;0;333
65;24;0;287;0;333
81;24;0;623;0;333
82;24;0;287;0;333
17;25;0;623;0;333
18;25;0;287;0;333
19;25;0;287;0;333
20;25;0;287;0;333
21;25;0;287;0;333
40;25;0;287;0;333
41;25;0;287;0;333
42;25;0;287;0;333
43;25;0;3087;0;333
57;25;0;609;0;333
59;25;0;609;0;333
64;25;0;3088;0;333
64;25;0;3096;0;333
65;25;0;287;0;333
65;25;0;287;0;333
81;25;0;623;0;333
81;25;0;625;0;333
82;25;0;287;0;333
83;25;0;287;0;333
84;25;0;287;0;333
85;25;0;287;0;333
86;25;0;287;0;333
87;25;0;287;0;333
88;25;0;287;0;333
89;25;0;287;0;333
90;25;0;287;0;333
17;26;0;629;0;333
18;26;0;622;0;333
18;26;0;624;0;333
19;26;0;622;0;333
20;26;0;622;0;333
21;26;0;287;0;333
21;26;0;630;0;333
22;26;0;287;0;333
23;26;0;287;0;333
41;26;0;287;0;333
42;26;0;287;0;333
43;26;0;3087;0;333
57;26;0;609;0;333
59;26;0;609;0;333
64;26;0;3088;0;333
64;26;0;625;0;333
64;26;0;3095;0;333
65;26;0;287;0;333
81;26;0;629;0;333
82;26;0;622;0;333
83;26;0;622;0;333
84;26;0;622;0;333
85;26;0;622;0;333
86;26;0;622;0;333
87;26;0;622;0;333
88;26;0;622;0;333
89;26;0;630;0;333
90;26;0;287;0;333
16;27;0;1246;0;333
20;27;0;629;0;333
21;27;0;622;0;333
22;27;0;630;0;333
23;27;0;287;0;333
41;27;0;287;0;333
42;27;0;287;0;333
43;27;0;3087;0;333
57;27;0;609;0;333
58;27;0;611;0;333
59;27;0;609;0;333
64;27;0;3088;0;333
65;27;0;287;0;333
89;27;0;623;0;333
90;27;0;287;0;333
18;28;0;1783;0;333
20;28;0;1245;0;333
21;28;0;386;0;333
22;28;0;623;0;333
23;28;0;287;0;333
41;28;0;287;0;333
42;28;0;287;0;333
43;28;0;3087;0;333
57;28;0;609;0;333
58;28;0;609;0;333
59;28;0;609;0;333
64;28;0;3088;0;333
65;28;0;287;0;333
89;28;0;623;0;333
90;28;0;287;0;333
17;29;0;273;0;333
19;29;0;301;0;333
20;29;0;301;0;333
21;29;0;623;0;333
22;29;0;287;0;333
23;29;0;287;0;333
41;29;0;287;0;333
42;29;0;287;0;333
43;29;0;3087;0;333
57;29;0;609;0;333
57;29;0;3101;0;333
58;29;0;609;0;333
58;29;0;2937;0;333
59;29;0;609;0;333
64;29;0;3088;0;333
65;29;0;287;0;333
89;29;0;623;0;333
90;29;0;287;0;333
16;30;0;580;0;333
18;30;0;301;0;333
19;30;0;627;0;333
20;30;0;623;0;333
21;30;0;287;0;333
22;30;0;287;0;333
41;30;0;287;0;333
42;30;0;287;0;333
43;30;0;3087;0;333
44;30;0;3086;0;333
45;30;0;3087;0;333
57;30;0;610;0;333
58;30;0;609;0;333
59;30;0;609;0;333
64;30;0;3088;0;333
65;30;0;287;0;333
89;30;0;623;0;333
90;30;0;287;0;333
19;31;0;623;0;333
20;31;0;287;0;333
21;31;0;287;0;333
41;31;0;287;0;333
42;31;0;287;0;333
43;31;0;287;0;333
44;31;0;287;0;333
45;31;0;3087;0;333
57;31;0;611;0;333
58;31;0;609;0;333
59;31;0;609;0;333
64;31;0;3088;0;333
65;31;0;287;0;333
89;31;0;623;0;333
90;31;0;287;0;333
18;32;0;627;0;333
19;32;0;623;0;333
20;32;0;287;0;333
44;32;0;287;0;333
45;32;0;3087;0;333
57;32;0;609;0;333
58;32;0;405;0;333
58;32;0;609;0;333
59;32;0;609;0;333
63;32;0;3092;0;333
64;32;0;3088;0;333
65;32;0;287;0;333
89;32;0;623;0;333
90;32;0;287;0;333
18;33;0;1254;0;333
19;33;0;623;0;333
20;33;0;287;0;333
21;33;0;287;0;333
44;33;0;287;0;333
45;33;0;3087;0;333
57;33;0;609;0;333
58;33;0;609;0;333
59;33;0;609;0;333
63;33;0;3088;0;333
64;33;0;287;0;333
65;33;0;287;0;333
88;33;0;287;0;333
89;33;0;287;0;333
90;33;0;287;0;333
17;34;0;1246;0;333
19;34;0;629;0;333
20;34;0;622;0;333
21;34;0;287;0;333
21;34;0;630;0;333
22;34;0;287;0;333
44;34;0;287;0;333
45;34;0;3087;0;333
57;34;0;609;0;333
58;34;0;609;0;333
58;34;0;3101;0;333
59;34;0;609;0;333
63;34;0;3088;0;333
64;34;0;287;0;333
85;34;0;627;0;333
88;34;0;287;0;333
89;34;0;622;0;333
90;34;0;622;0;333
19;35;0;301;0;333
20;35;0;301;0;333
21;35;0;629;0;333
22;35;0;287;0;333
22;35;0;630;0;333
23;35;0;287;0;333
44;35;0;287;0;333
45;35;0;3087;0;333
46;35;0;3086;0;333
47;35;0;3086;0;333
48;35;0;3086;0;333
57;35;0;609;0;333
58;35;0;609;0;333
59;35;0;609;0;333
63;35;0;3088;0;333
64;35;0;287;0;333
65;35;0;287;0;333
66;35;0;287;0;333
85;35;0;623;0;333
86;35;0;287;0;333
87;35;0;287;0;333
88;35;0;622;0;333
20;36;0;274;0;333
21;36;0;386;0;333
22;36;0;623;0;333
22;36;0;625;0;333
23;36;0;287;0;333
44;36;0;287;0;333
44;36;0;287;0;333
45;36;0;287;0;333
46;36;0;287;0;333
47;36;0;287;0;333
48;36;0;3087;0;333
57;36;0;609;0;333
57;36;0;2937;0;333
58;36;0;609;0;333
59;36;0;609;0;333
63;36;0;3085;0;333
63;36;0;3092;0;333
64;36;0;3085;0;333
65;36;0;3085;0;333
66;36;0;287;0;333
85;36;0;623;0;333
86;36;0;287;0;333
87;36;0;622;0;333
0;37;0;504;0;333
17;37;0;585;0;333
19;37;0;1782;0;333
22;37;0;629;0;333
23;37;0;287;0;333
23;37;0;630;0;333
24;37;0;287;0;333
47;37;0;287;0;333
48;37;0;3087;0;333
57;37;0;609;0;333
58;37;0;609;0;333
59;37;0;610;0;333
65;37;0;3088;0;333
66;37;0;287;0;333
85;37;0;623;0;333
86;37;0;287;0;333
20;38;0;1783;0;333
22;38;0;1783;0;333
23;38;0;623;0;333
24;38;0;287;0;333
47;38;0;287;0;333
48;38;0;3087;0;333
57;38;0;609;0;333
61;38;0;3092;0;333
62;38;0;3086;0;333
63;38;0;3086;0;333
64;38;0;3086;0;333
65;38;0;3088;0;333
66;38;0;287;0;333
85;38;0;623;0;333
86;38;0;287;0;333
19;39;0;1245;0;333
22;39;0;627;0;333
23;39;0;623;0;333
24;39;0;287;0;333
47;39;0;287;0;333
48;39;0;3087;0;333
49;39;0;3086;0;333
57;39;0;609;0;333
58;39;0;609;0;333
61;39;0;3088;0;333
62;39;0;287;0;333
63;39;0;287;0;333
64;39;0;287;0;333
65;39;0;287;0;333
66;39;0;287;0;333
85;39;0;623;0;333
86;39;0;287;0;333
22;40;0;627;0;333
23;40;0;623;0;333
24;40;0;287;0;333
47;40;0;287;0;333
48;40;0;287;0;333
49;40;0;3087;0;333
57;40;0;609;0;333
58;40;0;405;0;333
58;40;0;609;0;333
61;40;0;3088;0;333
62;40;0;287;0;333
85;40;0;623;0;333
86;40;0;287;0;333
22;41;0;623;0;333
23;41;0;287;0;333
24;41;0;287;0;333
48;41;0;287;0;333
49;41;0;3087;0;333
57;41;0;609;0;333
58;41;0;609;0;333
59;41;0;611;0;333
61;41;0;3088;0;333
61;41;0;625;0;333
61;41;0;2937;0;333
62;41;0;287;0;333
85;41;0;623;0;333
86;41;0;287;0;333
117;41;0;273;0;333
0;42;0;503;0;333
1;42;0;500;0;333
1;42;0;501;0;333
21;42;0;627;0;333
22;42;0;623;0;333
23;42;0;287;0;333
48;42;0;287;0;333
49;42;0;3087;0;333
57;42;0;609;0;333
58;42;0;609;0;333
59;42;0;609;0;333
59;42;0;3101;0;333
61;42;0;3088;0;333
62;42;0;287;0;333
85;42;0;623;0;333
86;42;0;287;0;333
86;42;0;622;0;333
87;42;0;287;0;333
87;42;0;622;0;333
88;42;0;287;0;333
88;42;0;622;0;333
89;42;0;287;0;333
90;42;0;287;0;333
1;43;0;503;0;333
2;43;0;500;0;333
3;43;0;500;0;333
10;43;0;433;0;333
21;43;0;623;0;333
22;43;0;287;0;333
23;43;0;287;0;333
48;43;0;287;0;333
49;43;0;3087;0;333
57;43;0;609;0;333
58;43;0;609;0;333
59;43;0;609;0;333
61;43;0;3088;0;333
62;43;0;287;0;333
85;43;0;629;0;333
86;43;0;622;0;333
87;43;0;622;0;333
88;43;0;622;0;333
89;43;0;630;0;333
90;43;0;287;0;333
5;44;0;503;0;333
8;44;0;500;0;333
9;44;0;500;0;333
10;44;0;500;0;333
10;44;0;433;0;333
21;44;0;623;0;333
22;44;0;287;0;333
48;44;0;287;0;333
49;44;0;287;0;333
50;44;0;287;0;333
51;44;0;287;0;333
52;44;0;287;0;333
53;44;0;287;0;333
57;44;0;609;0;333
58;44;0;609;0;333
59;44;0;609;0;333
61;44;0;3088;0;333
62;44;0;287;0;333
89;44;0;623;0;333
90;44;0;287;0;333
20;45;0;627;0;333
21;45;0;623;0;333
22;45;0;287;0;333
48;45;0;287;0;333
49;45;0;3085;0;333
53;45;0;3092;0;333
54;45;0;3085;0;333
54;45;0;3092;0;333
55;45;0;3085;0;333
56;45;0;3087;0;333
57;45;0;610;0;333
58;45;0;609;0;333
59;45;0;610;0;333
60;45;0;3088;0;333
61;45;0;287;0;333
62;45;0;287;0;333
89;45;0;623;0;333
90;45;0;287;0;333
20;46;0;623;0;333
21;46;0;287;0;333
48;46;0;287;0;333
49;46;0;3087;0;333
55;46;0;3085;0;333
56;46;0;3085;0;333
57;46;0;3092;0;333
58;46;0;610;0;333
59;46;0;3092;0;333
60;46;0;3092;0;333
61;46;0;3085;0;333
62;46;0;287;0;333
89;46;0;623;0;333
90;46;0;287;0;333
20;47;0;623;0;333
21;47;0;287;0;333
48;47;0;287;0;333
49;47;0;3087;0;333
57;47;0;2805;0;333
57;47;0;12;0;333
59;47;0;2805;0;333
59;47;0;12;0;333
61;47;0;3092;0;333
62;47;0;287;0;333
63;47;0;287;0;333
64;47;0;287;0;333
89;47;0;623;0;333
90;47;0;287;0;333
20;48;0;623;0;333
21;48;0;287;0;333
48;48;0;287;0;333
49;48;0;3087;0;333
61;48;0;3092;0;333
62;48;0;3085;0;333
63;48;0;3088;0;333
64;48;0;287;0;333
89;48;0;623;0;333
90;48;0;287;0;333
20;49;0;623;0;333
21;49;0;287;0;333
48;49;0;287;0;333
49;49;0;3087;0;333
63;49;0;3088;0;333
64;49;0;287;0;333
89;49;0;623;0;333
90;49;0;287;0;333
20;50;0;623;0;333
20;50;0;625;0;333
21;50;0;287;0;333
48;50;0;287;0;333
49;50;0;287;0;333
50;50;0;3087;0;333
63;50;0;3088;0;333
64;50;0;287;0;333
89;50;0;623;0;333
90;50;0;287;0;333
20;51;0;623;0;333
21;51;0;287;0;333
49;51;0;287;0;333
50;51;0;3087;0;333
63;51;0;3088;0;333
64;51;0;287;0;333
89;51;0;623;0;333
90;51;0;287;0;333
20;52;0;623;0;333
21;52;0;287;0;333
49;52;0;287;0;333
50;52;0;3087;0;333
58;52;0;611;0;333
63;52;0;3088;0;333
64;52;0;287;0;333
89;52;0;623;0;333
90;52;0;287;0;333
20;53;0;623;0;333
21;53;0;287;0;333
46;53;0;287;0;333
47;53;0;287;0;333
48;53;0;287;0;333
49;53;0;287;0;333
50;53;0;3087;0;333
58;53;0;609;0;333
60;53;0;3092;0;333
61;53;0;3086;0;333
62;53;0;3086;0;333
63;53;0;3088;0;333
64;53;0;287;0;333
89;53;0;623;0;333
90;53;0;287;0;333
17;54;0;627;0;333
20;54;0;623;0;333
21;54;0;287;0;333
46;54;0;287;0;333
47;54;0;3085;0;333
48;54;0;3085;0;333
49;54;0;3085;0;333
49;54;0;3085;0;333
50;54;0;3085;0;333
58;54;0;609;0;333
60;54;0;3088;0;333
61;54;0;287;0;333
63;54;0;287;0;333
64;54;0;287;0;333
89;54;0;623;0;333
90;54;0;287;0;333
16;55;0;627;0;333
17;55;0;287;0;333
18;55;0;287;0;333
19;55;0;287;0;333
20;55;0;287;0;333
21;55;0;287;0;333
46;55;0;287;0;333
47;55;0;3087;0;333
58;55;0;609;0;333
60;55;0;3088;0;333
61;55;0;287;0;333
89;55;0;623;0;333
90;55;0;287;0;333
16;56;0;623;0;333
17;56;0;287;0;333
46;56;0;287;0;333
47;56;0;3087;0;333
58;56;0;609;0;333
60;56;0;3088;0;333
61;56;0;287;0;333
89;56;0;623;0;333
90;56;0;287;0;333
16;57;0;623;0;333
17;57;0;287;0;333
45;57;0;287;0;333
46;57;0;287;0;333
47;57;0;3087;0;333
58;57;0;609;0;333
60;57;0;3088;0;333
61;57;0;287;0;333
89;57;0;623;0;333
90;57;0;287;0;333
16;58;0;623;0;333
16;58;0;625;0;333
17;58;0;287;0;333
45;58;0;287;0;333
46;58;0;3085;0;333
57;58;0;611;0;333
58;58;0;609;0;333
59;58;0;611;0;333
60;58;0;3088;0;333
61;58;0;287;0;333
89;58;0;623;0;333
90;58;0;287;0;333
16;59;0;623;0;333
17;59;0;287;0;333
31;59;0;287;0;333
32;59;0;287;0;333
33;59;0;287;0;333
34;59;0;287;0;333
35;59;0;287;0;333
36;59;0;287;0;333
37;59;0;287;0;333
38;59;0;287;0;333
45;59;0;287;0;333
46;59;0;3087;0;333
57;59;0;609;0;333
58;59;0;609;0;333
59;59;0;609;0;333
60;59;0;3088;0;333
61;59;0;287;0;333
89;59;0;623;0;333
90;59;0;287;0;333
16;60;0;623;0;333
17;60;0;287;0;333
30;60;0;287;0;333
31;60;0;622;0;333
32;60;0;622;0;333
33;60;0;622;0;333
34;60;0;622;0;333
34;60;0;624;0;333
35;60;0;622;0;333
36;60;0;622;0;333
37;60;0;630;0;333
38;60;0;287;0;333
45;60;0;287;0;333
46;60;0;3087;0;333
57;60;0;609;0;333
58;60;0;609;0;333
59;60;0;609;0;333
60;60;0;3088;0;333
61;60;0;287;0;333
89;60;0;623;0;333
90;60;0;287;0;333
16;61;0;623;0;333
17;61;0;287;0;333
29;61;0;287;0;333
30;61;0;287;0;333
31;61;0;628;0;333
37;61;0;623;0;333
38;61;0;287;0;333
44;61;0;287;0;333
45;61;0;287;0;333
46;61;0;3087;0;333
57;61;0;609;0;333
58;61;0;405;0;333
58;61;0;609;0;333
59;61;0;609;0;333
60;61;0;3088;0;333
61;61;0;287;0;333
62;61;0;287;0;333
63;61;0;287;0;333
89;61;0;623;0;333
90;61;0;287;0;333
16;62;0;623;0;333
17;62;0;287;0;333
27;62;0;287;0;333
28;62;0;287;0;333
29;62;0;622;0;333
30;62;0;622;0;333
31;62;0;628;0;333
37;62;0;623;0;333
38;62;0;287;0;333
44;62;0;287;0;333
45;62;0;3085;0;333
46;62;0;3085;0;333
57;62;0;609;0;333
58;62;0;609;0;333
59;62;0;609;0;333
60;62;0;3092;0;333
61;62;0;3085;0;333
62;62;0;3092;0;333
63;62;0;287;0;333
89;62;0;623;0;333
90;62;0;287;0;333
16;63;0;629;0;333
17;63;0;630;0;333
18;63;0;287;0;333
27;63;0;287;0;333
28;63;0;622;0;333
29;63;0;628;0;333
37;63;0;623;0;333
38;63;0;287;0;333
44;63;0;287;0;333
45;63;0;3087;0;333
57;63;0;609;0;333
58;63;0;609;0;333
59;63;0;609;0;333
62;63;0;3088;0;333
63;63;0;287;0;333
89;63;0;623;0;333
90;63;0;287;0;333
17;64;0;623;0;333
18;64;0;287;0;333
24;64;0;287;0;333
25;64;0;287;0;333
26;64;0;287;0;333
27;64;0;287;0;333
36;64;0;627;0;333
37;64;0;623;0;333
38;64;0;287;0;333
44;64;0;287;0;333
45;64;0;3087;0;333
57;64;0;610;0;333
58;64;0;609;0;333
59;64;0;609;0;333
62;64;0;3088;0;333
63;64;0;287;0;333
64;64;0;287;0;333
89;64;0;623;0;333
90;64;0;287;0;333
17;65;0;623;0;333
18;65;0;287;0;333
19;65;0;287;0;333
20;65;0;287;0;333
21;65;0;287;0;333
22;65;0;287;0;333
23;65;0;287;0;333
24;65;0;622;0;333
25;65;0;622;0;333
26;65;0;622;0;333
26;65;0;624;0;333
27;65;0;622;0;333
28;65;0;628;0;333
35;65;0;627;0;333
36;65;0;623;0;333
37;65;0;287;0;333
44;65;0;287;0;333
45;65;0;287;0;333
46;65;0;3087;0;333
58;65;0;609;0;333
59;65;0;609;0;333
62;65;0;3092;0;333
63;65;0;3092;0;333
64;65;0;287;0;333
89;65;0;623;0;333
90;65;0;287;0;333
111;65;0;623;0;333
112;65;0;287;0;333
113;65;0;287;0;333
114;65;0;287;0;333
115;65;0;287;0;333
17;66;0;623;0;333
17;66;0;625;0;333
18;66;0;287;0;333
19;66;0;622;0;333
20;66;0;622;0;333
21;66;0;622;0;333
21;66;0;624;0;333
22;66;0;622;0;333
23;66;0;622;0;333
24;66;0;628;0;333
34;66;0;627;0;333
35;66;0;623;0;333
36;66;0;287;0;333
45;66;0;287;0;333
46;66;0;3087;0;333
58;66;0;609;0;333
59;66;0;609;0;333
63;66;0;3088;0;333
64;66;0;287;0;333
89;66;0;623;0;333
90;66;0;287;0;333
111;66;0;623;0;333
112;66;0;287;0;333
113;66;0;287;0;333
114;66;0;287;0;333
115;66;0;287;0;333
115;66;0;287;0;333
116;66;0;287;0;333
117;66;0;287;0;333
118;66;0;287;0;333
119;66;0;287;0;333
120;66;0;287;0;333
121;66;0;287;0;333
17;67;0;623;0;333
18;67;0;287;0;333
33;67;0;627;0;333
34;67;0;623;0;333
35;67;0;287;0;333
45;67;0;287;0;333
46;67;0;3087;0;333
58;67;0;609;0;333
59;67;0;609;0;333
63;67;0;3088;0;333
64;67;0;287;0;333
89;67;0;623;0;333
90;67;0;287;0;333
91;67;0;287;0;333
104;67;0;287;0;333
105;67;0;287;0;333
106;67;0;287;0;333
107;67;0;287;0;333
108;67;0;287;0;333
111;67;0;629;0;333
112;67;0;622;0;333
113;67;0;622;0;333
114;67;0;630;0;333
115;67;0;287;0;333
115;67;0;287;0;333
115;67;0;287;0;333
116;67;0;287;0;333
117;67;0;287;0;333
118;67;0;287;0;333
119;67;0;287;0;333
120;67;0;287;0;333
121;67;0;287;0;333
17;68;0;623;0;333
18;68;0;287;0;333
33;68;0;623;0;333
34;68;0;287;0;333
45;68;0;287;0;333
46;68;0;3087;0;333
58;68;0;405;0;333
58;68;0;609;0;333
59;68;0;609;0;333
61;68;0;3100;0;333
63;68;0;3088;0;333
64;68;0;287;0;333
89;68;0;629;0;333
90;68;0;630;0;333
91;68;0;287;0;333
92;68;0;287;0;333
93;68;0;287;0;333
94;68;0;287;0;333
95;68;0;287;0;333
96;68;0;287;0;333
97;68;0;287;0;333
98;68;0;287;0;333
99;68;0;287;0;333
100;68;0;287;0;333
100;68;0;287;0;333
101;68;0;287;0;333
101;68;0;287;0;333
102;68;0;287;0;333
102;68;0;287;0;333
103;68;0;287;0;333
103;68;0;287;0;333
104;68;0;287;0;333
105;68;0;622;0;333
106;68;0;622;0;333
107;68;0;622;0;333
108;68;0;622;0;333
114;68;0;623;0;333
115;68;0;287;0;333
120;68;0;287;0;333
121;68;0;287;0;333
16;69;0;623;0;333
17;69;0;287;0;333
18;69;0;287;0;333
32;69;0;627;0;333
33;69;0;623;0;333
34;69;0;287;0;333
45;69;0;287;0;333
46;69;0;3087;0;333
58;69;0;609;0;333
59;69;0;609;0;333
61;69;0;3092;0;333
62;69;0;3092;0;333
63;69;0;3088;0;333
64;69;0;287;0;333
89;69;0;629;0;333
90;69;0;622;0;333
91;69;0;622;0;333
92;69;0;622;0;333
93;69;0;622;0;333
94;69;0;622;0;333
95;69;0;622;0;333
96;69;0;622;0;333
97;69;0;622;0;333
98;69;0;622;0;333
98;69;0;287;0;333
99;69;0;287;0;333
100;69;0;287;0;333
101;69;0;287;0;333
102;69;0;287;0;333
103;69;0;287;0;333
104;69;0;287;0;333
105;69;0;628;0;333
114;69;0;623;0;333
114;69;0;625;0;333
115;69;0;287;0;333
120;69;0;287;0;333
121;69;0;287;0;333
16;70;0;629;0;333
17;70;0;622;0;333
18;70;0;622;0;333
19;70;0;628;0;333
32;70;0;623;0;333
33;70;0;287;0;333
44;70;0;287;0;333
45;70;0;287;0;333
46;70;0;3092;0;333
58;70;0;609;0;333
59;70;0;609;0;333
61;70;0;3088;0;333
62;70;0;3088;0;333
63;70;0;287;0;333
64;70;0;287;0;333
97;70;0;287;0;333
98;70;0;287;0;333
98;70;0;287;0;333
99;70;0;622;0;333
100;70;0;622;0;333
101;70;0;622;0;333
102;70;0;622;0;333
102;70;0;624;0;333
103;70;0;622;0;333
104;70;0;622;0;333
114;70;0;623;0;333
115;70;0;287;0;333
120;70;0;287;0;333
121;70;0;287;0;333
122;70;0;287;0;333
123;70;0;287;0;333
124;70;0;287;0;333
125;70;0;287;0;333
126;70;0;287;0;333
127;70;0;287;0;333
128;70;0;287;0;333
129;70;0;287;0;333
16;71;0;627;0;333
17;71;0;626;0;333
32;71;0;623;0;333
33;71;0;287;0;333
44;71;0;287;0;333
45;71;0;3087;0;333
58;71;0;609;0;333
59;71;0;610;0;333
61;71;0;3088;0;333
62;71;0;3088;0;333
63;71;0;287;0;333
64;71;0;287;0;333
94;71;0;287;0;333
95;71;0;287;0;333
96;71;0;287;0;333
97;71;0;287;0;333
98;71;0;287;0;333
98;71;0;287;0;333
114;71;0;623;0;333
115;71;0;287;0;333
120;71;0;287;0;333
121;71;0;287;0;333
122;71;0;287;0;333
123;71;0;287;0;333
124;71;0;287;0;333
125;71;0;287;0;333
126;71;0;287;0;333
127;71;0;287;0;333
128;71;0;287;0;333
129;71;0;287;0;333
15;72;0;627;0;333
16;72;0;629;0;333
17;72;0;628;0;333
32;72;0;623;0;333
33;72;0;287;0;333
44;72;0;287;0;333
45;72;0;3087;0;333
57;72;0;611;0;333
58;72;0;609;0;333
61;72;0;3088;0;333
62;72;0;3088;0;333
63;72;0;287;0;333
64;72;0;287;0;333
94;72;0;287;0;333
95;72;0;622;0;333
96;72;0;622;0;333
97;72;0;622;0;333
98;72;0;622;0;333
114;72;0;623;0;333
115;72;0;287;0;333
128;72;0;287;0;333
129;72;0;287;0;333
130;72;0;287;0;333
131;72;0;287;0;333
13;73;0;627;0;333
14;73;0;627;0;333
15;73;0;629;0;333
16;73;0;628;0;333
32;73;0;623;0;333
33;73;0;287;0;333
44;73;0;287;0;333
45;73;0;3087;0;333
57;73;0;609;0;333
58;73;0;609;0;333
59;73;0;611;0;333
61;73;0;3092;0;333
62;73;0;3092;0;333
63;73;0;287;0;333
64;73;0;287;0;333
94;73;0;287;0;333
114;73;0;623;0;333
115;73;0;287;0;333
128;73;0;287;0;333
129;73;0;287;0;333
130;73;0;287;0;333
131;73;0;287;0;333
13;74;0;627;0;333
14;74;0;626;0;333
32;74;0;623;0;333
33;74;0;287;0;333
44;74;0;287;0;333
45;74;0;3087;0;333
57;74;0;609;0;333
58;74;0;609;0;333
59;74;0;609;0;333
62;74;0;3092;0;333
63;74;0;3088;0;333
64;74;0;287;0;333
94;74;0;287;0;333
114;74;0;623;0;333
115;74;0;287;0;333
130;74;0;287;0;333
131;74;0;287;0;333
13;75;0;629;0;333
14;75;0;628;0;333
26;75;0;627;0;333
33;75;0;287;0;333
43;75;0;287;0;333
44;75;0;287;0;333
45;75;0;3087;0;333
57;75;0;610;0;333
58;75;0;609;0;333
59;75;0;610;0;333
63;75;0;3088;0;333
64;75;0;287;0;333
91;75;0;287;0;333
92;75;0;287;0;333
93;75;0;287;0;333
94;75;0;287;0;333
114;75;0;623;0;333
115;75;0;287;0;333
130;75;0;287;0;333
131;75;0;287;0;333
13;76;0;627;0;333
14;76;0;627;0;333
26;76;0;623;0;333
27;76;0;287;0;333
28;76;0;287;0;333
29;76;0;287;0;333
30;76;0;287;0;333
31;76;0;287;0;333
32;76;0;287;0;333
33;76;0;287;0;333
42;76;0;287;0;333
43;76;0;287;0;333
44;76;0;3087;0;333
45;76;0;3092;0;333
57;76;0;611;0;333
58;76;0;609;0;333
59;76;0;611;0;333
62;76;0;3092;0;333
63;76;0;3088;0;333
64;76;0;287;0;333
91;76;0;287;0;333
92;76;0;622;0;333
93;76;0;622;0;333
94;76;0;622;0;333
95;76;0;622;0;333
113;76;0;623;0;333
114;76;0;287;0;333
128;76;0;287;0;333
129;76;0;287;0;333
130;76;0;287;0;333
131;76;0;287;0;333
14;77;0;629;0;333
15;77;0;628;0;333
26;77;0;623;0;333
27;77;0;287;0;333
42;77;0;287;0;333
43;77;0;3087;0;333
44;77;0;3087;0;333
57;77;0;609;0;333
58;77;0;609;0;333
59;77;0;609;0;333
62;77;0;3088;0;333
63;77;0;287;0;333
91;77;0;287;0;333
109;77;0;627;0;333
113;77;0;623;0;333
114;77;0;287;0;333
128;77;0;287;0;333
129;77;0;287;0;333
130;77;0;287;0;333
131;77;0;287;0;333
26;78;0;623;0;333
26;78;0;625;0;333
27;78;0;287;0;333
27;78;0;625;0;333
42;78;0;287;0;333
43;78;0;3087;0;333
44;78;0;3087;0;333
45;78;0;3092;0;333
46;78;0;3092;0;333
57;78;0;609;0;333
58;78;0;610;0;333
59;78;0;609;0;333
62;78;0;3088;0;333
62;78;0;3100;0;333
63;78;0;287;0;333
63;78;0;287;0;333
91;78;0;287;0;333
109;78;0;623;0;333
110;78;0;287;0;333
111;78;0;287;0;333
112;78;0;287;0;333
113;78;0;287;0;333
128;78;0;287;0;333
129;78;0;287;0;333
26;79;0;623;0;333
27;79;0;287;0;333
42;79;0;287;0;333
43;79;0;287;0;333
44;79;0;287;0;333
45;79;0;287;0;333
46;79;0;3087;0;333
57;79;0;609;0;333
59;79;0;609;0;333
62;79;0;3088;0;333
62;79;0;625;0;333
62;79;0;3095;0;333
62;79;0;3100;0;333
62;79;0;3100;0;333
63;79;0;3088;0;333
63;79;0;287;0;333
64;79;0;287;0;333
91;79;0;287;0;333
109;79;0;623;0;333
110;79;0;287;0;333
128;79;0;287;0;333
129;79;0;287;0;333
17;80;0;623;0;333
18;80;0;287;0;333
19;80;0;287;0;333
23;80;0;623;0;333
23;80;0;287;0;333
24;80;0;287;0;333
25;80;0;287;0;333
26;80;0;287;0;333
27;80;0;287;0;333
45;80;0;287;0;333
46;80;0;3087;0;333
47;80;0;3086;0;333
48;80;0;3086;0;333
49;80;0;3086;0;333
50;80;0;3086;0;333
50;80;0;3086;0;333
50;80;0;3086;0;333
57;80;0;609;0;333
59;80;0;609;0;333
62;80;0;3088;0;333
63;80;0;3088;0;333
63;80;0;287;0;333
64;80;0;287;0;333
91;80;0;287;0;333
107;80;0;627;0;333
109;80;0;623;0;333
110;80;0;287;0;333
128;80;0;287;0;333
129;80;0;287;0;333
16;81;0;627;0;333
17;81;0;623;0;333
18;81;0;287;0;333
19;81;0;287;0;333
20;81;0;287;0;333
21;81;0;287;0;333
22;81;0;287;0;333
23;81;0;623;0;333
23;81;0;287;0;333
24;81;0;287;0;333
45;81;0;287;0;333
46;81;0;287;0;333
47;81;0;287;0;333
48;81;0;287;0;333
49;81;0;287;0;333
49;81;0;287;0;333
49;81;0;287;0;333
49;81;0;287;0;333
50;81;0;287;0;333
51;81;0;3086;0;333
52;81;0;3086;0;333
53;81;0;3086;0;333
57;81;0;609;0;333
58;81;0;611;0;333
59;81;0;609;0;333
62;81;0;3088;0;333
63;81;0;3088;0;333
64;81;0;287;0;333
91;81;0;287;0;333
107;81;0;623;0;333
108;81;0;287;0;333
109;81;0;287;0;333
128;81;0;287;0;333
129;81;0;287;0;333
16;82;0;623;0;333
17;82;0;287;0;333
18;82;0;287;0;333
19;82;0;287;0;333
20;82;0;287;0;333
21;82;0;287;0;333
22;82;0;287;0;333
23;82;0;287;0;333
49;82;0;287;0;333
50;82;0;287;0;333
51;82;0;287;0;333
52;82;0;287;0;333
53;82;0;287;0;333
53;82;0;3092;0;333
54;82;0;287;0;333
54;82;0;3086;0;333
54;82;0;3092;0;333
55;82;0;287;0;333
55;82;0;3086;0;333
56;82;0;3087;0;333
57;82;0;609;0;333
58;82;0;609;0;333
59;82;0;609;0;333
60;82;0;3088;0;333
61;82;0;3085;0;333
62;82;0;3085;0;333
63;82;0;3088;0;333
64;82;0;287;0;333
65;82;0;287;0;333
66;82;0;287;0;333
67;82;0;287;0;333
91;82;0;287;0;333
107;82;0;623;0;333
108;82;0;287;0;333
128;82;0;287;0;333
129;82;0;287;0;333
16;83;0;623;0;333
17;83;0;287;0;333
18;83;0;287;0;333
20;83;0;287;0;333
49;83;0;287;0;333
49;83;0;287;0;333
50;83;0;3085;0;333
51;83;0;3085;0;333
52;83;0;3085;0;333
53;83;0;3085;0;333
54;83;0;3085;0;333
55;83;0;3085;0;333
55;83;0;3092;0;333
56;83;0;3087;0;333
56;83;0;3092;0;333
57;83;0;609;0;333
58;83;0;405;0;333
58;83;0;609;0;333
59;83;0;609;0;333
61;83;0;3085;0;333
62;83;0;3085;0;333
63;83;0;3092;0;333
64;83;0;3085;0;333
65;83;0;3085;0;333
66;83;0;3085;0;333
67;83;0;3092;0;333
68;83;0;287;0;333
87;83;0;287;0;333
88;83;0;287;0;333
89;83;0;287;0;333
90;83;0;287;0;333
91;83;0;287;0;333
107;83;0;623;0;333
108;83;0;287;0;333
128;83;0;287;0;333
129;83;0;287;0;333
16;84;0;629;0;333
17;84;0;622;0;333
18;84;0;622;0;333
18;84;0;624;0;333
19;84;0;622;0;333
20;84;0;630;0;333
21;84;0;287;0;333
22;84;0;287;0;333
49;84;0;287;0;333
50;84;0;3087;0;333
57;84;0;609;0;333
58;84;0;609;0;333
59;84;0;609;0;333
67;84;0;3088;0;333
68;84;0;287;0;333
87;84;0;287;0;333
88;84;0;622;0;333
89;84;0;622;0;333
90;84;0;622;0;333
91;84;0;622;0;333
92;84;0;628;0;333
107;84;0;623;0;333
107;84;0;625;0;333
108;84;0;287;0;333
122;84;0;287;0;333
123;84;0;287;0;333
124;84;0;287;0;333
125;84;0;287;0;333
126;84;0;287;0;333
127;84;0;287;0;333
128;84;0;287;0;333
129;84;0;287;0;333
18;85;0;232;0;333
18;85;0;233;0;333
20;85;0;629;0;333
21;85;0;630;0;333
22;85;0;287;0;333
22;85;0;630;0;333
23;85;0;287;0;333
49;85;0;287;0;333
57;85;0;609;0;333
58;85;0;609;0;333
59;85;0;610;0;333
67;85;0;3088;0;333
68;85;0;287;0;333
87;85;0;287;0;333
107;85;0;623;0;333
108;85;0;287;0;333
122;85;0;287;0;333
123;85;0;287;0;333
124;85;0;287;0;333
125;85;0;287;0;333
126;85;0;287;0;333
127;85;0;287;0;333
128;85;0;287;0;333
129;85;0;287;0;333
18;86;0;1783;0;333
20;86;0;233;0;333
21;86;0;629;0;333
22;86;0;623;0;333
23;86;0;287;0;333
49;86;0;287;0;333
57;86;0;610;0;333
58;86;0;609;0;333
67;86;0;3088;0;333
68;86;0;287;0;333
78;86;0;287;0;333
79;86;0;287;0;333
80;86;0;287;0;333
81;86;0;287;0;333
82;86;0;287;0;333
83;86;0;287;0;333
84;86;0;287;0;333
85;86;0;287;0;333
86;86;0;287;0;333
87;86;0;287;0;333
107;86;0;623;0;333
107;86;0;623;0;333
108;86;0;287;0;333
122;86;0;287;0;333
123;86;0;287;0;333
19;87;0;585;0;333
21;87;0;1782;0;333
22;87;0;623;0;333
23;87;0;287;0;333
49;87;0;287;0;333
58;87;0;609;0;333
67;87;0;3088;0;333
68;87;0;287;0;333
78;87;0;287;0;333
79;87;0;622;0;333
80;87;0;622;0;333
81;87;0;622;0;333
82;87;0;622;0;333
83;87;0;622;0;333
83;87;0;624;0;333
84;87;0;622;0;333
85;87;0;622;0;333
86;87;0;622;0;333
87;87;0;622;0;333
107;87;0;623;0;333
108;87;0;287;0;333
122;87;0;287;0;333
123;87;0;287;0;333
21;88;0;627;0;333
22;88;0;623;0;333
23;88;0;287;0;333
49;88;0;287;0;333
58;88;0;609;0;333
67;88;0;3088;0;333
68;88;0;287;0;333
78;88;0;287;0;333
106;88;0;623;0;333
107;88;0;287;0;333
118;88;0;287;0;333
119;88;0;287;0;333
120;88;0;287;0;333
121;88;0;287;0;333
122;88;0;287;0;333
123;88;0;287;0;333
18;89;0;1276;0;333
19;89;0;582;0;333
20;89;0;1783;0;333
21;89;0;623;0;333
22;89;0;287;0;333
23;89;0;287;0;333
49;89;0;287;0;333
57;89;0;611;0;333
58;89;0;609;0;333
59;89;0;611;0;333
67;89;0;3088;0;333
68;89;0;287;0;333
69;89;0;287;0;333
70;89;0;287;0;333
71;89;0;287;0;333
72;89;0;287;0;333
73;89;0;287;0;333
74;89;0;287;0;333
75;89;0;287;0;333
76;89;0;287;0;333
77;89;0;287;0;333
78;89;0;287;0;333
98;89;0;623;0;333
99;89;0;287;0;333
100;89;0;287;0;333
101;89;0;287;0;333
102;89;0;287;0;333
103;89;0;287;0;333
104;89;0;287;0;333
105;89;0;287;0;333
106;89;0;287;0;333
118;89;0;287;0;333
119;89;0;287;0;333
120;89;0;287;0;333
121;89;0;287;0;333
122;89;0;287;0;333
123;89;0;287;0;333
18;90;0;301;0;333
20;90;0;623;0;333
21;90;0;287;0;333
22;90;0;287;0;333
49;90;0;287;0;333
57;90;0;609;0;333
58;90;0;609;0;333
59;90;0;609;0;333
67;90;0;3088;0;333
68;90;0;287;0;333
69;90;0;622;0;333
70;90;0;622;0;333
71;90;0;622;0;333
72;90;0;622;0;333
73;90;0;622;0;333
74;90;0;622;0;333
75;90;0;622;0;333
76;90;0;622;0;333
77;90;0;622;0;333
78;90;0;622;0;333
98;90;0;623;0;333
99;90;0;287;0;333
99;90;0;287;0;333
100;90;0;287;0;333
100;90;0;287;0;333
101;90;0;287;0;333
101;90;0;287;0;333
102;90;0;287;0;333
102;90;0;287;0;333
103;90;0;287;0;333
103;90;0;287;0;333
104;90;0;287;0;333
104;90;0;287;0;333
105;90;0;287;0;333
105;90;0;287;0;333
118;90;0;287;0;333
18;91;0;301;0;333
20;91;0;623;0;333
21;91;0;287;0;333
49;91;0;287;0;333
57;91;0;609;0;333
58;91;0;609;0;333
59;91;0;609;0;333
67;91;0;3088;0;333
68;91;0;287;0;333
98;91;0;623;0;333
99;91;0;287;0;333
118;91;0;287;0;333
18;92;0;627;0;333
19;92;0;623;0;333
20;92;0;287;0;333
21;92;0;287;0;333
49;92;0;287;0;333
57;92;0;609;0;333
58;92;0;609;0;333
59;92;0;609;0;333
67;92;0;3088;0;333
68;92;0;287;0;333
98;92;0;623;0;333
99;92;0;287;0;333
99;92;0;287;0;333
118;92;0;287;0;333
18;93;0;623;0;333
19;93;0;287;0;333
20;93;0;287;0;333
49;93;0;287;0;333
57;93;0;610;0;333
58;93;0;610;0;333
59;93;0;610;0;333
67;93;0;3088;0;333
68;93;0;287;0;333
96;93;0;627;0;333
98;93;0;623;0;333
99;93;0;287;0;333
118;93;0;287;0;333
18;94;0;629;0;333
19;94;0;630;0;333
20;94;0;287;0;333
41;94;0;287;0;333
42;94;0;287;0;333
43;94;0;287;0;333
44;94;0;287;0;333
45;94;0;287;0;333
46;94;0;287;0;333
47;94;0;287;0;333
48;94;0;287;0;333
49;94;0;287;0;333
49;94;0;287;0;333
50;94;0;287;0;333
51;94;0;3085;0;333
52;94;0;3085;0;333
53;94;0;3085;0;333
54;94;0;3085;0;333
54;94;0;613;0;333
55;94;0;3085;0;333
55;94;0;613;0;333
56;94;0;3087;0;333
60;94;0;3088;0;333
61;94;0;3085;0;333
61;94;0;613;0;333
62;94;0;3092;0;333
63;94;0;3086;0;333
64;94;0;3086;0;333
65;94;0;3086;0;333
66;94;0;3086;0;333
67;94;0;623;0;333
67;94;0;3086;0;333
68;94;0;287;0;333
96;94;0;623;0;333
97;94;0;287;0;333
98;94;0;287;0;333
99;94;0;287;0;333
118;94;0;287;0;333
19;95;0;623;0;333
20;95;0;287;0;333
40;95;0;287;0;333
41;95;0;3085;0;333
42;95;0;3085;0;333
43;95;0;3085;0;333
44;95;0;3085;0;333
45;95;0;3085;0;333
46;95;0;3085;0;333
47;95;0;3085;0;333
47;95;0;624;0;333
48;95;0;3085;0;333
49;95;0;3085;0;333
50;95;0;3085;0;333
51;95;0;3085;0;333
55;95;0;613;0;333
56;95;0;3091;0;333
60;95;0;3092;0;333
62;95;0;3088;0;333
63;95;0;287;0;333
64;95;0;287;0;333
65;95;0;287;0;333
66;95;0;287;0;333
67;95;0;287;0;333
68;95;0;287;0;333
96;95;0;623;0;333
97;95;0;287;0;333
118;95;0;287;0;333
19;96;0;623;0;333
20;96;0;287;0;333
37;96;0;287;0;333
38;96;0;287;0;333
39;96;0;287;0;333
40;96;0;287;0;333
41;96;0;3087;0;333
61;96;0;1245;0;333
62;96;0;3088;0;333
63;96;0;287;0;333
96;96;0;623;0;333
97;96;0;287;0;333
118;96;0;287;0;333
19;97;0;623;0;333
20;97;0;287;0;333
37;97;0;287;0;333
38;97;0;3085;0;333
39;97;0;3085;0;333
40;97;0;3085;0;333
41;97;0;3085;0;333
61;97;0;914;0;333
61;97;0;915;0;333
62;97;0;3088;0;333
63;97;0;287;0;333
63;97;0;287;0;333
63;97;0;287;0;333
96;97;0;623;0;333
97;97;0;287;0;333
118;97;0;287;0;333
19;98;0;623;0;333
20;98;0;287;0;333
37;98;0;287;0;333
38;98;0;3087;0;333
61;98;0;1245;0;333
62;98;0;3092;0;333
63;98;0;3088;0;333
64;98;0;287;0;333
96;98;0;623;0;333
97;98;0;287;0;333
118;98;0;287;0;333
19;99;0;623;0;333
19;99;0;625;0;333
20;99;0;287;0;333
37;99;0;287;0;333
38;99;0;3087;0;333
61;99;0;915;0;333
62;99;0;1254;0;333
63;99;0;3088;0;333
64;99;0;287;0;333
96;99;0;623;0;333
96;99;0;625;0;333
97;99;0;287;0;333
118;99;0;287;0;333
19;100;0;623;0;333
20;100;0;287;0;333
37;100;0;287;0;333
38;100;0;3087;0;333
62;100;0;914;0;333
63;100;0;3088;0;333
64;100;0;287;0;333
96;100;0;623;0;333
97;100;0;287;0;333
118;100;0;287;0;333
118;100;0;287;0;333
19;101;0;623;0;333
20;101;0;287;0;333
37;101;0;287;0;333
38;101;0;3087;0;333
62;101;0;1246;0;333
63;101;0;3088;0;333
64;101;0;287;0;333
96;101;0;623;0;333
97;101;0;287;0;333
118;101;0;287;0;333
19;102;0;623;0;333
20;102;0;287;0;333
37;102;0;287;0;333
38;102;0;3087;0;333
62;102;0;1276;0;333
63;102;0;3088;0;333
64;102;0;287;0;333
96;102;0;623;0;333
97;102;0;287;0;333
118;102;0;287;0;333
19;103;0;629;0;333
20;103;0;630;0;333
21;103;0;287;0;333
22;103;0;287;0;333
23;103;0;287;0;333
24;103;0;287;0;333
27;103;0;287;0;333
28;103;0;287;0;333
29;103;0;287;0;333
30;103;0;287;0;333
31;103;0;287;0;333
32;103;0;287;0;333
33;103;0;287;0;333
34;103;0;287;0;333
35;103;0;287;0;333
36;103;0;287;0;333
37;103;0;287;0;333
38;103;0;3087;0;333
62;103;0;1251;0;333
63;103;0;3088;0;333
63;103;0;625;0;333
64;103;0;287;0;333
96;103;0;623;0;333
97;103;0;287;0;333
118;103;0;287;0;333
20;104;0;629;0;333
21;104;0;622;0;333
21;104;0;624;0;333
22;104;0;622;0;333
23;104;0;630;0;333
24;104;0;287;0;333
27;104;0;287;0;333
28;104;0;3085;0;333
29;104;0;3085;0;333
30;104;0;3085;0;333
31;104;0;3085;0;333
32;104;0;3085;0;333
33;104;0;3085;0;333
34;104;0;3085;0;333
35;104;0;3085;0;333
35;104;0;624;0;333
36;104;0;3085;0;333
37;104;0;3085;0;333
38;104;0;3087;0;333
38;104;0;3085;0;333
62;104;0;232;0;333
62;104;0;1247;0;333
63;104;0;3088;0;333
64;104;0;287;0;333
84;104;0;623;0;333
85;104;0;287;0;333
86;104;0;287;0;333
87;104;0;287;0;333
88;104;0;287;0;333
89;104;0;287;0;333
90;104;0;287;0;333
91;104;0;287;0;333
92;104;0;287;0;333
93;104;0;287;0;333
94;104;0;287;0;333
95;104;0;287;0;333
96;104;0;287;0;333
97;104;0;287;0;333
118;104;0;287;0;333
22;105;0;629;0;333
23;105;0;629;0;333
24;105;0;623;0;333
24;105;0;287;0;333
25;105;0;287;0;333
26;105;0;287;0;333
27;105;0;287;0;333
28;105;0;287;0;333
29;105;0;287;0;333
31;105;0;672;0;333
32;105;0;672;0;333
33;105;0;672;0;333
33;105;0;3099;0;333
34;105;0;672;0;333
34;105;0;3101;0;333
35;105;0;676;0;333
57;105;0;611;0;333
58;105;0;611;0;333
59;105;0;611;0;333
62;105;0;1245;0;333
63;105;0;3088;0;333
64;105;0;287;0;333
84;105;0;623;0;333
85;105;0;287;0;333
97;105;0;287;0;333
118;105;0;287;0;333
24;106;0;629;0;333
25;106;0;630;0;333
25;106;0;287;0;333
29;106;0;287;0;333
33;106;0;2832;0;333
34;106;0;3093;0;333
35;106;0;675;0;333
35;106;0;2805;0;333
35;106;0;2038;0;333
56;106;0;677;0;333
57;106;0;612;0;333
58;106;0;612;0;333
59;106;0;612;0;333
60;106;0;676;0;333
60;106;0;3097;0;333
62;106;0;233;0;333
63;106;0;3088;0;333
64;106;0;287;0;333
72;106;0;627;0;333
84;106;0;623;0;333
85;106;0;287;0;333
118;106;0;287;0;333
24;107;0;627;0;333
25;107;0;629;0;333
25;107;0;287;0;333
29;107;0;287;0;333
32;107;0;2937;0;333
35;107;0;606;0;333
36;107;0;603;0;333
37;107;0;603;0;333
37;107;0;3101;0;333
38;107;0;605;0;333
41;107;0;604;0;333
42;107;0;603;0;333
43;107;0;603;0;333
44;107;0;603;0;333
45;107;0;603;0;333
46;107;0;603;0;333
46;107;0;2937;0;333
47;107;0;603;0;333
48;107;0;603;0;333
49;107;0;603;0;333
50;107;0;605;0;333
51;107;0;604;0;333
52;107;0;603;0;333
52;107;0;3101;0;333
53;107;0;603;0;333
54;107;0;603;0;333
55;107;0;603;0;333
56;107;0;601;0;333
57;107;0;2937;0;333
59;107;0;3101;0;333
60;107;0;675;0;333
62;107;0;232;0;333
62;107;0;1276;0;333
63;107;0;3088;0;333
64;107;0;287;0;333
64;107;0;287;0;333
65;107;0;287;0;333
72;107;0;627;0;333
84;107;0;623;0;333
85;107;0;287;0;333
118;107;0;287;0;333
24;108;0;596;0;333
25;108;0;287;0;333
29;108;0;287;0;333
33;108;0;3101;0;333
35;108;0;606;0;333
36;108;0;603;0;333
37;108;0;603;0;333
38;108;0;603;0;333
39;108;0;603;0;333
40;108;0;405;0;333
40;108;0;603;0;333
41;108;0;603;0;333
42;108;0;603;0;333
42;108;0;3101;0;333
43;108;0;603;0;333
44;108;0;605;0;333
45;108;0;604;0;333
46;108;0;603;0;333
47;108;0;603;0;333
47;108;0;3101;0;333
48;108;0;603;0;333
49;108;0;405;0;333
49;108;0;603;0;333
50;108;0;603;0;333
51;108;0;603;0;333
52;108;0;603;0;333
53;108;0;605;0;333
55;108;0;604;0;333
56;108;0;601;0;333
60;108;0;675;0;333
62;108;0;915;0;333
63;108;0;3092;0;333
64;108;0;3088;0;333
65;108;0;287;0;333
65;108;0;630;0;333
72;108;0;623;0;333
73;108;0;287;0;333
74;108;0;287;0;333
75;108;0;287;0;333
76;108;0;287;0;333
77;108;0;287;0;333
78;108;0;287;0;333
79;108;0;287;0;333
80;108;0;287;0;333
81;108;0;287;0;333
82;108;0;287;0;333
82;108;0;287;0;333
83;108;0;287;0;333
84;108;0;287;0;333
85;108;0;287;0;333
86;108;0;287;0;333
87;108;0;287;0;333
88;108;0;287;0;333
89;108;0;287;0;333
90;108;0;287;0;333
91;108;0;287;0;333
118;108;0;287;0;333
24;109;0;596;0;333
29;109;0;287;0;333
35;109;0;606;0;333
35;109;0;2937;0;333
36;109;0;603;0;333
37;109;0;603;0;333
38;109;0;603;0;333
39;109;0;605;0;333
48;109;0;604;0;333
49;109;0;603;0;333
50;109;0;603;0;333
51;109;0;603;0;333
52;109;0;603;0;333
53;109;0;603;0;333
54;109;0;603;0;333
54;109;0;3101;0;333
55;109;0;603;0;333
56;109;0;601;0;333
57;109;0;3098;0;333
58;109;0;3101;0;333
59;109;0;2937;0;333
59;109;0;3099;0;333
60;109;0;675;0;333
62;109;0;1276;0;333
63;109;0;1254;0;333
64;109;0;3088;0;333
65;109;0;287;0;333
72;109;0;623;0;333
73;109;0;622;0;333
73;109;0;287;0;333
74;109;0;3085;0;333
75;109;0;3085;0;333
75;109;0;3085;0;333
76;109;0;3088;0;333
77;109;0;287;0;333
78;109;0;287;0;333
91;109;0;287;0;333
118;109;0;287;0;333
23;110;0;596;0;333
24;110;0;287;0;333
29;110;0;287;0;333
31;110;0;3101;0;333
32;110;0;3099;0;333
34;110;0;3101;0;333
35;110;0;675;0;333
35;110;0;2805;0;333
35;110;0;2038;0;333
56;110;0;678;0;333
57;110;0;607;0;333
58;110;0;607;0;333
59;110;0;607;0;333
60;110;0;679;0;333
63;110;0;1246;0;333
64;110;0;3088;0;333
65;110;0;287;0;333
72;110;0;623;0;333
73;110;0;287;0;333
76;110;0;3088;0;333
77;110;0;287;0;333
91;110;0;287;0;333
91;110;0;287;0;333
92;110;0;627;0;333
92;110;0;287;0;333
93;110;0;287;0;333
118;110;0;287;0;333
23;111;0;596;0;333
24;111;0;287;0;333
29;111;0;287;0;333
30;111;0;673;0;333
31;111;0;673;0;333
32;111;0;673;0;333
33;111;0;673;0;333
34;111;0;673;0;333
35;111;0;679;0;333
35;111;0;3095;0;333
57;111;0;609;0;333
58;111;0;609;0;333
59;111;0;609;0;333
63;111;0;1245;0;333
64;111;0;3088;0;333
65;111;0;287;0;333
66;111;0;287;0;333
67;111;0;287;0;333
68;111;0;287;0;333
69;111;0;287;0;333
70;111;0;287;0;333
71;111;0;287;0;333
72;111;0;287;0;333
73;111;0;287;0;333
76;111;0;3088;0;333
77;111;0;287;0;333
77;111;0;287;0;333
93;111;0;287;0;333
93;111;0;287;0;333
94;111;0;287;0;333
95;111;0;287;0;333
96;111;0;287;0;333
97;111;0;287;0;333
98;111;0;287;0;333
99;111;0;287;0;333
100;111;0;287;0;333
101;111;0;287;0;333
102;111;0;287;0;333
103;111;0;287;0;333
104;111;0;287;0;333
105;111;0;287;0;333
106;111;0;287;0;333
107;111;0;287;0;333
108;111;0;287;0;333
109;111;0;287;0;333
110;111;0;287;0;333
111;111;0;287;0;333
112;111;0;287;0;333
113;111;0;287;0;333
114;111;0;287;0;333
118;111;0;287;0;333
23;112;0;623;0;333
24;112;0;627;0;333
24;112;0;627;0;333
24;112;0;287;0;333
29;112;0;287;0;333
57;112;0;610;0;333
58;112;0;609;0;333
59;112;0;609;0;333
63;112;0;1246;0;333
64;112;0;3092;0;333
65;112;0;3085;0;333
66;112;0;3085;0;333
67;112;0;3085;0;333
68;112;0;3085;0;333
69;112;0;3085;0;333
70;112;0;3085;0;333
71;112;0;3085;0;333
72;112;0;3085;0;333
73;112;0;3085;0;333
75;112;0;1276;0;333
76;112;0;3088;0;333
77;112;0;287;0;333
107;112;0;287;0;333
108;112;0;287;0;333
109;112;0;287;0;333
110;112;0;287;0;333
111;112;0;287;0;333
112;112;0;287;0;333
113;112;0;287;0;333
114;112;0;287;0;333
118;112;0;287;0;333
21;113;0;627;0;333
22;113;0;627;0;333
23;113;0;623;0;333
24;113;0;287;0;333
24;113;0;287;0;333
24;113;0;287;0;333
24;113;0;287;0;333
26;113;0;287;0;333
27;113;0;287;0;333
28;113;0;287;0;333
29;113;0;3085;0;333
29;113;0;3092;0;333
31;113;0;1246;0;333
57;113;0;611;0;333
58;113;0;609;0;333
59;113;0;609;0;333
59;113;0;3101;0;333
63;113;0;1276;0;333
64;113;0;1251;0;333
65;113;0;1245;0;333
66;113;0;232;0;333
66;113;0;233;0;333
67;113;0;914;0;333
68;113;0;1254;0;333
75;113;0;233;0;333
76;113;0;3088;0;333
77;113;0;287;0;333
104;113;0;287;0;333
105;113;0;287;0;333
106;113;0;287;0;333
107;113;0;287;0;333
108;113;0;680;0;333
109;113;0;633;0;333
109;113;0;266;0;333
110;113;0;633;0;333
110;113;0;276;0;333
111;113;0;633;0;333
111;113;0;266;0;333
112;113;0;633;0;333
113;113;0;681;0;333
113;113;0;36;0;333
113;113;0;2851;0;333
114;113;0;287;0;333
118;113;0;287;0;333
22;114;0;623;0;333
23;114;0;287;0;333
24;114;0;287;0;333
24;114;0;287;0;333
25;114;0;287;0;333
25;114;0;287;0;333
25;114;0;287;0;333
26;114;0;287;0;333
27;114;0;3085;0;333
28;114;0;3085;0;333
29;114;0;3092;0;333
30;114;0;232;0;333
30;114;0;233;0;333
57;114;0;609;0;333
58;114;0;609;0;333
59;114;0;609;0;333
75;114;0;232;0;333
76;114;0;3088;0;333
76;114;0;625;0;333
77;114;0;287;0;333
104;114;0;287;0;333
105;114;0;680;0;333
106;114;0;633;0;333
106;114;0;634;0;333
107;114;0;633;0;333
108;114;0;688;0;333
113;114;0;635;0;333
114;114;0;287;0;333
118;114;0;287;0;333
22;115;0;623;0;333
23;115;0;287;0;333
24;115;0;287;0;333
25;115;0;287;0;333
25;115;0;287;0;333
26;115;0;3085;0;333
29;115;0;1276;0;333
57;115;0;609;0;333
58;115;0;609;0;333
59;115;0;610;0;333
75;115;0;1254;0;333
76;115;0;3088;0;333
77;115;0;287;0;333
102;115;0;287;0;333
103;115;0;287;0;333
104;115;0;680;0;333
105;115;0;688;0;333
106;115;0;634;0;333
111;115;0;212;0;333
113;115;0;635;0;333
113;115;0;267;0;333
114;115;0;287;0;333
118;115;0;287;0;333
22;116;0;623;0;333
22;116;0;625;0;333
23;116;0;287;0;333
24;116;0;287;0;333
25;116;0;3085;0;333
26;116;0;3092;0;333
57;116;0;610;0;333
58;116;0;609;0;333
59;116;0;611;0;333
75;116;0;914;0;333
76;116;0;3088;0;333
77;116;0;287;0;333
78;116;0;287;0;333
79;116;0;287;0;333
80;116;0;287;0;333
81;116;0;287;0;333
82;116;0;287;0;333
83;116;0;287;0;333
84;116;0;287;0;333
97;116;0;287;0;333
98;116;0;287;0;333
99;116;0;287;0;333
100;116;0;287;0;333
101;116;0;287;0;333
102;116;0;287;0;333
103;116;0;680;0;333
104;116;0;688;0;333
106;116;0;682;0;333
107;116;0;690;0;333
110;116;0;213;0;333
111;116;0;2885;0;333
112;116;0;215;0;333
113;116;0;635;0;333
114;116;0;287;0;333
118;116;0;287;0;333
22;117;0;629;0;333
23;117;0;630;0;333
24;117;0;287;0;333
25;117;0;3087;0;333
26;117;0;3092;0;333
57;117;0;611;0;333
58;117;0;405;0;333
58;117;0;609;0;333
59;117;0;609;0;333
75;117;0;232;0;333
75;117;0;233;0;333
76;117;0;3092;0;333
77;117;0;3085;0;333
78;117;0;3085;0;333
79;117;0;3085;0;333
80;117;0;3085;0;333
81;117;0;3085;0;333
82;117;0;3085;0;333
83;117;0;3088;0;333
84;117;0;287;0;333
97;117;0;287;0;333
98;117;0;680;0;333
99;117;0;633;0;333
99;117;0;266;0;333
100;117;0;633;0;333
100;117;0;276;0;333
101;117;0;633;0;333
101;117;0;266;0;333
102;117;0;633;0;333
103;117;0;688;0;333
103;117;0;681;0;333
103;117;0;36;0;333
103;117;0;2851;0;333
106;117;0;276;0;333
107;117;0;682;0;333
108;117;0;690;0;333
113;117;0;635;0;333
113;117;0;267;0;333
114;117;0;287;0;333
118;117;0;287;0;333
23;118;0;623;0;333
24;118;0;287;0;333
24;118;0;287;0;333
25;118;0;3087;0;333
57;118;0;609;0;333
57;118;0;3101;0;333
58;118;0;609;0;333
59;118;0;609;0;333
75;118;0;915;0;333
76;118;0;1276;0;333
77;118;0;233;0;333
78;118;0;914;0;333
79;118;0;1254;0;333
80;118;0;915;0;333
81;118;0;232;0;333
81;118;0;233;0;333
82;118;0;1276;0;333
83;118;0;3088;0;333
84;118;0;287;0;333
94;118;0;287;0;333
95;118;0;287;0;333
96;118;0;287;0;333
97;118;0;680;0;333
98;118;0;688;0;333
100;118;0;212;0;333
103;118;0;635;0;333
107;118;0;36;0;333
107;118;0;332;0;333
108;118;0;682;0;333
109;118;0;690;0;333
113;118;0;635;0;333
113;118;0;276;0;333
114;118;0;287;0;333
118;118;0;287;0;333
23;119;0;623;0;333
24;119;0;287;0;333
25;119;0;3087;0;333
57;119;0;610;0;333
58;119;0;610;0;333
59;119;0;609;0;333
82;119;0;1246;0;333
83;119;0;3088;0;333
84;119;0;287;0;333
84;119;0;287;0;333
85;119;0;287;0;333
85;119;0;287;0;333
86;119;0;287;0;333
86;119;0;287;0;333
87;119;0;287;0;333
87;119;0;287;0;333
88;119;0;287;0;333
88;119;0;287;0;333
89;119;0;287;0;333
89;119;0;287;0;333
90;119;0;623;0;333
90;119;0;287;0;333
91;119;0;287;0;333
94;119;0;287;0;333
95;119;0;680;0;333
96;119;0;633;0;333
97;119;0;688;0;333
99;119;0;213;0;333
100;119;0;2885;0;333
101;119;0;215;0;333
103;119;0;635;0;333
103;119;0;267;0;333
108;119;0;211;0;333
109;119;0;634;0;333
113;119;0;635;0;333
113;119;0;267;0;333
114;119;0;287;0;333
118;119;0;287;0;333
23;120;0;623;0;333
24;120;0;287;0;333
25;120;0;3087;0;333
58;120;0;611;0;333
59;120;0;609;0;333
59;120;0;3101;0;333
82;120;0;1254;0;333
83;120;0;3092;0;333
84;120;0;3085;0;333
85;120;0;3085;0;333
86;120;0;3085;0;333
86;120;0;624;0;333
87;120;0;3085;0;333
88;120;0;3085;0;333
89;120;0;3085;0;333
90;120;0;3088;0;333
91;120;0;287;0;333
94;120;0;287;0;333
95;120;0;634;0;333
95;120;0;634;0;333
103;120;0;635;0;333
103;120;0;276;0;333
109;120;0;634;0;333
113;120;0;635;0;333
114;120;0;287;0;333
118;120;0;287;0;333
21;121;0;627;0;333
23;121;0;287;0;333
23;121;0;287;0;333
23;121;0;287;0;333
24;121;0;287;0;333
25;121;0;3087;0;333
58;121;0;609;0;333
59;121;0;610;0;333
82;121;0;1246;0;333
83;121;0;915;0;333
84;121;0;1245;0;333
85;121;0;1276;0;333
86;121;0;1246;0;333
87;121;0;914;0;333
88;121;0;1245;0;333
89;121;0;232;0;333
90;121;0;3088;0;333
91;121;0;287;0;333
94;121;0;287;0;333
95;121;0;634;0;333
102;121;0;691;0;333
103;121;0;683;0;333
104;121;0;272;0;333
108;121;0;276;0;333
109;121;0;682;0;333
110;121;0;632;0;333
111;121;0;652;0;333
112;121;0;656;0;333
113;121;0;635;0;333
113;121;0;683;0;333
114;121;0;287;0;333
118;121;0;287;0;333
21;122;0;623;0;333
22;122;0;287;0;333
22;122;0;287;0;333
22;122;0;287;0;333
23;122;0;287;0;333
24;122;0;3085;0;333
24;122;0;3092;0;333
25;122;0;3092;0;333
58;122;0;609;0;333
59;122;0;611;0;333
89;122;0;233;0;333
90;122;0;3088;0;333
91;122;0;287;0;333
94;122;0;287;0;333
95;122;0;634;0;333
101;122;0;691;0;333
102;122;0;683;0;333
103;122;0;276;0;333
110;122;0;692;0;333
113;122;0;635;0;333
113;122;0;692;0;333
114;122;0;287;0;333
118;122;0;287;0;333
21;123;0;623;0;333
22;123;0;287;0;333
23;123;0;3085;0;333
57;123;0;611;0;333
58;123;0;609;0;333
59;123;0;609;0;333
89;123;0;1254;0;333
90;123;0;3088;0;333
91;123;0;287;0;333
92;123;0;287;0;333
93;123;0;287;0;333
94;123;0;287;0;333
95;123;0;634;0;333
95;123;0;632;0;333
95;123;0;682;0;333
95;123;0;634;0;333
96;123;0;632;0;333
97;123;0;632;0;333
98;123;0;652;0;333
99;123;0;656;0;333
100;123;0;632;0;333
101;123;0;683;0;333
102;123;0;36;0;333
102;123;0;315;0;333
113;123;0;635;0;333
114;123;0;287;0;333
118;123;0;287;0;333
21;124;0;623;0;333
22;124;0;287;0;333
23;124;0;3087;0;333
57;124;0;609;0;333
57;124;0;3101;0;333
58;124;0;609;0;333
59;124;0;609;0;333
89;124;0;1276;0;333
90;124;0;3092;0;333
90;124;0;3088;0;333
91;124;0;287;0;333
92;124;0;287;0;333
93;124;0;287;0;333
94;124;0;287;0;333
95;124;0;634;0;333
97;124;0;692;0;333
100;124;0;692;0;333
113;124;0;635;0;333
113;124;0;269;0;333
114;124;0;287;0;333
118;124;0;287;0;333
18;125;0;627;0;333
21;125;0;623;0;333
22;125;0;287;0;333
23;125;0;3087;0;333
55;125;0;677;0;333
56;125;0;672;0;333
56;125;0;3081;0;333
57;125;0;612;0;333
58;125;0;612;0;333
59;125;0;612;0;333
60;125;0;672;0;333
60;125;0;3101;0;333
61;125;0;672;0;333
62;125;0;675;0;333
62;125;0;676;0;333
90;125;0;3092;0;333
91;125;0;3085;0;333
92;125;0;3085;0;333
93;125;0;3085;0;333
94;125;0;3085;0;333
95;125;0;634;0;333
113;125;0;635;0;333
113;125;0;36;0;333
113;125;0;518;0;333
113;125;0;265;0;333
114;125;0;287;0;333
118;125;0;287;0;333
18;126;0;623;0;333
19;126;0;287;0;333
19;126;0;287;0;333
20;126;0;287;0;333
21;126;0;287;0;333
22;126;0;287;0;333
23;126;0;3087;0;333
55;126;0;674;0;333
56;126;0;2805;0;333
56;126;0;798;0;333
57;126;0;3094;0;333
58;126;0;2937;0;333
60;126;0;2832;0;333
61;126;0;2805;0;333
61;126;0;798;0;333
62;126;0;675;0;333
62;126;0;3084;0;333
87;126;0;677;0;333
87;126;0;2069;0;333
87;126;0;677;0;333
88;126;0;672;0;333
89;126;0;672;0;333
90;126;0;672;0;333
91;126;0;672;0;333
93;126;0;295;0;333
95;126;0;654;0;333
99;126;0;212;0;333
100;126;0;212;0;333
101;126;0;212;0;333
102;126;0;212;0;333
103;126;0;212;0;333
104;126;0;212;0;333
113;126;0;635;0;333
114;126;0;287;0;333
118;126;0;287;0;333
17;127;0;627;0;333
18;127;0;623;0;333
20;127;0;3085;0;333
20;127;0;3087;0;333
21;127;0;3085;0;333
21;127;0;3085;0;333
22;127;0;3085;0;333
23;127;0;3092;0;333
55;127;0;674;0;333
56;127;0;3095;0;333
62;127;0;606;0;333
63;127;0;603;0;333
64;127;0;603;0;333
65;127;0;603;0;333
66;127;0;603;0;333
67;127;0;603;0;333
68;127;0;605;0;333
84;127;0;604;0;333
85;127;0;603;0;333
86;127;0;603;0;333
87;127;0;601;0;333
95;127;0;658;0;333
99;127;0;2880;0;333
99;127;0;2935;0;333
101;127;0;2880;0;333
101;127;0;2935;0;333
103;127;0;2880;0;333
103;127;0;2935;0;333
105;127;0;219;0;333
112;127;0;691;0;333
113;127;0;683;0;333
114;127;0;287;0;333
118;127;0;287;0;333
17;128;0;623;0;333
18;128;0;287;0;333
21;128;0;3085;0;333
22;128;0;3085;0;333
23;128;0;3086;0;333
24;128;0;3086;0;333
24;128;0;3086;0;333
25;128;0;3086;0;333
26;128;0;3086;0;333
27;128;0;3086;0;333
28;128;0;3086;0;333
29;128;0;3086;0;333
29;128;0;3092;0;333
30;128;0;3092;0;333
55;128;0;674;0;333
56;128;0;3101;0;333
62;128;0;606;0;333
62;128;0;3101;0;333
63;128;0;603;0;333
64;128;0;603;0;333
65;128;0;603;0;333
65;128;0;2937;0;333
66;128;0;603;0;333
67;128;0;405;0;333
67;128;0;603;0;333
68;128;0;605;0;333
84;128;0;604;0;333
85;128;0;405;0;333
85;128;0;603;0;333
86;128;0;603;0;333
87;128;0;601;0;333
95;128;0;634;0;333
95;128;0;688;0;333
99;128;0;2880;0;333
99;128;0;2935;0;333
101;128;0;2880;0;333
101;128;0;2935;0;333
103;128;0;2880;0;333
103;128;0;2935;0;333
107;128;0;680;0;333
108;128;0;633;0;333
108;128;0;276;0;333
109;128;0;633;0;333
109;128;0;266;0;333
110;128;0;633;0;333
111;128;0;691;0;333
111;128;0;681;0;333
111;128;0;36;0;333
111;128;0;2851;0;333
112;128;0;683;0;333
113;128;0;287;0;333
114;128;0;287;0;333
118;128;0;287;0;333
17;129;0;623;0;333
18;129;0;287;0;333
19;129;0;287;0;333
20;129;0;287;0;333
21;129;0;287;0;333
22;129;0;287;0;333
23;129;0;287;0;333
24;129;0;287;0;333
25;129;0;287;0;333
26;129;0;287;0;333
27;129;0;287;0;333
28;129;0;623;0;333
28;129;0;287;0;333
29;129;0;287;0;333
29;129;0;623;0;333
30;129;0;3087;0;333
30;129;0;3092;0;333
55;129;0;674;0;333
60;129;0;2937;0;333
62;129;0;606;0;333
63;129;0;603;0;333
64;129;0;603;0;333
65;129;0;603;0;333
66;129;0;603;0;333
66;129;0;3101;0;333
67;129;0;603;0;333
68;129;0;605;0;333
84;129;0;604;0;333
85;129;0;603;0;333
86;129;0;603;0;333
87;129;0;601;0;333
95;129;0;654;0;333
99;129;0;214;0;333
100;129;0;214;0;333
101;129;0;214;0;333
102;129;0;214;0;333
103;129;0;214;0;333
104;129;0;214;0;333
106;129;0;36;0;333
106;129;0;315;0;333
107;129;0;634;0;333
111;129;0;635;0;333
112;129;0;287;0;333
113;129;0;287;0;333
113;129;0;287;0;333
118;129;0;287;0;333
17;130;0;623;0;333
18;130;0;630;0;333
19;130;0;622;0;333
20;130;0;622;0;333
21;130;0;622;0;333
22;130;0;622;0;333
22;130;0;624;0;333
23;130;0;622;0;333
24;130;0;622;0;333
25;130;0;622;0;333
26;130;0;622;0;333
27;130;0;622;0;333
28;130;0;623;0;333
28;130;0;630;0;333
29;130;0;287;0;333
29;130;0;623;0;333
30;130;0;3087;0;333
55;130;0;674;0;333
56;130;0;2805;0;333
56;130;0;798;0;333
60;130;0;3093;0;333
61;130;0;2805;0;333
61;130;0;798;0;333
62;130;0;675;0;333
87;130;0;678;0;333
87;130;0;2069;0;333
87;130;0;678;0;333
88;130;0;673;0;333
89;130;0;673;0;333
90;130;0;673;0;333
91;130;0;673;0;333
95;130;0;658;0;333
106;130;0;680;0;333
107;130;0;688;0;333
111;130;0;635;0;333
111;130;0;267;0;333
112;130;0;287;0;333
118;130;0;287;0;333
18;131;0;628;0;333
22;131;0;386;0;333
28;131;0;623;0;333
29;131;0;287;0;333
29;131;0;623;0;333
30;131;0;3087;0;333
55;131;0;678;0;333
55;131;0;3101;0;333
56;131;0;673;0;333
57;131;0;607;0;333
58;131;0;607;0;333
59;131;0;607;0;333
59;131;0;3101;0;333
60;131;0;673;0;333
61;131;0;673;0;333
62;131;0;679;0;333
91;131;0;3090;0;333
92;131;0;3086;0;333
92;131;0;3086;0;333
93;131;0;3086;0;333
94;131;0;2926;0;333
94;131;0;3086;0;333
95;131;0;634;0;333
105;131;0;680;0;333
106;131;0;688;0;333
108;131;0;212;0;333
110;131;0;691;0;333
110;131;0;276;0;333
111;131;0;683;0;333
112;131;0;287;0;333
118;131;0;287;0;333
28;132;0;623;0;333
29;132;0;287;0;333
29;132;0;623;0;333
30;132;0;3087;0;333
57;132;0;609;0;333
58;132;0;609;0;333
58;132;0;2937;0;333
59;132;0;609;0;333
89;132;0;1257;0;333
90;132;0;3090;0;333
91;132;0;3086;0;333
91;132;0;3090;0;333
92;132;0;287;0;333
93;132;0;287;0;333
94;132;0;287;0;333
95;132;0;634;0;333
104;132;0;680;0;333
105;132;0;688;0;333
107;132;0;213;0;333
108;132;0;2885;0;333
110;132;0;635;0;333
111;132;0;287;0;333
112;132;0;287;0;333
112;132;0;287;0;333
118;132;0;287;0;333
28;133;0;623;0;333
29;133;0;287;0;333
29;133;0;623;0;333
30;133;0;3087;0;333
57;133;0;609;0;333
58;133;0;610;0;333
59;133;0;609;0;333
89;133;0;1254;0;333
90;133;0;3088;0;333
91;133;0;287;0;333
92;133;0;287;0;333
94;133;0;287;0;333
95;133;0;634;0;333
103;133;0;693;0;333
104;133;0;634;0;333
108;133;0;214;0;333
110;133;0;635;0;333
110;133;0;267;0;333
111;133;0;287;0;333
118;133;0;287;0;333
28;134;0;623;0;333
29;134;0;287;0;333
29;134;0;623;0;333
30;134;0;3087;0;333
30;134;0;3087;0;333
57;134;0;609;0;333
58;134;0;611;0;333
59;134;0;609;0;333
89;134;0;1251;0;333
90;134;0;3088;0;333
91;134;0;287;0;333
94;134;0;287;0;333
95;134;0;634;0;333
104;134;0;654;0;333
109;134;0;691;0;333
109;134;0;276;0;333
110;134;0;683;0;333
111;134;0;287;0;333
118;134;0;287;0;333
26;135;0;623;0;333
27;135;0;287;0;333
28;135;0;623;0;333
29;135;0;287;0;333
29;135;0;623;0;333
30;135;0;3087;0;333
57;135;0;609;0;333
58;135;0;609;0;333
59;135;0;610;0;333
89;135;0;232;0;333
89;135;0;233;0;333
90;135;0;3088;0;333
91;135;0;287;0;333
94;135;0;287;0;333
95;135;0;634;0;333
104;135;0;658;0;333
109;135;0;635;0;333
110;135;0;287;0;333
118;135;0;287;0;333
26;136;0;623;0;333
27;136;0;287;0;333
28;136;0;3092;0;333
29;136;0;3092;0;333
30;136;0;3092;0;333
57;136;0;610;0;333
58;136;0;609;0;333
59;136;0;611;0;333
89;136;0;1257;0;333
90;136;0;3088;0;333
91;136;0;287;0;333
94;136;0;287;0;333
95;136;0;682;0;333
96;136;0;632;0;333
97;136;0;632;0;333
98;136;0;690;0;333
104;136;0;634;0;333
104;136;0;693;0;333
109;136;0;635;0;333
109;136;0;267;0;333
110;136;0;287;0;333
110;136;0;287;0;333
118;136;0;287;0;333
26;137;0;623;0;333
27;137;0;287;0;333
28;137;0;3092;0;333
57;137;0;611;0;333
58;137;0;609;0;333
59;137;0;609;0;333
89;137;0;1245;0;333
90;137;0;3088;0;333
91;137;0;287;0;333
91;137;0;287;0;333
94;137;0;287;0;333
94;137;0;287;0;333
95;137;0;287;0;333
96;137;0;287;0;333
97;137;0;287;0;333
98;137;0;682;0;333
99;137;0;632;0;333
100;137;0;632;0;333
101;137;0;632;0;333
102;137;0;632;0;333
103;137;0;632;0;333
104;137;0;682;0;333
104;137;0;632;0;333
105;137;0;632;0;333
106;137;0;632;0;333
107;137;0;632;0;333
108;137;0;632;0;333
109;137;0;683;0;333
110;137;0;287;0;333
110;137;0;287;0;333
118;137;0;287;0;333
26;138;0;623;0;333
27;138;0;287;0;333
28;138;0;3092;0;333
57;138;0;609;0;333
58;138;0;405;0;333
58;138;0;609;0;333
59;138;0;610;0;333
89;138;0;1273;0;333
90;138;0;3088;0;333
91;138;0;287;0;333
97;138;0;287;0;333
98;138;0;287;0;333
99;138;0;287;0;333
100;138;0;287;0;333
101;138;0;287;0;333
102;138;0;287;0;333
103;138;0;287;0;333
104;138;0;287;0;333
105;138;0;287;0;333
106;138;0;287;0;333
107;138;0;287;0;333
108;138;0;287;0;333
109;138;0;287;0;333
110;138;0;287;0;333
110;138;0;287;0;333
118;138;0;287;0;333
118;138;0;287;0;333
26;139;0;287;0;333
26;139;0;623;0;333
27;139;0;287;0;333
28;139;0;3092;0;333
57;139;0;610;0;333
57;139;0;2937;0;333
58;139;0;609;0;333
89;139;0;1276;0;333
90;139;0;3088;0;333
91;139;0;287;0;333
118;139;0;287;0;333
118;139;0;287;0;333
21;140;0;623;0;333
22;140;0;287;0;333
23;140;0;287;0;333
24;140;0;287;0;333
25;140;0;623;0;333
26;140;0;287;0;333
26;140;0;623;0;333
27;140;0;287;0;333
27;140;0;3092;0;333
27;140;0;3092;0;333
28;140;0;3092;0;333
57;140;0;611;0;333
58;140;0;609;0;333
89;140;0;914;0;333
90;140;0;3088;0;333
90;140;0;625;0;333
91;140;0;287;0;333
118;140;0;287;0;333
21;141;0;629;0;333
22;141;0;622;0;333
23;141;0;623;0;333
23;141;0;622;0;333
24;141;0;287;0;333
25;141;0;287;0;333
26;141;0;287;0;333
27;141;0;3092;0;333
57;141;0;609;0;333
58;141;0;609;0;333
59;141;0;611;0;333
89;141;0;915;0;333
90;141;0;3088;0;333
91;141;0;287;0;333
118;141;0;287;0;333
23;142;0;623;0;333
24;142;0;287;0;333
25;142;0;287;0;333
26;142;0;287;0;333
27;142;0;3092;0;333
57;142;0;609;0;333
57;142;0;3101;0;333
58;142;0;609;0;333
59;142;0;609;0;333
59;142;0;3101;0;333
89;142;0;1246;0;333
90;142;0;3088;0;333
91;142;0;287;0;333
118;142;0;287;0;333
23;143;0;629;0;333
24;143;0;622;0;333
24;143;0;287;0;333
25;143;0;622;0;333
25;143;0;287;0;333
26;143;0;622;0;333
26;143;0;287;0;333
27;143;0;3092;0;333
27;143;0;3092;0;333
28;143;0;3092;0;333
55;143;0;677;0;333
56;143;0;672;0;333
56;143;0;405;0;333
56;143;0;2805;0;333
56;143;0;2039;0;333
57;143;0;612;0;333
57;143;0;3094;0;333
58;143;0;612;0;333
59;143;0;612;0;333
60;143;0;672;0;333
60;143;0;405;0;333
60;143;0;2805;0;333
60;143;0;2039;0;333
61;143;0;676;0;333
90;143;0;3088;0;333
91;143;0;287;0;333
117;143;0;287;0;333
118;143;0;287;0;333
23;144;0;629;0;333
25;144;0;622;0;333
26;144;0;622;0;333
27;144;0;287;0;333
28;144;0;3092;0;333
28;144;0;3092;0;333
29;144;0;3092;0;333
30;144;0;3092;0;333
31;144;0;3092;0;333
55;144;0;674;0;333
56;144;0;3095;0;333
58;144;0;2937;0;333
60;144;0;3095;0;333
61;144;0;675;0;333
61;144;0;3098;0;333
90;144;0;3088;0;333
91;144;0;287;0;333
117;144;0;287;0;333
117;144;0;287;0;333
118;144;0;287;0;333
25;145;0;623;0;333
26;145;0;287;0;333
27;145;0;287;0;333
28;145;0;287;0;333
29;145;0;287;0;333
30;145;0;287;0;333
31;145;0;3087;0;333
55;145;0;674;0;333
56;145;0;3100;0;333
58;145;0;3101;0;333
61;145;0;675;0;333
79;145;0;3088;0;333
80;145;0;3086;0;333
81;145;0;3086;0;333
82;145;0;3086;0;333
83;145;0;3086;0;333
84;145;0;3086;0;333
85;145;0;3086;0;333
86;145;0;3086;0;333
87;145;0;3086;0;333
88;145;0;3086;0;333
89;145;0;3086;0;333
90;145;0;3086;0;333
91;145;0;287;0;333
117;145;0;287;0;333
23;146;0;629;0;333
24;146;0;629;0;333
25;146;0;629;0;333
26;146;0;622;0;333
27;146;0;622;0;333
28;146;0;622;0;333
29;146;0;623;0;333
30;146;0;287;0;333
31;146;0;3087;0;333
55;146;0;674;0;333
60;146;0;2832;0;333
61;146;0;675;0;333
61;146;0;3101;0;333
79;146;0;3088;0;333
80;146;0;287;0;333
81;146;0;287;0;333
82;146;0;287;0;333
82;146;0;287;0;333
83;146;0;287;0;333
83;146;0;287;0;333
84;146;0;287;0;333
84;146;0;287;0;333
85;146;0;287;0;333
85;146;0;287;0;333
86;146;0;287;0;333
87;146;0;287;0;333
88;146;0;287;0;333
89;146;0;287;0;333
90;146;0;287;0;333
91;146;0;287;0;333
91;146;0;287;0;333
117;146;0;287;0;333
20;147;0;623;0;333
21;147;0;287;0;333
23;147;0;629;0;333
24;147;0;629;0;333
25;147;0;627;0;333
26;147;0;628;0;333
29;147;0;623;0;333
30;147;0;287;0;333
31;147;0;3087;0;333
55;147;0;674;0;333
56;147;0;3101;0;333
57;147;0;3100;0;333
61;147;0;675;0;333
75;147;0;3092;0;333
76;147;0;3086;0;333
77;147;0;3086;0;333
78;147;0;3086;0;333
79;147;0;3086;0;333
79;147;0;3088;0;333
80;147;0;287;0;333
117;147;0;287;0;333
20;148;0;623;0;333
21;148;0;287;0;333
22;148;0;627;0;333
29;148;0;623;0;333
30;148;0;287;0;333
31;148;0;3087;0;333
46;148;0;3092;0;333
47;148;0;3086;0;333
48;148;0;3086;0;333
49;148;0;3086;0;333
50;148;0;3086;0;333
51;148;0;3086;0;333
52;148;0;3086;0;333
53;148;0;3086;0;333
55;148;0;674;0;333
60;148;0;3100;0;333
61;148;0;675;0;333
75;148;0;3088;0;333
76;148;0;287;0;333
77;148;0;287;0;333
77;148;0;287;0;333
78;148;0;287;0;333
78;148;0;287;0;333
79;148;0;287;0;333
79;148;0;287;0;333
80;148;0;287;0;333
80;148;0;287;0;333
117;148;0;287;0;333
20;149;0;623;0;333
21;149;0;287;0;333
22;149;0;629;0;333
23;149;0;628;0;333
29;149;0;623;0;333
29;149;0;625;0;333
30;149;0;287;0;333
31;149;0;3087;0;333
46;149;0;3086;0;333
47;149;0;287;0;333
48;149;0;287;0;333
49;149;0;287;0;333
50;149;0;287;0;333
51;149;0;287;0;333
52;149;0;287;0;333
53;149;0;3086;0;333
75;149;0;3088;0;333
76;149;0;287;0;333
117;149;0;287;0;333
20;150;0;623;0;333
21;150;0;287;0;333
29;150;0;623;0;333
30;150;0;287;0;333
31;150;0;3087;0;333
38;150;0;3092;0;333
39;150;0;3086;0;333
40;150;0;3086;0;333
41;150;0;3086;0;333
42;150;0;3086;0;333
43;150;0;3086;0;333
44;150;0;3086;0;333
45;150;0;3086;0;333
45;150;0;3086;0;333
46;150;0;3086;0;333
47;150;0;287;0;333
52;150;0;287;0;333
52;150;0;287;0;333
53;150;0;3086;0;333
54;150;0;3086;0;333
55;150;0;3086;0;333
56;150;0;3086;0;333
57;150;0;3086;0;333
58;150;0;3086;0;333
59;150;0;3086;0;333
60;150;0;3086;0;333
75;150;0;3088;0;333
76;150;0;287;0;333
117;150;0;287;0;333
20;151;0;629;0;333
21;151;0;622;0;333
29;151;0;623;0;333
30;151;0;287;0;333
31;151;0;3087;0;333
32;151;0;3086;0;333
33;151;0;3086;0;333
34;151;0;3086;0;333
35;151;0;3086;0;333
36;151;0;3086;0;333
37;151;0;3086;0;333
37;151;0;3086;0;333
37;151;0;3086;0;333
37;151;0;3092;0;333
38;151;0;3086;0;333
38;151;0;3092;0;333
39;151;0;287;0;333
40;151;0;287;0;333
41;151;0;287;0;333
42;151;0;287;0;333
43;151;0;287;0;333
44;151;0;287;0;333
45;151;0;287;0;333
46;151;0;287;0;333
47;151;0;287;0;333
52;151;0;287;0;333
53;151;0;287;0;333
54;151;0;287;0;333
55;151;0;287;0;333
56;151;0;287;0;333
57;151;0;287;0;333
58;151;0;287;0;333
58;151;0;287;0;333
59;151;0;287;0;333
59;151;0;287;0;333
59;151;0;287;0;333
60;151;0;3086;0;333
75;151;0;3088;0;333
76;151;0;287;0;333
117;151;0;287;0;333
19;152;0;627;0;333
20;152;0;629;0;333
29;152;0;623;0;333
30;152;0;287;0;333
31;152;0;287;0;333
32;152;0;287;0;333
33;152;0;287;0;333
34;152;0;287;0;333
35;152;0;287;0;333
36;152;0;287;0;333
37;152;0;287;0;333
38;152;0;287;0;333
39;152;0;287;0;333
59;152;0;287;0;333
59;152;0;287;0;333
60;152;0;3086;0;333
67;152;0;3092;0;333
68;152;0;3086;0;333
69;152;0;3086;0;333
70;152;0;3086;0;333
71;152;0;3086;0;333
72;152;0;3086;0;333
73;152;0;3086;0;333
74;152;0;3086;0;333
75;152;0;3086;0;333
76;152;0;287;0;333
117;152;0;287;0;333
26;153;0;627;0;333
29;153;0;629;0;333
30;153;0;622;0;333
31;153;0;622;0;333
32;153;0;622;0;333
33;153;0;622;0;333
34;153;0;622;0;333
35;153;0;622;0;333
36;153;0;622;0;333
37;153;0;630;0;333
38;153;0;287;0;333
59;153;0;287;0;333
59;153;0;287;0;333
60;153;0;3086;0;333
67;153;0;3088;0;333
68;153;0;287;0;333
68;153;0;287;0;333
69;153;0;287;0;333
69;153;0;287;0;333
70;153;0;287;0;333
70;153;0;287;0;333
70;153;0;287;0;333
71;153;0;287;0;333
71;153;0;287;0;333
72;153;0;287;0;333
72;153;0;287;0;333
73;153;0;287;0;333
74;153;0;287;0;333
75;153;0;287;0;333
76;153;0;287;0;333
76;153;0;287;0;333
117;153;0;287;0;333
26;154;0;623;0;333
27;154;0;287;0;333
28;154;0;287;0;333
37;154;0;623;0;333
38;154;0;287;0;333
39;154;0;287;0;333
40;154;0;287;0;333
41;154;0;287;0;333
59;154;0;287;0;333
59;154;0;287;0;333
60;154;0;3086;0;333
67;154;0;3088;0;333
68;154;0;287;0;333
68;154;0;287;0;333
117;154;0;287;0;333
26;155;0;629;0;333
27;155;0;622;0;333
27;155;0;624;0;333
28;155;0;622;0;333
29;155;0;628;0;333
37;155;0;629;0;333
38;155;0;622;0;333
39;155;0;630;0;333
40;155;0;287;0;333
41;155;0;287;0;333
46;155;0;287;0;333
47;155;0;287;0;333
48;155;0;287;0;333
49;155;0;287;0;333
50;155;0;287;0;333
51;155;0;287;0;333
52;155;0;287;0;333
53;155;0;287;0;333
53;155;0;287;0;333
59;155;0;287;0;333
59;155;0;287;0;333
60;155;0;3086;0;333
67;155;0;3088;0;333
68;155;0;287;0;333
68;155;0;287;0;333
117;155;0;287;0;333
118;155;0;287;0;333
119;155;0;287;0;333
120;155;0;287;0;333
121;155;0;287;0;333
122;155;0;287;0;333
123;155;0;287;0;333
124;155;0;287;0;333
125;155;0;287;0;333
126;155;0;287;0;333
22;156;0;623;0;333
23;156;0;287;0;333
25;156;0;628;0;333
39;156;0;623;0;333
40;156;0;287;0;333
41;156;0;287;0;333
42;156;0;287;0;333
43;156;0;287;0;333
46;156;0;287;0;333
47;156;0;622;0;333
48;156;0;622;0;333
49;156;0;622;0;333
49;156;0;624;0;333
50;156;0;622;0;333
51;156;0;622;0;333
52;156;0;287;0;333
52;156;0;630;0;333
53;156;0;287;0;333
59;156;0;287;0;333
59;156;0;287;0;333
60;156;0;3086;0;333
67;156;0;3088;0;333
67;156;0;3088;0;333
68;156;0;287;0;333
68;156;0;287;0;333
126;156;0;287;0;333
22;157;0;629;0;333
23;157;0;622;0;333
24;157;0;628;0;333
39;157;0;629;0;333
40;157;0;622;0;333
41;157;0;630;0;333
42;157;0;287;0;333
43;157;0;287;0;333
44;157;0;287;0;333
45;157;0;287;0;333
46;157;0;287;0;333
48;157;0;1783;0;333
51;157;0;675;0;333
51;157;0;386;0;333
52;157;0;623;0;333
53;157;0;287;0;333
58;157;0;287;0;333
58;157;0;287;0;333
59;157;0;287;0;333
59;157;0;287;0;333
60;157;0;3086;0;333
60;157;0;3086;0;333
61;157;0;3086;0;333
62;157;0;3086;0;333
63;157;0;3086;0;333
64;157;0;3086;0;333
65;157;0;3086;0;333
66;157;0;3086;0;333
67;157;0;3088;0;333
68;157;0;287;0;333
68;157;0;287;0;333
126;157;0;287;0;333
41;158;0;629;0;333
42;158;0;622;0;333
43;158;0;622;0;333
44;158;0;622;0;333
45;158;0;622;0;333
46;158;0;622;0;333
47;158;0;1812;0;333
51;158;0;675;0;333
52;158;0;623;0;333
53;158;0;287;0;333
54;158;0;287;0;333
55;158;0;287;0;333
56;158;0;287;0;333
57;158;0;287;0;333
58;158;0;287;0;333
58;158;0;287;0;333
59;158;0;622;0;333
60;158;0;622;0;333
60;158;0;623;0;333
61;158;0;628;0;333
61;158;0;287;0;333
62;158;0;287;0;333
63;158;0;287;0;333
64;158;0;287;0;333
65;158;0;287;0;333
66;158;0;287;0;333
67;158;0;287;0;333
68;158;0;287;0;333
68;158;0;287;0;333
126;158;0;287;0;333
127;158;0;287;0;333
128;158;0;287;0;333
129;158;0;287;0;333
130;158;0;287;0;333
43;159;0;677;0;333
44;159;0;301;0;333
45;159;0;301;0;333
46;159;0;301;0;333
49;159;0;1783;0;333
50;159;0;592;0;333
51;159;0;675;0;333
52;159;0;629;0;333
53;159;0;622;0;333
54;159;0;623;0;333
54;159;0;630;0;333
55;159;0;287;0;333
56;159;0;287;0;333
57;159;0;622;0;333
58;159;0;622;0;333
59;159;0;628;0;333
60;159;0;629;0;333
61;159;0;622;0;333
62;159;0;622;0;333
63;159;0;622;0;333
63;159;0;624;0;333
64;159;0;622;0;333
65;159;0;630;0;333
66;159;0;287;0;333
130;159;0;287;0;333
43;160;0;674;0;333
44;160;0;1783;0;333
46;160;0;595;0;333
48;160;0;587;0;333
50;160;0;587;0;333
51;160;0;675;0;333
54;160;0;623;0;333
55;160;0;287;0;333
56;160;0;287;0;333
65;160;0;623;0;333
66;160;0;287;0;333
130;160;0;287;0;333
43;161;0;678;0;333
44;161;0;673;0;333
45;161;0;673;0;333
46;161;0;673;0;333
50;161;0;1812;0;333
51;161;0;675;0;333
51;161;0;1782;0;333
54;161;0;629;0;333
55;161;0;622;0;333
56;161;0;622;0;333
57;161;0;628;0;333
65;161;0;623;0;333
66;161;0;287;0;333
130;161;0;287;0;333
47;162;0;678;0;333
48;162;0;673;0;333
49;162;0;673;0;333
50;162;0;673;0;333
51;162;0;679;0;333
65;162;0;623;0;333
66;162;0;287;0;333
67;162;0;287;0;333
68;162;0;287;0;333
69;162;0;287;0;333
70;162;0;287;0;333
70;162;0;287;0;333
130;162;0;287;0;333
65;163;0;629;0;333
66;163;0;622;0;333
67;163;0;622;0;333
68;163;0;622;0;333
69;163;0;630;0;333
70;163;0;287;0;333
70;163;0;287;0;333
70;163;0;287;0;333
130;163;0;287;0;333
69;164;0;623;0;333
70;164;0;287;0;333
70;164;0;287;0;333
130;164;0;287;0;333
69;165;0;623;0;333
70;165;0;287;0;333
70;165;0;287;0;333
130;165;0;287;0;333
69;166;0;623;0;333
70;166;0;287;0;333
70;166;0;287;0;333
130;166;0;287;0;333
69;167;0;623;0;333
69;167;0;625;0;333
70;167;0;287;0;333
70;167;0;287;0;333
130;167;0;287;0;333
69;168;0;623;0;333
70;168;0;287;0;333
70;168;0;287;0;333
130;168;0;287;0;333
69;169;0;623;0;333
70;169;0;287;0;333
70;169;0;287;0;333
129;169;0;287;0;333
129;169;0;287;0;333
130;169;0;287;0;333
69;170;0;623;0;333
70;170;0;287;0;333
70;170;0;287;0;333
71;170;0;287;0;333
128;170;0;287;0;333
128;170;0;287;0;333
129;170;0;287;0;333
69;171;0;629;0;333
70;171;0;630;0;333
71;171;0;287;0;333
71;171;0;287;0;333
72;171;0;287;0;333
72;171;0;287;0;333
73;171;0;287;0;333
73;171;0;287;0;333
127;171;0;287;0;333
127;171;0;287;0;333
128;171;0;287;0;333
70;172;0;629;0;333
71;172;0;622;0;333
72;172;0;630;0;333
73;172;0;287;0;333
73;172;0;287;0;333
126;172;0;287;0;333
127;172;0;287;0;333
72;173;0;623;0;333
73;173;0;287;0;333
126;173;0;287;0;333
126;173;0;287;0;333
127;173;0;287;0;333
72;174;0;623;0;333
73;174;0;287;0;333
126;174;0;287;0;333
72;175;0;623;0;333
73;175;0;287;0;333
126;175;0;287;0;333
72;176;0;623;0;333
73;176;0;287;0;333
73;176;0;630;0;333
126;176;0;287;0;333
126;176;0;287;0;333
127;176;0;287;0;333
73;177;0;629;0;333
74;177;0;287;0;333
74;177;0;630;0;333
127;177;0;287;0;333
128;177;0;287;0;333
129;177;0;287;0;333
130;177;0;287;0;333
73;178;0;629;0;333
74;178;0;623;0;333
74;178;0;630;0;333
130;178;0;287;0;333
74;179;0;623;0;333
75;179;0;287;0;333
130;179;0;287;0;333
74;180;0;623;0;333
75;180;0;287;0;333
130;180;0;287;0;333
74;181;0;623;0;333
75;181;0;287;0;333
130;181;0;287;0;333
74;182;0;623;0;333
75;182;0;287;0;333
130;182;0;287;0;333
74;183;0;623;0;333
75;183;0;287;0;333
130;183;0;287;0;333
65;184;0;623;0;333
66;184;0;287;0;333
67;184;0;287;0;333
68;184;0;287;0;333
71;184;0;287;0;333
74;184;0;623;0;333
75;184;0;287;0;333
130;184;0;287;0;333
65;185;0;629;0;333
66;185;0;622;0;333
67;185;0;630;0;333
68;185;0;287;0;333
69;185;0;287;0;333
70;185;0;287;0;333
71;185;0;287;0;333
74;185;0;623;0;333
75;185;0;287;0;333
130;185;0;287;0;333
65;186;0;274;0;333
66;186;0;914;0;333
67;186;0;629;0;333
68;186;0;622;0;333
69;186;0;630;0;333
70;186;0;287;0;333
71;186;0;287;0;333
72;186;0;287;0;333
73;186;0;287;0;333
74;186;0;287;0;333
75;186;0;287;0;333
130;186;0;287;0;333
66;187;0;1782;0;333
69;187;0;623;0;333
70;187;0;287;0;333
130;187;0;287;0;333
69;188;0;623;0;333
70;188;0;287;0;333
71;188;0;287;0;333
130;188;0;630;0;333
130;188;0;287;0;333
131;188;0;287;0;333
69;189;0;629;0;333
70;189;0;630;0;333
71;189;0;287;0;333
130;189;0;623;0;333
130;189;0;287;0;333
131;189;0;287;0;333
65;190;0;1245;0;333
66;190;0;1817;0;333
69;190;0;1783;0;333
70;190;0;623;0;333
71;190;0;287;0;333
72;190;0;287;0;333
130;190;0;623;0;333
130;190;0;287;0;333
65;191;0;627;0;333
66;191;0;626;0;333
69;191;0;915;0;333
70;191;0;629;0;333
71;191;0;630;0;333
72;191;0;287;0;333
130;191;0;623;0;333
130;191;0;287;0;333
65;192;0;629;0;333
66;192;0;628;0;333
70;192;0;623;0;333
70;192;0;625;0;333
71;192;0;287;0;333
72;192;0;287;0;333
130;192;0;623;0;333
130;192;0;287;0;333
65;193;0;1782;0;333
67;193;0;1813;0;333
68;193;0;2170;0;333
69;193;0;387;0;333
70;193;0;623;0;333
71;193;0;287;0;333
130;193;0;623;0;333
130;193;0;287;0;333
131;193;0;287;0;333
67;194;0;1783;0;333
69;194;0;623;0;333
70;194;0;287;0;333
71;194;0;287;0;333
131;194;0;287;0;333
65;195;0;301;0;333
66;195;0;301;0;333
67;195;0;627;0;333
69;195;0;623;0;333
70;195;0;287;0;333
131;195;0;287;0;333
65;196;0;627;0;333
67;196;0;623;0;333
68;196;0;287;0;333
69;196;0;287;0;333
70;196;0;287;0;333
131;196;0;287;0;333
65;197;0;623;0;333
66;197;0;287;0;333
67;197;0;287;0;333
68;197;0;287;0;333
131;197;0;287;0;333
65;198;0;623;0;333
65;198;0;623;0;333
66;198;0;287;0;333
131;198;0;287;0;333
65;199;0;629;0;333
66;199;0;630;0;333
67;199;0;287;0;333
131;199;0;287;0;333
66;200;0;629;0;333
67;200;0;287;0;333
131;200;0;287;0;333
65;201;0;627;0;333
66;201;0;623;0;333
67;201;0;287;0;333
131;201;0;287;0;333
64;202;0;627;0;333
65;202;0;623;0;333
66;202;0;287;0;333
67;202;0;287;0;333
131;202;0;287;0;333
64;203;0;623;0;333
65;203;0;287;0;333
66;203;0;287;0;333
67;203;0;287;0;333
131;203;0;287;0;333
64;204;0;623;0;333
65;204;0;287;0;333
66;204;0;287;0;333
131;204;0;287;0;333
64;205;0;629;0;333
65;205;0;630;0;333
66;205;0;287;0;333
131;205;0;287;0;333
65;206;0;623;0;333
66;206;0;287;0;333
129;206;0;287;0;333
130;206;0;287;0;333
131;206;0;287;0;333
65;207;0;623;0;333
66;207;0;287;0;333
129;207;0;287;0;333
130;207;0;622;0;333
131;207;0;622;0;333
65;208;0;623;0;333
66;208;0;287;0;333
124;208;0;287;0;333
125;208;0;287;0;333
126;208;0;287;0;333
127;208;0;287;0;333
128;208;0;287;0;333
129;208;0;287;0;333
65;209;0;623;0;333
66;209;0;287;0;333
124;209;0;287;0;333
125;209;0;622;0;333
126;209;0;622;0;333
127;209;0;622;0;333
128;209;0;622;0;333
129;209;0;622;0;333
130;209;0;628;0;333
65;210;0;623;0;333
66;210;0;287;0;333
124;210;0;287;0;333
65;211;0;623;0;333
66;211;0;287;0;333
124;211;0;287;0;333
124;211;0;287;0;333
125;211;0;287;0;333
126;211;0;287;0;333
65;212;0;623;0;333
66;212;0;287;0;333
126;212;0;287;0;333
65;213;0;623;0;333
66;213;0;287;0;333
126;213;0;287;0;333
65;214;0;623;0;333
66;214;0;287;0;333
126;214;0;287;0;333
65;215;0;623;0;333
65;215;0;625;0;333
66;215;0;287;0;333
126;215;0;287;0;333
65;216;0;623;0;333
66;216;0;287;0;333
126;216;0;287;0;333
65;217;0;623;0;333
66;217;0;287;0;333
126;217;0;287;0;333
64;218;0;627;0;333
65;218;0;623;0;333
66;218;0;287;0;333
126;218;0;287;0;333
64;219;0;623;0;333
65;219;0;287;0;333
66;219;0;287;0;333
122;219;0;287;0;333
123;219;0;287;0;333
124;219;0;287;0;333
125;219;0;287;0;333
126;219;0;287;0;333
126;219;0;287;0;333
64;220;0;623;0;333
65;220;0;287;0;333
117;220;0;287;0;333
118;220;0;287;0;333
119;220;0;287;0;333
120;220;0;287;0;333
121;220;0;287;0;333
122;220;0;622;0;333
123;220;0;622;0;333
124;220;0;597;0;333
125;220;0;622;0;333
126;220;0;622;0;333
127;220;0;628;0;333
64;221;0;623;0;333
65;221;0;287;0;333
117;221;0;287;0;333
64;222;0;623;0;333
65;222;0;287;0;333
117;222;0;287;0;333
64;223;0;623;0;333
65;223;0;287;0;333
117;223;0;287;0;333
64;224;0;623;0;333
65;224;0;287;0;333
117;224;0;287;0;333
64;225;0;623;0;333
64;225;0;625;0;333
65;225;0;287;0;333
117;225;0;287;0;333
64;226;0;623;0;333
65;226;0;287;0;333
117;226;0;287;0;333
64;227;0;623;0;333
65;227;0;287;0;333
117;227;0;287;0;333
64;228;0;623;0;333
65;228;0;287;0;333
117;228;0;287;0;333
63;229;0;627;0;333
64;229;0;623;0;333
65;229;0;287;0;333
117;229;0;287;0;333
63;230;0;623;0;333
64;230;0;287;0;333
65;230;0;287;0;333
117;230;0;287;0;333
118;230;0;287;0;333
119;230;0;287;0;333
120;230;0;287;0;333
63;231;0;623;0;333
64;231;0;287;0;333
120;231;0;287;0;333
121;231;0;287;0;333
122;231;0;287;0;333
63;232;0;623;0;333
64;232;0;287;0;333
122;232;0;287;0;333
62;233;0;232;0;333
62;233;0;233;0;333
63;233;0;623;0;333
64;233;0;287;0;333
120;233;0;287;0;333
121;233;0;287;0;333
122;233;0;287;0;333
62;234;0;1254;0;333
63;234;0;623;0;333
64;234;0;287;0;333
65;234;0;287;0;333
120;234;0;287;0;333
121;234;0;622;0;333
122;234;0;622;0;333
63;235;0;629;0;333
64;235;0;630;0;333
65;235;0;287;0;333
120;235;0;287;0;333
64;236;0;623;0;333
65;236;0;287;0;333
120;236;0;287;0;333
64;237;0;623;0;333
65;237;0;287;0;333
120;237;0;287;0;333
64;238;0;623;0;333
65;238;0;287;0;333
120;238;0;287;0;333
64;239;0;623;0;333
64;239;0;625;0;333
65;239;0;287;0;333
120;239;0;287;0;333
64;240;0;623;0;333
65;240;0;287;0;333
120;240;0;287;0;333
64;241;0;623;0;333
65;241;0;287;0;333
120;241;0;287;0;333
64;242;0;623;0;333
65;242;0;287;0;333
116;242;0;287;0;333
117;242;0;287;0;333
118;242;0;287;0;333
119;242;0;287;0;333
120;242;0;287;0;333
64;243;0;623;0;333
65;243;0;287;0;333
116;243;0;287;0;333
117;243;0;622;0;333
118;243;0;622;0;333
119;243;0;622;0;333
120;243;0;622;0;333
64;244;0;623;0;333
65;244;0;287;0;333
73;244;0;627;0;333
116;244;0;287;0;333
64;245;0;623;0;333
65;245;0;287;0;333
73;245;0;623;0;333
74;245;0;287;0;333
116;245;0;287;0;333
64;246;0;623;0;333
65;246;0;287;0;333
73;246;0;623;0;333
74;246;0;287;0;333
116;246;0;287;0;333
64;247;0;623;0;333
65;247;0;287;0;333
66;247;0;287;0;333
67;247;0;287;0;333
72;247;0;623;0;333
73;247;0;287;0;333
74;247;0;287;0;333
116;247;0;287;0;333
64;248;0;629;0;333
65;248;0;622;0;333
66;248;0;630;0;333
67;248;0;287;0;333
67;248;0;287;0;333
72;248;0;623;0;333
73;248;0;287;0;333
74;248;0;622;0;333
116;248;0;287;0;333
66;249;0;623;0;333
67;249;0;287;0;333
68;249;0;287;0;333
69;249;0;287;0;333
69;249;0;287;0;333
70;249;0;287;0;333
71;249;0;287;0;333
72;249;0;287;0;333
73;249;0;287;0;333
79;249;0;287;0;333
80;249;0;287;0;333
81;249;0;287;0;333
82;249;0;287;0;333
83;249;0;287;0;333
84;249;0;287;0;333
116;249;0;287;0;333
66;250;0;629;0;333
67;250;0;622;0;333
67;250;0;624;0;333
67;250;0;1254;0;333
68;250;0;622;0;333
69;250;0;622;0;333
70;250;0;622;0;333
71;250;0;622;0;333
72;250;0;622;0;333
73;250;0;622;0;333
74;250;0;628;0;333
74;250;0;623;0;333
75;250;0;287;0;333
78;250;0;287;0;333
79;250;0;622;0;333
80;250;0;622;0;333
81;250;0;622;0;333
82;250;0;622;0;333
83;250;0;630;0;333
84;250;0;287;0;333
116;250;0;287;0;333
66;251;0;1245;0;333
67;251;0;914;0;333
69;251;0;1246;0;333
74;251;0;629;0;333
75;251;0;630;0;333
76;251;0;287;0;333
77;251;0;287;0;333
78;251;0;622;0;333
79;251;0;628;0;333
83;251;0;623;0;333
84;251;0;287;0;333
116;251;0;287;0;333
75;252;0;629;0;333
76;252;0;622;0;333
77;252;0;622;0;333
78;252;0;628;0;333
83;252;0;623;0;333
84;252;0;287;0;333
116;252;0;287;0;333
82;253;0;627;0;333
83;253;0;623;0;333
84;253;0;287;0;333
116;253;0;287;0;333
82;254;0;623;0;333
83;254;0;287;0;333
84;254;0;287;0;333
116;254;0;287;0;333
82;255;0;623;0;333
83;255;0;287;0;333
116;255;0;287;0;333
82;256;0;623;0;333
83;256;0;287;0;333
116;256;0;287;0;333
82;257;0;623;0;333
83;257;0;287;0;333
84;257;0;287;0;333
113;257;0;287;0;333
114;257;0;287;0;333
115;257;0;287;0;333
116;257;0;287;0;333
82;258;0;629;0;333
83;258;0;630;0;333
84;258;0;287;0;333
113;258;0;287;0;333
114;258;0;622;0;333
115;258;0;622;0;333
116;258;0;622;0;333
83;259;0;623;0;333
84;259;0;287;0;333
84;259;0;623;0;333
113;259;0;287;0;333
83;260;0;623;0;333
84;260;0;287;0;333
84;260;0;623;0;333
105;260;0;287;0;333
106;260;0;287;0;333
107;260;0;287;0;333
108;260;0;287;0;333
109;260;0;287;0;333
110;260;0;287;0;333
111;260;0;287;0;333
112;260;0;287;0;333
113;260;0;287;0;333
83;261;0;623;0;333
84;261;0;287;0;333
84;261;0;623;0;333
105;261;0;287;0;333
106;261;0;622;0;333
107;261;0;622;0;333
108;261;0;622;0;333
109;261;0;622;0;333
109;261;0;624;0;333
110;261;0;622;0;333
111;261;0;622;0;333
112;261;0;622;0;333
113;261;0;622;0;333
83;262;0;623;0;333
84;262;0;287;0;333
84;262;0;623;0;333
105;262;0;287;0;333
82;263;0;627;0;333
83;263;0;623;0;333
84;263;0;287;0;333
84;263;0;623;0;333
102;263;0;287;0;333
103;263;0;287;0;333
104;263;0;287;0;333
105;263;0;287;0;333
82;264;0;623;0;333
83;264;0;287;0;333
102;264;0;287;0;333
103;264;0;622;0;333
104;264;0;622;0;333
105;264;0;622;0;333
106;264;0;628;0;333
82;265;0;623;0;333
83;265;0;287;0;333
84;265;0;287;0;333
85;265;0;287;0;333
86;265;0;287;0;333
102;265;0;287;0;333
82;266;0;629;0;333
83;266;0;622;0;333
84;266;0;622;0;333
85;266;0;630;0;333
86;266;0;287;0;333
102;266;0;287;0;333
85;267;0;623;0;333
86;267;0;287;0;333
102;267;0;287;0;333
85;268;0;623;0;333
86;268;0;287;0;333
102;268;0;287;0;333
102;268;0;287;0;333
85;269;0;623;0;333
86;269;0;287;0;333
102;269;0;287;0;333
85;270;0;623;0;333
86;270;0;287;0;333
87;270;0;287;0;333
88;270;0;287;0;333
89;270;0;287;0;333
99;270;0;287;0;333
100;270;0;287;0;333
101;270;0;287;0;333
102;270;0;622;0;333
103;270;0;628;0;333
85;271;0;629;0;333
86;271;0;622;0;333
87;271;0;622;0;333
88;271;0;622;0;333
89;271;0;287;0;333
90;271;0;287;0;333
91;271;0;287;0;333
92;271;0;287;0;333
93;271;0;287;0;333
94;271;0;287;0;333
95;271;0;287;0;333
96;271;0;287;0;333
97;271;0;287;0;333
98;271;0;287;0;333
99;271;0;622;0;333
100;271;0;622;0;333
101;271;0;622;0;333
102;271;0;628;0;333
88;272;0;629;0;333
89;272;0;622;0;333
90;272;0;622;0;333
91;272;0;622;0;333
92;272;0;622;0;333
93;272;0;622;0;333
94;272;0;622;0;333
95;272;0;622;0;333
96;272;0;622;0;333
97;272;0;622;0;333
98;272;0;622;0;333
99;272;0;628;0;333
