0;9;287;333
0;10;287;333
0;11;287;333
0;12;287;333
0;13;287;333
0;14;287;333
0;15;287;333
0;16;287;333
0;17;287;333
0;18;287;333
0;19;287;333
0;20;287;333
0;21;287;333
0;22;287;333
0;23;287;333
0;24;287;333
0;25;287;333
0;26;287;333
0;27;287;333
0;28;287;333
0;29;287;333
0;30;287;333
0;31;287;333
0;32;287;333
0;33;287;333
0;34;287;333
0;35;287;333
0;36;287;333
0;37;287;333
0;38;287;333
0;39;287;333
0;40;287;333
0;41;287;333
0;42;287;333
0;43;287;333
0;44;287;333
0;45;287;333
0;46;287;333
0;47;287;333
0;48;287;333
0;49;287;333
0;50;287;333
0;51;287;333
0;52;287;333
0;53;287;333
0;54;287;333
0;55;287;333
0;56;287;333
0;57;287;333
0;58;287;333
0;59;287;333
0;60;287;333
0;61;287;333
0;62;287;333
0;63;287;333
0;64;287;333
0;65;287;333
0;66;287;333
0;67;287;333
0;68;287;333
0;69;287;333
0;70;287;333
0;71;287;333
1;9;287;333
1;13;287;333
1;14;287;333
1;15;287;333
1;16;287;333
1;17;287;333
1;18;287;333
1;19;287;333
1;20;287;333
1;21;287;333
1;22;287;333
1;23;287;333
1;24;287;333
1;25;287;333
1;26;287;333
1;27;287;333
1;28;287;333
1;29;287;333
1;30;287;333
1;31;287;333
1;32;287;333
1;33;287;333
1;34;287;333
1;35;287;333
1;36;287;333
1;37;287;333
1;38;287;333
1;39;287;333
1;40;287;333
1;41;287;333
1;42;287;333
1;43;287;333
1;44;287;333
1;45;287;333
1;46;287;333
1;47;287;333
1;48;287;333
1;49;287;333
1;50;287;333
1;51;287;333
1;52;287;333
1;53;287;333
1;54;287;333
1;55;287;333
1;56;287;333
1;57;287;333
1;58;287;333
1;59;287;333
1;60;287;333
1;61;287;333
1;62;287;333
1;63;287;333
1;64;287;333
1;65;287;333
1;66;287;333
1;67;287;333
1;68;287;333
1;69;287;333
1;70;287;333
1;71;287;333
2;9;287;333
2;10;628;333
2;12;1265;333
2;31;287;333
2;32;287;333
2;33;287;333
2;34;287;333
2;35;287;333
2;36;287;333
2;37;287;333
2;38;287;333
2;39;287;333
2;40;287;333
2;41;287;333
2;42;287;333
2;43;287;333
2;44;287;333
2;45;633;333
2;66;1266;333
2;66;1246;333
2;67;3100;333
2;68;3100;333
2;69;3100;333
2;70;1266;333
2;71;287;333
2;71;287;333
3;9;287;333
3;10;627;333
3;11;1266;333
3;11;1254;333
3;12;28;333
3;13;1266;333
3;15;3094;333
3;18;914;333
3;19;3101;333
3;23;1265;333
3;24;3094;333
3;25;1266;333
3;29;3101;333
3;30;3097;333
3;31;287;333
3;45;633;333
3;45;688;333
3;45;1245;333
3;46;1266;333
3;55;3094;333
3;55;2937;333
3;56;1266;333
3;56;375;333
3;57;3101;333
3;59;1272;333
3;61;3101;333
3;63;375;333
3;64;1266;333
3;64;3094;333
3;71;287;333
4;9;287;333
4;10;629;333
4;11;2856;333
4;17;1272;333
4;18;3101;333
4;21;1266;333
4;21;3093;333
4;22;3101;333
4;25;1254;333
4;27;3093;333
4;30;1265;333
4;30;3097;333
4;31;680;333
4;31;3097;333
4;32;1266;333
4;34;3094;333
4;34;3094;333
4;36;421;333
4;37;1266;333
4;37;1265;333
4;41;3094;333
4;44;1266;333
4;45;633;333
4;48;1266;333
4;48;914;333
4;51;3093;333
4;52;1273;333
4;53;3101;333
4;55;231;333
4;56;1251;333
4;57;375;333
4;58;3101;333
4;59;3093;333
4;60;2038;333
4;62;1276;333
4;63;3101;333
4;64;1265;333
4;66;3093;333
4;68;1266;333
4;68;3101;333
4;70;3101;333
4;71;287;333
5;9;287;333
5;10;628;333
5;11;1265;333
5;11;3095;333
5;12;3101;333
5;13;627;333
5;14;623;333
5;14;628;333
5;15;600;333
5;15;627;333
5;16;596;333
5;16;1273;333
5;16;424;333
5;16;3093;333
5;17;596;333
5;17;424;333
5;17;3093;333
5;18;596;333
5;18;1245;333
5;18;424;333
5;18;3093;333
5;19;630;333
5;20;629;333
5;21;627;333
5;22;623;333
5;23;623;333
5;24;635;333
5;24;628;333
5;25;635;333
5;25;403;333
5;25;2038;333
5;25;391;333
5;26;635;333
5;26;1245;333
5;27;680;333
5;28;682;333
5;29;1272;333
5;29;3095;333
5;31;633;333
5;31;1273;333
5;31;3095;333
5;34;1272;333
5;36;3101;333
5;37;1265;333
5;39;1272;333
5;45;633;333
5;45;1247;333
5;46;1266;333
5;47;1265;333
5;48;627;333
5;49;623;333
5;50;629;333
5;50;628;333
5;51;629;333
5;52;600;333
5;52;623;333
5;53;628;333
5;54;635;333
5;54;628;333
5;55;635;333
5;55;1245;333
5;55;403;333
5;56;635;333
5;56;391;333
5;57;680;333
5;58;634;333
5;59;682;333
5;59;691;333
5;60;635;333
5;60;403;333
5;61;635;333
5;61;627;333
5;62;629;333
5;63;597;333
5;64;598;333
5;65;627;333
5;66;629;333
5;67;628;333
5;68;629;333
5;69;1272;333
5;70;1272;333
5;70;1265;333
5;71;287;333
6;9;287;333
6;10;597;333
6;10;3095;333
6;14;287;333
6;15;287;333
6;16;287;333
6;17;287;333
6;18;287;333
6;19;287;333
6;20;287;333
6;21;287;333
6;22;287;333
6;23;287;333
6;24;287;333
6;25;287;333
6;26;287;333
6;27;287;333
6;28;683;333
6;29;1265;333
6;30;1266;333
6;30;1265;333
6;31;633;333
6;34;2937;333
6;36;3093;333
6;38;1272;333
6;38;1254;333
6;38;2038;333
6;40;1272;333
6;40;1265;333
6;44;1265;333
6;45;633;333
6;45;401;333
6;45;3095;333
6;47;1272;333
6;49;287;333
6;50;287;333
6;51;287;333
6;52;287;333
6;53;287;333
6;54;287;333
6;55;287;333
6;56;287;333
6;57;287;333
6;58;287;333
6;59;287;333
6;60;287;333
6;61;287;333
6;62;287;333
6;63;287;333
6;64;287;333
6;65;287;333
6;66;287;333
6;67;287;333
6;68;627;333
6;71;287;333
7;9;287;333
7;10;597;333
7;10;3095;333
7;10;2038;333
7;11;1257;333
7;14;287;333
7;15;287;333
7;16;287;333
7;17;287;333
7;18;287;333
7;19;287;333
7;20;287;333
7;21;287;333
7;22;287;333
7;23;287;333
7;24;287;333
7;25;287;333
7;26;287;333
7;27;287;333
7;28;633;333
7;28;401;333
7;28;1245;333
7;30;3101;333
7;31;633;333
7;31;401;333
7;32;1272;333
7;32;914;333
7;33;1272;333
7;33;1265;333
7;35;1266;333
7;36;635;333
7;36;2805;333
7;37;635;333
7;37;403;333
7;37;3095;333
7;38;635;333
7;39;635;333
7;39;691;333
7;39;426;333
7;40;689;333
7;41;1266;333
7;41;1272;333
7;44;1266;333
7;44;1254;333
7;45;633;333
7;45;233;333
7;45;3093;333
7;49;287;333
7;50;287;333
7;51;287;333
7;52;287;333
7;53;287;333
7;54;287;333
7;55;287;333
7;56;287;333
7;57;287;333
7;58;287;333
7;59;287;333
7;60;287;333
7;61;622;333
7;62;2038;333
7;63;1266;333
7;63;3099;333
7;66;287;333
7;67;287;333
7;68;629;333
7;69;1272;333
7;71;287;333
8;9;287;333
8;10;622;333
8;10;627;333
8;11;1265;333
8;11;3095;333
8;14;287;333
8;15;287;333
8;16;287;333
8;17;287;333
8;18;287;333
8;19;287;333
8;20;287;333
8;21;287;333
8;22;287;333
8;23;287;333
8;24;287;333
8;25;287;333
8;26;287;333
8;27;287;333
8;28;633;333
8;28;629;333
8;29;3095;333
8;30;2937;333
8;31;633;333
8;31;3095;333
8;32;3101;333
8;39;914;333
8;40;633;333
8;40;688;333
8;40;2805;333
8;41;3095;333
8;45;633;333
8;45;622;333
8;46;2937;333
8;46;425;333
8;47;1266;333
8;49;287;333
8;50;287;333
8;51;287;333
8;52;287;333
8;53;287;333
8;54;287;333
8;55;287;333
8;56;287;333
8;57;287;333
8;58;287;333
8;59;287;333
8;60;287;333
8;61;622;333
8;61;624;333
8;62;1266;333
8;62;3099;333
8;63;3101;333
8;63;28;333
8;64;1272;333
8;66;287;333
8;67;287;333
8;68;627;333
8;69;1266;333
8;71;287;333
9;9;287;333
9;10;597;333
9;10;3095;333
9;11;3101;333
9;14;287;333
9;15;287;333
9;16;287;333
9;17;287;333
9;18;287;333
9;19;287;333
9;20;287;333
9;21;287;333
9;22;287;333
9;23;287;333
9;24;287;333
9;25;287;333
9;26;287;333
9;27;287;333
9;28;629;333
9;29;1272;333
9;31;633;333
9;32;1272;333
9;35;2038;333
9;36;1272;333
9;39;337;333
9;40;633;333
9;40;3094;333
9;41;914;333
9;45;633;333
9;45;3095;333
9;49;287;333
9;50;287;333
9;51;287;333
9;52;287;333
9;53;287;333
9;54;287;333
9;55;287;333
9;56;287;333
9;57;287;333
9;58;287;333
9;59;287;333
9;60;287;333
9;61;622;333
9;62;1245;333
9;62;425;333
9;64;1265;333
9;66;287;333
9;66;287;333
9;67;287;333
9;68;600;333
9;68;628;333
9;69;3095;333
9;71;287;333
10;9;287;333
10;10;597;333
10;10;3095;333
10;12;3101;333
10;23;287;333
10;24;287;333
10;25;287;333
10;26;287;333
10;27;287;333
10;28;627;333
10;29;1265;333
10;29;3101;333
10;30;1254;333
10;31;633;333
10;31;401;333
10;31;3095;333
10;33;1266;333
10;38;1272;333
10;39;1272;333
10;40;633;333
10;42;1266;333
10;45;633;333
10;45;401;333
10;45;391;333
10;46;1266;333
10;47;3101;333
10;58;287;333
10;59;287;333
10;60;287;333
10;61;627;333
10;62;629;333
10;63;425;333
10;66;287;333
10;67;287;333
10;68;628;333
10;71;287;333
11;9;287;333
11;10;597;333
11;10;3095;333
11;11;1272;333
11;13;1265;333
11;14;1266;333
11;14;1272;333
11;17;3101;333
11;17;3093;333
11;20;3100;333
11;21;3100;333
11;23;287;333
11;24;287;333
11;25;287;333
11;26;287;333
11;27;287;333
11;28;628;333
11;29;1272;333
11;31;633;333
11;31;1245;333
11;32;1272;333
11;36;1265;333
11;38;337;333
11;40;633;333
11;40;401;333
11;40;3095;333
11;45;633;333
11;45;3095;333
11;45;2038;333
11;46;1266;333
11;47;1272;333
11;49;1265;333
11;54;391;333
11;54;3094;333
11;56;1266;333
11;56;3097;333
11;57;914;333
11;57;2856;333
11;58;287;333
11;59;287;333
11;60;287;333
11;61;287;333
11;62;628;333
11;63;425;333
11;65;287;333
11;66;287;333
11;67;287;333
11;68;629;333
11;69;1266;333
11;70;3096;333
11;71;287;333
12;9;287;333
12;10;630;333
12;15;1272;333
12;16;376;333
12;16;2937;333
12;18;1272;333
12;18;3101;333
12;20;1245;333
12;21;3100;333
12;23;287;333
12;24;287;333
12;25;287;333
12;26;287;333
12;27;287;333
12;28;622;333
12;30;3096;333
12;31;633;333
12;31;629;333
12;33;3101;333
12;37;421;333
12;40;633;333
12;43;2937;333
12;44;1272;333
12;45;633;333
12;46;424;333
12;47;3093;333
12;49;3093;333
12;50;3099;333
12;51;3099;333
12;52;1254;333
12;52;2038;333
12;52;3093;333
12;54;1272;333
12;54;3101;333
12;56;1272;333
12;57;3097;333
12;58;287;333
12;59;287;333
12;60;287;333
12;61;287;333
12;62;628;333
12;63;3095;333
12;63;3101;333
12;65;287;333
12;66;287;333
12;67;287;333
12;68;622;333
12;70;914;333
12;71;287;333
13;9;287;333
13;10;628;333
13;11;1250;333
13;11;424;333
13;12;1265;333
13;12;424;333
13;12;427;333
13;13;1265;333
13;13;914;333
13;13;424;333
13;13;3093;333
13;14;426;333
13;15;424;333
13;15;427;333
13;15;426;333
13;15;3093;333
13;16;3101;333
13;17;391;333
13;18;1265;333
13;18;1276;333
13;18;3093;333
13;21;1245;333
13;23;287;333
13;24;287;333
13;25;287;333
13;26;287;333
13;27;287;333
13;28;622;333
13;28;624;333
13;29;914;333
13;30;1272;333
13;31;633;333
13;31;622;333
13;31;405;333
13;32;2038;333
13;32;425;333
13;39;337;333
13;40;633;333
13;40;2805;333
13;41;3095;333
13;42;1266;333
13;44;1272;333
13;44;3096;333
13;45;681;333
13;45;691;333
13;45;914;333
13;46;629;333
13;47;627;333
13;48;627;333
13;49;628;333
13;50;623;333
13;51;623;333
13;52;627;333
13;53;629;333
13;54;597;333
13;54;426;333
13;54;405;333
13;55;598;333
13;56;623;333
13;57;628;333
13;58;287;333
13;59;287;333
13;60;287;333
13;61;287;333
13;62;627;333
13;63;425;333
13;65;287;333
13;66;287;333
13;67;287;333
13;68;622;333
13;68;624;333
13;71;287;333
14;9;287;333
14;10;626;333
14;11;627;333
14;12;628;333
14;13;623;333
14;14;422;333
14;14;424;333
14;15;623;333
14;16;627;333
14;17;622;333
14;18;627;333
14;19;626;333
14;21;1272;333
14;21;1265;333
14;23;287;333
14;24;287;333
14;25;287;333
14;26;287;333
14;27;287;333
14;28;622;333
14;29;1265;333
14;31;633;333
14;31;622;333
14;32;1266;333
14;32;425;333
14;34;1266;333
14;37;1266;333
14;38;337;333
14;39;1266;333
14;39;1272;333
14;40;633;333
14;41;1266;333
14;41;1272;333
14;44;426;333
14;45;287;333
14;46;600;333
14;47;600;333
14;48;287;333
14;49;287;333
14;50;287;333
14;51;287;333
14;52;287;333
14;53;287;333
14;54;287;333
14;55;287;333
14;56;287;333
14;57;287;333
14;58;287;333
14;59;287;333
14;60;287;333
14;61;287;333
14;62;629;333
14;63;1266;333
14;65;287;333
14;66;287;333
14;67;287;333
14;68;622;333
14;69;3095;333
14;71;287;333
15;0;287;333
15;1;287;333
15;2;287;333
15;3;287;333
15;4;287;333
15;5;287;333
15;6;287;333
15;7;287;333
15;8;287;333
15;9;287;333
15;10;287;333
15;11;287;333
15;12;287;333
15;13;287;333
15;14;287;333
15;15;287;333
15;16;287;333
15;17;287;333
15;18;287;333
15;19;622;333
15;20;1247;333
15;22;287;333
15;23;287;333
15;28;628;333
15;30;3101;333
15;31;633;333
15;31;628;333
15;35;2937;333
15;36;2038;333
15;37;1266;333
15;39;1265;333
15;39;1254;333
15;40;633;333
15;40;401;333
15;42;1266;333
15;42;1272;333
15;46;287;333
15;47;600;333
15;48;628;333
15;49;3100;333
15;49;3095;333
15;50;1278;333
15;52;1266;333
15;54;1254;333
15;54;3094;333
15;56;1266;333
15;56;1272;333
15;59;1272;333
15;60;1265;333
15;60;3101;333
15;62;3101;333
15;63;1266;333
15;65;287;333
15;66;287;333
15;67;287;333
15;68;622;333
15;71;287;333
16;0;287;333
16;8;287;333
16;9;287;333
16;10;287;333
16;11;287;333
16;12;287;333
16;13;287;333
16;14;287;333
16;15;287;333
16;16;287;333
16;17;287;333
16;18;626;333
16;19;3098;333
16;19;3095;333
16;20;1266;333
16;22;287;333
16;23;287;333
16;24;1272;333
16;24;914;333
16;25;3099;333
16;28;375;333
16;29;3101;333
16;30;1266;333
16;30;914;333
16;31;633;333
16;31;1246;333
16;37;1266;333
16;38;337;333
16;39;3096;333
16;40;633;333
16;40;3093;333
16;40;426;333
16;40;405;333
16;41;1266;333
16;44;3101;333
16;46;287;333
16;47;287;333
16;48;622;333
16;51;3101;333
16;52;1272;333
16;53;424;333
16;53;410;333
16;54;424;333
16;56;375;333
16;57;3101;333
16;58;3093;333
16;58;424;333
16;59;1266;333
16;62;1266;333
16;62;3100;333
16;63;3100;333
16;63;2038;333
16;65;287;333
16;65;287;333
16;66;287;333
16;67;287;333
16;68;628;333
16;70;1266;333
16;70;1272;333
16;71;287;333
17;0;632;333
17;1;1266;333
17;4;1254;333
17;7;1266;333
17;18;628;333
17;19;3097;333
17;19;3095;333
17;21;1272;333
17;22;287;333
17;23;627;333
17;24;1266;333
17;24;3099;333
17;24;3095;333
17;25;2937;333
17;26;3101;333
17;27;1266;333
17;27;3093;333
17;28;376;333
17;29;3098;333
17;29;3093;333
17;30;3098;333
17;31;633;333
17;31;401;333
17;31;3095;333
17;31;3101;333
17;32;1265;333
17;32;914;333
17;32;1276;333
17;34;3101;333
17;39;232;333
17;39;3093;333
17;40;633;333
17;40;2805;333
17;41;3095;333
17;43;1272;333
17;43;3101;333
17;44;914;333
17;46;287;333
17;47;287;333
17;48;622;333
17;49;2937;333
17;49;3095;333
17;50;1272;333
17;51;1266;333
17;51;1272;333
17;51;1276;333
17;53;627;333
17;54;628;333
17;55;623;333
17;56;623;333
17;56;625;333
17;57;623;333
17;58;628;333
17;59;627;333
17;60;623;333
17;61;626;333
17;62;627;333
17;63;287;333
17;64;287;333
17;65;287;333
17;66;287;333
17;67;287;333
17;68;626;333
17;69;2038;333
17;70;3096;333
17;71;287;333
18;0;632;333
18;1;401;333
18;1;3101;333
18;10;1266;333
18;10;1272;333
18;12;1265;333
18;12;3094;333
18;16;1266;333
18;16;1265;333
18;16;914;333
18;17;1266;333
18;22;287;333
18;23;628;333
18;24;3099;333
18;27;627;333
18;28;628;333
18;29;623;333
18;30;627;333
18;31;633;333
18;31;627;333
18;32;425;333
18;35;1266;333
18;36;1266;333
18;36;914;333
18;37;680;333
18;38;634;333
18;39;634;333
18;40;688;333
18;42;1272;333
18;42;1265;333
18;43;1266;333
18;46;287;333
18;47;287;333
18;48;629;333
18;51;627;333
18;52;623;333
18;53;287;333
18;54;287;333
18;55;287;333
18;56;287;333
18;57;287;333
18;58;287;333
18;59;287;333
18;60;287;333
18;61;287;333
18;62;287;333
18;63;287;333
18;64;287;333
18;65;287;333
18;66;287;333
18;67;287;333
18;68;629;333
18;71;287;333
19;0;632;333
19;1;3095;333
19;1;375;333
19;1;3101;333
19;2;1266;333
19;3;627;333
19;4;3100;333
19;4;3093;333
19;5;623;333
19;6;626;333
19;7;1265;333
19;8;914;333
19;13;1273;333
19;15;1266;333
19;15;1272;333
19;16;1266;333
19;16;3093;333
19;17;3101;333
19;18;3101;333
19;18;7;333
19;19;3093;333
19;21;1266;333
19;21;1272;333
19;21;1254;333
19;21;3101;333
19;22;287;333
19;23;627;333
19;24;629;333
19;26;1266;333
19;26;2937;333
19;28;287;333
19;29;287;333
19;30;287;333
19;31;633;333
19;31;629;333
19;32;417;333
19;33;1272;333
19;33;1265;333
19;37;633;333
19;38;420;333
19;39;1266;333
19;39;3101;333
19;41;1265;333
19;46;287;333
19;47;287;333
19;48;597;333
19;48;1245;333
19;50;1272;333
19;50;3096;333
19;52;287;333
19;53;287;333
19;54;287;333
19;55;287;333
19;56;287;333
19;57;287;333
19;58;287;333
19;59;287;333
19;60;287;333
19;61;287;333
19;62;287;333
19;63;628;333
19;64;3100;333
19;66;1266;333
19;68;1272;333
19;70;1266;333
19;70;3101;333
19;71;287;333
20;0;680;333
20;0;690;333
20;0;1245;333
20;0;391;333
20;4;287;333
20;5;287;333
20;6;287;333
20;7;597;333
20;7;1245;333
20;8;598;333
20;10;625;333
20;11;623;333
20;12;600;333
20;12;622;333
20;13;622;333
20;14;600;333
20;14;626;333
20;15;600;333
20;15;629;333
20;16;596;333
20;16;424;333
20;16;427;333
20;17;596;333
20;17;424;333
20;17;427;333
20;17;2038;333
20;18;596;333
20;18;424;333
20;18;3101;333
20;19;628;333
20;20;627;333
20;20;628;333
20;21;629;333
20;22;287;333
20;23;287;333
20;24;622;333
20;25;3101;333
20;26;3096;333
20;28;287;333
20;29;287;333
20;30;287;333
20;31;629;333
20;32;1272;333
20;33;1266;333
20;34;1266;333
20;37;633;333
20;37;401;333
20;39;337;333
20;40;1266;333
20;40;3101;333
20;41;1266;333
20;44;3096;333
20;46;287;333
20;47;287;333
20;48;597;333
20;48;1257;333
20;49;1266;333
20;58;287;333
20;59;287;333
20;59;287;333
20;60;287;333
20;61;287;333
20;62;287;333
20;63;627;333
20;64;3100;333
20;64;3095;333
20;67;3093;333
20;68;66;333;markerstone=445
20;69;3100;333
20;70;233;333
20;71;287;333
21;0;66;333;markerstone=446
21;1;1266;333
21;4;287;333
21;5;287;333
21;6;287;333
21;7;287;333
21;8;287;333
21;9;287;333
21;10;287;333
21;11;287;333
21;12;287;333
21;13;287;333
21;14;287;333
21;15;287;333
21;16;287;333
21;17;287;333
21;18;287;333
21;19;287;333
21;20;287;333
21;21;287;333
21;22;287;333
21;23;287;333
21;24;628;333
21;28;287;333
21;29;287;333
21;30;287;333
21;31;628;333
21;32;425;333
21;37;633;333
21;37;2805;333
21;38;2038;333
21;38;3095;333
21;42;2038;333
21;46;287;333
21;47;287;333
21;48;627;333
21;51;1272;333
21;52;3101;333
21;53;1257;333
21;56;1266;333
21;57;3100;333
21;59;287;333
21;60;287;333
21;61;287;333
21;62;287;333
21;63;628;333
21;66;627;333
21;67;628;333
21;68;627;333
21;69;623;333
21;70;628;333
21;71;287;333
22;0;633;333
22;0;626;333
22;1;3095;333
22;4;287;333
22;5;287;333
22;6;287;333
22;7;287;333
22;8;287;333
22;9;287;333
22;10;287;333
22;11;287;333
22;12;287;333
22;13;287;333
22;14;287;333
22;15;287;333
22;16;287;333
22;17;287;333
22;18;287;333
22;19;287;333
22;20;287;333
22;21;287;333
22;22;287;333
22;23;287;333
22;24;599;333
22;26;3101;333
22;26;3096;333
22;27;287;333
22;28;287;333
22;29;287;333
22;30;287;333
22;31;627;333
22;32;1272;333
22;32;914;333
22;32;3101;333
22;35;1272;333
22;36;1266;333
22;36;1272;333
22;37;633;333
22;39;337;333
22;44;426;333
22;44;405;333
22;46;287;333
22;47;287;333
22;48;628;333
22;52;3093;333
22;53;1266;333
22;54;2038;333
22;54;3093;333
22;55;1265;333
22;57;1272;333
22;57;3101;333
22;57;3100;333
22;59;287;333
22;60;287;333
22;61;287;333
22;62;287;333
22;63;626;333
22;64;3095;333
22;65;1272;333
22;65;3101;333
22;67;287;333
22;68;287;333
22;69;287;333
22;70;287;333
22;71;287;333
23;0;633;333
23;0;622;333
23;1;423;333
23;4;287;333
23;5;287;333
23;6;287;333
23;10;287;333
23;11;287;333
23;12;287;333
23;13;287;333
23;16;287;333
23;17;287;333
23;18;287;333
23;19;287;333
23;20;287;333
23;21;287;333
23;22;287;333
23;23;287;333
23;24;629;333
23;24;2038;333
23;27;287;333
23;31;628;333
23;34;1266;333
23;36;3101;333
23;37;633;333
23;37;3095;333
23;38;1265;333
23;39;1272;333
23;40;2937;333
23;42;1265;333
23;43;1266;333
23;44;914;333
23;47;287;333
23;48;635;333
23;48;629;333
23;49;635;333
23;49;391;333
23;49;2038;333
23;50;635;333
23;50;403;333
23;50;1245;333
23;50;3093;333
23;51;635;333
23;51;3093;333
23;52;635;333
23;52;627;333
23;53;623;333
23;54;629;333
23;55;1254;333
23;57;3100;333
23;58;287;333
23;59;287;333
23;60;287;333
23;61;287;333
23;62;287;333
23;63;629;333
23;67;287;333
24;0;633;333
24;0;1266;333
24;0;3101;333
24;0;2038;333
24;2;1254;333
24;4;287;333
24;5;287;333
24;6;622;333
24;7;3100;333
24;7;2038;333
24;9;1272;333
24;14;1272;333
24;17;3094;333
24;20;1265;333
24;20;1276;333
24;24;633;333
24;24;628;333
24;25;375;333
24;26;375;333
24;27;287;333
24;28;622;333
24;34;3101;333
24;35;3101;333
24;37;633;333
24;37;401;333
24;39;337;333
24;47;3101;333
24;49;1265;333
24;52;287;333
24;53;287;333
24;54;622;333
24;55;425;333
24;56;3101;333
24;58;287;333
24;59;287;333
24;60;287;333
24;61;287;333
24;62;287;333
24;63;628;333
24;67;287;333
25;0;633;333
25;0;401;333
25;0;233;333
25;4;287;333
25;5;287;333
25;6;627;333
25;7;1272;333
25;8;28;333
25;8;3101;333
25;11;3101;333
25;12;1272;333
25;16;1266;333
25;17;1266;333
25;17;1272;333
25;21;3094;333
25;23;1272;333
25;23;3098;333
25;24;633;333
25;27;287;333
25;28;627;333
25;29;1266;333
25;33;1265;333
25;35;2937;333
25;36;1272;333
25;37;633;333
25;37;3095;333
25;37;426;333
25;39;337;333
25;44;1266;333
25;46;1276;333
25;47;424;333
25;49;28;333
25;49;1265;333
25;52;287;333
25;53;287;333
25;54;622;333
25;55;3095;333
25;55;425;333
25;56;1266;333
25;58;287;333
25;59;287;333
25;60;287;333
25;61;287;333
25;62;287;333
25;63;629;333
25;64;1276;333
25;65;2937;333
25;67;287;333
26;0;633;333
26;0;627;333
26;1;1272;333
26;1;3095;333
26;4;287;333
26;5;287;333
26;6;628;333
26;7;2856;333
26;8;1266;333
26;9;1266;333
26;10;629;333
26;11;628;333
26;12;627;333
26;13;623;333
26;14;626;333
26;15;3098;333
26;15;424;333
26;16;3098;333
26;17;1276;333
26;17;3093;333
26;17;424;333
26;18;3098;333
26;19;914;333
26;20;1266;333
26;21;3101;333
26;22;1266;333
26;24;633;333
26;24;3101;333
26;27;287;333
26;28;628;333
26;30;914;333
26;31;633;333
26;31;688;333
26;31;3095;333
26;32;1265;333
26;32;3095;333
26;34;1266;333
26;34;1272;333
26;37;633;333
26;37;2805;333
26;39;337;333
26;41;2038;333
26;44;1272;333
26;45;627;333
26;46;629;333
26;47;626;333
26;48;424;333
26;48;425;333
26;48;3100;333
26;48;2038;333
26;48;3093;333
26;49;1266;333
26;49;1272;333
26;49;914;333
26;49;424;333
26;49;2856;333
26;50;1266;333
26;52;287;333
26;53;287;333
26;54;628;333
26;55;2038;333
26;55;3093;333
26;56;3096;333
26;58;287;333
26;59;287;333
26;60;287;333
26;61;287;333
26;62;287;333
26;63;622;333
26;63;624;333
26;64;914;333
26;67;287;333
27;0;633;333
27;0;629;333
27;1;423;333
27;4;287;333
27;5;287;333
27;6;626;333
27;7;628;333
27;8;623;333
27;9;287;333
27;10;287;333
27;11;287;333
27;12;287;333
27;13;287;333
27;14;287;333
27;15;623;333
27;16;626;333
27;16;625;333
27;17;627;333
27;18;597;333
27;18;426;333
27;18;405;333
27;19;598;333
27;20;627;333
27;21;626;333
27;22;3095;333
27;24;633;333
27;24;401;333
27;24;3095;333
27;26;914;333
27;27;287;333
27;28;629;333
27;31;633;333
27;33;337;333
27;37;633;333
27;37;3094;333
27;39;1266;333
27;41;3101;333
27;46;287;333
27;47;627;333
27;48;628;333
27;49;623;333
27;50;623;333
27;51;287;333
27;52;287;333
27;53;287;333
27;54;623;333
27;55;629;333
27;58;287;333
27;59;287;333
27;60;287;333
27;61;287;333
27;62;287;333
27;63;622;333
27;65;3096;333
27;67;287;333
28;0;287;333
28;0;628;333
28;1;426;333
28;1;405;333
28;4;287;333
28;5;287;333
28;6;287;333
28;7;287;333
28;8;287;333
28;9;287;333
28;10;287;333
28;11;287;333
28;12;287;333
28;13;287;333
28;14;287;333
28;15;287;333
28;16;287;333
28;17;287;333
28;18;287;333
28;19;287;333
28;20;287;333
28;21;622;333
28;22;2937;333
28;24;633;333
28;25;1265;333
28;26;3096;333
28;27;287;333
28;28;600;333
28;28;597;333
28;29;3101;333
28;29;3095;333
28;31;633;333
28;32;66;333;markerstone=447
28;33;2038;333
28;36;337;333
28;37;633;333
28;37;401;333
28;37;3095;333
28;39;337;333
28;40;3101;333
28;44;3096;333
28;46;287;333
28;47;287;333
28;48;287;333
28;49;287;333
28;50;287;333
28;51;287;333
28;52;287;333
28;53;287;333
28;54;628;333
28;56;1266;333
28;58;287;333
28;59;287;333
28;60;287;333
28;61;287;333
28;62;287;333
28;63;597;333
28;63;3095;333
28;67;287;333
29;0;287;333
29;0;600;333
29;0;626;333
29;1;425;333
29;1;423;333
29;2;28;333
29;3;1266;333
29;3;1265;333
29;5;287;333
29;6;287;333
29;7;287;333
29;8;287;333
29;9;287;333
29;10;287;333
29;11;287;333
29;12;287;333
29;13;599;333
29;15;914;333
29;17;287;333
29;18;287;333
29;19;287;333
29;20;287;333
29;21;597;333
29;22;1266;333
29;24;633;333
29;24;3095;333
29;24;421;333
29;25;3101;333
29;27;287;333
29;28;597;333
29;28;3095;333
29;28;425;333
29;28;425;333
29;28;425;333
29;29;1272;333
29;31;633;333
29;31;401;333
29;31;3095;333
29;33;337;333
29;35;1272;333
29;37;633;333
29;39;337;333
29;41;1272;333
29;42;1272;333
29;46;287;333
29;47;287;333
29;48;287;333
29;49;287;333
29;50;287;333
29;51;287;333
29;52;287;333
29;53;287;333
29;54;627;333
29;55;1265;333
29;55;914;333
29;55;3101;333
29;55;425;333
29;56;28;333
29;59;287;333
29;60;287;333
29;61;287;333
29;62;287;333
29;63;597;333
29;63;425;333
29;63;426;333
29;63;405;333
29;63;3095;333
29;64;3101;333
29;65;1266;333
29;67;287;333
30;0;287;333
30;0;627;333
30;1;1273;333
30;1;425;333
30;1;424;333
30;1;423;333
30;2;2856;333
30;3;1266;333
30;3;1272;333
30;5;287;333
30;6;287;333
30;7;287;333
30;8;287;333
30;9;287;333
30;10;287;333
30;11;287;333
30;12;287;333
30;13;627;333
30;14;1266;333
30;14;1272;333
30;17;287;333
30;18;287;333
30;19;287;333
30;20;287;333
30;21;600;333
30;21;597;333
30;22;1272;333
30;23;1265;333
30;23;914;333
30;24;633;333
30;26;1266;333
30;27;287;333
30;28;597;333
30;28;3095;333
30;28;425;333
30;29;2937;333
30;31;633;333
30;31;420;333
30;31;421;333
30;32;424;333
30;33;424;333
30;34;1265;333
30;34;914;333
30;34;3093;333
30;35;3093;333
30;36;1250;333
30;37;633;333
30;37;3095;333
30;37;2038;333
30;38;424;333
30;39;414;333
30;40;424;333
30;41;1257;333
30;42;1254;333
30;42;424;333
30;43;424;333
30;44;3100;333
30;44;3093;333
30;44;420;333
30;46;287;333
30;47;287;333
30;48;287;333
30;49;287;333
30;50;287;333
30;51;287;333
30;52;287;333
30;53;287;333
30;54;628;333
30;55;424;333
30;55;425;333
30;56;2856;333
30;56;424;333
30;57;3101;333
30;59;287;333
30;59;287;333
30;60;287;333
30;61;287;333
30;62;287;333
30;63;597;333
30;63;425;333
30;63;3095;333
30;64;375;333
30;64;3095;333
30;65;1272;333
30;65;3096;333
30;67;287;333
31;0;287;333
31;1;626;333
31;2;627;333
31;3;628;333
31;4;287;333
31;5;287;333
31;6;287;333
31;7;287;333
31;8;287;333
31;9;287;333
31;10;287;333
31;11;287;333
31;12;287;333
31;13;622;333
31;14;3101;333
31;14;2937;333
31;14;916;333
31;15;3101;333
31;17;287;333
31;18;287;333
31;19;287;333
31;20;287;333
31;21;628;333
31;22;3101;333
31;22;3095;333
31;22;425;333
31;23;1265;333
31;24;633;333
31;24;401;333
31;24;3095;333
31;25;1266;333
31;25;1265;333
31;26;421;333
31;27;287;333
31;28;597;333
31;28;3095;333
31;28;425;333
31;31;681;333
31;31;3099;333
31;32;635;333
31;32;623;333
31;33;627;333
31;34;628;333
31;35;600;333
31;35;598;333
31;36;629;333
31;37;681;333
31;37;3099;333
31;38;629;333
31;39;627;333
31;40;628;333
31;41;628;333
31;42;623;333
31;43;628;333
31;44;629;333
31;45;627;333
31;46;287;333
31;47;287;333
31;48;287;333
31;49;287;333
31;50;287;333
31;51;287;333
31;52;287;333
31;53;287;333
31;54;629;333
31;55;623;333
31;56;623;333
31;57;627;333
31;58;287;333
31;59;287;333
31;60;287;333
31;61;287;333
31;62;287;333
31;63;622;333
31;67;287;333
32;0;287;333
32;1;287;333
32;2;287;333
32;3;287;333
32;4;287;333
32;5;287;333
32;6;287;333
32;7;287;333
32;8;287;333
32;9;287;333
32;10;287;333
32;11;287;333
32;12;287;333
32;13;628;333
32;14;3101;333
32;20;287;333
32;21;629;333
32;22;1266;333
32;22;425;333
32;22;426;333
32;23;1272;333
32;24;633;333
32;26;1272;333
32;27;287;333
32;28;628;333
32;31;287;333
32;32;287;333
32;33;287;333
32;34;287;333
32;35;287;333
32;36;287;333
32;37;287;333
32;38;287;333
32;39;287;333
32;40;287;333
32;41;287;333
32;42;287;333
32;43;287;333
32;44;287;333
32;45;287;333
32;46;287;333
32;53;287;333
32;54;287;333
32;55;287;333
32;56;287;333
32;57;287;333
32;58;287;333
32;59;287;333
32;63;628;333
32;65;375;333
32;67;287;333
33;0;287;333
33;0;627;333
33;1;3101;333
33;1;425;333
33;5;1266;333
33;5;3094;333
33;7;1266;333
33;9;1266;333
33;9;1272;333
33;10;375;333
33;10;2038;333
33;11;1272;333
33;11;3101;333
33;14;1266;333
33;15;1266;333
33;18;914;333
33;21;633;333
33;21;688;333
33;21;420;333
33;24;633;333
33;24;391;333
33;24;3101;333
33;27;287;333
33;28;622;333
33;29;1266;333
33;29;3100;333
33;30;375;333
33;37;3101;333
33;45;3094;333
33;47;1266;333
33;47;2038;333
33;47;3094;333
33;49;1272;333
33;51;3101;333
33;52;1272;333
33;53;914;333
33;53;3094;333
33;56;3101;333
33;57;1265;333
33;59;1266;333
33;59;3101;333
33;61;232;333
33;62;3094;333
33;64;1272;333
33;67;287;333
34;0;682;333
34;0;628;333
34;1;1272;333
34;1;425;333
34;1;417;333
34;3;1266;333
34;4;1265;333
34;5;403;333
34;6;1266;333
34;7;914;333
34;9;3101;333
34;11;3101;333
34;14;1266;333
34;16;3101;333
34;20;1254;333
34;21;633;333
34;21;623;333
34;22;426;333
34;23;1265;333
34;24;681;333
34;24;691;333
34;24;914;333
34;25;629;333
34;26;627;333
34;27;287;333
34;28;627;333
34;29;1276;333
34;29;628;333
34;30;3095;333
34;31;1265;333
34;31;424;333
34;31;3093;333
34;37;914;333
34;38;3101;333
34;39;403;333
34;40;3093;333
34;41;424;333
34;42;1266;333
34;45;1266;333
34;45;3101;333
34;46;1272;333
34;48;1276;333
34;48;3101;333
34;52;3093;333
34;53;1272;333
34;56;375;333
34;56;3093;333
34;57;1266;333
34;57;1272;333
34;57;2038;333
34;58;1246;333
34;59;1266;333
34;62;3093;333
34;63;66;333;markerstone=448
34;64;3097;333
34;65;1272;333
34;65;3097;333
34;65;2038;333
34;67;287;333
35;0;632;333
35;1;688;333
35;1;3095;333
35;2;691;333
35;3;683;333
35;3;690;333
35;3;1245;333
35;4;287;333
35;4;634;333
35;4;688;333
35;5;287;333
35;5;634;333
35;6;287;333
35;6;634;333
35;7;287;333
35;7;682;333
35;7;688;333
35;8;635;333
35;8;689;333
35;8;403;333
35;9;635;333
35;9;627;333
35;10;628;333
35;11;626;333
35;12;629;333
35;13;635;333
35;13;628;333
35;14;635;333
35;14;403;333
35;14;391;333
35;15;635;333
35;16;683;333
35;16;690;333
35;16;1245;333
35;17;287;333
35;17;634;333
35;17;627;333
35;18;287;333
35;19;627;333
35;20;629;333
35;21;627;333
35;22;2038;333
35;24;287;333
35;25;287;333
35;26;287;333
35;27;287;333
35;28;287;333
35;29;287;333
35;29;634;333
35;30;682;333
35;30;691;333
35;31;635;333
35;31;629;333
35;32;635;333
35;32;403;333
35;32;1276;333
35;33;635;333
35;33;391;333
35;34;635;333
35;34;1245;333
35;35;623;333
35;35;3100;333
35;35;3093;333
35;36;635;333
35;36;403;333
35;36;1245;333
35;37;635;333
35;37;2038;333
35;38;680;333
35;39;634;333
35;40;634;333
35;41;634;333
35;41;626;333
35;42;628;333
35;44;3101;333
35;45;627;333
35;46;628;333
35;47;627;333
35;48;626;333
35;49;629;333
35;50;623;333
35;51;627;333
35;52;629;333
35;53;628;333
35;54;627;333
35;55;623;333
35;55;625;333
35;56;623;333
35;57;623;333
35;57;625;333
35;58;628;333
35;59;627;333
35;60;623;333
35;61;628;333
35;62;623;333
35;63;628;333
35;64;623;333
35;65;627;333
35;66;287;333
35;67;287;333
36;0;632;333
36;1;66;333;markerstone=449
36;2;1272;333
36;2;3101;333
36;2;632;333
36;3;287;333
36;4;287;333
36;5;287;333
36;6;287;333
36;7;287;333
36;8;287;333
36;9;287;333
36;10;287;333
36;11;287;333
36;12;629;333
36;14;1265;333
36;18;287;333
36;19;287;333
36;20;623;333
36;21;628;333
36;23;1272;333
36;23;3101;333
36;24;287;333
36;24;622;333
36;28;1266;333
36;29;1254;333
36;32;1266;333
36;37;3094;333
36;42;1266;333
36;44;3100;333
36;46;287;333
36;47;287;333
36;48;287;333
36;49;287;333
36;50;287;333
36;51;287;333
36;52;287;333
36;53;287;333
36;54;287;333
36;55;287;333
36;56;287;333
36;57;287;333
36;58;287;333
36;59;287;333
36;60;287;333
36;61;287;333
36;62;287;333
36;63;287;333
36;64;287;333
36;65;287;333
36;66;287;333
36;67;287;333
36;68;287;333
36;69;287;333
36;70;287;333
37;0;632;333
37;1;1265;333
37;4;287;333
37;5;287;333
37;6;287;333
37;7;287;333
37;8;287;333
37;9;287;333
37;10;287;333
37;11;628;333
37;12;1265;333
37;18;3101;333
37;19;1272;333
37;20;3101;333
37;22;3101;333
37;23;914;333
37;24;630;333
37;27;1272;333
37;27;424;333
37;28;424;333
37;30;375;333
37;30;2038;333
37;31;3101;333
37;31;1317;333
37;32;3093;333
37;33;914;333
37;33;1276;333
37;33;3101;333
37;34;1266;333
37;34;424;333
37;35;424;333
37;36;424;333
37;38;1245;333
37;39;1266;333
37;39;1272;333
37;41;1272;333
37;42;3101;333
37;42;3093;333
37;42;424;333
37;43;1272;333
37;43;424;333
37;44;3097;333
37;45;287;333
37;46;287;333
37;47;287;333
37;48;287;333
37;49;628;333
37;50;1254;333
37;51;1272;333
37;52;1266;333
37;54;1266;333
37;55;1265;333
37;57;3094;333
37;60;1272;333
37;61;3101;333
37;62;914;333
37;63;3098;333
37;64;1272;333
37;64;3098;333
37;66;287;333
37;67;287;333
37;68;287;333
37;70;287;333
38;0;287;333
38;0;623;333
38;0;680;333
38;1;688;333
38;1;3095;333
38;2;3101;333
38;4;287;333
38;5;287;333
38;6;287;333
38;7;287;333
38;8;287;333
38;9;627;333
38;10;2856;333
38;13;914;333
38;13;3101;333
38;16;1266;333
38;16;1272;333
38;20;1276;333
38;24;600;333
38;24;628;333
38;27;627;333
38;28;600;333
38;28;623;333
38;29;628;333
38;30;628;333
38;31;627;333
38;32;623;333
38;33;623;333
38;33;625;333
38;34;623;333
38;35;622;333
38;36;629;333
38;37;627;333
38;38;628;333
38;38;597;333
38;39;597;333
38;40;597;333
38;41;598;333
38;42;627;333
38;43;629;333
38;44;628;333
38;45;287;333
38;46;287;333
38;47;629;333
38;48;1266;333
38;48;3097;333
38;50;1272;333
38;52;3093;333
38;53;914;333
38;54;1265;333
38;54;1276;333
38;54;3093;333
38;55;2038;333
38;58;3101;333
38;60;1254;333
38;62;1266;333
38;63;1265;333
38;64;1266;333
38;67;3098;333
38;67;3094;333
38;70;287;333
39;0;287;333
39;0;624;333
39;4;287;333
39;5;287;333
39;6;287;333
39;7;287;333
39;8;287;333
39;9;627;333
39;9;628;333
39;10;3100;333
39;10;2038;333
39;13;3100;333
39;14;627;333
39;15;623;333
39;16;598;333
39;17;596;333
39;18;596;333
39;19;623;333
39;20;596;333
39;21;596;333
39;22;596;333
39;23;629;333
39;24;623;333
39;28;287;333
39;29;287;333
39;30;287;333
39;31;287;333
39;32;287;333
39;33;287;333
39;34;287;333
39;35;287;333
39;36;287;333
39;37;287;333
39;38;287;333
39;39;287;333
39;40;287;333
39;41;287;333
39;42;287;333
39;43;287;333
39;44;287;333
39;45;287;333
39;45;287;333
39;46;287;333
39;47;633;333
39;47;628;333
39;49;1266;333
39;50;914;333
39;51;627;333
39;52;623;333
39;53;628;333
39;54;627;333
39;55;628;333
39;56;596;333
39;56;625;333
39;56;914;333
39;57;596;333
39;57;914;333
39;58;596;333
39;58;1247;333
39;59;596;333
39;59;627;333
39;60;1266;333
39;60;1272;333
39;60;627;333
39;61;629;333
39;63;1272;333
39;65;2937;333
39;66;95;333
39;66;3101;333
39;67;1254;333
39;68;3098;333
39;68;3096;333
39;70;287;333
40;0;287;333
40;1;1272;333
40;4;287;333
40;5;287;333
40;6;287;333
40;7;287;333
40;8;287;333
40;9;287;333
40;10;626;333
40;12;1266;333
40;12;1272;333
40;12;1276;333
40;15;287;333
40;16;287;333
40;17;287;333
40;18;287;333
40;19;287;333
40;20;287;333
40;21;287;333
40;22;287;333
40;23;287;333
40;24;596;333
40;24;422;333
40;24;421;333
40;25;1272;333
40;26;914;333
40;28;287;333
40;29;628;333
40;30;1272;333
40;32;1265;333
40;43;287;333
40;44;287;333
40;45;287;333
40;45;287;333
40;46;287;333
40;47;633;333
40;47;3100;333
40;47;401;333
40;48;3101;333
40;50;3097;333
40;51;3100;333
40;52;287;333
40;53;287;333
40;54;287;333
40;55;287;333
40;56;287;333
40;57;287;333
40;58;287;333
40;59;287;333
40;60;287;333
40;61;622;333
40;62;1272;333
40;62;1254;333
40;63;1266;333
40;63;3101;333
40;66;1266;333
40;68;3098;333
40;68;3096;333
40;70;287;333
41;0;622;333
41;10;628;333
41;15;287;333
41;16;287;333
41;17;287;333
41;18;287;333
41;19;287;333
41;20;287;333
41;21;287;333
41;22;287;333
41;23;287;333
41;24;633;333
41;24;628;333
41;28;287;333
41;29;629;333
41;30;1254;333
41;36;1272;333
41;43;287;333
41;44;287;333
41;45;287;333
41;45;287;333
41;46;287;333
41;47;682;333
41;48;1276;333
41;48;3095;333
41;50;3097;333
41;50;2038;333
41;52;287;333
41;53;287;333
41;54;287;333
41;55;287;333
41;56;287;333
41;57;287;333
41;58;287;333
41;59;287;333
41;60;287;333
41;61;3099;333
41;61;426;333
41;61;405;333
41;62;1266;333
41;64;3100;333
41;65;3093;333
41;65;3100;333
41;68;1265;333
41;70;287;333
41;71;287;333
41;72;287;333
41;73;287;333
41;74;287;333
42;0;633;333
42;0;628;333
42;6;3094;333
42;7;3101;333
42;8;914;333
42;11;1266;333
42;15;287;333
42;16;287;333
42;17;287;333
42;18;287;333
42;19;287;333
42;20;287;333
42;21;287;333
42;22;287;333
42;23;287;333
42;24;633;333
42;24;1250;333
42;24;391;333
42;28;287;333
42;29;628;333
42;30;425;333
42;30;3100;333
42;31;2832;333
42;33;1266;333
42;34;914;333
42;35;1266;333
42;36;3093;333
42;38;914;333
42;39;1266;333
42;40;2038;333
42;43;287;333
42;44;287;333
42;45;287;333
42;45;287;333
42;46;287;333
42;47;683;333
42;48;3101;333
42;51;287;333
42;52;287;333
42;53;287;333
42;54;287;333
42;55;287;333
42;56;287;333
42;57;287;333
42;58;287;333
42;59;287;333
42;60;287;333
42;61;626;333
42;62;623;333
42;63;629;333
42;64;628;333
42;65;627;333
42;66;629;333
42;67;1272;333
42;73;287;333
42;74;287;333
43;0;633;333
43;0;401;333
43;1;2038;333
43;3;914;333
43;4;3101;333
43;6;424;333
43;7;424;333
43;7;427;333
43;8;424;333
43;8;409;333
43;9;424;333
43;9;427;333
43;10;3101;333
43;11;1265;333
43;15;287;333
43;16;287;333
43;17;287;333
43;18;287;333
43;19;287;333
43;20;287;333
43;21;287;333
43;22;287;333
43;23;287;333
43;24;633;333
43;24;1245;333
43;24;401;333
43;25;1272;333
43;28;287;333
43;29;627;333
43;30;425;333
43;30;424;333
43;30;3100;333
43;30;3093;333
43;31;424;333
43;33;629;333
43;34;600;333
43;34;628;333
43;35;600;333
43;35;627;333
43;36;596;333
43;36;424;333
43;37;596;333
43;37;424;333
43;37;427;333
43;38;596;333
43;38;424;333
43;38;414;333
43;39;629;333
43;40;1265;333
43;41;1272;333
43;43;287;333
43;44;287;333
43;45;287;333
43;45;287;333
43;46;287;333
43;47;633;333
43;47;1250;333
43;47;3095;333
43;47;401;333
43;48;1265;333
43;48;391;333
43;51;287;333
43;52;287;333
43;53;287;333
43;54;287;333
43;55;287;333
43;56;287;333
43;57;287;333
43;58;287;333
43;59;287;333
43;60;287;333
43;61;287;333
43;62;287;333
43;63;287;333
43;64;287;333
43;65;287;333
43;66;622;333
43;67;3101;333
43;68;914;333
43;71;3100;333
43;72;3100;333
43;73;287;333
43;74;287;333
44;0;681;333
44;0;1250;333
44;1;635;333
44;1;403;333
44;1;391;333
44;2;635;333
44;2;1250;333
44;3;635;333
44;3;627;333
44;4;623;333
44;5;626;333
44;6;627;333
44;7;627;333
44;8;628;333
44;9;629;333
44;10;626;333
44;11;629;333
44;12;375;333
44;15;287;333
44;16;287;333
44;17;287;333
44;18;287;333
44;19;287;333
44;20;287;333
44;21;287;333
44;22;287;333
44;23;287;333
44;24;681;333
44;24;627;333
44;28;287;333
44;29;626;333
44;30;627;333
44;31;629;333
44;32;628;333
44;33;287;333
44;34;287;333
44;35;287;333
44;36;287;333
44;37;287;333
44;38;287;333
44;39;287;333
44;39;624;333
44;41;3096;333
44;43;287;333
44;44;287;333
44;45;287;333
44;45;287;333
44;46;287;333
44;47;633;333
44;47;627;333
44;48;3095;333
44;49;1272;333
44;51;287;333
44;52;287;333
44;53;287;333
44;54;287;333
44;55;287;333
44;56;287;333
44;57;287;333
44;58;287;333
44;59;287;333
44;60;287;333
44;61;287;333
44;62;287;333
44;63;287;333
44;64;287;333
44;65;287;333
44;66;628;333
44;67;1272;333
44;67;3095;333
44;72;1254;333
44;73;287;333
44;74;287;333
45;0;287;333
45;1;287;333
45;2;287;333
45;3;287;333
45;4;287;333
45;5;287;333
45;6;287;333
45;7;287;333
45;8;287;333
45;9;287;333
45;10;287;333
45;11;629;333
45;14;914;333
45;14;1254;333
45;15;915;333
45;16;287;333
45;17;627;333
45;18;2856;333
45;19;1276;333
45;20;3101;333
45;22;287;333
45;23;287;333
45;24;600;333
45;24;622;333
45;25;1266;333
45;25;425;333
45;27;3099;333
45;28;287;333
45;29;287;333
45;30;287;333
45;30;287;333
45;31;287;333
45;32;287;333
45;33;287;333
45;34;287;333
45;35;287;333
45;36;287;333
45;37;287;333
45;38;287;333
45;39;287;333
45;39;624;333
45;43;287;333
45;44;287;333
45;45;287;333
45;45;287;333
45;46;287;333
45;47;628;333
45;49;1266;333
45;51;287;333
45;52;287;333
45;53;287;333
45;54;287;333
45;55;287;333
45;56;287;333
45;57;287;333
45;58;287;333
45;59;287;333
45;60;287;333
45;61;287;333
45;62;287;333
45;63;287;333
45;64;287;333
45;65;287;333
45;66;629;333
45;72;2038;333
45;73;287;333
45;74;287;333
46;9;287;333
46;10;627;333
46;13;3101;333
46;16;287;333
46;17;628;333
46;18;1265;333
46;18;425;333
46;19;2832;333
46;22;287;333
46;23;287;333
46;24;630;333
46;25;425;333
46;25;426;333
46;29;287;333
46;30;287;333
46;30;287;333
46;31;287;333
46;32;287;333
46;33;287;333
46;34;287;333
46;35;287;333
46;36;287;333
46;37;287;333
46;38;287;333
46;39;630;333
46;40;376;333
46;40;2937;333
46;41;3101;333
46;43;287;333
46;44;287;333
46;45;287;333
46;45;287;333
46;46;287;333
46;47;622;333
46;48;2937;333
46;48;3095;333
46;49;1276;333
46;51;287;333
46;52;287;333
46;53;287;333
46;66;628;333
46;67;1273;333
46;68;1265;333
46;72;232;333
46;73;287;333
46;74;287;333
47;9;287;333
47;10;628;333
47;12;1254;333
47;16;287;333
47;17;629;333
47;18;425;333
47;18;424;333
47;18;410;333
47;19;1266;333
47;22;287;333
47;23;287;333
47;24;628;333
47;25;3099;333
47;25;426;333
47;27;3096;333
47;29;287;333
47;30;287;333
47;30;287;333
47;31;287;333
47;32;287;333
47;33;287;333
47;34;287;333
47;35;287;333
47;36;287;333
47;37;287;333
47;38;287;333
47;39;628;333
47;40;3101;333
47;43;287;333
47;44;287;333
47;45;287;333
47;45;287;333
47;46;287;333
47;47;627;333
47;51;287;333
47;52;287;333
47;53;628;333
47;55;914;333
47;58;1266;333
47;58;3094;333
47;60;1265;333
47;62;3094;333
47;67;375;333
47;67;3101;333
47;68;1266;333
47;71;1272;333
47;73;287;333
47;74;287;333
48;9;287;333
48;10;623;333
48;11;628;333
48;12;627;333
48;13;629;333
48;14;1266;333
48;15;2937;333
48;16;287;333
48;17;287;333
48;18;914;333
48;18;629;333
48;20;1265;333
48;22;287;333
48;23;287;333
48;24;623;333
48;25;1245;333
48;26;1266;333
48;29;287;333
48;30;287;333
48;30;287;333
48;31;287;333
48;32;287;333
48;33;287;333
48;34;287;333
48;35;287;333
48;36;287;333
48;37;287;333
48;38;287;333
48;39;629;333
48;41;1254;333
48;43;287;333
48;44;287;333
48;45;287;333
48;45;287;333
48;46;287;333
48;47;628;333
48;51;287;333
48;52;287;333
48;53;622;333
48;53;624;333
48;59;1265;333
48;59;3093;333
48;59;424;333
48;60;424;333
48;61;1266;333
48;61;914;333
48;61;1254;333
48;61;424;333
48;62;1266;333
48;62;424;333
48;65;1254;333
48;65;427;333
48;65;424;333
48;66;1266;333
48;66;3101;333
48;66;424;333
48;66;391;333
48;67;375;333
48;67;2038;333
48;68;1272;333
48;69;627;333
48;70;629;333
48;71;1272;333
48;73;287;333
48;74;287;333
49;9;287;333
49;10;287;333
49;11;287;333
49;12;287;333
49;13;622;333
49;14;3095;333
49;17;287;333
49;18;628;333
49;19;375;333
49;22;287;333
49;23;287;333
49;24;287;333
49;25;629;333
49;29;287;333
49;30;287;333
49;30;287;333
49;31;287;333
49;36;287;333
49;37;287;333
49;38;287;333
49;39;622;333
49;40;3095;333
49;41;1266;333
49;41;1272;333
49;41;3101;333
49;43;287;333
49;44;287;333
49;45;287;333
49;47;628;333
49;51;287;333
49;52;287;333
49;53;622;333
49;54;3095;333
49;56;627;333
49;57;635;333
49;57;628;333
49;58;66;333;markerstone=450
49;59;635;333
49;59;623;333
49;60;628;333
49;61;623;333
49;62;623;333
49;63;635;333
49;63;628;333
49;64;635;333
49;65;629;333
49;66;627;333
49;67;628;333
49;68;598;333
49;69;287;333
49;70;628;333
49;73;287;333
49;74;287;333
50;9;287;333
50;10;287;333
50;11;287;333
50;12;287;333
50;13;628;333
50;14;1266;333
50;14;1272;333
50;15;3101;333
50;17;287;333
50;18;599;333
50;19;1266;333
50;22;287;333
50;23;287;333
50;24;287;333
50;25;627;333
50;26;3095;333
50;27;3096;333
50;29;287;333
50;30;287;333
50;31;629;333
50;32;2856;333
50;34;1266;333
50;39;628;333
50;41;1265;333
50;43;287;333
50;44;287;333
50;45;628;333
50;46;1265;333
50;48;3101;333
50;49;3096;333
50;51;287;333
50;52;287;333
50;53;622;333
50;54;423;333
50;55;1266;333
50;57;287;333
50;58;287;333
50;59;287;333
50;60;287;333
50;61;287;333
50;62;287;333
50;63;287;333
50;64;287;333
50;65;287;333
50;66;287;333
50;67;287;333
50;68;287;333
50;69;287;333
50;70;626;333
50;71;1254;333
50;72;1272;333
50;73;287;333
50;74;287;333
51;2;287;333
51;3;287;333
51;4;287;333
51;5;287;333
51;6;287;333
51;7;287;333
51;8;287;333
51;9;287;333
51;13;628;333
51;15;1272;333
51;16;3098;333
51;17;287;333
51;18;622;333
51;18;623;333
51;19;1276;333
51;20;3096;333
51;22;287;333
51;23;287;333
51;24;287;333
51;25;628;333
51;26;1266;333
51;26;1272;333
51;27;1266;333
51;29;287;333
51;30;287;333
51;31;628;333
51;33;28;333
51;35;1266;333
51;39;3094;333
51;43;287;333
51;44;287;333
51;45;622;333
51;46;425;333
51;47;2832;333
51;47;1266;333
51;49;1272;333
51;49;1276;333
51;51;287;333
51;52;287;333
51;53;622;333
51;53;624;333
51;55;3096;333
51;57;287;333
51;58;287;333
51;59;287;333
51;60;287;333
51;61;287;333
51;62;287;333
51;63;287;333
51;64;287;333
51;65;287;333
51;66;287;333
51;67;287;333
51;68;287;333
51;69;287;333
51;70;627;333
51;72;3096;333
51;73;287;333
51;74;287;333
52;2;287;333
52;3;628;333
52;4;914;333
52;8;1266;333
52;9;1266;333
52;10;1272;333
52;11;3094;333
52;14;1266;333
52;15;1266;333
52;15;1272;333
52;16;3098;333
52;16;420;333
52;17;287;333
52;18;596;333
52;19;1266;333
52;22;287;333
52;23;287;333
52;24;287;333
52;24;1245;333
52;25;627;333
52;29;287;333
52;30;287;333
52;31;629;333
52;33;233;333
52;35;1254;333
52;36;1272;333
52;37;1272;333
52;41;1276;333
52;43;287;333
52;44;287;333
52;45;622;333
52;46;2856;333
52;46;424;333
52;46;425;333
52;46;427;333
52;47;1254;333
52;47;424;333
52;48;1265;333
52;48;424;333
52;49;1266;333
52;49;3100;333
52;51;287;333
52;52;287;333
52;53;629;333
52;55;1276;333
52;57;287;333
52;58;287;333
52;59;287;333
52;60;287;333
52;61;287;333
52;62;287;333
52;63;287;333
52;64;287;333
52;65;287;333
52;66;287;333
52;67;287;333
52;68;287;333
52;69;287;333
52;70;629;333
52;71;2937;333
52;71;18;333
52;73;287;333
52;74;287;333
53;2;287;333
53;3;629;333
53;6;1245;333
53;7;1272;333
53;9;3093;333
53;10;424;333
53;10;427;333
53;11;1265;333
53;11;3101;333
53;11;424;333
53;12;1276;333
53;14;1245;333
53;14;1276;333
53;15;914;333
53;16;3098;333
53;17;287;333
53;18;622;333
53;22;287;333
53;23;287;333
53;24;287;333
53;25;622;333
53;26;1272;333
53;27;2937;333
53;27;3101;333
53;29;287;333
53;30;287;333
53;31;626;333
53;32;596;333
53;33;596;333
53;34;596;333
53;35;596;333
53;36;630;333
53;37;635;333
53;37;628;333
53;37;3099;333
53;38;635;333
53;38;3099;333
53;38;391;333
53;39;635;333
53;39;403;333
53;39;2038;333
53;40;635;333
53;40;3101;333
53;40;426;333
53;40;405;333
53;41;683;333
53;41;690;333
53;41;426;333
53;42;287;333
53;43;287;333
53;44;287;333
53;45;626;333
53;46;627;333
53;47;629;333
53;48;627;333
53;48;407;333
53;49;623;333
53;50;287;333
53;51;287;333
53;52;287;333
53;53;627;333
53;54;3095;333
53;55;1266;333
53;57;287;333
53;58;287;333
53;59;287;333
53;60;287;333
53;61;287;333
53;62;287;333
53;63;287;333
53;64;287;333
53;65;287;333
53;66;287;333
53;67;287;333
53;68;287;333
53;69;287;333
53;70;628;333
53;72;1266;333
53;72;1272;333
53;73;287;333
53;74;287;333
54;2;287;333
54;3;628;333
54;6;627;333
54;7;623;333
54;8;622;333
54;9;627;333
54;10;628;333
54;11;629;333
54;12;627;333
54;13;635;333
54;13;629;333
54;14;635;333
54;14;403;333
54;15;635;333
54;15;627;333
54;16;626;333
54;17;287;333
54;18;622;333
54;19;3101;333
54;20;2038;333
54;22;287;333
54;23;287;333
54;24;287;333
54;25;627;333
54;25;628;333
54;26;1276;333
54;27;1272;333
54;29;287;333
54;30;287;333
54;31;287;333
54;32;287;333
54;33;287;333
54;34;287;333
54;35;287;333
54;36;287;333
54;37;287;333
54;38;287;333
54;39;287;333
54;40;287;333
54;41;287;333
54;42;287;333
54;43;287;333
54;44;287;333
54;45;287;333
54;46;287;333
54;47;287;333
54;48;287;333
54;49;287;333
54;50;287;333
54;51;287;333
54;52;287;333
54;53;628;333
54;54;1272;333
54;54;1276;333
54;55;375;333
54;55;3101;333
54;57;287;333
54;58;287;333
54;59;287;333
54;60;287;333
54;61;287;333
54;62;287;333
54;63;287;333
54;64;287;333
54;65;287;333
54;66;287;333
54;67;287;333
54;68;287;333
54;69;287;333
54;70;627;333
54;73;287;333
54;74;287;333
55;2;287;333
55;3;622;333
55;4;2937;333
55;7;287;333
55;8;287;333
55;9;287;333
55;10;287;333
55;11;287;333
55;12;287;333
55;13;287;333
55;14;287;333
55;15;287;333
55;16;287;333
55;17;287;333
55;18;633;333
55;18;628;333
55;19;1265;333
55;22;287;333
55;23;287;333
55;24;287;333
55;25;626;333
55;29;287;333
55;30;287;333
55;31;287;333
55;32;287;333
55;33;287;333
55;34;287;333
55;35;287;333
55;36;287;333
55;37;287;333
55;38;287;333
55;39;287;333
55;40;287;333
55;41;287;333
55;42;287;333
55;43;287;333
55;44;287;333
55;45;287;333
55;46;287;333
55;47;287;333
55;48;287;333
55;49;287;333
55;50;287;333
55;51;287;333
55;52;627;333
55;54;1266;333
55;70;628;333
55;71;3095;333
55;73;287;333
55;74;287;333
56;2;287;333
56;3;627;333
56;5;3101;333
56;7;287;333
56;15;287;333
56;16;287;333
56;17;287;333
56;18;633;333
56;18;3095;333
56;18;1265;333
56;20;1266;333
56;22;287;333
56;23;287;333
56;24;287;333
56;25;627;333
56;27;1254;333
56;29;287;333
56;30;287;333
56;31;287;333
56;32;287;333
56;33;287;333
56;34;287;333
56;35;287;333
56;36;287;333
56;37;287;333
56;38;287;333
56;39;287;333
56;40;287;333
56;41;287;333
56;47;287;333
56;48;287;333
56;49;287;333
56;50;287;333
56;51;287;333
56;52;629;333
56;53;1266;333
56;53;425;333
56;54;2832;333
56;55;1272;333
56;56;3098;333
56;57;1273;333
56;58;1266;333
56;62;1266;333
56;63;3094;333
56;64;1272;333
56;67;3094;333
56;68;1272;333
56;69;1254;333
56;71;1272;333
56;71;3101;333
56;73;287;333
56;74;287;333
57;2;287;333
57;3;629;333
57;7;287;333
57;15;287;333
57;16;287;333
57;17;287;333
57;18;633;333
57;18;401;333
57;18;1247;333
57;22;287;333
57;23;287;333
57;24;287;333
57;25;628;333
57;26;3101;333
57;27;1265;333
57;42;628;333
57;43;1272;333
57;43;914;333
57;45;1265;333
57;47;287;333
57;48;287;333
57;49;287;333
57;50;287;333
57;51;287;333
57;52;628;333
57;53;1272;333
57;53;424;333
57;53;425;333
57;54;1272;333
57;54;424;333
57;55;1254;333
57;56;3098;333
57;56;414;333
57;57;3098;333
57;58;1276;333
57;59;1266;333
57;59;1272;333
57;60;3093;333
57;61;2038;333
57;63;3101;333
57;64;1266;333
57;65;1272;333
57;66;1266;333
57;67;1254;333
57;68;3093;333
57;69;3101;333
57;70;375;333
57;72;1276;333
57;72;3096;333
57;73;287;333
57;74;287;333
58;1;287;333
58;2;627;333
58;7;287;333
58;15;287;333
58;16;287;333
58;17;287;333
58;18;633;333
58;18;627;333
58;19;1254;333
58;22;287;333
58;23;287;333
58;24;287;333
58;25;626;333
58;26;3099;333
58;28;1265;333
58;28;914;333
58;29;1272;333
58;31;1266;333
58;31;3101;333
58;32;1272;333
58;35;1272;333
58;37;3094;333
58;44;2832;333
58;47;287;333
58;48;287;333
58;49;287;333
58;50;287;333
58;51;287;333
58;52;629;333
58;53;627;333
58;54;628;333
58;55;623;333
58;56;628;333
58;57;627;333
58;58;629;333
58;59;623;333
58;59;625;333
58;60;623;333
58;61;626;333
58;62;628;333
58;63;629;333
58;64;623;333
58;65;628;333
58;66;627;333
58;67;626;333
58;68;635;333
58;68;628;333
58;69;635;333
58;69;1246;333
58;70;635;333
58;70;403;333
58;70;3093;333
58;71;635;333
58;71;914;333
58;72;691;333
58;72;635;333
58;72;627;333
58;73;683;333
58;73;690;333
58;73;287;333
58;74;287;333
59;1;287;333
59;2;622;333
59;3;2856;333
59;4;914;333
59;4;3101;333
59;5;2832;333
59;7;287;333
59;15;287;333
59;16;287;333
59;17;287;333
59;18;629;333
59;20;1272;333
59;22;287;333
59;23;287;333
59;24;287;333
59;25;623;333
59;26;3099;333
59;29;1266;333
59;30;1272;333
59;34;1266;333
59;37;3101;333
59;38;1266;333
59;39;1254;333
59;40;1266;333
59;41;1266;333
59;43;1266;333
59;43;2856;333
59;45;1272;333
59;46;623;333
59;47;287;333
59;48;287;333
59;49;287;333
59;50;287;333
59;51;287;333
59;52;287;333
59;53;287;333
59;54;287;333
59;55;287;333
59;56;287;333
59;57;287;333
59;58;287;333
59;59;287;333
59;60;287;333
59;61;287;333
59;62;287;333
59;63;287;333
59;64;287;333
59;65;287;333
59;66;287;333
59;67;287;333
59;68;287;333
59;69;287;333
59;70;287;333
59;71;287;333
59;72;287;333
59;73;287;333
59;74;287;333
60;1;287;333
60;2;628;333
60;3;1276;333
60;4;1265;333
60;4;424;333
60;5;1266;333
60;5;424;333
60;6;405;333
60;7;287;333
60;15;287;333
60;16;622;333
60;17;1265;333
60;17;3099;333
60;18;1266;333
60;20;1266;333
60;23;287;333
60;24;287;333
60;25;626;333
60;26;627;333
60;27;600;333
60;27;598;333
60;28;596;333
60;29;596;333
60;30;596;333
60;31;287;333
60;32;287;333
60;33;287;333
60;34;1796;333
60;34;1257;333
60;35;1794;333
60;35;420;333
60;36;287;333
60;36;1797;333
60;37;1792;333
60;38;287;333
60;38;1797;333
60;39;1797;333
60;40;287;333
60;40;1792;333
60;41;1795;333
60;42;1796;333
60;43;287;333
60;44;287;333
60;44;407;333
60;45;287;333
60;46;287;333
60;72;287;333
60;73;287;333
60;74;287;333
61;1;287;333
61;2;626;333
61;3;627;333
61;4;626;333
61;5;626;333
61;6;627;333
61;7;287;333
61;15;287;333
61;16;600;333
61;16;596;333
61;17;3099;333
61;18;3101;333
61;19;2937;333
61;24;287;333
61;25;287;333
61;26;287;333
61;27;287;333
61;28;287;333
61;29;287;333
61;30;287;333
61;31;287;333
61;39;3094;333
61;43;1266;333
61;43;914;333
61;44;1265;333
61;46;1265;333
61;46;1276;333
61;46;1254;333
61;49;3101;333
61;50;914;333
61;62;1266;333
61;62;1272;333
61;62;3101;333
61;63;405;333
61;65;1272;333
61;66;1265;333
61;66;1250;333
61;69;3101;333
61;70;3100;333
61;73;287;333
61;74;287;333
62;1;287;333
62;2;287;333
62;3;287;333
62;4;287;333
62;5;287;333
62;6;287;333
62;7;287;333
62;15;287;333
62;16;600;333
62;16;599;333
62;17;1265;333
62;17;1245;333
62;18;1266;333
62;19;3101;333
62;24;914;333
62;24;1276;333
62;25;1266;333
62;28;1272;333
62;28;3101;333
62;30;3094;333
62;35;1266;333
62;35;1265;333
62;37;914;333
62;38;3101;333
62;40;1272;333
62;41;1266;333
62;47;3101;333
62;50;1265;333
62;51;1266;333
62;52;1266;333
62;52;1272;333
62;53;1276;333
62;54;3101;333
62;55;1266;333
62;56;1272;333
62;59;1272;333
62;61;1266;333
62;61;3093;333
62;62;375;333
62;62;3101;333
62;63;1272;333
62;63;3101;333
62;65;1266;333
62;65;3093;333
62;68;3093;333
62;70;1272;333
62;70;3101;333
62;70;3100;333
62;73;287;333
62;74;287;333
63;15;287;333
63;16;622;333
63;17;3098;333
63;17;3101;333
63;17;424;333
63;17;427;333
63;18;424;333
63;19;424;333
63;21;3093;333
63;22;1272;333
63;22;1265;333
63;26;1272;333
63;27;3093;333
63;28;233;333
63;30;1265;333
63;31;3101;333
63;32;1272;333
63;32;914;333
63;32;1254;333
63;33;3100;333
63;34;629;333
63;35;627;333
63;36;287;333
63;36;625;333
63;37;287;333
63;37;623;333
63;38;287;333
63;39;625;333
63;40;626;333
63;41;600;333
63;41;627;333
63;42;626;333
63;43;1276;333
63;44;1272;333
63;46;1266;333
63;46;3093;333
63;47;1272;333
63;48;3093;333
63;51;1266;333
63;52;403;333
63;53;1272;333
63;55;424;333
63;56;3093;333
63;56;424;333
63;57;1254;333
63;57;3101;333
63;57;427;333
63;58;424;333
63;59;691;333
63;60;680;333
63;61;682;333
63;62;689;333
63;62;403;333
63;62;391;333
63;63;1251;333
63;63;691;333
63;64;680;333
63;65;682;333
63;66;1266;333
63;66;689;333
63;68;626;333
63;73;287;333
63;74;287;333
64;7;287;333
64;8;287;333
64;9;287;333
64;10;287;333
64;11;287;333
64;12;287;333
64;13;287;333
64;14;287;333
64;15;287;333
64;16;626;333
64;17;627;333
64;18;628;333
64;19;629;333
64;20;627;333
64;21;623;333
64;22;597;333
64;23;598;333
64;24;628;333
64;25;629;333
64;26;626;333
64;27;622;333
64;27;425;333
64;28;1245;333
64;28;425;333
64;29;915;333
64;30;1246;333
64;31;627;333
64;32;626;333
64;33;627;333
64;34;287;333
64;35;287;333
64;36;287;333
64;37;287;333
64;38;287;333
64;39;287;333
64;40;287;333
64;41;287;333
64;42;287;333
64;42;629;333
64;43;627;333
64;44;622;333
64;45;627;333
64;46;626;333
64;47;623;333
64;48;635;333
64;48;628;333
64;49;635;333
64;49;403;333
64;50;635;333
64;51;680;333
64;52;634;333
64;53;634;333
64;54;634;333
64;55;634;333
64;55;629;333
64;55;628;333
64;56;627;333
64;56;424;333
64;57;628;333
64;58;629;333
64;59;634;333
64;59;628;333
64;60;688;333
64;61;690;333
64;62;634;333
64;63;634;333
64;64;688;333
64;65;690;333
64;66;634;333
64;66;627;333
64;67;287;333
64;68;622;333
64;73;287;333
64;74;287;333
65;7;287;333
65;8;627;333
65;9;3099;333
65;10;1254;333
65;10;3101;333
65;11;1272;333
65;13;287;333
65;14;287;333
65;15;287;333
65;16;287;333
65;17;287;333
65;18;287;333
65;19;287;333
65;20;287;333
65;21;1266;333
65;21;287;333
65;22;287;333
65;23;287;333
65;24;287;333
65;25;287;333
65;26;287;333
65;27;1266;333
65;27;1276;333
65;27;425;333
65;27;421;333
65;28;1265;333
65;29;3097;333
65;30;3097;333
65;31;1254;333
65;32;287;333
65;33;1265;333
65;33;287;333
65;34;287;333
65;35;287;333
65;36;287;333
65;37;287;333
65;38;287;333
65;39;287;333
65;40;287;333
65;41;287;333
65;42;287;333
65;43;1266;333
65;43;287;333
65;44;1266;333
65;44;287;333
65;45;287;333
65;46;287;333
65;47;287;333
65;48;287;333
65;49;287;333
65;50;287;333
65;51;287;333
65;52;287;333
65;53;287;333
65;54;287;333
65;55;287;333
65;56;287;333
65;57;287;333
65;58;287;333
65;59;287;333
65;60;287;333
65;61;287;333
65;62;287;333
65;63;287;333
65;64;287;333
65;65;287;333
65;66;287;333
65;67;287;333
65;68;628;333
65;70;1266;333
65;73;287;333
65;74;287;333
66;7;287;333
66;8;628;333
66;9;1257;333
66;10;2832;333
66;14;1266;333
66;15;628;333
66;17;3101;333
66;19;1265;333
66;20;1265;333
66;20;1254;333
66;26;629;333
66;28;2937;333
66;29;61;333
66;29;3101;333
66;31;3101;333
66;33;1272;333
66;34;1272;333
66;36;1254;333
66;39;3101;333
66;44;3094;333
66;47;1276;333
66;49;1272;333
66;49;1265;333
66;52;287;333
66;53;287;333
66;54;287;333
66;55;287;333
66;56;287;333
66;57;287;333
66;58;287;333
66;59;287;333
66;60;287;333
66;61;287;333
66;62;287;333
66;63;287;333
66;64;287;333
66;65;287;333
66;66;287;333
66;67;287;333
66;68;627;333
66;69;3101;333
66;70;1266;333
66;73;287;333
66;74;287;333
67;7;287;333
67;8;629;333
67;13;1266;333
67;13;424;333
67;14;424;333
67;16;375;333
67;17;1265;333
67;20;1265;333
67;24;1265;333
67;26;3094;333
67;28;3101;333
67;31;3101;333
67;31;3093;333
67;32;1266;333
67;40;1276;333
67;41;3101;333
67;50;28;333
67;52;287;333
67;53;287;333
67;54;287;333
67;55;287;333
67;56;287;333
67;57;287;333
67;58;287;333
67;59;287;333
67;60;287;333
67;61;287;333
67;62;287;333
67;63;287;333
67;64;287;333
67;65;287;333
67;66;287;333
67;67;287;333
67;68;629;333
67;73;287;333
67;74;287;333
68;7;287;333
68;8;628;333
68;9;1265;333
68;10;2856;333
68;11;1266;333
68;12;627;333
68;13;623;333
68;13;407;333
68;14;287;333
68;14;627;333
68;15;633;333
68;15;688;333
68;15;391;333
68;16;3101;333
68;17;3100;333
68;18;627;333
68;19;629;333
68;20;3097;333
68;22;3101;333
68;23;1254;333
68;26;3101;333
68;27;1265;333
68;30;627;333
68;31;287;333
68;32;287;333
68;33;287;333
68;34;287;333
68;35;287;333
68;36;287;333
68;37;287;333
68;38;287;333
68;39;287;333
68;40;287;333
68;41;287;333
68;42;287;333
68;43;287;333
68;44;287;333
68;45;287;333
68;46;287;333
68;47;287;333
68;48;622;333
68;52;622;333
68;53;622;333
68;54;622;333
68;55;622;333
68;56;622;333
68;57;622;333
68;58;622;333
68;59;622;333
68;60;622;333
68;61;622;333
68;62;622;333
68;63;622;333
68;64;628;333
68;71;1266;333
68;72;1254;333
68;73;287;333
68;74;287;333
69;7;287;333
69;8;626;333
69;9;628;333
69;10;599;333
69;11;627;333
69;12;287;333
69;13;287;333
69;14;287;333
69;15;681;333
69;15;627;333
69;16;1272;333
69;16;1265;333
69;16;635;333
69;16;1257;333
69;16;403;333
69;17;635;333
69;17;691;333
69;17;3100;333
69;18;287;333
69;19;622;333
69;20;627;333
69;22;625;333
69;24;598;333
69;25;597;333
69;26;626;333
69;27;3100;333
69;27;2038;333
69;27;425;333
69;27;423;333
69;28;3100;333
69;29;1247;333
69;30;622;333
69;31;1254;333
69;31;3101;333
69;32;3098;333
69;47;287;333
69;48;287;333
69;49;287;333
69;50;287;333
69;51;287;333
69;52;287;333
69;53;622;333
69;57;1266;333
69;59;1272;333
69;60;1272;333
69;60;1254;333
69;62;1266;333
69;63;1272;333
69;65;1266;333
69;66;3101;333
69;66;16;333
69;67;3101;333
69;69;28;333
69;70;1272;333
69;73;287;333
69;74;287;333
70;7;287;333
70;8;287;333
70;9;287;333
70;10;287;333
70;11;287;333
70;12;287;333
70;13;287;333
70;14;287;333
70;15;287;333
70;16;287;333
70;17;287;333
70;18;287;333
70;19;287;333
70;20;287;333
70;21;287;333
70;22;287;333
70;23;287;333
70;24;287;333
70;25;287;333
70;26;287;333
70;27;626;333
70;27;424;333
70;28;623;333
70;28;407;333
70;29;629;333
70;29;424;333
70;30;287;333
70;32;1272;333
70;39;1265;333
70;39;3094;333
70;48;3094;333
70;53;1266;333
70;55;1265;333
70;56;1266;333
70;57;3101;333
70;58;1272;333
70;58;3093;333
70;60;1265;333
70;62;1266;333
70;62;3093;333
70;66;3101;333
70;67;2038;333
70;67;424;333
70;68;424;333
70;69;2856;333
70;69;424;333
70;69;427;333
70;70;424;333
70;71;3099;333
70;71;424;333
70;72;1265;333
70;72;3099;333
70;73;287;333
70;74;287;333
71;26;287;333
71;27;287;333
71;28;287;333
71;29;287;333
71;30;287;333
71;30;626;333
71;31;1247;333
71;33;403;333
71;34;1266;333
71;34;1272;333
71;37;1272;333
71;38;403;333
71;42;1272;333
71;42;1276;333
71;42;424;333
71;43;424;333
71;44;424;333
71;45;1247;333
71;46;3101;333
71;47;1272;333
71;51;1266;333
71;52;1272;333
71;53;3098;333
71;54;3097;333
71;55;627;333
71;56;600;333
71;56;596;333
71;57;622;333
71;58;627;333
71;59;628;333
71;60;627;333
71;61;629;333
71;62;626;333
71;63;623;333
71;64;422;333
71;65;623;333
71;66;627;333
71;67;628;333
71;68;629;333
71;69;629;333
71;70;627;333
71;71;623;333
71;72;627;333
71;73;287;333
71;74;287;333
72;29;287;333
72;30;287;333
72;31;600;333
72;31;623;333
72;32;287;333
72;33;287;333
72;33;634;333
72;34;287;333
72;35;597;333
72;36;623;333
72;37;287;333
72;38;634;333
72;39;634;333
72;40;287;333
72;41;635;333
72;42;287;333
72;43;287;333
72;43;623;333
72;43;424;333
72;44;287;333
72;44;622;333
72;45;287;333
72;46;287;333
72;46;634;333
72;47;287;333
72;47;682;333
72;47;688;333
72;48;635;333
72;48;689;333
72;48;1245;333
72;49;635;333
72;49;403;333
72;49;1273;333
72;49;405;333
72;50;635;333
72;50;632;333
72;50;690;333
72;50;232;333
72;51;287;333
72;51;634;333
72;51;627;333
72;52;287;333
72;52;623;333
72;53;287;333
72;53;628;333
72;54;287;333
72;54;629;333
72;55;287;333
72;56;287;333
72;57;287;333
72;58;287;333
72;59;287;333
72;60;287;333
72;61;287;333
72;62;287;333
72;63;287;333
72;64;287;333
72;65;287;333
72;66;287;333
72;67;287;333
72;68;287;333
72;69;287;333
72;70;287;333
72;71;287;333
72;72;287;333
72;73;287;333
72;74;287;333
