L: 2
X: 762
Y: 613
W: 71
H: 64
0;0;0;0;0
1;0;0;0;0
2;0;0;0;0
3;0;0;0;0
4;0;0;0;0
5;0;0;0;0
6;0;0;0;0
7;0;0;0;0
8;0;0;0;0
9;0;0;0;0
10;0;0;0;0
11;0;0;0;0
12;0;0;0;0
13;0;0;0;0
14;0;0;0;0
15;0;0;0;0
16;0;0;0;0
17;0;0;0;0
18;0;0;0;0
19;0;0;0;0
20;0;0;0;0
21;0;0;0;0
22;0;0;0;0
23;0;0;0;0
24;0;0;0;0
25;0;0;0;0
26;0;0;0;0
27;0;0;0;0
28;0;0;0;0
29;0;0;0;0
30;0;0;0;0
31;0;0;0;0
32;0;0;0;0
33;0;0;0;0
34;0;0;0;0
35;0;0;0;0
36;0;0;0;0
37;0;0;0;0
38;0;0;0;0
39;0;0;0;0
40;0;0;0;0
41;0;0;0;0
42;0;0;0;0
43;0;0;0;0
44;0;0;0;0
45;0;0;0;0
46;0;0;0;0
47;0;0;0;0
48;0;0;0;0
49;0;0;0;0
50;0;0;0;0
51;0;0;0;0
52;0;0;0;0
53;0;0;0;0
54;0;0;0;0
55;0;0;0;0
56;0;0;0;0
57;0;0;0;0
58;0;0;0;0
59;0;0;0;0
60;0;0;0;0
61;0;0;0;0
62;0;0;0;0
63;0;0;0;0
64;0;0;0;0
65;0;0;0;0
66;0;0;0;0
67;0;11346;0;0
68;0;0;0;0
69;0;0;0;0
70;0;0;0;0
0;1;0;0;0
1;1;0;0;0
2;1;0;0;0
3;1;0;0;0
4;1;0;0;0
5;1;0;0;0
6;1;0;0;0
7;1;0;0;0
8;1;0;0;0
9;1;0;0;0
10;1;0;0;0
11;1;0;0;0
12;1;0;0;0
13;1;0;0;0
14;1;0;0;0
15;1;2;0;0
16;1;2;0;0
17;1;2;0;0
18;1;2;0;0
19;1;2;0;0
20;1;2;0;0
21;1;2;0;0
22;1;2;0;0
23;1;2;0;0
24;1;2;0;0
25;1;2;0;0
26;1;2;0;0
27;1;2;0;0
28;1;2;0;0
29;1;2;0;0
30;1;2;0;0
31;1;2;0;0
32;1;2;0;0
33;1;2;0;0
34;1;2;0;0
35;1;2;0;0
36;1;2;0;0
37;1;2;0;0
38;1;2;0;0
39;1;2;0;0
40;1;2;0;0
41;1;2;0;0
42;1;2;0;0
43;1;2;0;0
44;1;2;0;0
45;1;2;0;0
46;1;2;0;0
47;1;2;0;0
48;1;2;0;0
49;1;2;0;0
50;1;2;0;0
51;1;2;0;0
52;1;2;0;0
53;1;2;0;0
54;1;2;0;0
55;1;2;0;0
56;1;2;0;0
57;1;2;0;0
58;1;2;0;0
59;1;2;0;0
60;1;2;0;0
61;1;2;0;0
62;1;2;0;0
63;1;2;0;0
64;1;2;0;0
65;1;2;0;0
66;1;2;0;0
67;1;2;0;0
68;1;2;0;0
69;1;2;0;0
70;1;2;0;0
0;2;2;0;0
1;2;2;0;0
2;2;2;0;0
3;2;2;0;0
4;2;2;0;0
5;2;2;0;0
6;2;2;0;0
7;2;2;0;0
8;2;2;0;0
9;2;2;0;0
10;2;2;0;0
11;2;2;0;0
12;2;2;0;0
13;2;2;0;0
14;2;2;0;0
15;2;2;0;0
16;2;2;0;0
17;2;2;0;0
18;2;2;0;0
19;2;2;0;0
20;2;2;0;0
21;2;2;0;0
22;2;2;0;0
23;2;2;0;0
24;2;2;0;0
25;2;6626;0;0
26;2;11746;0;0
27;2;11746;0;0
28;2;11746;0;0
29;2;11746;0;0
30;2;11746;0;0
31;2;11746;0;0
32;2;11746;0;0
33;2;11746;0;0
34;2;11746;0;0
35;2;11746;0;0
36;2;11746;0;0
37;2;11746;0;0
38;2;11746;0;0
39;2;11746;0;0
40;2;11746;0;0
41;2;11746;0;0
42;2;11746;0;0
43;2;11746;0;0
44;2;11746;0;0
45;2;11746;0;0
46;2;11746;0;0
47;2;11746;0;0
48;2;11746;0;0
49;2;11746;0;0
50;2;11746;0;0
51;2;11746;0;0
52;2;11746;0;0
53;2;11746;0;0
54;2;11746;0;0
55;2;11746;0;0
56;2;11746;0;0
57;2;5602;0;0
58;2;2;0;0
59;2;2;0;0
60;2;2;0;0
61;2;2;0;0
62;2;2;0;0
63;2;2;0;0
64;2;2;0;0
65;2;2;0;0
66;2;2;0;0
67;2;2;0;0
68;2;2;0;0
69;2;2;0;0
70;2;2;0;0
0;3;2;0;0
1;3;2;0;0
2;3;2;0;0
3;3;2;0;0
4;3;2;0;0
5;3;2;0;0
6;3;2;0;0
7;3;2;0;0
8;3;2;0;0
9;3;2;0;0
10;3;2;0;0
11;3;2;0;0
12;3;2;0;0
13;3;2;0;0
14;3;2;0;0
15;3;2;0;0
16;3;2;0;0
17;3;2;0;0
18;3;2;0;0
19;3;2;0;0
20;3;2;0;0
21;3;2;0;0
22;3;2;0;0
23;3;2;0;0
24;3;8674;0;0
25;3;15;0;0
26;3;15;0;0
27;3;15;0;0
28;3;15;0;0
29;3;15;0;0
30;3;15;0;0
31;3;15;0;0
32;3;15;0;0
33;3;15;0;0
34;3;15;0;0
35;3;15;0;0
36;3;15;0;0
37;3;15;0;0
38;3;15;0;0
39;3;15;0;0
40;3;15;0;0
41;3;15;0;0
42;3;15;0;0
43;3;15;0;0
44;3;15;0;0
45;3;15;0;0
46;3;15;0;0
47;3;15;0;0
48;3;15;0;0
49;3;15;0;0
50;3;15;0;0
51;3;15;0;0
52;3;15;0;0
53;3;15;0;0
54;3;15;0;0
55;3;15;0;0
56;3;15;0;0
57;3;15;0;0
58;3;15842;0;0
59;3;2;0;0
60;3;2;0;0
61;3;2;0;0
62;3;2;0;0
63;3;2;0;0
64;3;2;0;0
65;3;2;0;0
66;3;2;0;0
67;3;2;0;0
68;3;2;0;0
69;3;2;0;0
70;3;2;0;0
0;4;2;0;0
1;4;2;0;0
2;4;2;0;0
3;4;2;0;0
4;4;2;0;0
5;4;2;0;0
6;4;2;0;0
7;4;2;0;0
8;4;2;0;0
9;4;2;0;0
10;4;2;0;0
11;4;2;0;0
12;4;2;0;0
13;4;2;0;0
14;4;2;0;0
15;4;2;0;0
16;4;2;0;0
17;4;2;0;0
18;4;2;0;0
19;4;2;0;0
20;4;2;0;0
21;4;2;0;0
22;4;2;0;0
23;4;2;0;0
24;4;12770;0;0
25;4;15;0;0
26;4;15;0;0
27;4;15;0;0
28;4;15;0;0
29;4;15;0;0
30;4;15;0;0
31;4;15;0;0
32;4;15;0;0
33;4;15;0;0
34;4;15;0;0
35;4;15;0;0
36;4;15;0;0
37;4;15;0;0
38;4;15;0;0
39;4;15;0;0
40;4;15;0;0
41;4;15;0;0
42;4;15;0;0
43;4;15;0;0
44;4;15;0;0
45;4;15;0;0
46;4;15;0;0
47;4;15;0;0
48;4;15;0;0
49;4;15;0;0
50;4;15;0;0
51;4;15;0;0
52;4;15;0;0
53;4;15;0;0
54;4;15;0;0
55;4;15;0;0
56;4;15;0;0
57;4;15;0;0
58;4;15;0;0
59;4;4578;0;0
60;4;2;0;0
61;4;2;0;0
62;4;2;0;0
63;4;2;0;0
64;4;2;0;0
65;4;2;0;0
66;4;2;0;0
67;4;2;0;0
68;4;2;0;0
69;4;2;0;0
70;4;2;0;0
0;5;2;0;0
1;5;2;0;0
2;5;2;0;0
3;5;2;0;0
4;5;2;0;0
5;5;2;0;0
6;5;2;0;0
7;5;2;0;0
8;5;2;0;0
9;5;2;0;0
10;5;2;0;0
11;5;2;0;0
12;5;2;0;0
13;5;2;0;0
14;5;2;0;0
15;5;2;0;0
16;5;6402;0;0
17;5;11522;0;0
18;5;5378;0;0
19;5;2;0;0
20;5;2;0;0
21;5;2;0;0
22;5;2;0;0
23;5;2;0;0
24;5;12770;0;0
25;5;15;0;0
26;5;15;0;0
27;5;15;0;0
28;5;15;0;0
29;5;15;0;0
30;5;15;0;0
31;5;15;0;0
32;5;15;0;0
33;5;15;0;0
34;5;15;0;0
35;5;15;0;0
36;5;15;0;0
37;5;15;0;0
38;5;15;0;0
39;5;15;0;0
40;5;15;0;0
41;5;15;0;0
42;5;15;0;0
43;5;15;0;0
44;5;15;0;0
45;5;15;0;0
46;5;15;0;0
47;5;15;0;0
48;5;15;0;0
49;5;15;0;0
50;5;15;0;0
51;5;15;0;0
52;5;15;0;0
53;5;15;0;0
54;5;15;0;0
55;5;15;0;0
56;5;15;0;0
57;5;15;0;0
58;5;15;0;0
59;5;28130;0;0
60;5;5602;0;0
61;5;2;0;0
62;5;2;0;0
63;5;2;0;0
64;5;2;0;0
65;5;2;0;0
66;5;2;0;0
67;5;2;0;0
68;5;2;0;0
69;5;2;0;0
70;5;2;0;0
0;6;2;0;0
1;6;2;0;0
2;6;2;0;0
3;6;2;0;0
4;6;2;0;0
5;6;2;0;0
6;6;2;0;0
7;6;2;0;0
8;6;2;0;0
9;6;2;0;0
10;6;2;0;0
11;6;2;0;0
12;6;2;0;0
13;6;2;0;0
14;6;2;0;0
15;6;8450;0;0
16;6;8;0;0
17;6;8;0;0
18;6;8;0;0
19;6;4354;0;0
20;6;2;0;0
21;6;2;0;0
22;6;2;0;0
23;6;2;0;0
24;6;12770;0;0
25;6;15;0;0
26;6;15;0;0
27;6;15;0;0
28;6;15;0;0
29;6;15;0;0
30;6;15;0;0
31;6;34;0;0
32;6;34;0;0
33;6;34;0;0
34;6;34;0;0
35;6;15;0;0
36;6;15;0;0
37;6;15;0;0
38;6;15;0;0
39;6;15;0;0
40;6;15;0;0
41;6;15;0;0
42;6;15;0;0
43;6;15;0;0
44;6;15;0;0
45;6;15;0;0
46;6;15;0;0
47;6;15;0;0
48;6;15;0;0
49;6;15;0;0
50;6;15;0;0
51;6;15;0;0
52;6;15;0;0
53;6;15;0;0
54;6;15;0;0
55;6;15;0;0
56;6;15;0;0
57;6;15;0;0
58;6;15;0;0
59;6;15;0;0
60;6;15;0;0
61;6;4578;0;0
62;6;2;0;0
63;6;2;0;0
64;6;2;0;0
65;6;2;0;0
66;6;2;0;0
67;6;2;0;0
68;6;2;0;0
69;6;2;0;0
70;6;2;0;0
0;7;2;0;0
1;7;2;0;0
2;7;2;0;0
3;7;2;0;0
4;7;2;0;0
5;7;2;0;0
6;7;6658;0;0
7;7;5634;0;0
8;7;2;0;0
9;7;2;0;0
10;7;2;0;0
11;7;6626;0;0
12;7;5602;0;0
13;7;2;0;0
14;7;2;0;0
15;7;12546;0;0
16;7;8;0;0
17;7;8;0;0
18;7;8;0;0
19;7;10498;0;0
20;7;2;0;0
21;7;2;0;0
22;7;2;0;0
23;7;2;0;0
24;7;12770;0;0
25;7;15;0;0
26;7;15;0;0
27;7;15;0;0
28;7;15;0;0
29;7;15;0;0
30;7;15;0;0
31;7;0;0;0
32;7;0;0;0
33;7;0;0;0
34;7;34;0;0
35;7;15;0;0
36;7;15;0;0
37;7;15;0;0
38;7;15;0;0
39;7;15;0;0
40;7;15;0;0
41;7;15;0;0
42;7;15;0;0
43;7;15;0;0
44;7;15;0;0
45;7;15;0;0
46;7;15;0;0
47;7;15;0;0
48;7;15;0;0
49;7;15;0;0
50;7;15;0;0
51;7;34;0;0
52;7;34;0;0
53;7;34;0;0
54;7;15;0;0
55;7;15;0;0
56;7;15;0;0
57;7;15;0;0
58;7;15;0;0
59;7;15;0;0
60;7;15;0;0
61;7;10722;0;0
62;7;2;0;0
63;7;2;0;0
64;7;2;0;0
65;7;2;0;0
66;7;2;0;0
67;7;2;0;0
68;7;2;0;0
69;7;2;0;0
70;7;2;0;0
0;8;2;0;0
1;8;2;0;0
2;8;2;0;0
3;8;2;0;0
4;8;2;0;0
5;8;8706;0;0
6;8;16;0;0
7;8;16;0;0
8;8;4610;0;0
9;8;2;0;0
10;8;8674;0;0
11;8;15;0;0
12;8;15;0;0
13;8;4578;0;0
14;8;2;0;0
15;8;7426;0;0
16;8;8;0;0
17;8;8;0;0
18;8;8;0;0
19;8;3330;0;0
20;8;2;0;0
21;8;2;0;0
22;8;2;0;0
23;8;6626;0;0
24;8;29154;0;0
25;8;15;0;0
26;8;15;0;0
27;8;15;0;0
28;8;15;0;0
29;8;15;0;0
30;8;15;0;0
31;8;0;0;0
32;8;0;0;0
33;8;0;0;0
34;8;34;0;0
35;8;15;0;0
36;8;15;0;0
37;8;15;0;0
38;8;15;0;0
39;8;15;0;0
40;8;15;0;0
41;8;15;0;0
42;8;15;0;0
43;8;15;0;0
44;8;15;0;0
45;8;15;0;0
46;8;15;0;0
47;8;15;0;0
48;8;15;0;0
49;8;15;0;0
50;8;15;0;0
51;8;0;0;0
52;8;0;0;0
53;8;34;0;0
54;8;15;0;0
55;8;15;0;0
56;8;15;0;0
57;8;15;0;0
58;8;15;0;0
59;8;15;0;0
60;8;15;0;0
61;8;28130;0;0
62;8;5602;0;0
63;8;2;0;0
64;8;2;0;0
65;8;2;0;0
66;8;2;0;0
67;8;2;0;0
68;8;2;0;0
69;8;2;0;0
70;8;2;0;0
0;9;2;0;0
1;9;2;0;0
2;9;2;0;0
3;9;2;0;0
4;9;2;0;0
5;9;7682;0;0
6;9;16;0;0
7;9;16;0;0
8;9;3586;0;0
9;9;2;0;0
10;9;7650;0;0
11;9;15;0;0
12;9;15;0;0
13;9;3554;0;0
14;9;2;0;0
15;9;2;0;0
16;9;2306;0;0
17;9;9474;0;0
18;9;1282;0;0
19;9;2;0;0
20;9;2;0;0
21;9;2;0;0
22;9;8674;0;0
23;9;15;0;0
24;9;15;0;0
25;9;15;0;0
26;9;15;0;0
27;9;15;0;0
28;9;15;0;0
29;9;15;0;0
30;9;34;0;0
31;9;0;0;0
32;9;0;0;0
33;9;0;0;0
34;9;34;0;0
35;9;15;0;0
36;9;15;0;0
37;9;15;0;0
38;9;15;0;0
39;9;15;0;0
40;9;15;0;0
41;9;15;0;0
42;9;15;0;0
43;9;15;0;0
44;9;34;0;0
45;9;34;0;0
46;9;34;0;0
47;9;34;0;0
48;9;34;0;0
49;9;34;0;0
50;9;34;0;0
51;9;0;0;0
52;9;0;0;0
53;9;34;0;0
54;9;15;0;0
55;9;15;0;0
56;9;15;0;0
57;9;15;0;0
58;9;15;0;0
59;9;15;0;0
60;9;15;0;0
61;9;15;0;0
62;9;15;0;0
63;9;23010;0;0
64;9;11746;0;0
65;9;5602;0;0
66;9;2;0;0
67;9;2;0;0
68;9;2;0;0
69;9;2;0;0
70;9;2;0;0
0;10;6658;0;0
1;10;11778;0;0
2;10;5634;0;0
3;10;2;0;0
4;10;2;0;0
5;10;2;0;0
6;10;2562;0;0
7;10;1538;0;0
8;10;2;0;0
9;10;2;0;0
10;10;2;0;0
11;10;2530;0;0
12;10;1506;0;0
13;10;2;0;0
14;10;2;0;0
15;10;6402;0;0
16;10;5378;0;0
17;10;2;0;0
18;10;2;0;0
19;10;2;0;0
20;10;2;0;0
21;10;2;0;0
22;10;12770;0;0
23;10;15;0;0
24;10;15;0;0
25;10;15;0;0
26;10;15;0;0
27;10;15;0;0
28;10;15;0;0
29;10;15;0;0
30;10;0;0;0
31;10;0;0;0
32;10;0;0;0
33;10;0;0;0
34;10;34;0;0
35;10;15;0;0
36;10;15;0;0
37;10;15;0;0
38;10;15;0;0
39;10;15;0;0
40;10;15;0;0
41;10;15;0;0
42;10;15;0;0
43;10;15;0;0
44;10;0;0;0
45;10;0;0;0
46;10;0;0;0
47;10;0;0;0
48;10;0;0;0
49;10;0;0;0
50;10;0;0;0
51;10;0;0;0
52;10;0;0;0
53;10;34;0;0
54;10;15;0;0
55;10;15;0;0
56;10;15;0;0
57;10;15;0;0
58;10;15;0;0
59;10;15;0;0
60;10;15;0;0
61;10;15;0;0
62;10;15;0;0
63;10;15;0;0
64;10;15;0;0
65;10;15;0;0
66;10;4578;0;0
67;10;2;0;0
68;10;2;0;0
69;10;2;0;0
70;10;2;0;0
0;11;16;0;0
1;11;16;0;0
2;11;16;0;0
3;11;4610;0;0
4;11;2;0;0
5;11;2;0;0
6;11;2;0;0
7;11;0;0;0
8;11;0;0;0
9;11;0;0;0
10;11;2;0;0
11;11;2;0;0
12;11;2;0;0
13;11;2;0;0
14;11;8450;0;0
15;11;8;0;0
16;11;8;0;0
17;11;4354;0;0
18;11;2;0;0
19;11;2;0;0
20;11;2;0;0
21;11;2;0;0
22;11;25058;0;0
23;11;15;0;0
24;11;15;0;0
25;11;15;0;0
26;11;15;0;0
27;11;15;0;0
28;11;34;0;0
29;11;34;0;0
30;11;0;0;0
31;11;0;0;0
32;11;0;0;0
33;11;0;0;0
34;11;34;0;0
35;11;15;0;0
36;11;15;0;0
37;11;15;0;0
38;11;15;0;0
39;11;15;0;0
40;11;15;0;0
41;11;34;0;0
42;11;34;0;0
43;11;34;0;0
44;11;0;0;0
45;11;0;0;0
46;11;0;0;0
47;11;0;0;0
48;11;0;0;0
49;11;0;0;0
50;11;0;0;0
51;11;0;0;0
52;11;0;0;0
53;11;0;0;0
54;11;34;0;0
55;11;34;0;0
56;11;34;0;0
57;11;34;0;0
58;11;15;0;0
59;11;15;0;0
60;11;15;0;0
61;11;15;0;0
62;11;15;0;0
63;11;15;0;0
64;11;15;0;0
65;11;15;0;0
66;11;10722;0;0
67;11;2;0;0
68;11;2;0;0
69;11;2;0;0
70;11;2;0;0
0;12;16;0;0
1;12;16;0;0
2;12;16;0;0
3;12;3586;0;0
4;12;2;0;0
5;12;2;0;0
6;12;0;0;0
7;12;0;0;0
8;12;0;0;0
9;12;0;0;0
10;12;2;0;0
11;12;2;0;0
12;12;2;0;0
13;12;2;0;0
14;12;7426;0;0
15;12;8;0;0
16;12;8;0;0
17;12;3330;0;0
18;12;2;0;0
19;12;2;0;0
20;12;2;0;0
21;12;8674;0;0
22;12;15;0;0
23;12;15;0;0
24;12;15;0;0
25;12;15;0;0
26;12;15;0;0
27;12;15;0;0
28;12;0;0;0
29;12;0;0;0
30;12;0;0;0
31;12;0;0;0
32;12;0;0;0
33;12;0;0;0
34;12;0;0;0
35;12;34;0;0
36;12;34;0;0
37;12;34;0;0
38;12;34;0;0
39;12;34;0;0
40;12;34;0;0
41;12;0;0;0
42;12;0;0;0
43;12;0;0;0
44;12;0;0;0
45;12;0;0;0
46;12;0;0;0
47;12;0;0;0
48;12;0;0;0
49;12;0;0;0
50;12;0;0;0
51;12;0;0;0
52;12;0;0;0
53;12;0;0;0
54;12;0;0;0
55;12;0;0;0
56;12;0;0;0
57;12;34;0;0
58;12;15;0;0
59;12;15;0;0
60;12;15;0;0
61;12;15;0;0
62;12;15;0;0
63;12;15;0;0
64;12;15;0;0
65;12;15;0;0
66;12;10722;0;0
67;12;2;0;0
68;12;2;0;0
69;12;2;0;0
70;12;2;0;0
0;13;0;0;0
1;13;0;0;0
2;13;0;0;0
3;13;0;0;0
4;13;0;0;0
5;13;0;0;0
6;13;0;0;0
7;13;0;0;0
8;13;0;0;0
9;13;0;0;0
10;13;2;0;0
11;13;2;0;0
12;13;2;0;0
13;13;2;0;0
14;13;2;0;0
15;13;2306;0;0
16;13;1282;0;0
17;13;2;0;0
18;13;2;0;0
19;13;2;0;0
20;13;2;0;0
21;13;25058;0;0
22;13;15;0;0
23;13;15;0;0
24;13;15;0;0
25;13;15;0;0
26;13;15;0;0
27;13;15;0;0
28;13;0;0;0
29;13;0;0;0
30;13;0;0;0
31;13;0;0;0
32;13;0;0;0
33;13;0;0;0
34;13;0;0;0
35;13;0;0;0
36;13;0;0;0
37;13;0;0;0
38;13;0;0;0
39;13;0;0;0
40;13;0;0;0
41;13;0;0;0
42;13;0;0;0
43;13;0;0;0
44;13;0;0;0
45;13;0;0;0
46;13;0;0;0
47;13;0;0;0
48;13;0;0;0
49;13;0;0;0
50;13;0;0;0
51;13;0;0;0
52;13;0;0;0
53;13;0;0;0
54;13;0;0;0
55;13;0;0;0
56;13;0;0;0
57;13;34;0;0
58;13;15;0;0
59;13;15;0;0
60;13;15;0;0
61;13;15;0;0
62;13;15;0;0
63;13;15;0;0
64;13;15;0;0
65;13;15;0;0
66;13;10722;0;0
67;13;2;0;0
68;13;2;0;0
69;13;2;0;0
70;13;2;0;0
0;14;0;0;0
1;14;0;0;0
2;14;0;0;0
3;14;0;0;0
4;14;0;0;0
5;14;0;0;0
6;14;0;0;0
7;14;0;0;0
8;14;0;0;0
9;14;0;0;0
10;14;2;0;0
11;14;34;0;0
12;14;34;0;0
13;14;34;0;0
14;14;2;0;0
15;14;2;0;0
16;14;2;0;0
17;14;2;0;0
18;14;2;0;0
19;14;6626;0;0
20;14;21986;0;0
21;14;15;0;0
22;14;15;0;0
23;14;15;0;0
24;14;15;0;0
25;14;34;0;0
26;14;34;0;0
27;14;34;0;0
28;14;0;0;0
29;14;0;0;0
30;14;0;0;0
31;14;0;0;0
32;14;0;0;0
33;14;0;0;0
34;14;0;0;0
35;14;0;0;0
36;14;0;0;0
37;14;0;0;0
38;14;0;0;0
39;14;0;0;0
40;14;0;0;0
41;14;0;0;0
42;14;0;0;0
43;14;0;0;0
44;14;0;0;0
45;14;0;0;0
46;14;0;0;0
47;14;0;0;0
48;14;0;0;0
49;14;0;0;0
50;14;0;0;0
51;14;0;0;0
52;14;0;0;0
53;14;0;0;0
54;14;0;0;0
55;14;0;0;0
56;14;0;0;0
57;14;34;0;0
58;14;15;0;0
59;14;15;0;0
60;14;15;0;0
61;14;15;0;0
62;14;15;0;0
63;14;15;0;0
64;14;15;0;0
65;14;15;0;0
66;14;10722;0;0
67;14;2;0;0
68;14;2;0;0
69;14;2;0;0
70;14;2;0;0
0;15;0;0;0
1;15;0;0;0
2;15;0;0;0
3;15;0;0;0
4;15;0;0;0
5;15;0;0;0
6;15;0;0;0
7;15;0;0;0
8;15;0;0;0
9;15;0;0;0
10;15;0;0;0
11;15;0;0;0
12;15;0;0;0
13;15;0;0;0
14;15;34;0;0
15;15;2;0;0
16;15;2;0;0
17;15;2;0;0
18;15;8674;0;0
19;15;15;0;0
20;15;15;0;0
21;15;15;0;0
22;15;15;0;0
23;15;15;0;0
24;15;15;0;0
25;15;0;0;0
26;15;0;0;0
27;15;0;0;0
28;15;0;0;0
29;15;0;0;0
30;15;0;0;0
31;15;0;0;0
32;15;0;0;0
33;15;0;0;0
34;15;0;0;0
35;15;0;0;0
36;15;0;0;0
37;15;0;0;0
38;15;0;0;0
39;15;0;0;0
40;15;0;0;0
41;15;0;0;0
42;15;0;0;0
43;15;0;0;0
44;15;0;0;0
45;15;0;0;0
46;15;0;0;0
47;15;0;0;0
48;15;0;0;0
49;15;0;0;0
50;15;0;0;0
51;15;0;0;0
52;15;0;0;0
53;15;0;0;0
54;15;0;0;0
55;15;0;0;0
56;15;0;0;0
57;15;0;0;0
58;15;34;0;0
59;15;34;0;0
60;15;15;0;0
61;15;15;0;0
62;15;15;0;0
63;15;15;0;0
64;15;15;0;0
65;15;15;0;0
66;15;10722;0;0
67;15;2;0;0
68;15;2;0;0
69;15;2;0;0
70;15;2;0;0
0;16;0;0;0
1;16;0;0;0
2;16;0;0;0
3;16;0;0;0
4;16;0;0;0
5;16;0;0;0
6;16;0;0;0
7;16;0;0;0
8;16;0;0;0
9;16;0;0;0
10;16;0;0;0
11;16;0;0;0
12;16;0;0;0
13;16;0;0;0
14;16;0;0;0
15;16;2;0;0
16;16;2;0;0
17;16;2;0;0
18;16;12770;0;0
19;16;15;0;0
20;16;15;0;0
21;16;15;0;0
22;16;15;0;0
23;16;15;0;0
24;16;15;0;0
25;16;0;0;0
26;16;0;0;0
27;16;0;0;0
28;16;0;0;0
29;16;0;0;0
30;16;0;0;0
31;16;0;0;0
32;16;0;0;0
33;16;0;0;0
34;16;0;0;0
35;16;0;0;0
36;16;0;0;0
37;16;0;0;0
38;16;0;0;0
39;16;0;0;0
40;16;0;0;0
41;16;0;0;0
42;16;0;0;0
43;16;0;0;0
44;16;0;0;0
45;16;0;0;0
46;16;0;0;0
47;16;0;0;0
48;16;0;0;0
49;16;0;0;0
50;16;0;0;0
51;16;0;0;0
52;16;0;0;0
53;16;0;0;0
54;16;0;0;0
55;16;0;0;0
56;16;0;0;0
57;16;0;0;0
58;16;0;0;0
59;16;34;0;0
60;16;15;0;0
61;16;15;0;0
62;16;15;0;0
63;16;15;0;0
64;16;15;0;0
65;16;15;0;0
66;16;10722;0;0
67;16;2;0;0
68;16;2;0;0
69;16;2;0;0
70;16;2;0;0
0;17;0;0;0
1;17;0;0;0
2;17;0;0;0
3;17;0;0;0
4;17;0;0;0
5;17;0;0;0
6;17;0;0;0
7;17;0;0;0
8;17;0;0;0
9;17;0;0;0
10;17;0;0;0
11;17;0;0;0
12;17;0;0;0
13;17;0;0;0
14;17;0;0;0
15;17;2;0;0
16;17;2;0;0
17;17;2;0;0
18;17;12770;0;0
19;17;15;0;0
20;17;15;0;0
21;17;15;0;0
22;17;15;0;0
23;17;15;0;0
24;17;15;0;0
25;17;0;0;0
26;17;0;0;0
27;17;0;0;0
28;17;0;0;0
29;17;0;0;0
30;17;0;0;0
31;17;0;0;0
32;17;0;0;0
33;17;0;0;0
34;17;0;0;0
35;17;0;0;0
36;17;0;0;0
37;17;0;0;0
38;17;0;0;0
39;17;0;0;0
40;17;0;0;0
41;17;0;0;0
42;17;0;0;0
43;17;0;0;0
44;17;0;0;0
45;17;0;0;0
46;17;0;0;0
47;17;0;0;0
48;17;0;0;0
49;17;0;0;0
50;17;0;0;0
51;17;0;0;0
52;17;0;0;0
53;17;0;0;0
54;17;0;0;0
55;17;0;0;0
56;17;0;0;0
57;17;0;0;0
58;17;0;0;0
59;17;34;0;0
60;17;15;0;0
61;17;15;0;0
62;17;15;0;0
63;17;15;0;0
64;17;15;0;0
65;17;15;0;0
66;17;10722;0;0
67;17;2;0;0
68;17;2;0;0
69;17;2;0;0
70;17;2;0;0
0;18;0;0;0
1;18;0;0;0
2;18;0;0;0
3;18;0;0;0
4;18;0;0;0
5;18;0;0;0
6;18;0;0;0
7;18;0;0;0
8;18;0;0;0
9;18;0;0;0
10;18;0;0;0
11;18;0;0;0
12;18;0;0;0
13;18;2;0;0
14;18;2;0;0
15;18;2;0;0
16;18;2;0;0
17;18;2;0;0
18;18;25058;0;0
19;18;15;0;0
20;18;15;0;0
21;18;15;0;0
22;18;34;0;0
23;18;34;0;0
24;18;34;0;0
25;18;0;0;0
26;18;0;0;0
27;18;0;0;0
28;18;0;0;0
29;18;0;0;0
30;18;0;0;0
31;18;0;0;0
32;18;0;0;0
33;18;0;0;0
34;18;0;0;0
35;18;0;0;0
36;18;0;0;0
37;18;0;0;0
38;18;0;0;0
39;18;0;0;0
40;18;0;0;0
41;18;0;0;0
42;18;0;0;0
43;18;0;0;0
44;18;0;0;0
45;18;0;0;0
46;18;0;0;0
47;18;0;0;0
48;18;0;0;0
49;18;0;0;0
50;18;0;0;0
51;18;0;0;0
52;18;0;0;0
53;18;0;0;0
54;18;0;0;0
55;18;0;0;0
56;18;0;0;0
57;18;0;0;0
58;18;0;0;0
59;18;34;0;0
60;18;15;0;0
61;18;15;0;0
62;18;15;0;0
63;18;15;0;0
64;18;15;0;0
65;18;15;0;0
66;18;3554;0;0
67;18;2;0;0
68;18;2;0;0
69;18;2;0;0
70;18;2;0;0
0;19;0;0;0
1;19;0;0;0
2;19;0;0;0
3;19;0;0;0
4;19;0;0;0
5;19;0;0;0
6;19;0;0;0
7;19;0;0;0
8;19;0;0;0
9;19;0;0;0
10;19;2;0;0
11;19;2;0;0
12;19;2;0;0
13;19;2;0;0
14;19;2;0;0
15;19;2;0;0
16;19;2;0;0
17;19;8674;0;0
18;19;15;0;0
19;19;15;0;0
20;19;15;0;0
21;19;15;0;0
22;19;0;0;0
23;19;0;0;0
24;19;0;0;0
25;19;0;0;0
26;19;0;0;0
27;19;0;0;0
28;19;0;0;0
29;19;0;0;0
30;19;0;0;0
31;19;0;0;0
32;19;0;0;0
33;19;0;0;0
34;19;0;0;0
35;19;0;0;0
36;19;0;0;0
37;19;0;0;0
38;19;0;0;0
39;19;0;0;0
40;19;0;0;0
41;19;0;0;0
42;19;0;0;0
43;19;0;0;0
44;19;0;0;0
45;19;0;0;0
46;19;0;0;0
47;19;0;0;0
48;19;0;0;0
49;19;0;0;0
50;19;0;0;0
51;19;0;0;0
52;19;0;0;0
53;19;0;0;0
54;19;0;0;0
55;19;0;0;0
56;19;0;0;0
57;19;0;0;0
58;19;0;0;0
59;19;34;0;0
60;19;15;0;0
61;19;15;0;0
62;19;15;0;0
63;19;15;0;0
64;19;15;0;0
65;19;13794;0;0
66;19;2;0;0
67;19;2;0;0
68;19;2;0;0
69;19;2;0;0
70;19;2;0;0
0;20;0;0;0
1;20;0;0;0
2;20;0;0;0
3;20;0;0;0
4;20;0;0;0
5;20;0;0;0
6;20;0;0;0
7;20;0;0;0
8;20;0;0;0
9;20;0;0;0
10;20;2;0;0
11;20;2;0;0
12;20;2;0;0
13;20;2;0;0
14;20;2;0;0
15;20;2;0;0
16;20;2;0;0
17;20;25058;0;0
18;20;15;0;0
19;20;15;0;0
20;20;15;0;0
21;20;15;0;0
22;20;0;0;0
23;20;0;0;0
24;20;0;0;0
25;20;0;0;0
26;20;0;0;0
27;20;0;0;0
28;20;0;0;0
29;20;0;0;0
30;20;0;0;0
31;20;0;0;0
32;20;0;0;0
33;20;0;0;0
34;20;0;0;0
35;20;0;0;0
36;20;0;0;0
37;20;0;0;0
38;20;0;0;0
39;20;0;0;0
40;20;0;0;0
41;20;0;0;0
42;20;0;0;0
43;20;0;0;0
44;20;0;0;0
45;20;0;0;0
46;20;0;0;0
47;20;0;0;0
48;20;0;0;0
49;20;0;0;0
50;20;0;0;0
51;20;0;0;0
52;20;0;0;0
53;20;0;0;0
54;20;0;0;0
55;20;0;0;0
56;20;0;0;0
57;20;0;0;0
58;20;0;0;0
59;20;34;0;0
60;20;15;0;0
61;20;15;0;0
62;20;15;0;0
63;20;15;0;0
64;20;19938;0;0
65;20;2;0;0
66;20;2;0;0
67;20;2;0;0
68;20;2;0;0
69;20;2;0;0
70;20;2;0;0
0;21;0;0;0
1;21;0;0;0
2;21;0;0;0
3;21;0;0;0
4;21;0;0;0
5;21;0;0;0
6;21;0;0;0
7;21;0;0;0
8;21;0;0;0
9;21;0;0;0
10;21;2;0;0
11;21;2;0;0
12;21;2;0;0
13;21;2;0;0
14;21;2;0;0
15;21;2;0;0
16;21;8674;0;0
17;21;15;0;0
18;21;15;0;0
19;21;15;0;0
20;21;15;0;0
21;21;15;0;0
22;21;0;0;0
23;21;0;0;0
24;21;0;0;0
25;21;0;0;0
26;21;0;0;0
27;21;0;0;0
28;21;0;0;0
29;21;0;0;0
30;21;0;0;0
31;21;0;0;0
32;21;0;0;0
33;21;0;0;0
34;21;0;0;0
35;21;0;0;0
36;21;0;0;0
37;21;0;0;0
38;21;0;0;0
39;21;0;0;0
40;21;0;0;0
41;21;0;0;0
42;21;0;0;0
43;21;0;0;0
44;21;0;0;0
45;21;0;0;0
46;21;0;0;0
47;21;0;0;0
48;21;0;0;0
49;21;0;0;0
50;21;0;0;0
51;21;0;0;0
52;21;0;0;0
53;21;0;0;0
54;21;0;0;0
55;21;0;0;0
56;21;0;0;0
57;21;0;0;0
58;21;0;0;0
59;21;34;0;0
60;21;15;0;0
61;21;15;0;0
62;21;15;0;0
63;21;15;0;0
64;21;10722;0;0
65;21;2;0;0
66;21;2;0;0
67;21;2;0;0
68;21;2;0;0
69;21;2;0;0
70;21;2;0;0
0;22;0;0;0
1;22;0;0;0
2;22;0;0;0
3;22;0;0;0
4;22;0;0;0
5;22;0;0;0
6;22;0;0;0
7;22;0;0;0
8;22;0;0;0
9;22;2;0;0
10;22;2;0;0
11;22;2;0;0
12;22;2;0;0
13;22;2;0;0
14;22;2;0;0
15;22;6626;0;0
16;22;29154;0;0
17;22;15;0;0
18;22;15;0;0
19;22;15;0;0
20;22;15;0;0
21;22;34;0;0
22;22;0;0;0
23;22;0;0;0
24;22;0;0;0
25;22;0;0;0
26;22;0;0;0
27;22;0;0;0
28;22;0;0;0
29;22;0;0;0
30;22;0;0;0
31;22;0;0;0
32;22;0;0;0
33;22;0;0;0
34;22;0;0;0
35;22;0;0;0
36;22;0;0;0
37;22;0;0;0
38;22;0;0;0
39;22;0;0;0
40;22;0;0;0
41;22;0;0;0
42;22;0;0;0
43;22;0;0;0
44;22;0;0;0
45;22;0;0;0
46;22;0;0;0
47;22;0;0;0
48;22;0;0;0
49;22;0;0;0
50;22;0;0;0
51;22;0;0;0
52;22;0;0;0
53;22;0;0;0
54;22;0;0;0
55;22;0;0;0
56;22;0;0;0
57;22;0;0;0
58;22;0;0;0
59;22;15;0;0
60;22;15;0;0
61;22;15;0;0
62;22;15;0;0
63;22;15;0;0
64;22;10722;0;0
65;22;2;0;0
66;22;2;0;0
67;22;2;0;0
68;22;2;0;0
69;22;2;0;0
70;22;2;0;0
0;23;0;0;0
1;23;0;0;0
2;23;0;0;0
3;23;0;0;0
4;23;0;0;0
5;23;0;0;0
6;23;0;0;0
7;23;2;0;0
8;23;2;0;0
9;23;2;0;0
10;23;2;0;0
11;23;2;0;0
12;23;2;0;0
13;23;2;0;0
14;23;8674;0;0
15;23;15;0;0
16;23;15;0;0
17;23;15;0;0
18;23;15;0;0
19;23;15;0;0
20;23;15;0;0
21;23;0;0;0
22;23;0;0;0
23;23;0;0;0
24;23;0;0;0
25;23;0;0;0
26;23;0;0;0
27;23;0;0;0
28;23;0;0;0
29;23;0;0;0
30;23;0;0;0
31;23;0;0;0
32;23;0;0;0
33;23;0;0;0
34;23;0;0;0
35;23;0;0;0
36;23;0;0;0
37;23;0;0;0
38;23;0;0;0
39;23;0;0;0
40;23;0;0;0
41;23;0;0;0
42;23;0;0;0
43;23;0;0;0
44;23;0;0;0
45;23;0;0;0
46;23;0;0;0
47;23;0;0;0
48;23;0;0;0
49;23;0;0;0
50;23;0;0;0
51;23;0;0;0
52;23;0;0;0
53;23;0;0;0
54;23;0;0;0
55;23;0;0;0
56;23;0;0;0
57;23;0;0;0
58;23;15;0;0
59;23;15;0;0
60;23;15;0;0
61;23;15;0;0
62;23;15;0;0
63;23;15;0;0
64;23;10722;0;0
65;23;2;0;0
66;23;2;0;0
67;23;2;0;0
68;23;2;0;0
69;23;2;0;0
70;23;2;0;0
0;24;0;0;0
1;24;0;0;0
2;24;0;0;0
3;24;0;0;0
4;24;0;0;0
5;24;0;0;0
6;24;2;0;0
7;24;2;0;0
8;24;6626;0;0
9;24;5602;0;0
10;24;2;0;0
11;24;2;0;0
12;24;2;0;0
13;24;2;0;0
14;24;12770;0;0
15;24;15;0;0
16;24;15;0;0
17;24;15;0;0
18;24;15;0;0
19;24;15;0;0
20;24;15;0;0
21;24;0;0;0
22;24;0;0;0
23;24;0;0;0
24;24;0;0;0
25;24;0;0;0
26;24;0;0;0
27;24;0;0;0
28;24;0;0;0
29;24;0;0;0
30;24;0;0;0
31;24;0;0;0
32;24;0;0;0
33;24;0;0;0
34;24;0;0;0
35;24;0;0;0
36;24;0;0;0
37;24;0;0;0
38;24;0;0;0
39;24;0;0;0
40;24;0;0;0
41;24;0;0;0
42;24;0;0;0
43;24;0;0;0
44;24;0;0;0
45;24;0;0;0
46;24;0;0;0
47;24;0;0;0
48;24;0;0;0
49;24;0;0;0
50;24;0;0;0
51;24;0;0;0
52;24;0;0;0
53;24;0;0;0
54;24;0;0;0
55;24;0;0;0
56;24;0;0;0
57;24;34;0;0
58;24;15;0;0
59;24;15;0;0
60;24;15;0;0
61;24;15;0;0
62;24;15;0;0
63;24;15;0;0
64;24;10722;0;0
65;24;2;0;0
66;24;2;0;0
67;24;2;0;0
68;24;2;0;0
69;24;2;0;0
70;24;2;0;0
0;25;0;0;0
1;25;0;0;0
2;25;0;0;0
3;25;0;0;0
4;25;0;0;0
5;25;0;0;0
6;25;2;0;0
7;25;8674;0;0
8;25;15;0;0
9;25;15;0;0
10;25;4578;0;0
11;25;2;0;0
12;25;2;0;0
13;25;2;0;0
14;25;12770;0;0
15;25;15;0;0
16;25;15;0;0
17;25;15;0;0
18;25;15;0;0
19;25;15;0;0
20;25;15;0;0
21;25;0;0;0
22;25;0;0;0
23;25;0;0;0
24;25;0;0;0
25;25;0;0;0
26;25;0;0;0
27;25;0;0;0
28;25;0;0;0
29;25;0;0;0
30;25;0;0;0
31;25;0;0;0
32;25;0;0;0
33;25;0;0;0
34;25;0;0;0
35;25;0;0;0
36;25;0;0;0
37;25;0;0;0
38;25;0;0;0
39;25;0;0;0
40;25;0;0;0
41;25;0;0;0
42;25;0;0;0
43;25;0;0;0
44;25;0;0;0
45;25;0;0;0
46;25;0;0;0
47;25;0;0;0
48;25;0;0;0
49;25;0;0;0
50;25;0;0;0
51;25;0;0;0
52;25;0;0;0
53;25;34;0;0
54;25;15;0;0
55;25;15;0;0
56;25;15;0;0
57;25;15;0;0
58;25;15;0;0
59;25;15;0;0
60;25;15;0;0
61;25;15;0;0
62;25;15;0;0
63;25;15;0;0
64;25;3554;0;0
65;25;2;0;0
66;25;2;0;0
67;25;2;0;0
68;25;2;0;0
69;25;2;0;0
70;25;2;0;0
0;26;0;0;0
1;26;0;0;0
2;26;0;0;0
3;26;0;0;0
4;26;0;0;0
5;26;0;0;0
6;26;2;0;0
7;26;12770;0;0
8;26;15;0;0
9;26;15;0;0
10;26;10722;0;0
11;26;2;0;0
12;26;2;0;0
13;26;2;0;0
14;26;12770;0;0
15;26;15;0;0
16;26;15;0;0
17;26;15;0;0
18;26;15;0;0
19;26;15;0;0
20;26;15;0;0
21;26;0;0;0
22;26;0;0;0
23;26;0;0;0
24;26;0;0;0
25;26;0;0;0
26;26;0;0;0
27;26;0;0;0
28;26;0;0;0
29;26;0;0;0
30;26;0;0;0
31;26;0;0;0
32;26;0;0;0
33;26;0;0;0
34;26;0;0;0
35;26;0;0;0
36;26;0;0;0
37;26;0;0;0
38;26;0;0;0
39;26;0;0;0
40;26;0;0;0
41;26;0;0;0
42;26;0;0;0
43;26;0;0;0
44;26;0;0;0
45;26;0;0;0
46;26;0;0;0
47;26;0;0;0
48;26;0;0;0
49;26;0;0;0
50;26;0;0;0
51;26;0;0;0
52;26;0;0;0
53;26;34;0;0
54;26;15;0;0
55;26;15;0;0
56;26;15;0;0
57;26;15;0;0
58;26;15;0;0
59;26;15;0;0
60;26;15;0;0
61;26;15;0;0
62;26;26082;0;0
63;26;1506;0;0
64;26;2;0;0
65;26;2;0;0
66;26;2;0;0
67;26;2;0;0
68;26;2;0;0
69;26;2;0;0
70;26;2;0;0
0;27;0;0;0
1;27;0;0;0
2;27;0;0;0
3;27;0;0;0
4;27;0;0;0
5;27;0;0;0
6;27;2;0;0
7;27;7650;0;0
8;27;15;0;0
9;27;15;0;0
10;27;3554;0;0
11;27;2;0;0
12;27;2;0;0
13;27;2;0;0
14;27;25058;0;0
15;27;15;0;0
16;27;15;0;0
17;27;15;0;0
18;27;15;0;0
19;27;15;0;0
20;27;15;0;0
21;27;0;0;0
22;27;0;0;0
23;27;0;0;0
24;27;0;0;0
25;27;0;0;0
26;27;0;0;0
27;27;0;0;0
28;27;0;0;0
29;27;0;0;0
30;27;0;0;0
31;27;0;0;0
32;27;0;0;0
33;27;0;0;0
34;27;0;0;0
35;27;0;0;0
36;27;0;0;0
37;27;0;0;0
38;27;0;0;0
39;27;0;0;0
40;27;0;0;0
41;27;0;0;0
42;27;0;0;0
43;27;0;0;0
44;27;0;0;0
45;27;0;0;0
46;27;0;0;0
47;27;0;0;0
48;27;0;0;0
49;27;0;0;0
50;27;0;0;0
51;27;0;0;0
52;27;0;0;0
53;27;34;0;0
54;27;15;0;0
55;27;15;0;0
56;27;15;0;0
57;27;15;0;0
58;27;15;0;0
59;27;15;0;0
60;27;15;0;0
61;27;15;0;0
62;27;10722;0;0
63;27;2;0;0
64;27;2;0;0
65;27;2;0;0
66;27;2;0;0
67;27;2;0;0
68;27;2;0;0
69;27;2;0;0
70;27;2;0;0
0;28;0;0;0
1;28;0;0;0
2;28;0;0;0
3;28;0;0;0
4;28;0;0;0
5;28;0;0;0
6;28;2;0;0
7;28;2;0;0
8;28;2530;0;0
9;28;1506;0;0
10;28;2;0;0
11;28;2;0;0
12;28;2;0;0
13;28;8674;0;0
14;28;15;0;0
15;28;15;0;0
16;28;15;0;0
17;28;15;0;0
18;28;15;0;0
19;28;15;0;0
20;28;34;0;0
21;28;0;0;0
22;28;0;0;0
23;28;0;0;0
24;28;0;0;0
25;28;0;0;0
26;28;0;0;0
27;28;0;0;0
28;28;0;0;0
29;28;0;0;0
30;28;0;0;0
31;28;0;0;0
32;28;0;0;0
33;28;0;0;0
34;28;0;0;0
35;28;0;0;0
36;28;0;0;0
37;28;0;0;0
38;28;0;0;0
39;28;0;0;0
40;28;0;0;0
41;28;0;0;0
42;28;0;0;0
43;28;0;0;0
44;28;0;0;0
45;28;0;0;0
46;28;0;0;0
47;28;0;0;0
48;28;0;0;0
49;28;34;0;0
50;28;15;0;0
51;28;15;0;0
52;28;15;0;0
53;28;15;0;0
54;28;15;0;0
55;28;15;0;0
56;28;15;0;0
57;28;15;0;0
58;28;15;0;0
59;28;15;0;0
60;28;15;0;0
61;28;15;0;0
62;28;10722;0;0
63;28;2;0;0
64;28;2;0;0
65;28;2;0;0
66;28;2;0;0
67;28;2;0;0
68;28;2;0;0
69;28;2;0;0
70;28;2;0;0
0;29;0;0;0
1;29;0;0;0
2;29;0;0;0
3;29;0;0;0
4;29;0;0;0
5;29;0;0;0
6;29;2;0;0
7;29;2;0;0
8;29;2;0;0
9;29;2;0;0
10;29;2;0;0
11;29;2;0;0
12;29;2;0;0
13;29;12770;0;0
14;29;15;0;0
15;29;15;0;0
16;29;15;0;0
17;29;15;0;0
18;29;34;0;0
19;29;34;0;0
20;29;0;0;0
21;29;0;0;0
22;29;0;0;0
23;29;0;0;0
24;29;0;0;0
25;29;0;0;0
26;29;0;0;0
27;29;0;0;0
28;29;0;0;0
29;29;0;0;0
30;29;0;0;0
31;29;0;0;0
32;29;0;0;0
33;29;0;0;0
34;29;0;0;0
35;29;0;0;0
36;29;0;0;0
37;29;0;0;0
38;29;0;0;0
39;29;0;0;0
40;29;0;0;0
41;29;0;0;0
42;29;0;0;0
43;29;0;0;0
44;29;0;0;0
45;29;0;0;0
46;29;0;0;0
47;29;0;0;0
48;29;0;0;0
49;29;34;0;0
50;29;15;0;0
51;29;15;0;0
52;29;15;0;0
53;29;15;0;0
54;29;15;0;0
55;29;15;0;0
56;29;15;0;0
57;29;15;0;0
58;29;15;0;0
59;29;15;0;0
60;29;15;0;0
61;29;15;0;0
62;29;3554;0;0
63;29;2;0;0
64;29;2;0;0
65;29;2;0;0
66;29;2;0;0
67;29;2;0;0
68;29;2;0;0
69;29;2;0;0
70;29;2;0;0
0;30;0;0;0
1;30;0;0;0
2;30;0;0;0
3;30;2;0;0
4;30;2;0;0
5;30;2;0;0
6;30;2;0;0
7;30;2;0;0
8;30;2;0;0
9;30;2;0;0
10;30;2;0;0
11;30;2;0;0
12;30;2;0;0
13;30;12770;0;0
14;30;15;0;0
15;30;15;0;0
16;30;15;0;0
17;30;15;0;0
18;30;0;0;0
19;30;0;0;0
20;30;0;0;0
21;30;0;0;0
22;30;0;0;0
23;30;0;0;0
24;30;0;0;0
25;30;0;0;0
26;30;0;0;0
27;30;0;0;0
28;30;0;0;0
29;30;0;0;0
30;30;0;0;0
31;30;0;0;0
32;30;0;0;0
33;30;0;0;0
34;30;0;0;0
35;30;0;0;0
36;30;0;0;0
37;30;0;0;0
38;30;0;0;0
39;30;0;0;0
40;30;0;0;0
41;30;0;0;0
42;30;0;0;0
43;30;0;0;0
44;30;0;0;0
45;30;0;0;0
46;30;0;0;0
47;30;0;0;0
48;30;0;0;0
49;30;34;0;0
50;30;15;0;0
51;30;15;0;0
52;30;15;0;0
53;30;15;0;0
54;30;15;0;0
55;30;15;0;0
56;30;15;0;0
57;30;26082;0;0
58;30;9698;0;0
59;30;9698;0;0
60;30;9698;0;0
61;30;1506;0;0
62;30;2;0;0
63;30;2;0;0
64;30;2;0;0
65;30;2;0;0
66;30;2;0;0
67;30;2;0;0
68;30;2;0;0
69;30;2;0;0
70;30;2;0;0
0;31;0;0;0
1;31;0;0;0
2;31;0;0;0
3;31;2;0;0
4;31;2;0;0
5;31;2;0;0
6;31;2;0;0
7;31;2;0;0
8;31;2;0;0
9;31;2;0;0
10;31;2;0;0
11;31;2;0;0
12;31;6626;0;0
13;31;29154;0;0
14;31;15;0;0
15;31;15;0;0
16;31;15;0;0
17;31;15;0;0
18;31;0;0;0
19;31;0;0;0
20;31;0;0;0
21;31;0;0;0
22;31;0;0;0
23;31;0;0;0
24;31;0;0;0
25;31;0;0;0
26;31;0;0;0
27;31;0;0;0
28;31;0;0;0
29;31;0;0;0
30;31;0;0;0
31;31;0;0;0
32;31;0;0;0
33;31;0;0;0
34;31;0;0;0
35;31;0;0;0
36;31;0;0;0
37;31;0;0;0
38;31;0;0;0
39;31;0;0;0
40;31;0;0;0
41;31;0;0;0
42;31;0;0;0
43;31;0;0;0
44;31;0;0;0
45;31;0;0;0
46;31;0;0;0
47;31;0;0;0
48;31;0;0;0
49;31;34;0;0
50;31;15;0;0
51;31;15;0;0
52;31;15;0;0
53;31;15;0;0
54;31;15;0;0
55;31;15;0;0
56;31;15;0;0
57;31;10722;0;0
58;31;2;0;0
59;31;2;0;0
60;31;2;0;0
61;31;2;0;0
62;31;2;0;0
63;31;2;0;0
64;31;2;0;0
65;31;2;0;0
66;31;2;0;0
67;31;2;0;0
68;31;2;0;0
69;31;2;0;0
70;31;2;0;0
0;32;0;0;0
1;32;0;0;0
2;32;0;0;0
3;32;2;0;0
4;32;2;0;0
5;32;2;0;0
6;32;2;0;0
7;32;2;0;0
8;32;2;0;0
9;32;2;0;0
10;32;2;0;0
11;32;8674;0;0
12;32;15;0;0
13;32;15;0;0
14;32;15;0;0
15;32;15;0;0
16;32;15;0;0
17;32;15;0;0
18;32;0;0;0
19;32;0;0;0
20;32;0;0;0
21;32;0;0;0
22;32;0;0;0
23;32;0;0;0
24;32;0;0;0
25;32;0;0;0
26;32;0;0;0
27;32;0;0;0
28;32;0;0;0
29;32;0;0;0
30;32;0;0;0
31;32;0;0;0
32;32;0;0;0
33;32;0;0;0
34;32;0;0;0
35;32;0;0;0
36;32;0;0;0
37;32;0;0;0
38;32;0;0;0
39;32;0;0;0
40;32;0;0;0
41;32;0;0;0
42;32;0;0;0
43;32;0;0;0
44;32;0;0;0
45;32;0;0;0
46;32;0;0;0
47;32;0;0;0
48;32;0;0;0
49;32;34;0;0
50;32;15;0;0
51;32;15;0;0
52;32;15;0;0
53;32;15;0;0
54;32;15;0;0
55;32;15;0;0
56;32;15;0;0
57;32;10722;0;0
58;32;2;0;0
59;32;2;0;0
60;32;2;0;0
61;32;2;0;0
62;32;2;0;0
63;32;2;0;0
64;32;2;0;0
65;32;2;0;0
66;32;6626;0;0
67;32;5602;0;0
68;32;2;0;0
69;32;2;0;0
70;32;2;0;0
0;33;0;0;0
1;33;0;0;0
2;33;0;0;0
3;33;2;0;0
4;33;2;0;0
5;33;2;0;0
6;33;2;0;0
7;33;2;0;0
8;33;2;0;0
9;33;2;0;0
10;33;2;0;0
11;33;12770;0;0
12;33;15;0;0
13;33;15;0;0
14;33;15;0;0
15;33;15;0;0
16;33;15;0;0
17;33;15;0;0
18;33;0;0;0
19;33;0;0;0
20;33;0;0;0
21;33;0;0;0
22;33;0;0;0
23;33;0;0;0
24;33;0;0;0
25;33;0;0;0
26;33;0;0;0
27;33;0;0;0
28;33;0;0;0
29;33;0;0;0
30;33;0;0;0
31;33;0;0;0
32;33;0;0;0
33;33;0;0;0
34;33;0;0;0
35;33;0;0;0
36;33;0;0;0
37;33;0;0;0
38;33;0;0;0
39;33;0;0;0
40;33;0;0;0
41;33;0;0;0
42;33;0;0;0
43;33;0;0;0
44;33;34;0;0
45;33;15;0;0
46;33;15;0;0
47;33;15;0;0
48;33;15;0;0
49;33;15;0;0
50;33;15;0;0
51;33;15;0;0
52;33;15;0;0
53;33;15;0;0
54;33;15;0;0
55;33;15;0;0
56;33;15;0;0
57;33;3554;0;0
58;33;2;0;0
59;33;2;0;0
60;33;2;0;0
61;33;2;0;0
62;33;2;0;0
63;33;2;0;0
64;33;2;0;0
65;33;8674;0;0
66;33;15;0;0
67;33;15;0;0
68;33;4578;0;0
69;33;2;0;0
70;33;2;0;0
0;34;0;0;0
1;34;0;0;0
2;34;0;0;0
3;34;2;0;0
4;34;2;0;0
5;34;2;0;0
6;34;2;0;0
7;34;2;0;0
8;34;2;0;0
9;34;2;0;0
10;34;2;0;0
11;34;12770;0;0
12;34;15;0;0
13;34;15;0;0
14;34;15;0;0
15;34;15;0;0
16;34;34;0;0
17;34;34;0;0
18;34;0;0;0
19;34;0;0;0
20;34;0;0;0
21;34;0;0;0
22;34;0;0;0
23;34;0;0;0
24;34;0;0;0
25;34;0;0;0
26;34;0;0;0
27;34;0;0;0
28;34;0;0;0
29;34;0;0;0
30;34;0;0;0
31;34;0;0;0
32;34;0;0;0
33;34;0;0;0
34;34;0;0;0
35;34;0;0;0
36;34;0;0;0
37;34;0;0;0
38;34;0;0;0
39;34;0;0;0
40;34;0;0;0
41;34;0;0;0
42;34;0;0;0
43;34;0;0;0
44;34;34;0;0
45;34;15;0;0
46;34;15;0;0
47;34;15;0;0
48;34;15;0;0
49;34;15;0;0
50;34;15;0;0
51;34;15;0;0
52;34;15;0;0
53;34;26082;0;0
54;34;9698;0;0
55;34;9698;0;0
56;34;1506;0;0
57;34;2;0;0
58;34;2;0;0
59;34;2;0;0
60;34;2;0;0
61;34;2;0;0
62;34;2;0;0
63;34;2;0;0
64;34;2;0;0
65;34;7650;0;0
66;34;15;0;0
67;34;15;0;0
68;34;0;0;0
69;34;0;0;0
70;34;0;0;0
0;35;0;0;0
1;35;0;0;0
2;35;0;0;0
3;35;2;0;0
4;35;2;0;0
5;35;2;0;0
6;35;2;0;0
7;35;2;0;0
8;35;2;0;0
9;35;2;0;0
10;35;2;0;0
11;35;12770;0;0
12;35;15;0;0
13;35;15;0;0
14;35;15;0;0
15;35;15;0;0
16;35;0;0;0
17;35;0;0;0
18;35;0;0;0
19;35;0;0;0
20;35;0;0;0
21;35;0;0;0
22;35;0;0;0
23;35;0;0;0
24;35;0;0;0
25;35;0;0;0
26;35;0;0;0
27;35;0;0;0
28;35;0;0;0
29;35;0;0;0
30;35;0;0;0
31;35;0;0;0
32;35;0;0;0
33;35;0;0;0
34;35;0;0;0
35;35;0;0;0
36;35;0;0;0
37;35;0;0;0
38;35;0;0;0
39;35;0;0;0
40;35;0;0;0
41;35;0;0;0
42;35;34;0;0
43;35;15;0;0
44;35;15;0;0
45;35;15;0;0
46;35;15;0;0
47;35;15;0;0
48;35;15;0;0
49;35;15;0;0
50;35;15;0;0
51;35;15;0;0
52;35;15;0;0
53;35;10722;0;0
54;35;2;0;0
55;35;2;0;0
56;35;2;0;0
57;35;2;0;0
58;35;2;0;0
59;35;2;0;0
60;35;2;0;0
61;35;2;0;0
62;35;2;0;0
63;35;2;0;0
64;35;2;0;0
65;35;2;0;0
66;35;2530;0;0
67;35;1506;0;0
68;35;0;0;0
69;35;0;0;0
70;35;0;0;0
0;36;0;0;0
1;36;0;0;0
2;36;0;0;0
3;36;2;0;0
4;36;6402;0;0
5;36;5378;0;0
6;36;2;0;0
7;36;2;0;0
8;36;2;0;0
9;36;2;0;0
10;36;6626;0;0
11;36;29154;0;0
12;36;15;0;0
13;36;15;0;0
14;36;15;0;0
15;36;15;0;0
16;36;0;0;0
17;36;0;0;0
18;36;0;0;0
19;36;0;0;0
20;36;0;0;0
21;36;0;0;0
22;36;0;0;0
23;36;0;0;0
24;36;0;0;0
25;36;0;0;0
26;36;0;0;0
27;36;0;0;0
28;36;0;0;0
29;36;0;0;0
30;36;0;0;0
31;36;0;0;0
32;36;0;0;0
33;36;0;0;0
34;36;0;0;0
35;36;0;0;0
36;36;0;0;0
37;36;0;0;0
38;36;0;0;0
39;36;0;0;0
40;36;0;0;0
41;36;0;0;0
42;36;34;0;0
43;36;15;0;0
44;36;15;0;0
45;36;15;0;0
46;36;15;0;0
47;36;15;0;0
48;36;15;0;0
49;36;15;0;0
50;36;15;0;0
51;36;15;0;0
52;36;15;0;0
53;36;3554;0;0
54;36;2;0;0
55;36;2;0;0
56;36;2;0;0
57;36;2;0;0
58;36;2;0;0
59;36;2;0;0
60;36;2;0;0
61;36;2;0;0
62;36;2;0;0
63;36;2;0;0
64;36;2;0;0
65;36;2;0;0
66;36;2;0;0
67;36;2;0;0
68;36;0;0;0
69;36;0;0;0
70;36;0;0;0
0;37;0;0;0
1;37;0;0;0
2;37;0;0;0
3;37;8450;0;0
4;37;8;0;0
5;37;8;0;0
6;37;4354;0;0
7;37;2;0;0
8;37;2;0;0
9;37;8674;0;0
10;37;15;0;0
11;37;15;0;0
12;37;15;0;0
13;37;15;0;0
14;37;15;0;0
15;37;15;0;0
16;37;0;0;0
17;37;0;0;0
18;37;0;0;0
19;37;0;0;0
20;37;0;0;0
21;37;0;0;0
22;37;0;0;0
23;37;0;0;0
24;37;0;0;0
25;37;0;0;0
26;37;0;0;0
27;37;0;0;0
28;37;0;0;0
29;37;0;0;0
30;37;0;0;0
31;37;0;0;0
32;37;0;0;0
33;37;0;0;0
34;37;0;0;0
35;37;0;0;0
36;37;0;0;0
37;37;0;0;0
38;37;0;0;0
39;37;0;0;0
40;37;34;0;0
41;37;15;0;0
42;37;15;0;0
43;37;15;0;0
44;37;15;0;0
45;37;15;0;0
46;37;15;0;0
47;37;15;0;0
48;37;15;0;0
49;37;15;0;0
50;37;26082;0;0
51;37;9698;0;0
52;37;1506;0;0
53;37;2;0;0
54;37;2;0;0
55;37;2;0;0
56;37;2;0;0
57;37;2;0;0
58;37;2;0;0
59;37;6402;0;0
60;37;5378;0;0
61;37;2;0;0
62;37;2;0;0
63;37;2;0;0
64;37;0;0;0
65;37;0;0;0
66;37;2;0;0
67;37;2;0;0
68;37;0;0;0
69;37;0;0;0
70;37;0;0;0
0;38;0;0;0
1;38;0;0;0
2;38;0;0;0
3;38;12546;0;0
4;38;8;0;0
5;38;8;0;0
6;38;10498;0;0
7;38;2;0;0
8;38;2;0;0
9;38;12770;0;0
10;38;15;0;0
11;38;15;0;0
12;38;15;0;0
13;38;15;0;0
14;38;15;0;0
15;38;15;0;0
16;38;0;0;0
17;38;0;0;0
18;38;0;0;0
19;38;0;0;0
20;38;0;0;0
21;38;0;0;0
22;38;0;0;0
23;38;0;0;0
24;38;0;0;0
25;38;0;0;0
26;38;0;0;0
27;38;0;0;0
28;38;0;0;0
29;38;0;0;0
30;38;0;0;0
31;38;0;0;0
32;38;0;0;0
33;38;0;0;0
34;38;0;0;0
35;38;0;0;0
36;38;0;0;0
37;38;0;0;0
38;38;0;0;0
39;38;0;0;0
40;38;34;0;0
41;38;15;0;0
42;38;15;0;0
43;38;15;0;0
44;38;15;0;0
45;38;15;0;0
46;38;15;0;0
47;38;15;0;0
48;38;15;0;0
49;38;15;0;0
50;38;3554;0;0
51;38;2;0;0
52;38;2;0;0
53;38;2;0;0
54;38;2;0;0
55;38;6626;0;0
56;38;5602;0;0
57;38;2;0;0
58;38;8450;0;0
59;38;8;0;0
60;38;8;0;0
61;38;4354;0;0
62;38;2;0;0
63;38;2;0;0
64;38;0;0;0
65;38;0;0;0
66;38;2;0;0
67;38;2;0;0
68;38;0;0;0
69;38;0;0;0
70;38;0;0;0
0;39;0;0;0
1;39;0;0;0
2;39;0;0;0
3;39;7426;0;0
4;39;8;0;0
5;39;8;0;0
6;39;3330;0;0
7;39;2;0;0
8;39;2;0;0
9;39;12770;0;0
10;39;15;0;0
11;39;15;0;0
12;39;15;0;0
13;39;15;0;0
14;39;15;0;0
15;39;15;0;0
16;39;0;0;0
17;39;0;0;0
18;39;0;0;0
19;39;0;0;0
20;39;0;0;0
21;39;0;0;0
22;39;0;0;0
23;39;0;0;0
24;39;0;0;0
25;39;0;0;0
26;39;0;0;0
27;39;0;0;0
28;39;0;0;0
29;39;0;0;0
30;39;0;0;0
31;39;0;0;0
32;39;0;0;0
33;39;0;0;0
34;39;0;0;0
35;39;0;0;0
36;39;0;0;0
37;39;0;0;0
38;39;0;0;0
39;39;0;0;0
40;39;34;0;0
41;39;15;0;0
42;39;15;0;0
43;39;15;0;0
44;39;15;0;0
45;39;15;0;0
46;39;15;0;0
47;39;15;0;0
48;39;17890;0;0
49;39;1506;0;0
50;39;2;0;0
51;39;2;0;0
52;39;2;0;0
53;39;2;0;0
54;39;8674;0;0
55;39;15;0;0
56;39;15;0;0
57;39;4578;0;0
58;39;7426;0;0
59;39;8;0;0
60;39;8;0;0
61;39;3330;0;0
62;39;2;0;0
63;39;2;0;0
64;39;0;0;0
65;39;0;0;0
66;39;2;0;0
67;39;2;0;0
68;39;0;0;0
69;39;0;0;0
70;39;0;0;0
0;40;0;0;0
1;40;2;0;0
2;40;2;0;0
3;40;2;0;0
4;40;2306;0;0
5;40;1282;0;0
6;40;2;0;0
7;40;2;0;0
8;40;2;0;0
9;40;12770;0;0
10;40;15;0;0
11;40;15;0;0
12;40;15;0;0
13;40;15;0;0
14;40;15;0;0
15;40;15;0;0
16;40;0;0;0
17;40;0;0;0
18;40;0;0;0
19;40;0;0;0
20;40;0;0;0
21;40;0;0;0
22;40;0;0;0
23;40;0;0;0
24;40;0;0;0
25;40;0;0;0
26;40;0;0;0
27;40;0;0;0
28;40;0;0;0
29;40;0;0;0
30;40;0;0;0
31;40;0;0;0
32;40;0;0;0
33;40;0;0;0
34;40;0;0;0
35;40;0;0;0
36;40;0;0;0
37;40;0;0;0
38;40;34;0;0
39;40;15;0;0
40;40;15;0;0
41;40;15;0;0
42;40;15;0;0
43;40;15;0;0
44;40;15;0;0
45;40;15;0;0
46;40;26082;0;0
47;40;1506;0;0
48;40;2;0;0
49;40;2;0;0
50;40;2;0;0
51;40;2;0;0
52;40;2;0;0
53;40;2;0;0
54;40;7650;0;0
55;40;15;0;0
56;40;15;0;0
57;40;3554;0;0
58;40;2;0;0
59;40;2306;0;0
60;40;1282;0;0
61;40;2;0;0
62;40;2;0;0
63;40;2;0;0
64;40;0;0;0
65;40;0;0;0
66;40;2;0;0
67;40;2;0;0
68;40;0;0;0
69;40;0;0;0
70;40;0;0;0
0;41;0;0;0
1;41;2;0;0
2;41;2;0;0
3;41;2;0;0
4;41;2;0;0
5;41;2;0;0
6;41;2;0;0
7;41;2;0;0
8;41;2;0;0
9;41;12770;0;0
10;41;15;0;0
11;41;15;0;0
12;41;15;0;0
13;41;15;0;0
14;41;15;0;0
15;41;15;0;0
16;41;0;0;0
17;41;0;0;0
18;41;0;0;0
19;41;0;0;0
20;41;0;0;0
21;41;0;0;0
22;41;0;0;0
23;41;0;0;0
24;41;0;0;0
25;41;0;0;0
26;41;0;0;0
27;41;0;0;0
28;41;0;0;0
29;41;0;0;0
30;41;0;0;0
31;41;0;0;0
32;41;0;0;0
33;41;0;0;0
34;41;0;0;0
35;41;0;0;0
36;41;0;0;0
37;41;0;0;0
38;41;34;0;0
39;41;15;0;0
40;41;15;0;0
41;41;15;0;0
42;41;15;0;0
43;41;15;0;0
44;41;15;0;0
45;41;15;0;0
46;41;3554;0;0
47;41;2;0;0
48;41;2;0;0
49;41;2;0;0
50;41;2;0;0
51;41;2;0;0
52;41;6658;0;0
53;41;5634;0;0
54;41;2;0;0
55;41;2530;0;0
56;41;1506;0;0
57;41;2;0;0
58;41;0;0;0
59;41;0;0;0
60;41;0;0;0
61;41;0;0;0
62;41;0;0;0
63;41;0;0;0
64;41;0;0;0
65;41;0;0;0
66;41;2;0;0
67;41;2;0;0
68;41;0;0;0
69;41;0;0;0
70;41;0;0;0
0;42;0;0;0
1;42;2;0;0
2;42;2;0;0
3;42;2;0;0
4;42;2;0;0
5;42;2;0;0
6;42;2;0;0
7;42;2;0;0
8;42;2;0;0
9;42;12770;0;0
10;42;15;0;0
11;42;15;0;0
12;42;15;0;0
13;42;15;0;0
14;42;15;0;0
15;42;15;0;0
16;42;0;0;0
17;42;0;0;0
18;42;0;0;0
19;42;0;0;0
20;42;0;0;0
21;42;0;0;0
22;42;0;0;0
23;42;0;0;0
24;42;0;0;0
25;42;0;0;0
26;42;0;0;0
27;42;0;0;0
28;42;0;0;0
29;42;0;0;0
30;42;0;0;0
31;42;0;0;0
32;42;0;0;0
33;42;0;0;0
34;42;0;0;0
35;42;0;0;0
36;42;0;0;0
37;42;0;0;0
38;42;34;0;0
39;42;15;0;0
40;42;15;0;0
41;42;15;0;0
42;42;15;0;0
43;42;15;0;0
44;42;26082;0;0
45;42;1506;0;0
46;42;2;0;0
47;42;2;0;0
48;42;2;0;0
49;42;2;0;0
50;42;2;0;0
51;42;8706;0;0
52;42;16;0;0
53;42;16;0;0
54;42;4610;0;0
55;42;2;0;0
56;42;2;0;0
57;42;2;0;0
58;42;0;0;0
59;42;0;0;0
60;42;0;0;0
61;42;0;0;0
62;42;0;0;0
63;42;0;0;0
64;42;0;0;0
65;42;0;0;0
66;42;0;0;0
67;42;2;0;0
68;42;0;0;0
69;42;0;0;0
70;42;0;0;0
0;43;0;0;0
1;43;2;0;0
2;43;2;0;0
3;43;2;0;0
4;43;2;0;0
5;43;2;0;0
6;43;2;0;0
7;43;2;0;0
8;43;2;0;0
9;43;12770;0;0
10;43;15;0;0
11;43;15;0;0
12;43;15;0;0
13;43;15;0;0
14;43;15;0;0
15;43;15;0;0
16;43;0;0;0
17;43;0;0;0
18;43;0;0;0
19;43;0;0;0
20;43;0;0;0
21;43;0;0;0
22;43;0;0;0
23;43;0;0;0
24;43;0;0;0
25;43;0;0;0
26;43;0;0;0
27;43;0;0;0
28;43;0;0;0
29;43;0;0;0
30;43;0;0;0
31;43;0;0;0
32;43;0;0;0
33;43;0;0;0
34;43;0;0;0
35;43;34;0;0
36;43;15;0;0
37;43;15;0;0
38;43;15;0;0
39;43;15;0;0
40;43;15;0;0
41;43;15;0;0
42;43;15;0;0
43;43;15;0;0
44;43;10722;0;0
45;43;2;0;0
46;43;2;0;0
47;43;2;0;0
48;43;2;0;0
49;43;2;0;0
50;43;2;0;0
51;43;7682;0;0
52;43;16;0;0
53;43;16;0;0
54;43;3586;0;0
55;43;2;0;0
56;43;2;0;0
57;43;2;0;0
58;43;0;0;0
59;43;0;0;0
60;43;0;0;0
61;43;0;0;0
62;43;0;0;0
63;43;0;0;0
64;43;2;0;0
65;43;2;0;0
66;43;2;0;0
67;43;2;0;0
68;43;0;0;0
69;43;0;0;0
70;43;0;0;0
0;44;0;0;0
1;44;2;0;0
2;44;2;0;0
3;44;2;0;0
4;44;6626;0;0
5;44;11746;0;0
6;44;5602;0;0
7;44;2;0;0
8;44;2;0;0
9;44;12770;0;0
10;44;15;0;0
11;44;15;0;0
12;44;15;0;0
13;44;15;0;0
14;44;15;0;0
15;44;15;0;0
16;44;0;0;0
17;44;0;0;0
18;44;0;0;0
19;44;0;0;0
20;44;0;0;0
21;44;0;0;0
22;44;0;0;0
23;44;0;0;0
24;44;0;0;0
25;44;0;0;0
26;44;0;0;0
27;44;0;0;0
28;44;0;0;0
29;44;0;0;0
30;44;0;0;0
31;44;0;0;0
32;44;0;0;0
33;44;0;0;0
34;44;0;0;0
35;44;34;0;0
36;44;15;0;0
37;44;15;0;0
38;44;15;0;0
39;44;15;0;0
40;44;15;0;0
41;44;15;0;0
42;44;15;0;0
43;44;15;0;0
44;44;3554;0;0
45;44;2;0;0
46;44;2;0;0
47;44;2;0;0
48;44;2;0;0
49;44;2;0;0
50;44;2;0;0
51;44;2;0;0
52;44;2562;0;0
53;44;1538;0;0
54;44;2;0;0
55;44;2;0;0
56;44;2;0;0
57;44;2;0;0
58;44;0;0;0
59;44;0;0;0
60;44;0;0;0
61;44;0;0;0
62;44;0;0;0
63;44;2;0;0
64;44;2;0;0
65;44;2;0;0
66;44;2;0;0
67;44;2;0;0
68;44;0;0;0
69;44;0;0;0
70;44;0;0;0
0;45;0;0;0
1;45;2;0;0
2;45;2;0;0
3;45;8674;0;0
4;45;15;0;0
5;45;15;0;0
6;45;15;0;0
7;45;4578;0;0
8;45;2;0;0
9;45;7650;0;0
10;45;15;0;0
11;45;15;0;0
12;45;15;0;0
13;45;15;0;0
14;45;15;0;0
15;45;15;0;0
16;45;0;0;0
17;45;0;0;0
18;45;0;0;0
19;45;0;0;0
20;45;0;0;0
21;45;0;0;0
22;45;0;0;0
23;45;0;0;0
24;45;0;0;0
25;45;0;0;0
26;45;0;0;0
27;45;0;0;0
28;45;0;0;0
29;45;0;0;0
30;45;0;0;0
31;45;0;0;0
32;45;0;0;0
33;45;0;0;0
34;45;0;0;0
35;45;34;0;0
36;45;15;0;0
37;45;15;0;0
38;45;15;0;0
39;45;15;0;0
40;45;15;0;0
41;45;15;0;0
42;45;26082;0;0
43;45;1506;0;0
44;45;2;0;0
45;45;2;0;0
46;45;2;0;0
47;45;2;0;0
48;45;2;0;0
49;45;2;0;0
50;45;2;0;0
51;45;2;0;0
52;45;2;0;0
53;45;0;0;0
54;45;0;0;0
55;45;0;0;0
56;45;0;0;0
57;45;0;0;0
58;45;0;0;0
59;45;0;0;0
60;45;0;0;0
61;45;0;0;0
62;45;0;0;0
63;45;2;0;0
64;45;2;0;0
65;45;2;0;0
66;45;2;0;0
67;45;2;0;0
68;45;0;0;0
69;45;0;0;0
70;45;0;0;0
0;46;0;0;0
1;46;2;0;0
2;46;2;0;0
3;46;12770;0;0
4;46;15;0;0
5;46;15;0;0
6;46;15;0;0
7;46;10722;0;0
8;46;2;0;0
9;46;2;0;0
10;46;24034;0;0
11;46;15;0;0
12;46;15;0;0
13;46;15;0;0
14;46;15;0;0
15;46;15;0;0
16;46;0;0;0
17;46;0;0;0
18;46;0;0;0
19;46;0;0;0
20;46;0;0;0
21;46;0;0;0
22;46;0;0;0
23;46;2;0;0
24;46;0;0;0
25;46;0;0;0
26;46;0;0;0
27;46;0;0;0
28;46;0;0;0
29;46;0;0;0
30;46;0;0;0
31;46;0;0;0
32;46;0;0;0
33;46;0;0;0
34;46;0;0;0
35;46;34;0;0
36;46;15;0;0
37;46;15;0;0
38;46;15;0;0
39;46;15;0;0
40;46;15;0;0
41;46;15;0;0
42;46;10722;0;0
43;46;2;0;0
44;46;2;0;0
45;46;2;0;0
46;46;2;0;0
47;46;2;0;0
48;46;2;0;0
49;46;2;0;0
50;46;2;0;0
51;46;2;0;0
52;46;2;0;0
53;46;0;0;0
54;46;0;0;0
55;46;0;0;0
56;46;0;0;0
57;46;0;0;0
58;46;0;0;0
59;46;0;0;0
60;46;0;0;0
61;46;0;0;0
62;46;0;0;0
63;46;2;0;0
64;46;2;0;0
65;46;2;0;0
66;46;2;0;0
67;46;2;0;0
68;46;0;0;0
69;46;0;0;0
70;46;0;0;0
0;47;0;0;0
1;47;2;0;0
2;47;2;0;0
3;47;7650;0;0
4;47;15;0;0
5;47;15;0;0
6;47;15;0;0
7;47;3554;0;0
8;47;2;0;0
9;47;2;0;0
10;47;12770;0;0
11;47;15;0;0
12;47;15;0;0
13;47;15;0;0
14;47;15;0;0
15;47;15;0;0
16;47;0;0;0
17;47;0;0;0
18;47;0;0;0
19;47;0;0;0
20;47;0;0;0
21;47;0;0;0
22;47;0;0;0
23;47;0;0;0
24;47;0;0;0
25;47;0;0;0
26;47;0;0;0
27;47;0;0;0
28;47;0;0;0
29;47;0;0;0
30;47;0;0;0
31;47;0;0;0
32;47;34;0;0
33;47;15;0;0
34;47;15;0;0
35;47;15;0;0
36;47;15;0;0
37;47;15;0;0
38;47;15;0;0
39;47;15;0;0
40;47;15;0;0
41;47;15;0;0
42;47;10722;0;0
43;47;2;0;0
44;47;2;0;0
45;47;2;0;0
46;47;2;0;0
47;47;2;0;0
48;47;2;0;0
49;47;2;0;0
50;47;2;0;0
51;47;2;0;0
52;47;2;0;0
53;47;0;0;0
54;47;0;0;0
55;47;0;0;0
56;47;0;0;0
57;47;0;0;0
58;47;0;0;0
59;47;0;0;0
60;47;0;0;0
61;47;0;0;0
62;47;0;0;0
63;47;2;0;0
64;47;2;0;0
65;47;2;0;0
66;47;2;0;0
67;47;2;0;0
68;47;0;0;0
69;47;0;0;0
70;47;0;0;0
0;48;0;0;0
1;48;2;0;0
2;48;2;0;0
3;48;2;0;0
4;48;2530;0;0
5;48;9698;0;0
6;48;1506;0;0
7;48;2;0;0
8;48;2;0;0
9;48;2;0;0
10;48;12770;0;0
11;48;15;0;0
12;48;15;0;0
13;48;15;0;0
14;48;15;0;0
15;48;15;0;0
16;48;0;0;0
17;48;0;0;0
18;48;0;0;0
19;48;0;0;0
20;48;0;0;0
21;48;0;0;0
22;48;0;0;0
23;48;0;0;0
24;48;0;0;0
25;48;0;0;0
26;48;0;0;0
27;48;0;0;0
28;48;0;0;0
29;48;0;0;0
30;48;0;0;0
31;48;0;0;0
32;48;34;0;0
33;48;15;0;0
34;48;15;0;0
35;48;15;0;0
36;48;15;0;0
37;48;15;0;0
38;48;15;0;0
39;48;15;0;0
40;48;15;0;0
41;48;15;0;0
42;48;3554;0;0
43;48;2;0;0
44;48;2;0;0
45;48;2;0;0
46;48;2;0;0
47;48;2;0;0
48;48;2;0;0
49;48;0;0;0
50;48;0;0;0
51;48;0;0;0
52;48;0;0;0
53;48;0;0;0
54;48;0;0;0
55;48;0;0;0
56;48;0;0;0
57;48;0;0;0
58;48;0;0;0
59;48;0;0;0
60;48;0;0;0
61;48;0;0;0
62;48;0;0;0
63;48;2;0;0
64;48;2;0;0
65;48;2;0;0
66;48;2;0;0
67;48;2;0;0
68;48;0;0;0
69;48;0;0;0
70;48;0;0;0
0;49;0;0;0
1;49;2;0;0
2;49;2;0;0
3;49;2;0;0
4;49;2;0;0
5;49;2;0;0
6;49;2;0;0
7;49;2;0;0
8;49;2;0;0
9;49;2;0;0
10;49;12770;0;0
11;49;15;0;0
12;49;15;0;0
13;49;15;0;0
14;49;15;0;0
15;49;15;0;0
16;49;0;0;0
17;49;0;0;0
18;49;0;0;0
19;49;0;0;0
20;49;0;0;0
21;49;0;0;0
22;49;0;0;0
23;49;0;0;0
24;49;0;0;0
25;49;0;0;0
26;49;0;0;0
27;49;0;0;0
28;49;0;0;0
29;49;0;0;0
30;49;0;0;0
31;49;0;0;0
32;49;34;0;0
33;49;15;0;0
34;49;15;0;0
35;49;15;0;0
36;49;15;0;0
37;49;15;0;0
38;49;15;0;0
39;49;15;0;0
40;49;17890;0;0
41;49;1506;0;0
42;49;2;0;0
43;49;2;0;0
44;49;2;0;0
45;49;2;0;0
46;49;2;0;0
47;49;2;0;0
48;49;2;0;0
49;49;0;0;0
50;49;0;0;0
51;49;0;0;0
52;49;0;0;0
53;49;0;0;0
54;49;0;0;0
55;49;0;0;0
56;49;0;0;0
57;49;0;0;0
58;49;0;0;0
59;49;0;0;0
60;49;0;0;0
61;49;0;0;0
62;49;0;0;0
63;49;2;0;0
64;49;2;0;0
65;49;2;0;0
66;49;2;0;0
67;49;2;0;0
68;49;0;0;0
69;49;0;0;0
70;49;0;0;0
0;50;0;0;0
1;50;2;0;0
2;50;2;0;0
3;50;2;0;0
4;50;2;0;0
5;50;2;0;0
6;50;2;0;0
7;50;2;0;0
8;50;2;0;0
9;50;2;0;0
10;50;12770;0;0
11;50;15;0;0
12;50;15;0;0
13;50;15;0;0
14;50;15;0;0
15;50;15;0;0
16;50;0;0;0
17;50;0;0;0
18;50;0;0;0
19;50;0;0;0
20;50;0;0;0
21;50;0;0;0
22;50;0;0;0
23;50;0;0;0
24;50;0;0;0
25;50;0;0;0
26;50;0;0;0
27;50;0;0;0
28;50;0;0;0
29;50;0;0;0
30;50;0;0;0
31;50;0;0;0
32;50;34;0;0
33;50;15;0;0
34;50;15;0;0
35;50;15;0;0
36;50;15;0;0
37;50;15;0;0
38;50;26082;0;0
39;50;1506;0;0
40;50;2;0;0
41;50;2;0;0
42;50;2;0;0
43;50;2;0;0
44;50;2;0;0
45;50;2;0;0
46;50;2;0;0
47;50;2;0;0
48;50;2;0;0
49;50;0;0;0
50;50;0;0;0
51;50;0;0;0
52;50;0;0;0
53;50;0;0;0
54;50;0;0;0
55;50;0;0;0
56;50;0;0;0
57;50;0;0;0
58;50;0;0;0
59;50;0;0;0
60;50;0;0;0
61;50;0;0;0
62;50;0;0;0
63;50;2;0;0
64;50;2;0;0
65;50;2;0;0
66;50;2;0;0
67;50;2;0;0
68;50;0;0;0
69;50;0;0;0
70;50;0;0;0
0;51;0;0;0
1;51;2;0;0
2;51;2;0;0
3;51;6658;0;0
4;51;5634;0;0
5;51;2;0;0
6;51;2;0;0
7;51;2;0;0
8;51;2;0;0
9;51;2;0;0
10;51;7650;0;0
11;51;15;0;0
12;51;15;0;0
13;51;15;0;0
14;51;15;0;0
15;51;15;0;0
16;51;0;0;0
17;51;0;0;0
18;51;0;0;0
19;51;15;0;0
20;51;0;0;0
21;51;0;0;0
22;51;0;0;0
23;51;0;0;0
24;51;0;0;0
25;51;34;0;0
26;51;2;0;0
27;51;2;0;0
28;51;2;0;0
29;51;0;0;0
30;51;0;0;0
31;51;0;0;0
32;51;34;0;0
33;51;15;0;0
34;51;15;0;0
35;51;15;0;0
36;51;15;0;0
37;51;15;0;0
38;51;3554;0;0
39;51;2;0;0
40;51;2;0;0
41;51;2;0;0
42;51;2;0;0
43;51;2;0;0
44;51;2;0;0
45;51;2;0;0
46;51;2;0;0
47;51;2;0;0
48;51;2;0;0
49;51;0;0;0
50;51;0;0;0
51;51;0;0;0
52;51;0;0;0
53;51;0;0;0
54;51;0;0;0
55;51;0;0;0
56;51;0;0;0
57;51;0;0;0
58;51;0;0;0
59;51;0;0;0
60;51;0;0;0
61;51;0;0;0
62;51;0;0;0
63;51;2;0;0
64;51;2;0;0
65;51;2;0;0
66;51;2;0;0
67;51;2;0;0
68;51;0;0;0
69;51;0;0;0
70;51;0;0;0
0;52;0;0;0
1;52;0;0;0
2;52;0;0;0
3;52;16;0;0
4;52;16;0;0
5;52;4610;0;0
6;52;2;0;0
7;52;2;0;0
8;52;2;0;0
9;52;2;0;0
10;52;2;0;0
11;52;2530;0;0
12;52;34;0;0
13;52;34;0;0
14;52;34;0;0
15;52;34;0;0
16;52;0;0;0
17;52;0;0;0
18;52;0;0;0
19;52;0;0;0
20;52;0;0;0
21;52;0;0;0
22;52;0;0;0
23;52;0;0;0
24;52;0;0;0
25;52;0;0;0
26;52;0;0;0
27;52;0;0;0
28;52;0;0;0
29;52;0;0;0
30;52;0;0;0
31;52;0;0;0
32;52;34;0;0
33;52;15;0;0
34;52;2;0;0
35;52;2;0;0
36;52;2;0;0
37;52;1506;0;0
38;52;2;0;0
39;52;2;0;0
40;52;2;0;0
41;52;6402;0;0
42;52;11522;0;0
43;52;5378;0;0
44;52;2;0;0
45;52;0;0;0
46;52;0;0;0
47;52;0;0;0
48;52;0;0;0
49;52;0;0;0
50;52;0;0;0
51;52;0;0;0
52;52;0;0;0
53;52;0;0;0
54;52;0;0;0
55;52;0;0;0
56;52;0;0;0
57;52;0;0;0
58;52;0;0;0
59;52;0;0;0
60;52;0;0;0
61;52;0;0;0
62;52;0;0;0
63;52;2;0;0
64;52;2;0;0
65;52;2;0;0
66;52;2;0;0
67;52;2;0;0
68;52;0;0;0
69;52;0;0;0
70;52;0;0;0
0;53;0;0;0
1;53;0;0;0
2;53;0;0;0
3;53;16;0;0
4;53;16;0;0
5;53;10754;0;0
6;53;2;0;0
7;53;2;0;0
8;53;2;0;0
9;53;2;0;0
10;53;0;0;0
11;53;0;0;0
12;53;0;0;0
13;53;0;0;0
14;53;0;0;0
15;53;0;0;0
16;53;0;0;0
17;53;0;0;0
18;53;0;0;0
19;53;0;0;0
20;53;0;0;0
21;53;0;0;0
22;53;0;0;0
23;53;0;0;0
24;53;0;0;0
25;53;0;0;0
26;53;0;0;0
27;53;0;0;0
28;53;0;0;0
29;53;0;0;0
30;53;0;0;0
31;53;0;0;0
32;53;34;0;0
33;53;2;0;0
34;53;15;0;0
35;53;15;0;0
36;53;4578;0;0
37;53;2;0;0
38;53;2;0;0
39;53;2;0;0
40;53;8450;0;0
41;53;8;0;0
42;53;8;0;0
43;53;8;0;0
44;53;4354;0;0
45;53;0;0;0
46;53;0;0;0
47;53;0;0;0
48;53;0;0;0
49;53;0;0;0
50;53;0;0;0
51;53;0;0;0
52;53;0;0;0
53;53;0;0;0
54;53;0;0;0
55;53;0;0;0
56;53;0;0;0
57;53;0;0;0
58;53;0;0;0
59;53;0;0;0
60;53;0;0;0
61;53;0;0;0
62;53;0;0;0
63;53;2;0;0
64;53;2;0;0
65;53;2;0;0
66;53;2;0;0
67;53;2;0;0
68;53;0;0;0
69;53;0;0;0
70;53;0;0;0
0;54;0;0;0
1;54;0;0;0
2;54;0;0;0
3;54;16;0;0
4;54;16;0;0
5;54;3586;0;0
6;54;2;0;0
7;54;2;0;0
8;54;2;0;0
9;54;0;0;0
10;54;0;0;0
11;54;0;0;0
12;54;0;0;0
13;54;0;0;0
14;54;0;0;0
15;54;0;0;0
16;54;0;0;0
17;54;0;0;0
18;54;0;0;0
19;54;0;0;0
20;54;0;0;0
21;54;0;0;0
22;54;0;0;0
23;54;0;0;0
24;54;0;0;0
25;54;0;0;0
26;54;0;0;0
27;54;0;0;0
28;54;0;0;0
29;54;0;0;0
30;54;0;0;0
31;54;0;0;0
32;54;34;0;0
33;54;12770;0;0
34;54;15;0;0
35;54;15;0;0
36;54;10722;0;0
37;54;2;0;0
38;54;2;0;0
39;54;2;0;0
40;54;7426;0;0
41;54;8;0;0
42;54;8;0;0
43;54;8;0;0
44;54;3330;0;0
45;54;0;0;0
46;54;0;0;0
47;54;0;0;0
48;54;0;0;0
49;54;0;0;0
50;54;0;0;0
51;54;0;0;0
52;54;0;0;0
53;54;0;0;0
54;54;0;0;0
55;54;0;0;0
56;54;2;0;0
57;54;2;0;0
58;54;2;0;0
59;54;2;0;0
60;54;2;0;0
61;54;2;0;0
62;54;2;0;0
63;54;2;0;0
64;54;2;0;0
65;54;2;0;0
66;54;2;0;0
67;54;2;0;0
68;54;0;0;0
69;54;0;0;0
70;54;0;0;0
0;55;0;0;0
1;55;0;0;0
2;55;0;0;0
3;55;0;0;0
4;55;0;0;0
5;55;0;0;0
6;55;0;0;0
7;55;0;0;0
8;55;0;0;0
9;55;0;0;0
10;55;0;0;0
11;55;0;0;0
12;55;0;0;0
13;55;0;0;0
14;55;0;0;0
15;55;0;0;0
16;55;0;0;0
17;55;0;0;0
18;55;0;0;0
19;55;0;0;0
20;55;0;0;0
21;55;0;0;0
22;55;0;0;0
23;55;0;0;0
24;55;0;0;0
25;55;0;0;0
26;55;0;0;0
27;55;0;0;0
28;55;0;0;0
29;55;0;0;0
30;55;0;0;0
31;55;0;0;0
32;55;34;0;0
33;55;7650;0;0
34;55;15;0;0
35;55;15;0;0
36;55;3554;0;0
37;55;2;0;0
38;55;2;0;0
39;55;2;0;0
40;55;2;0;0
41;55;2306;0;0
42;55;9474;0;0
43;55;1282;0;0
44;55;2;0;0
45;55;0;0;0
46;55;0;0;0
47;55;0;0;0
48;55;0;0;0
49;55;0;0;0
50;55;0;0;0
51;55;0;0;0
52;55;0;0;0
53;55;0;0;0
54;55;0;0;0
55;55;0;0;0
56;55;2;0;0
57;55;6626;0;0
58;55;5602;0;0
59;55;2;0;0
60;55;2;0;0
61;55;2;0;0
62;55;2;0;0
63;55;2;0;0
64;55;2;0;0
65;55;2;0;0
66;55;2;0;0
67;55;2;0;0
68;55;0;0;0
69;55;0;0;0
70;55;0;0;0
0;56;0;0;0
1;56;0;0;0
2;56;0;0;0
3;56;0;0;0
4;56;0;0;0
5;56;0;0;0
6;56;0;0;0
7;56;0;0;0
8;56;0;0;0
9;56;0;0;0
10;56;0;0;0
11;56;0;0;0
12;56;0;0;0
13;56;0;0;0
14;56;0;0;0
15;56;0;0;0
16;56;0;0;0
17;56;0;0;0
18;56;0;0;0
19;56;0;0;0
20;56;0;0;0
21;56;0;0;0
22;56;0;0;0
23;56;0;0;0
24;56;0;0;0
25;56;0;0;0
26;56;0;0;0
27;56;0;0;0
28;56;0;0;0
29;56;0;0;0
30;56;0;0;0
31;56;0;0;0
32;56;34;0;0
33;56;2;0;0
34;56;2530;0;0
35;56;1506;0;0
36;56;2;0;0
37;56;2;0;0
38;56;2;0;0
39;56;2;0;0
40;56;2;0;0
41;56;0;0;0
42;56;0;0;0
43;56;0;0;0
44;56;0;0;0
45;56;0;0;0
46;56;0;0;0
47;56;0;0;0
48;56;0;0;0
49;56;0;0;0
50;56;0;0;0
51;56;0;0;0
52;56;0;0;0
53;56;0;0;0
54;56;0;0;0
55;56;0;0;0
56;56;8674;0;0
57;56;15;0;0
58;56;15;0;0
59;56;4578;0;0
60;56;2;0;0
61;56;2;0;0
62;56;2;0;0
63;56;2;0;0
64;56;2;0;0
65;56;2;0;0
66;56;2;0;0
67;56;2;0;0
68;56;0;0;0
69;56;0;0;0
70;56;0;0;0
0;57;0;0;0
1;57;0;0;0
2;57;0;0;0
3;57;0;0;0
4;57;0;0;0
5;57;0;0;0
6;57;0;0;0
7;57;0;0;0
8;57;0;0;0
9;57;0;0;0
10;57;0;0;0
11;57;0;0;0
12;57;0;0;0
13;57;0;0;0
14;57;0;0;0
15;57;0;0;0
16;57;0;0;0
17;57;0;0;0
18;57;0;0;0
19;57;0;0;0
20;57;0;0;0
21;57;0;0;0
22;57;0;0;0
23;57;0;0;0
24;57;0;0;0
25;57;0;0;0
26;57;0;0;0
27;57;0;0;0
28;57;0;0;0
29;57;0;0;0
30;57;0;0;0
31;57;0;0;0
32;57;0;0;0
33;57;0;0;0
34;57;34;0;0
35;57;34;0;0
36;57;34;0;0
37;57;34;0;0
38;57;0;0;0
39;57;0;0;0
40;57;0;0;0
41;57;0;0;0
42;57;0;0;0
43;57;0;0;0
44;57;0;0;0
45;57;0;0;0
46;57;0;0;0
47;57;0;0;0
48;57;0;0;0
49;57;0;0;0
50;57;0;0;0
51;57;0;0;0
52;57;0;0;0
53;57;0;0;0
54;57;0;0;0
55;57;0;0;0
56;57;7650;0;0
57;57;15;0;0
58;57;15;0;0
59;57;3554;0;0
60;57;5634;0;0
61;57;2;0;0
62;57;2;0;0
63;57;2;0;0
64;57;2;0;0
65;57;2;0;0
66;57;2;0;0
67;57;2;0;0
68;57;0;0;0
69;57;0;0;0
70;57;0;0;0
0;58;0;0;0
1;58;0;0;0
2;58;0;0;0
3;58;0;0;0
4;58;0;0;0
5;58;0;0;0
6;58;0;0;0
7;58;0;0;0
8;58;0;0;0
9;58;0;0;0
10;58;0;0;0
11;58;0;0;0
12;58;0;0;0
13;58;0;0;0
14;58;0;0;0
15;58;0;0;0
16;58;0;0;0
17;58;0;0;0
18;58;0;0;0
19;58;0;0;0
20;58;0;0;0
21;58;0;0;0
22;58;0;0;0
23;58;0;0;0
24;58;0;0;0
25;58;0;0;0
26;58;0;0;0
27;58;0;0;0
28;58;0;0;0
29;58;0;0;0
30;58;0;0;0
31;58;0;0;0
32;58;0;0;0
33;58;0;0;0
34;58;0;0;0
35;58;0;0;0
36;58;0;0;0
37;58;0;0;0
38;58;0;0;0
39;58;0;0;0
40;58;0;0;0
41;58;0;0;0
42;58;0;0;0
43;58;0;0;0
44;58;0;0;0
45;58;0;0;0
46;58;0;0;0
47;58;0;0;0
48;58;0;0;0
49;58;0;0;0
50;58;0;0;0
51;58;0;0;0
52;58;0;0;0
53;58;0;0;0
54;58;2;0;0
55;58;2;0;0
56;58;2;0;0
57;58;2530;0;0
58;58;1506;0;0
59;58;16;0;0
60;58;16;0;0
61;58;4610;0;0
62;58;2;0;0
63;58;2;0;0
64;58;2;0;0
65;58;2;0;0
66;58;2;0;0
67;58;2;0;0
68;58;0;0;0
69;58;0;0;0
70;58;0;0;0
0;59;0;0;0
1;59;0;0;0
2;59;0;0;0
3;59;0;0;0
4;59;0;0;0
5;59;0;0;0
6;59;0;0;0
7;59;0;0;0
8;59;0;0;0
9;59;0;0;0
10;59;0;0;0
11;59;0;0;0
12;59;0;0;0
13;59;0;0;0
14;59;0;0;0
15;59;0;0;0
16;59;0;0;0
17;59;0;0;0
18;59;0;0;0
19;59;0;0;0
20;59;0;0;0
21;59;0;0;0
22;59;0;0;0
23;59;0;0;0
24;59;0;0;0
25;59;0;0;0
26;59;0;0;0
27;59;0;0;0
28;59;0;0;0
29;59;0;0;0
30;59;0;0;0
31;59;0;0;0
32;59;0;0;0
33;59;0;0;0
34;59;0;0;0
35;59;0;0;0
36;59;0;0;0
37;59;0;0;0
38;59;0;0;0
39;59;0;0;0
40;59;0;0;0
41;59;0;0;0
42;59;0;0;0
43;59;0;0;0
44;59;0;0;0
45;59;0;0;0
46;59;0;0;0
47;59;0;0;0
48;59;0;0;0
49;59;0;0;0
50;59;0;0;0
51;59;0;0;0
52;59;2;0;0
53;59;2;0;0
54;59;2;0;0
55;59;2;0;0
56;59;2;0;0
57;59;2;0;0
58;59;12802;0;0
59;59;16;0;0
60;59;16;0;0
61;59;10754;0;0
62;59;2;0;0
63;59;2;0;0
64;59;2;0;0
65;59;2;0;0
66;59;2;0;0
67;59;2;0;0
68;59;0;0;0
69;59;0;0;0
70;59;0;0;0
0;60;0;0;0
1;60;0;0;0
2;60;0;0;0
3;60;0;0;0
4;60;0;0;0
5;60;0;0;0
6;60;0;0;0
7;60;0;0;0
8;60;0;0;0
9;60;0;0;0
10;60;0;0;0
11;60;0;0;0
12;60;0;0;0
13;60;0;0;0
14;60;0;0;0
15;60;0;0;0
16;60;0;0;0
17;60;0;0;0
18;60;0;0;0
19;60;0;0;0
20;60;0;0;0
21;60;0;0;0
22;60;0;0;0
23;60;0;0;0
24;60;0;0;0
25;60;0;0;0
26;60;0;0;0
27;60;0;0;0
28;60;0;0;0
29;60;0;0;0
30;60;0;0;0
31;60;0;0;0
32;60;0;0;0
33;60;0;0;0
34;60;0;0;0
35;60;0;0;0
36;60;0;0;0
37;60;0;0;0
38;60;0;0;0
39;60;0;0;0
40;60;0;0;0
41;60;0;0;0
42;60;0;0;0
43;60;0;0;0
44;60;0;0;0
45;60;0;0;0
46;60;0;0;0
47;60;0;0;0
48;60;0;0;0
49;60;0;0;0
50;60;0;0;0
51;60;0;0;0
52;60;2;0;0
53;60;6626;0;0
54;60;5602;0;0
55;60;2;0;0
56;60;2;0;0
57;60;2;0;0
58;60;7682;0;0
59;60;16;0;0
60;60;16;0;0
61;60;3586;0;0
62;60;5378;0;0
63;60;2;0;0
64;60;2;0;0
65;60;2;0;0
66;60;2;0;0
67;60;2;0;0
68;60;0;0;0
69;60;0;0;0
70;60;0;0;0
0;61;0;0;0
1;61;0;0;0
2;61;0;0;0
3;61;0;0;0
4;61;0;0;0
5;61;0;0;0
6;61;0;0;0
7;61;0;0;0
8;61;0;0;0
9;61;0;0;0
10;61;0;0;0
11;61;0;0;0
12;61;0;0;0
13;61;0;0;0
14;61;0;0;0
15;61;0;0;0
16;61;0;0;0
17;61;0;0;0
18;61;0;0;0
19;61;0;0;0
20;61;0;0;0
21;61;0;0;0
22;61;0;0;0
23;61;0;0;0
24;61;0;0;0
25;61;0;0;0
26;61;0;0;0
27;61;0;0;0
28;61;0;0;0
29;61;0;0;0
30;61;0;0;0
31;61;0;0;0
32;61;0;0;0
33;61;0;0;0
34;61;0;0;0
35;61;0;0;0
36;61;0;0;0
37;61;0;0;0
38;61;0;0;0
39;61;0;0;0
40;61;0;0;0
41;61;0;0;0
42;61;0;0;0
43;61;0;0;0
44;61;0;0;0
45;61;0;0;0
46;61;0;0;0
47;61;0;0;0
48;61;0;0;0
49;61;0;0;0
50;61;0;0;0
51;61;0;0;0
52;61;8674;0;0
53;61;15;0;0
54;61;15;0;0
55;61;4578;0;0
56;61;2;0;0
57;61;2;0;0
58;61;2;0;0
59;61;2562;0;0
60;61;1544;0;0
61;61;8;0;0
62;61;8;0;0
63;61;6626;0;0
64;61;5602;0;0
65;61;2;0;0
66;61;2;0;0
67;61;2;0;0
68;61;0;0;0
69;61;0;0;0
70;61;0;0;0
0;62;0;0;0
1;62;0;0;0
2;62;0;0;0
3;62;0;0;0
4;62;0;0;0
5;62;0;0;0
6;62;0;0;0
7;62;0;0;0
8;62;0;0;0
9;62;0;0;0
10;62;0;0;0
11;62;0;0;0
12;62;0;0;0
13;62;0;0;0
14;62;0;0;0
15;62;0;0;0
16;62;0;0;0
17;62;0;0;0
18;62;0;0;0
19;62;0;0;0
20;62;0;0;0
21;62;0;0;0
22;62;0;0;0
23;62;0;0;0
24;62;0;0;0
25;62;0;0;0
26;62;0;0;0
27;62;0;0;0
28;62;0;0;0
29;62;0;0;0
30;62;0;0;0
31;62;0;0;0
32;62;0;0;0
33;62;0;0;0
34;62;0;0;0
35;62;0;0;0
36;62;0;0;0
37;62;0;0;0
38;62;0;0;0
39;62;0;0;0
40;62;0;0;0
41;62;0;0;0
42;62;0;0;0
43;62;0;0;0
44;62;0;0;0
45;62;0;0;0
46;62;0;0;0
47;62;0;0;0
48;62;0;0;0
49;62;0;0;0
50;62;0;0;0
51;62;0;0;0
52;62;7650;0;0
53;62;15;0;0
54;62;15;0;0
55;62;3554;0;0
56;62;2;0;0
57;62;2;0;0
58;62;2;0;0
59;62;8450;0;0
60;62;8;0;0
61;62;8;0;0
62;62;8;0;0
63;62;15;0;0
64;62;15;0;0
65;62;2;0;0
66;62;2;0;0
67;62;2;0;0
68;62;0;0;0
69;62;0;0;0
70;62;0;0;0
0;63;0;0;0
1;63;0;0;0
2;63;0;0;0
3;63;0;0;0
4;63;0;0;0
5;63;0;0;0
6;63;0;0;0
7;63;0;0;0
8;63;0;0;0
9;63;0;0;0
10;63;0;0;0
11;63;0;0;0
12;63;0;0;0
13;63;0;0;0
14;63;0;0;0
15;63;0;0;0
16;63;0;0;0
17;63;0;0;0
18;63;0;0;0
19;63;0;0;0
20;63;0;0;0
21;63;0;0;0
22;63;0;0;0
23;63;0;0;0
24;63;0;0;0
25;63;0;0;0
26;63;0;0;0
27;63;0;0;0
28;63;0;0;0
29;63;0;0;0
30;63;0;0;0
31;63;0;0;0
32;63;0;0;0
33;63;0;0;0
34;63;0;0;0
35;63;0;0;0
36;63;0;0;0
37;63;0;0;0
38;63;0;0;0
39;63;0;0;0
40;63;0;0;0
41;63;0;0;0
42;63;0;0;0
43;63;0;0;0
44;63;0;0;0
45;63;0;0;0
46;63;0;0;0
47;63;0;0;0
48;63;0;0;0
49;63;0;0;0
50;63;0;0;0
51;63;0;0;0
52;63;2;0;0
53;63;2530;0;0
54;63;1506;0;0
55;63;2;0;0
56;63;2;0;0
57;63;2;0;0
58;63;2;0;0
59;63;7426;0;0
60;63;8;0;0
61;63;8;0;0
62;63;8;0;0
63;63;2530;0;0
64;63;1506;0;0
65;63;2;0;0
66;63;2;0;0
67;63;2;0;0
68;63;0;0;0
69;63;0;0;0
70;63;0;0;0
