12;0;0;287;0;333
14;0;0;287;0;333
15;0;0;287;0;333
16;0;0;287;0;333
17;0;0;287;0;333
18;0;0;287;0;333
19;0;0;287;0;333
20;0;0;287;0;333
21;0;0;287;0;333
22;0;0;287;0;333
23;0;0;287;0;333
24;0;0;287;0;333
25;0;0;287;0;333
26;0;0;287;0;333
27;0;0;287;0;333
28;0;0;287;0;333
29;0;0;287;0;333
30;0;0;287;0;333
31;0;0;287;0;333
32;0;0;287;0;333
33;0;0;287;0;333
34;0;0;287;0;333
35;0;0;287;0;333
36;0;0;287;0;333
37;0;0;287;0;333
38;0;0;287;0;333
39;0;0;287;0;333
40;0;0;287;0;333
41;0;0;287;0;333
42;0;0;287;0;333
43;0;0;287;0;333
44;0;0;287;0;333
45;0;0;287;0;333
46;0;0;287;0;333
47;0;0;287;0;333
48;0;0;287;0;333
49;0;0;633;0;333
49;0;0;628;0;333
50;0;0;633;0;333
51;0;0;633;0;333
52;0;0;633;0;333
52;0;0;401;0;333
53;0;0;633;0;333
54;0;0;633;0;333
54;0;0;3100;0;333
54;0;0;424;0;333
55;0;0;633;0;333
55;0;0;627;0;333
56;0;0;633;0;333
56;0;0;629;0;333
57;0;0;682;0;333
58;0;0;632;0;333
59;0;0;632;0;333
60;0;0;632;0;333
61;0;0;632;0;333
62;0;0;683;0;333
63;0;0;633;0;333
63;0;0;626;0;333
63;0;0;628;0;333
64;0;0;633;0;333
65;0;0;633;0;333
65;0;0;401;0;333
66;0;0;633;0;333
66;0;0;627;0;333
67;0;0;633;0;333
67;0;0;628;0;333
68;0;0;681;0;333
68;0;0;629;0;333
69;0;0;287;0;333
12;1;0;287;0;333
14;1;0;287;0;333
15;1;0;287;0;333
16;1;0;628;0;333
17;1;0;627;0;333
18;1;0;628;0;333
19;1;0;622;0;333
20;1;0;628;0;333
21;1;0;626;0;333
22;1;0;287;0;333
23;1;0;287;0;333
24;1;0;287;0;333
25;1;0;287;0;333
26;1;0;287;0;333
27;1;0;287;0;333
28;1;0;287;0;333
29;1;0;287;0;333
30;1;0;287;0;333
31;1;0;287;0;333
32;1;0;287;0;333
33;1;0;287;0;333
34;1;0;287;0;333
35;1;0;287;0;333
36;1;0;287;0;333
37;1;0;287;0;333
38;1;0;287;0;333
39;1;0;287;0;333
40;1;0;287;0;333
41;1;0;287;0;333
42;1;0;287;0;333
43;1;0;287;0;333
44;1;0;287;0;333
45;1;0;287;0;333
46;1;0;287;0;333
47;1;0;287;0;333
49;1;0;3097;0;333
49;1;0;3094;0;333
49;1;0;3095;0;333
50;1;0;1265;0;333
50;1;0;3101;0;333
55;1;0;425;0;333
58;1;0;66;0;333
58;1;0;3095;0;333
59;1;0;401;0;333
60;1;0;3101;0;333
60;1;0;2038;0;333
61;1;0;1245;0;333
61;1;0;3095;0;333
62;1;0;1250;0;333
62;1;0;3095;0;333
63;1;0;3101;0;333
64;1;0;1266;0;333
66;1;0;66;0;333
66;1;0;3095;0;333
67;1;0;1265;0;333
68;1;0;635;0;333
68;1;0;627;0;333
69;1;0;287;0;333
0;2;0;287;0;333
1;2;0;287;0;333
2;2;0;287;0;333
3;2;0;287;0;333
4;2;0;287;0;333
5;2;0;287;0;333
6;2;0;287;0;333
7;2;0;287;0;333
8;2;0;287;0;333
9;2;0;287;0;333
10;2;0;287;0;333
11;2;0;287;0;333
12;2;0;287;0;333
14;2;0;287;0;333
16;2;0;1272;0;333
16;2;0;3097;0;333
16;2;0;425;0;333
17;2;0;425;0;333
18;2;0;2038;0;333
18;2;0;425;0;333
19;2;0;1266;0;333
20;2;0;1273;0;333
20;2;0;3095;0;333
20;2;0;3101;0;333
20;2;0;424;0;333
20;2;0;425;0;333
21;2;0;627;0;333
22;2;0;287;0;333
23;2;0;287;0;333
24;2;0;287;0;333
25;2;0;287;0;333
26;2;0;628;0;333
27;2;0;626;0;333
28;2;0;627;0;333
29;2;0;627;0;333
30;2;0;628;0;333
31;2;0;623;0;333
32;2;0;287;0;333
32;2;0;624;0;333
33;2;0;287;0;333
34;2;0;287;0;333
34;2;0;624;0;333
35;2;0;287;0;333
36;2;0;627;0;333
36;2;0;425;0;333
37;2;0;622;0;333
38;2;0;622;0;333
39;2;0;629;0;333
40;2;0;626;0;333
41;2;0;627;0;333
42;2;0;629;0;333
42;2;0;628;0;333
43;2;0;627;0;333
44;2;0;628;0;333
45;2;0;626;0;333
46;2;0;287;0;333
47;2;0;287;0;333
49;2;0;1272;0;333
49;2;0;2038;0;333
49;2;0;3094;0;333
51;2;0;1272;0;333
53;2;0;1266;0;333
56;2;0;3101;0;333
57;2;0;3101;0;333
58;2;0;1266;0;333
60;2;0;3101;0;333
64;2;0;1245;0;333
65;2;0;3101;0;333
67;2;0;424;0;333
68;2;0;628;0;333
69;2;0;287;0;333
0;3;0;287;0;333
1;3;0;287;0;333
2;3;0;628;0;333
3;3;0;627;0;333
4;3;0;628;0;333
5;3;0;623;0;333
6;3;0;599;0;333
7;3;0;596;0;333
7;3;0;426;0;333
7;3;0;405;0;333
8;3;0;622;0;333
9;3;0;622;0;333
10;3;0;628;0;333
11;3;0;626;0;333
12;3;0;287;0;333
14;3;0;287;0;333
18;3;0;3101;0;333
18;3;0;3096;0;333
21;3;0;623;0;333
22;3;0;287;0;333
23;3;0;287;0;333
24;3;0;287;0;333
26;3;0;1272;0;333
26;3;0;3099;0;333
26;3;0;3094;0;333
26;3;0;425;0;333
28;3;0;1272;0;333
28;3;0;425;0;333
29;3;0;425;0;333
29;3;0;426;0;333
29;3;0;405;0;333
33;3;0;1273;0;333
33;3;0;2856;0;333
33;3;0;3095;0;333
36;3;0;1266;0;333
36;3;0;425;0;333
37;3;0;3101;0;333
37;3;0;425;0;333
38;3;0;1246;0;333
38;3;0;425;0;333
39;3;0;2038;0;333
39;3;0;3095;0;333
40;3;0;425;0;333
41;3;0;1273;0;333
41;3;0;3101;0;333
41;3;0;3095;0;333
41;3;0;425;0;333
44;3;0;1273;0;333
44;3;0;3093;0;333
45;3;0;628;0;333
46;3;0;287;0;333
47;3;0;287;0;333
61;3;0;914;0;333
62;3;0;627;0;333
67;3;0;424;0;333
68;3;0;627;0;333
69;3;0;287;0;333
70;3;0;287;0;333
71;3;0;287;0;333
72;3;0;287;0;333
73;3;0;287;0;333
74;3;0;287;0;333
0;4;0;287;0;333
2;4;0;3095;0;333
2;4;0;3098;0;333
4;4;0;1250;0;333
4;4;0;3095;0;333
6;4;0;391;0;333
9;4;0;425;0;333
10;4;0;3101;0;333
10;4;0;3093;0;333
10;4;0;3097;0;333
10;4;0;424;0;333
10;4;0;425;0;333
11;4;0;627;0;333
12;4;0;287;0;333
14;4;0;287;0;333
16;4;0;1250;0;333
16;4;0;3101;0;333
16;4;0;3094;0;333
18;4;0;627;0;333
20;4;0;424;0;333
21;4;0;623;0;333
22;4;0;287;0;333
23;4;0;287;0;333
24;4;0;287;0;333
30;4;0;3101;0;333
31;4;0;1246;0;333
32;4;0;1266;0;333
32;4;0;3101;0;333
35;4;0;1265;0;333
35;4;0;1266;0;333
35;4;0;1272;0;333
36;4;0;1250;0;333
36;4;0;3099;0;333
36;4;0;3096;0;333
39;4;0;1266;0;333
43;4;0;1272;0;333
43;4;0;3101;0;333
44;4;0;1265;0;333
44;4;0;3101;0;333
44;4;0;424;0;333
45;4;0;627;0;333
46;4;0;287;0;333
47;4;0;287;0;333
48;4;0;287;0;333
49;4;0;287;0;333
50;4;0;287;0;333
51;4;0;287;0;333
52;4;0;287;0;333
53;4;0;287;0;333
54;4;0;287;0;333
55;4;0;287;0;333
56;4;0;287;0;333
57;4;0;287;0;333
58;4;0;287;0;333
61;4;0;424;0;333
62;4;0;623;0;333
63;4;0;287;0;333
64;4;0;287;0;333
66;4;0;3101;0;333
68;4;0;626;0;333
69;4;0;628;0;333
70;4;0;626;0;333
71;4;0;628;0;333
72;4;0;628;0;333
73;4;0;629;0;333
74;4;0;287;0;333
0;5;0;287;0;333
5;5;0;3101;0;333
8;5;0;1245;0;333
8;5;0;1265;0;333
8;5;0;3101;0;333
10;5;0;3101;0;333
11;5;0;623;0;333
12;5;0;287;0;333
14;5;0;287;0;333
16;5;0;1265;0;333
16;5;0;1266;0;333
17;5;0;3093;0;333
18;5;0;623;0;333
19;5;0;1272;0;333
19;5;0;3101;0;333
20;5;0;424;0;333
21;5;0;622;0;333
22;5;0;287;0;333
23;5;0;287;0;333
24;5;0;287;0;333
26;5;0;1245;0;333
26;5;0;3094;0;333
28;5;0;627;0;333
44;5;0;1265;0;333
44;5;0;3101;0;333
44;5;0;424;0;333
45;5;0;629;0;333
46;5;0;628;0;333
47;5;0;628;0;333
48;5;0;629;0;333
49;5;0;622;0;333
50;5;0;627;0;333
51;5;0;628;0;333
52;5;0;628;0;333
53;5;0;623;0;333
54;5;0;599;0;333
55;5;0;596;0;333
55;5;0;425;0;333
55;5;0;423;0;333
56;5;0;629;0;333
57;5;0;628;0;333
58;5;0;627;0;333
59;5;0;628;0;333
61;5;0;1266;0;333
61;5;0;3101;0;333
62;5;0;628;0;333
63;5;0;287;0;333
64;5;0;287;0;333
67;5;0;1265;0;333
69;5;0;3101;0;333
70;5;0;66;0;333
71;5;0;1272;0;333
71;5;0;425;0;333
72;5;0;3099;0;333
72;5;0;3095;0;333
72;5;0;424;0;333
72;5;0;425;0;333
73;5;0;627;0;333
74;5;0;287;0;333
0;6;0;287;0;333
3;6;0;1266;0;333
3;6;0;3101;0;333
4;6;0;627;0;333
9;6;0;3101;0;333
10;6;0;1246;0;333
10;6;0;424;0;333
11;6;0;627;0;333
12;6;0;287;0;333
14;6;0;287;0;333
17;6;0;424;0;333
18;6;0;287;0;333
20;6;0;914;0;333
20;6;0;1265;0;333
20;6;0;3093;0;333
20;6;0;3101;0;333
21;6;0;627;0;333
22;6;0;287;0;333
23;6;0;287;0;333
24;6;0;287;0;333
27;6;0;1265;0;333
28;6;0;623;0;333
29;6;0;287;0;333
30;6;0;287;0;333
31;6;0;287;0;333
32;6;0;287;0;333
33;6;0;287;0;333
34;6;0;287;0;333
35;6;0;287;0;333
36;6;0;287;0;333
37;6;0;287;0;333
38;6;0;287;0;333
39;6;0;287;0;333
40;6;0;287;0;333
41;6;0;287;0;333
45;6;0;422;0;333
45;6;0;3098;0;333
45;6;0;3095;0;333
45;6;0;425;0;333
46;6;0;3097;0;333
46;6;0;3095;0;333
47;6;0;1273;0;333
48;6;0;425;0;333
49;6;0;425;0;333
50;6;0;425;0;333
52;6;0;2303;0;333
52;6;0;425;0;333
53;6;0;1272;0;333
53;6;0;425;0;333
56;6;0;425;0;333
57;6;0;425;0;333
58;6;0;1245;0;333
58;6;0;3095;0;333
59;6;0;3101;0;333
59;6;0;3095;0;333
60;6;0;1266;0;333
61;6;0;424;0;333
62;6;0;627;0;333
63;6;0;287;0;333
64;6;0;287;0;333
66;6;0;3099;0;333
66;6;0;3094;0;333
66;6;0;3096;0;333
69;6;0;1265;0;333
72;6;0;1265;0;333
73;6;0;629;0;333
74;6;0;287;0;333
0;7;0;287;0;333
2;7;0;1273;0;333
2;7;0;3094;0;333
2;7;0;2856;0;333
4;7;0;628;0;333
9;7;0;1265;0;333
10;7;0;3093;0;333
10;7;0;424;0;333
11;7;0;628;0;333
12;7;0;287;0;333
13;7;0;287;0;333
14;7;0;287;0;333
14;7;0;627;0;333
16;7;0;66;0;333
16;7;0;1250;0;333
16;7;0;3094;0;333
17;7;0;424;0;333
18;7;0;287;0;333
19;7;0;3101;0;333
20;7;0;424;0;333
21;7;0;629;0;333
22;7;0;287;0;333
23;7;0;287;0;333
24;7;0;287;0;333
27;7;0;1245;0;333
27;7;0;3093;0;333
27;7;0;424;0;333
28;7;0;627;0;333
29;7;0;287;0;333
30;7;0;287;0;333
31;7;0;287;0;333
32;7;0;287;0;333
33;7;0;287;0;333
34;7;0;287;0;333
35;7;0;287;0;333
36;7;0;287;0;333
37;7;0;287;0;333
38;7;0;287;0;333
39;7;0;287;0;333
40;7;0;287;0;333
41;7;0;287;0;333
43;7;0;914;0;333
43;7;0;1266;0;333
43;7;0;1272;0;333
44;7;0;2937;0;333
44;7;0;3101;0;333
45;7;0;3099;0;333
45;7;0;3101;0;333
45;7;0;3096;0;333
46;7;0;3100;0;333
46;7;0;3096;0;333
48;7;0;3101;0;333
49;7;0;1273;0;333
49;7;0;3096;0;333
51;7;0;1266;0;333
51;7;0;3101;0;333
52;7;0;1272;0;333
52;7;0;3101;0;333
54;7;0;3101;0;333
54;7;0;2664;0;333
55;7;0;1272;0;333
56;7;0;2856;0;333
57;7;0;2038;0;333
58;7;0;3101;0;333
59;7;0;3096;0;333
61;7;0;1250;0;333
62;7;0;623;0;333
63;7;0;287;0;333
64;7;0;287;0;333
65;7;0;287;0;333
71;7;0;3100;0;333
71;7;0;3094;0;333
73;7;0;627;0;333
74;7;0;287;0;333
0;8;0;287;0;333
2;8;0;1272;0;333
3;8;0;3093;0;333
3;8;0;424;0;333
4;8;0;627;0;333
9;8;0;3101;0;333
11;8;0;622;0;333
12;8;0;627;0;333
13;8;0;628;0;333
15;8;0;628;0;333
17;8;0;3101;0;333
18;8;0;596;0;333
18;8;0;424;0;333
19;8;0;3094;0;333
20;8;0;424;0;333
21;8;0;626;0;333
22;8;0;287;0;333
23;8;0;287;0;333
24;8;0;287;0;333
26;8;0;3101;0;333
27;8;0;424;0;333
28;8;0;623;0;333
29;8;0;287;0;333
30;8;0;628;0;333
31;8;0;626;0;333
32;8;0;622;0;333
33;8;0;628;0;333
34;8;0;627;0;333
35;8;0;628;0;333
36;8;0;600;0;333
37;8;0;600;0;333
38;8;0;628;0;333
39;8;0;622;0;333
40;8;0;628;0;333
41;8;0;626;0;333
42;8;0;287;0;333
44;8;0;1266;0;333
45;8;0;627;0;333
53;8;0;287;0;333
54;8;0;287;0;333
55;8;0;287;0;333
56;8;0;287;0;333
57;8;0;287;0;333
58;8;0;287;0;333
59;8;0;287;0;333
61;8;0;1265;0;333
61;8;0;1266;0;333
61;8;0;424;0;333
62;8;0;626;0;333
63;8;0;628;0;333
64;8;0;629;0;333
65;8;0;626;0;333
66;8;0;287;0;333
66;8;0;596;0;333
67;8;0;287;0;333
67;8;0;599;0;333
68;8;0;287;0;333
68;8;0;626;0;333
69;8;0;287;0;333
69;8;0;622;0;333
70;8;0;628;0;333
71;8;0;3101;0;333
71;8;0;2038;0;333
72;8;0;424;0;333
73;8;0;623;0;333
74;8;0;287;0;333
0;9;0;287;0;333
2;9;0;3101;0;333
3;9;0;424;0;333
4;9;0;626;0;333
11;9;0;2038;0;333
13;9;0;3101;0;333
15;9;0;1272;0;333
17;9;0;3101;0;333
18;9;0;596;0;333
18;9;0;424;0;333
20;9;0;1266;0;333
20;9;0;3100;0;333
20;9;0;3093;0;333
21;9;0;629;0;333
22;9;0;629;0;333
23;9;0;622;0;333
24;9;0;622;0;333
25;9;0;628;0;333
26;9;0;914;0;333
26;9;0;3101;0;333
28;9;0;626;0;333
29;9;0;622;0;333
30;9;0;425;0;333
31;9;0;2663;0;333
32;9;0;3101;0;333
32;9;0;425;0;333
34;9;0;1250;0;333
34;9;0;3101;0;333
34;9;0;3095;0;333
34;9;0;425;0;333
36;9;0;626;0;333
37;9;0;628;0;333
38;9;0;1245;0;333
38;9;0;1266;0;333
38;9;0;3095;0;333
40;9;0;3099;0;333
40;9;0;3095;0;333
40;9;0;424;0;333
40;9;0;425;0;333
41;9;0;627;0;333
42;9;0;287;0;333
43;9;0;1266;0;333
43;9;0;3099;0;333
43;9;0;3094;0;333
45;9;0;628;0;333
46;9;0;287;0;333
47;9;0;287;0;333
48;9;0;287;0;333
49;9;0;287;0;333
50;9;0;287;0;333
51;9;0;287;0;333
52;9;0;287;0;333
53;9;0;287;0;333
55;9;0;622;0;333
56;9;0;628;0;333
57;9;0;629;0;333
58;9;0;287;0;333
62;9;0;1273;0;333
62;9;0;3095;0;333
62;9;0;19;0;333
63;9;0;425;0;333
64;9;0;425;0;333
67;9;0;1272;0;333
67;9;0;3101;0;333
67;9;0;3095;0;333
68;9;0;3101;0;333
69;9;0;3101;0;333
69;9;0;3099;0;333
69;9;0;3093;0;333
70;9;0;600;0;333
70;9;0;623;0;333
72;9;0;424;0;333
73;9;0;626;0;333
74;9;0;287;0;333
0;10;0;287;0;333
2;10;0;1272;0;333
3;10;0;1273;0;333
4;10;0;596;0;333
4;10;0;424;0;333
9;10;0;3099;0;333
12;10;0;1245;0;333
12;10;0;3096;0;333
16;10;0;3098;0;333
17;10;0;1272;0;333
17;10;0;3093;0;333
18;10;0;600;0;333
18;10;0;622;0;333
21;10;0;287;0;333
22;10;0;1265;0;333
22;10;0;3101;0;333
22;10;0;3101;0;333
22;10;0;3095;0;333
22;10;0;3094;0;333
22;10;0;2674;0;333
24;10;0;3101;0;333
24;10;0;3095;0;333
26;10;0;3101;0;333
27;10;0;2937;0;333
27;10;0;3096;0;333
28;10;0;3035;0;333
28;10;0;3101;0;333
29;10;0;425;0;333
30;10;0;3101;0;333
32;10;0;375;0;333
32;10;0;2038;0;333
33;10;0;3101;0;333
35;10;0;1266;0;333
40;10;0;424;0;333
41;10;0;628;0;333
42;10;0;287;0;333
43;10;0;1265;0;333
44;10;0;1266;0;333
44;10;0;1266;0;333
44;10;0;3101;0;333
45;10;0;627;0;333
46;10;0;287;0;333
47;10;0;287;0;333
48;10;0;287;0;333
49;10;0;287;0;333
50;10;0;287;0;333
51;10;0;287;0;333
52;10;0;287;0;333
53;10;0;287;0;333
55;10;0;66;0;333
55;10;0;3094;0;333
55;10;0;425;0;333
56;10;0;3100;0;333
56;10;0;3093;0;333
56;10;0;3095;0;333
56;10;0;424;0;333
56;10;0;425;0;333
57;10;0;627;0;333
58;10;0;287;0;333
60;10;0;1266;0;333
63;10;0;1266;0;333
64;10;0;914;0;333
64;10;0;1265;0;333
64;10;0;3096;0;333
66;10;0;1273;0;333
67;10;0;3101;0;333
67;10;0;3101;0;333
68;10;0;376;0;333
68;10;0;2038;0;333
69;10;0;3101;0;333
69;10;0;2856;0;333
70;10;0;600;0;333
70;10;0;623;0;333
72;10;0;1245;0;333
72;10;0;3101;0;333
72;10;0;3093;0;333
73;10;0;627;0;333
74;10;0;287;0;333
0;11;0;287;0;333
2;11;0;1265;0;333
2;11;0;3101;0;333
4;11;0;596;0;333
4;11;0;424;0;333
8;11;0;287;0;333
9;11;0;287;0;333
10;11;0;632;0;333
11;11;0;632;0;333
12;11;0;632;0;333
13;11;0;632;0;333
14;11;0;632;0;333
15;11;0;632;0;333
16;11;0;632;0;333
17;11;0;683;0;333
18;11;0;622;0;333
21;11;0;287;0;333
21;11;0;625;0;333
22;11;0;3101;0;333
23;11;0;376;0;333
23;11;0;2038;0;333
24;11;0;3101;0;333
25;11;0;1266;0;333
26;11;0;627;0;333
28;11;0;3096;0;333
30;11;0;627;0;333
32;11;0;914;0;333
32;11;0;3101;0;333
32;11;0;3096;0;333
32;11;0;3094;0;333
33;11;0;1266;0;333
39;11;0;66;0;333
39;11;0;1250;0;333
40;11;0;424;0;333
41;11;0;627;0;333
42;11;0;287;0;333
43;11;0;1265;0;333
43;11;0;1272;0;333
44;11;0;1245;0;333
44;11;0;3101;0;333
44;11;0;3093;0;333
45;11;0;629;0;333
46;11;0;287;0;333
47;11;0;287;0;333
48;11;0;287;0;333
49;11;0;287;0;333
50;11;0;287;0;333
51;11;0;287;0;333
52;11;0;287;0;333
53;11;0;287;0;333
55;11;0;1266;0;333
55;11;0;3101;0;333
56;11;0;3101;0;333
56;11;0;424;0;333
57;11;0;626;0;333
58;11;0;287;0;333
61;11;0;914;0;333
61;11;0;3093;0;333
62;11;0;627;0;333
67;11;0;1266;0;333
67;11;0;3101;0;333
67;11;0;3036;0;333
68;11;0;3101;0;333
68;11;0;3096;0;333
69;11;0;3101;0;333
69;11;0;3097;0;333
69;11;0;3093;0;333
70;11;0;600;0;333
73;11;0;629;0;333
74;11;0;287;0;333
0;12;0;287;0;333
2;12;0;2038;0;333
3;12;0;3098;0;333
4;12;0;623;0;333
8;12;0;287;0;333
9;12;0;287;0;333
10;12;0;3094;0;333
12;12;0;1265;0;333
12;12;0;401;0;333
13;12;0;3101;0;333
13;12;0;3101;0;333
14;12;0;914;0;333
14;12;0;1272;0;333
14;12;0;3095;0;333
14;12;0;3101;0;333
15;12;0;391;0;333
16;12;0;1250;0;333
16;12;0;3095;0;333
16;12;0;401;0;333
20;12;0;3101;0;333
21;12;0;600;0;333
21;12;0;627;0;333
25;12;0;3101;0;333
25;12;0;3097;0;333
26;12;0;623;0;333
31;12;0;287;0;333
39;12;0;424;0;333
40;12;0;627;0;333
41;12;0;287;0;333
42;12;0;287;0;333
43;12;0;2038;0;333
43;12;0;3094;0;333
44;12;0;1266;0;333
44;12;0;3101;0;333
45;12;0;628;0;333
46;12;0;287;0;333
47;12;0;287;0;333
48;12;0;287;0;333
49;12;0;287;0;333
50;12;0;287;0;333
51;12;0;287;0;333
52;12;0;287;0;333
53;12;0;287;0;333
56;12;0;914;0;333
56;12;0;1272;0;333
56;12;0;3093;0;333
57;12;0;627;0;333
58;12;0;287;0;333
61;12;0;1250;0;333
61;12;0;1272;0;333
61;12;0;3093;0;333
62;12;0;623;0;333
63;12;0;287;0;333
64;12;0;287;0;333
65;12;0;287;0;333
66;12;0;287;0;333
67;12;0;622;0;333
68;12;0;622;0;333
69;12;0;622;0;333
70;12;0;622;0;333
72;12;0;424;0;333
73;12;0;628;0;333
74;12;0;287;0;333
0;13;0;287;0;333
3;13;0;424;0;333
4;13;0;629;0;333
8;13;0;287;0;333
11;13;0;1265;0;333
14;13;0;3101;0;333
15;13;0;1272;0;333
18;13;0;1272;0;333
18;13;0;3101;0;333
20;13;0;3101;0;333
20;13;0;3099;0;333
20;13;0;2038;0;333
20;13;0;3093;0;333
21;13;0;600;0;333
21;13;0;623;0;333
22;13;0;1272;0;333
22;13;0;3101;0;333
23;13;0;3101;0;333
23;13;0;424;0;333
24;13;0;627;0;333
27;13;0;287;0;333
28;13;0;287;0;333
29;13;0;287;0;333
30;13;0;287;0;333
31;13;0;287;0;333
32;13;0;287;0;333
33;13;0;287;0;333
34;13;0;287;0;333
35;13;0;287;0;333
36;13;0;287;0;333
38;13;0;1245;0;333
38;13;0;3101;0;333
38;13;0;3094;0;333
39;13;0;424;0;333
40;13;0;623;0;333
41;13;0;287;0;333
42;13;0;287;0;333
44;13;0;3099;0;333
44;13;0;3093;0;333
44;13;0;424;0;333
45;13;0;627;0;333
46;13;0;287;0;333
47;13;0;287;0;333
48;13;0;287;0;333
49;13;0;287;0;333
50;13;0;287;0;333
51;13;0;287;0;333
52;13;0;287;0;333
53;13;0;287;0;333
56;13;0;3099;0;333
56;13;0;3093;0;333
56;13;0;3093;0;333
57;13;0;629;0;333
58;13;0;287;0;333
61;13;0;1246;0;333
61;13;0;3101;0;333
62;13;0;628;0;333
63;13;0;287;0;333
64;13;0;287;0;333
65;13;0;287;0;333
67;13;0;3097;0;333
67;13;0;3094;0;333
70;13;0;3095;0;333
72;13;0;1273;0;333
72;13;0;424;0;333
73;13;0;627;0;333
74;13;0;287;0;333
0;14;0;287;0;333
3;14;0;66;0;333
3;14;0;3093;0;333
3;14;0;424;0;333
4;14;0;627;0;333
8;14;0;287;0;333
10;14;0;1265;0;333
11;14;0;914;0;333
12;14;0;627;0;333
20;14;0;287;0;333
21;14;0;287;0;333
22;14;0;1245;0;333
22;14;0;3094;0;333
23;14;0;1265;0;333
23;14;0;1272;0;333
23;14;0;424;0;333
24;14;0;628;0;333
25;14;0;287;0;333
26;14;0;287;0;333
27;14;0;287;0;333
28;14;0;287;0;333
29;14;0;287;0;333
30;14;0;287;0;333
31;14;0;287;0;333
32;14;0;287;0;333
33;14;0;287;0;333
34;14;0;287;0;333
35;14;0;287;0;333
36;14;0;287;0;333
38;14;0;1266;0;333
40;14;0;626;0;333
41;14;0;287;0;333
42;14;0;287;0;333
44;14;0;1272;0;333
45;14;0;629;0;333
46;14;0;287;0;333
47;14;0;287;0;333
48;14;0;287;0;333
49;14;0;287;0;333
50;14;0;287;0;333
51;14;0;287;0;333
52;14;0;287;0;333
53;14;0;287;0;333
56;14;0;914;0;333
56;14;0;1265;0;333
56;14;0;1272;0;333
56;14;0;424;0;333
57;14;0;627;0;333
58;14;0;287;0;333
60;14;0;3101;0;333
62;14;0;597;0;333
63;14;0;287;0;333
64;14;0;287;0;333
65;14;0;287;0;333
67;14;0;2038;0;333
67;14;0;3101;0;333
68;14;0;28;0;333
72;14;0;3098;0;333
72;14;0;3096;0;333
73;14;0;629;0;333
74;14;0;287;0;333
0;15;0;287;0;333
2;15;0;1265;0;333
2;15;0;1272;0;333
3;15;0;3101;0;333
3;15;0;424;0;333
4;15;0;623;0;333
8;15;0;287;0;333
10;15;0;3101;0;333
11;15;0;1266;0;333
11;15;0;3101;0;333
12;15;0;629;0;333
13;15;0;287;0;333
14;15;0;287;0;333
15;15;0;287;0;333
16;15;0;287;0;333
17;15;0;287;0;333
18;15;0;287;0;333
19;15;0;287;0;333
20;15;0;287;0;333
24;15;0;627;0;333
25;15;0;287;0;333
26;15;0;287;0;333
27;15;0;287;0;333
28;15;0;287;0;333
29;15;0;287;0;333
30;15;0;287;0;333
31;15;0;287;0;333
32;15;0;287;0;333
33;15;0;287;0;333
34;15;0;287;0;333
35;15;0;287;0;333
36;15;0;287;0;333
40;15;0;3100;0;333
40;15;0;3095;0;333
41;15;0;626;0;333
42;15;0;287;0;333
44;15;0;424;0;333
45;15;0;628;0;333
46;15;0;287;0;333
47;15;0;287;0;333
48;15;0;287;0;333
49;15;0;287;0;333
50;15;0;287;0;333
51;15;0;287;0;333
52;15;0;287;0;333
53;15;0;287;0;333
56;15;0;1266;0;333
57;15;0;626;0;333
58;15;0;287;0;333
60;15;0;1250;0;333
61;15;0;1266;0;333
62;15;0;598;0;333
63;15;0;287;0;333
64;15;0;287;0;333
65;15;0;287;0;333
67;15;0;1245;0;333
67;15;0;3094;0;333
69;15;0;1272;0;333
70;15;0;627;0;333
73;15;0;287;0;333
74;15;0;287;0;333
0;16;0;287;0;333
2;16;0;3101;0;333
4;16;0;626;0;333
8;16;0;287;0;333
11;16;0;3101;0;333
11;16;0;3101;0;333
11;16;0;424;0;333
12;16;0;628;0;333
13;16;0;287;0;333
14;16;0;287;0;333
15;16;0;287;0;333
16;16;0;287;0;333
17;16;0;287;0;333
18;16;0;287;0;333
19;16;0;287;0;333
20;16;0;287;0;333
23;16;0;1266;0;333
24;16;0;626;0;333
25;16;0;622;0;333
26;16;0;622;0;333
27;16;0;627;0;333
28;16;0;628;0;333
29;16;0;424;0;333
29;16;0;626;0;333
30;16;0;613;0;333
30;16;0;425;0;333
31;16;0;622;0;333
32;16;0;622;0;333
33;16;0;627;0;333
34;16;0;622;0;333
35;16;0;628;0;333
36;16;0;627;0;333
37;16;0;628;0;333
38;16;0;914;0;333
38;16;0;1272;0;333
40;16;0;424;0;333
41;16;0;627;0;333
42;16;0;287;0;333
44;16;0;1246;0;333
44;16;0;424;0;333
45;16;0;627;0;333
46;16;0;287;0;333
47;16;0;287;0;333
48;16;0;287;0;333
49;16;0;287;0;333
50;16;0;287;0;333
51;16;0;287;0;333
52;16;0;287;0;333
53;16;0;287;0;333
55;16;0;66;0;333
56;16;0;1266;0;333
56;16;0;3101;0;333
56;16;0;424;0;333
57;16;0;629;0;333
58;16;0;287;0;333
62;16;0;627;0;333
63;16;0;287;0;333
64;16;0;287;0;333
65;16;0;287;0;333
69;16;0;627;0;333
70;16;0;287;0;333
71;16;0;287;0;333
72;16;0;287;0;333
73;16;0;287;0;333
74;16;0;287;0;333
0;17;0;287;0;333
4;17;0;627;0;333
8;17;0;287;0;333
10;17;0;3099;0;333
10;17;0;3094;0;333
11;17;0;424;0;333
12;17;0;627;0;333
13;17;0;287;0;333
14;17;0;287;0;333
15;17;0;287;0;333
16;17;0;287;0;333
17;17;0;287;0;333
18;17;0;287;0;333
19;17;0;287;0;333
20;17;0;287;0;333
24;17;0;3101;0;333
25;17;0;3101;0;333
26;17;0;425;0;333
27;17;0;425;0;333
28;17;0;3101;0;333
28;17;0;425;0;333
29;17;0;1266;0;333
29;17;0;3093;0;333
29;17;0;424;0;333
29;17;0;408;0;333
30;17;0;613;0;333
30;17;0;3101;0;333
30;17;0;425;0;333
30;17;0;424;0;333
31;17;0;3101;0;333
31;17;0;3094;0;333
32;17;0;3101;0;333
33;17;0;3097;0;333
34;17;0;425;0;333
35;17;0;425;0;333
36;17;0;1272;0;333
37;17;0;1265;0;333
37;17;0;3101;0;333
38;17;0;1266;0;333
40;17;0;424;0;333
41;17;0;628;0;333
42;17;0;287;0;333
43;17;0;3101;0;333
44;17;0;3099;0;333
44;17;0;3093;0;333
45;17;0;626;0;333
46;17;0;287;0;333
47;17;0;287;0;333
48;17;0;287;0;333
49;17;0;287;0;333
50;17;0;287;0;333
51;17;0;287;0;333
52;17;0;287;0;333
53;17;0;287;0;333
56;17;0;424;0;333
57;17;0;628;0;333
57;17;0;407;0;333
58;17;0;287;0;333
60;17;0;3101;0;333
61;17;0;1245;0;333
61;17;0;914;0;333
61;17;0;3093;0;333
62;17;0;628;0;333
63;17;0;287;0;333
64;17;0;287;0;333
65;17;0;287;0;333
68;17;0;3098;0;333
68;17;0;3093;0;333
69;17;0;597;0;333
70;17;0;287;0;333
0;18;0;287;0;333
2;18;0;1273;0;333
2;18;0;3101;0;333
2;18;0;3094;0;333
3;18;0;1272;0;333
3;18;0;424;0;333
4;18;0;629;0;333
5;18;0;628;0;333
6;18;0;626;0;333
7;18;0;628;0;333
8;18;0;629;0;333
9;18;0;628;0;333
10;18;0;1272;0;333
10;18;0;3101;0;333
12;18;0;623;0;333
13;18;0;287;0;333
14;18;0;287;0;333
15;18;0;287;0;333
16;18;0;287;0;333
17;18;0;287;0;333
18;18;0;287;0;333
19;18;0;287;0;333
21;18;0;3099;0;333
21;18;0;3094;0;333
24;18;0;1245;0;333
24;18;0;1266;0;333
25;18;0;3101;0;333
27;18;0;1246;0;333
27;18;0;3096;0;333
29;18;0;1250;0;333
29;18;0;3093;0;333
29;18;0;424;0;333
30;18;0;613;0;333
30;18;0;3101;0;333
30;18;0;425;0;333
31;18;0;3094;0;333
32;18;0;1266;0;333
34;18;0;1265;0;333
35;18;0;1245;0;333
35;18;0;3101;0;333
36;18;0;66;0;333
36;18;0;3101;0;333
36;18;0;3096;0;333
39;18;0;1250;0;333
39;18;0;3101;0;333
39;18;0;3094;0;333
40;18;0;1265;0;333
40;18;0;1266;0;333
41;18;0;623;0;333
42;18;0;287;0;333
45;18;0;629;0;333
46;18;0;287;0;333
47;18;0;287;0;333
48;18;0;287;0;333
49;18;0;287;0;333
50;18;0;287;0;333
51;18;0;287;0;333
52;18;0;287;0;333
53;18;0;287;0;333
56;18;0;1250;0;333
57;18;0;627;0;333
58;18;0;287;0;333
60;18;0;1245;0;333
60;18;0;3101;0;333
60;18;0;3096;0;333
62;18;0;627;0;333
63;18;0;287;0;333
64;18;0;287;0;333
65;18;0;287;0;333
66;18;0;287;0;333
68;18;0;3101;0;333
69;18;0;598;0;333
70;18;0;287;0;333
0;19;0;287;0;333
2;19;0;3101;0;333
3;19;0;1265;0;333
4;19;0;1272;0;333
4;19;0;425;0;333
5;19;0;425;0;333
7;19;0;914;0;333
7;19;0;3095;0;333
7;19;0;3101;0;333
8;19;0;425;0;333
9;19;0;425;0;333
11;19;0;3101;0;333
11;19;0;3093;0;333
11;19;0;2856;0;333
12;19;0;629;0;333
13;19;0;287;0;333
14;19;0;287;0;333
15;19;0;287;0;333
16;19;0;287;0;333
17;19;0;287;0;333
18;19;0;287;0;333
19;19;0;287;0;333
21;19;0;1266;0;333
26;19;0;627;0;333
30;19;0;613;0;333
39;19;0;1272;0;333
41;19;0;628;0;333
42;19;0;287;0;333
43;19;0;1273;0;333
43;19;0;1266;0;333
43;19;0;3094;0;333
45;19;0;626;0;333
46;19;0;622;0;333
47;19;0;628;0;333
48;19;0;622;0;333
49;19;0;424;0;333
49;19;0;425;0;333
50;19;0;622;0;333
51;19;0;425;0;333
51;19;0;424;0;333
52;19;0;622;0;333
53;19;0;628;0;333
54;19;0;628;0;333
55;19;0;3101;0;333
57;19;0;629;0;333
58;19;0;626;0;333
59;19;0;622;0;333
60;19;0;622;0;333
60;19;0;627;0;333
61;19;0;622;0;333
62;19;0;629;0;333
63;19;0;622;0;333
64;19;0;626;0;333
65;19;0;626;0;333
65;19;0;628;0;333
66;19;0;287;0;333
67;19;0;1273;0;333
67;19;0;3094;0;333
69;19;0;622;0;333
70;19;0;287;0;333
0;20;0;287;0;333
2;20;0;3097;0;333
3;20;0;3099;0;333
5;20;0;3101;0;333
8;20;0;1265;0;333
9;20;0;3101;0;333
10;20;0;1272;0;333
11;20;0;424;0;333
12;20;0;627;0;333
12;20;0;424;0;333
13;20;0;600;0;333
14;20;0;629;0;333
15;20;0;628;0;333
16;20;0;627;0;333
17;20;0;622;0;333
18;20;0;599;0;333
19;20;0;596;0;333
20;20;0;628;0;333
22;20;0;66;0;333
25;20;0;232;0;333
26;20;0;623;0;333
27;20;0;287;0;333
28;20;0;287;0;333
29;20;0;287;0;333
30;20;0;287;0;333
31;20;0;287;0;333
32;20;0;287;0;333
33;20;0;287;0;333
34;20;0;287;0;333
35;20;0;287;0;333
36;20;0;287;0;333
37;20;0;287;0;333
40;20;0;3101;0;333
40;20;0;3097;0;333
41;20;0;627;0;333
42;20;0;287;0;333
43;20;0;1272;0;333
44;20;0;1266;0;333
44;20;0;3101;0;333
45;20;0;1265;0;333
45;20;0;1266;0;333
46;20;0;3101;0;333
47;20;0;1245;0;333
47;20;0;3095;0;333
47;20;0;425;0;333
48;20;0;425;0;333
52;20;0;3101;0;333
52;20;0;425;0;333
53;20;0;425;0;333
54;20;0;2038;0;333
57;20;0;623;0;333
59;20;0;1265;0;333
59;20;0;1272;0;333
64;20;0;1245;0;333
64;20;0;3093;0;333
64;20;0;3095;0;333
65;20;0;627;0;333
66;20;0;287;0;333
69;20;0;627;0;333
70;20;0;287;0;333
0;21;0;287;0;333
7;21;0;627;0;333
11;21;0;3101;0;333
11;21;0;3093;0;333
11;21;0;424;0;333
12;21;0;420;0;333
12;21;0;613;0;333
12;21;0;425;0;333
12;21;0;424;0;333
12;21;0;424;0;333
13;21;0;1245;0;333
13;21;0;3094;0;333
15;21;0;3101;0;333
15;21;0;375;0;333
15;21;0;3095;0;333
15;21;0;425;0;333
16;21;0;3101;0;333
16;21;0;425;0;333
17;21;0;3099;0;333
17;21;0;3095;0;333
17;21;0;425;0;333
18;21;0;1266;0;333
24;21;0;1246;0;333
24;21;0;1276;0;333
25;21;0;627;0;333
26;21;0;287;0;333
27;21;0;287;0;333
28;21;0;287;0;333
29;21;0;287;0;333
30;21;0;287;0;333
31;21;0;287;0;333
32;21;0;287;0;333
33;21;0;287;0;333
34;21;0;287;0;333
35;21;0;287;0;333
36;21;0;287;0;333
37;21;0;287;0;333
39;21;0;3093;0;333
39;21;0;424;0;333
40;21;0;627;0;333
41;21;0;287;0;333
42;21;0;287;0;333
44;21;0;914;0;333
44;21;0;1265;0;333
44;21;0;3101;0;333
46;21;0;3101;0;333
51;21;0;1245;0;333
51;21;0;3096;0;333
53;21;0;3101;0;333
56;21;0;66;0;333
56;21;0;914;0;333
56;21;0;3101;0;333
56;21;0;3093;0;333
57;21;0;623;0;333
58;21;0;1266;0;333
59;21;0;3101;0;333
60;21;0;1246;0;333
62;21;0;2937;0;333
63;21;0;1273;0;333
63;21;0;3101;0;333
63;21;0;3096;0;333
64;21;0;3099;0;333
64;21;0;3093;0;333
64;21;0;3096;0;333
65;21;0;629;0;333
66;21;0;287;0;333
67;21;0;2038;0;333
69;21;0;598;0;333
70;21;0;287;0;333
0;22;0;287;0;333
1;22;0;287;0;333
2;22;0;287;0;333
3;22;0;287;0;333
6;22;0;424;0;333
7;22;0;627;0;333
8;22;0;287;0;333
10;22;0;3101;0;333
11;22;0;3093;0;333
11;22;0;424;0;333
12;22;0;420;0;333
12;22;0;613;0;333
12;22;0;3101;0;333
12;22;0;425;0;333
12;22;0;424;0;333
13;22;0;3097;0;333
13;22;0;3096;0;333
13;22;0;3094;0;333
17;22;0;2038;0;333
17;22;0;3096;0;333
19;22;0;914;0;333
19;22;0;3096;0;333
21;22;0;1272;0;333
23;22;0;424;0;333
24;22;0;627;0;333
25;22;0;287;0;333
26;22;0;287;0;333
27;22;0;287;0;333
28;22;0;287;0;333
29;22;0;287;0;333
30;22;0;287;0;333
31;22;0;287;0;333
32;22;0;287;0;333
33;22;0;287;0;333
34;22;0;287;0;333
35;22;0;287;0;333
36;22;0;287;0;333
39;22;0;1272;0;333
39;22;0;424;0;333
40;22;0;629;0;333
41;22;0;287;0;333
43;22;0;3101;0;333
45;22;0;627;0;333
56;22;0;287;0;333
57;22;0;287;0;333
58;22;0;3101;0;333
64;22;0;623;0;333
65;22;0;287;0;333
66;22;0;287;0;333
67;22;0;1273;0;333
67;22;0;3094;0;333
69;22;0;597;0;333
70;22;0;287;0;333
3;23;0;287;0;333
6;23;0;424;0;333
7;23;0;626;0;333
8;23;0;287;0;333
8;23;0;626;0;333
10;23;0;3094;0;333
11;23;0;3093;0;333
12;23;0;425;0;333
12;23;0;627;0;333
21;23;0;3101;0;333
23;23;0;627;0;333
24;23;0;287;0;333
25;23;0;287;0;333
26;23;0;287;0;333
27;23;0;287;0;333
28;23;0;287;0;333
29;23;0;287;0;333
30;23;0;287;0;333
31;23;0;287;0;333
32;23;0;287;0;333
33;23;0;287;0;333
34;23;0;287;0;333
35;23;0;287;0;333
36;23;0;287;0;333
38;23;0;1250;0;333
38;23;0;1272;0;333
38;23;0;3101;0;333
38;23;0;3094;0;333
40;23;0;626;0;333
41;23;0;287;0;333
42;23;0;287;0;333
43;23;0;1265;0;333
43;23;0;1272;0;333
44;23;0;424;0;333
45;23;0;623;0;333
46;23;0;287;0;333
47;23;0;287;0;333
48;23;0;287;0;333
49;23;0;287;0;333
50;23;0;287;0;333
51;23;0;287;0;333
52;23;0;287;0;333
53;23;0;287;0;333
54;23;0;287;0;333
55;23;0;287;0;333
56;23;0;287;0;333
58;23;0;1272;0;333
59;23;0;1273;0;333
59;23;0;3093;0;333
60;23;0;613;0;333
61;23;0;3099;0;333
61;23;0;3097;0;333
61;23;0;3094;0;333
62;23;0;3100;0;333
62;23;0;3095;0;333
63;23;0;3099;0;333
63;23;0;3095;0;333
64;23;0;629;0;333
65;23;0;628;0;333
66;23;0;622;0;333
69;23;0;622;0;333
70;23;0;287;0;333
3;24;0;287;0;333
5;24;0;3101;0;333
6;24;0;914;0;333
6;24;0;3093;0;333
6;24;0;3101;0;333
7;24;0;629;0;333
8;24;0;287;0;333
10;24;0;3098;0;333
11;24;0;3101;0;333
12;24;0;597;0;333
13;24;0;287;0;333
14;24;0;287;0;333
15;24;0;287;0;333
16;24;0;287;0;333
17;24;0;287;0;333
18;24;0;287;0;333
19;24;0;287;0;333
20;24;0;287;0;333
22;24;0;424;0;333
23;24;0;627;0;333
24;24;0;287;0;333
25;24;0;287;0;333
26;24;0;287;0;333
27;24;0;287;0;333
28;24;0;287;0;333
29;24;0;287;0;333
30;24;0;287;0;333
31;24;0;287;0;333
32;24;0;287;0;333
33;24;0;287;0;333
34;24;0;287;0;333
35;24;0;287;0;333
36;24;0;287;0;333
38;24;0;1266;0;333
40;24;0;3099;0;333
40;24;0;3095;0;333
40;24;0;424;0;333
40;24;0;425;0;333
41;24;0;629;0;333
42;24;0;287;0;333
44;24;0;3101;0;333
45;24;0;626;0;333
46;24;0;628;0;333
47;24;0;626;0;333
48;24;0;627;0;333
49;24;0;629;0;333
50;24;0;623;0;333
51;24;0;622;0;333
52;24;0;626;0;333
53;24;0;626;0;333
54;24;0;627;0;333
55;24;0;628;0;333
56;24;0;629;0;333
57;24;0;628;0;333
60;24;0;635;0;333
61;24;0;3099;0;333
61;24;0;3094;0;333
62;24;0;1245;0;333
62;24;0;3101;0;333
63;24;0;1272;0;333
64;24;0;1250;0;333
69;24;0;627;0;333
70;24;0;287;0;333
3;25;0;287;0;333
7;25;0;627;0;333
8;25;0;287;0;333
10;25;0;3094;0;333
11;25;0;3093;0;333
12;25;0;598;0;333
13;25;0;287;0;333
14;25;0;287;0;333
15;25;0;287;0;333
16;25;0;287;0;333
17;25;0;287;0;333
18;25;0;287;0;333
19;25;0;287;0;333
20;25;0;287;0;333
21;25;0;628;0;333
22;25;0;424;0;333
23;25;0;626;0;333
24;25;0;628;0;333
25;25;0;287;0;333
26;25;0;287;0;333
27;25;0;287;0;333
28;25;0;287;0;333
29;25;0;287;0;333
30;25;0;287;0;333
31;25;0;287;0;333
32;25;0;287;0;333
33;25;0;287;0;333
34;25;0;287;0;333
35;25;0;287;0;333
36;25;0;287;0;333
38;25;0;1272;0;333
39;25;0;28;0;333
40;25;0;2038;0;333
40;25;0;3101;0;333
41;25;0;627;0;333
42;25;0;287;0;333
43;25;0;3101;0;333
43;25;0;3100;0;333
43;25;0;3094;0;333
47;25;0;425;0;333
48;25;0;425;0;333
49;25;0;1245;0;333
49;25;0;3095;0;333
51;25;0;1272;0;333
51;25;0;3101;0;333
52;25;0;425;0;333
53;25;0;1273;0;333
53;25;0;1265;0;333
53;25;0;425;0;333
55;25;0;425;0;333
56;25;0;1245;0;333
56;25;0;3095;0;333
59;25;0;1245;0;333
59;25;0;3101;0;333
59;25;0;2038;0;333
60;25;0;635;0;333
60;25;0;403;0;333
64;25;0;1272;0;333
65;25;0;1272;0;333
67;25;0;3101;0;333
68;25;0;1272;0;333
68;25;0;3099;0;333
68;25;0;3093;0;333
69;25;0;627;0;333
70;25;0;287;0;333
71;25;0;287;0;333
72;25;0;287;0;333
73;25;0;287;0;333
74;25;0;287;0;333
3;26;0;287;0;333
7;26;0;628;0;333
8;26;0;287;0;333
10;26;0;1273;0;333
10;26;0;3101;0;333
12;26;0;622;0;333
13;26;0;287;0;333
14;26;0;287;0;333
15;26;0;287;0;333
16;26;0;287;0;333
17;26;0;287;0;333
18;26;0;287;0;333
19;26;0;287;0;333
21;26;0;3101;0;333
21;26;0;2856;0;333
23;26;0;3101;0;333
23;26;0;3097;0;333
23;26;0;3095;0;333
24;26;0;626;0;333
25;26;0;287;0;333
26;26;0;287;0;333
27;26;0;287;0;333
28;26;0;287;0;333
29;26;0;287;0;333
30;26;0;287;0;333
31;26;0;287;0;333
32;26;0;287;0;333
33;26;0;287;0;333
34;26;0;287;0;333
35;26;0;287;0;333
36;26;0;287;0;333
38;26;0;2856;0;333
40;26;0;3098;0;333
40;26;0;3096;0;333
41;26;0;628;0;333
42;26;0;287;0;333
43;26;0;914;0;333
43;26;0;3101;0;333
43;26;0;3094;0;333
44;26;0;1273;0;333
44;26;0;1265;0;333
44;26;0;3101;0;333
44;26;0;3101;0;333
44;26;0;3096;0;333
45;26;0;1265;0;333
47;26;0;2038;0;333
50;26;0;1265;0;333
51;26;0;3098;0;333
54;26;0;1272;0;333
54;26;0;3101;0;333
54;26;0;3101;0;333
57;26;0;1272;0;333
57;26;0;3101;0;333
59;26;0;3097;0;333
59;26;0;3093;0;333
59;26;0;3096;0;333
60;26;0;683;0;333
62;26;0;3093;0;333
63;26;0;623;0;333
64;26;0;287;0;333
65;26;0;287;0;333
66;26;0;287;0;333
67;26;0;287;0;333
68;26;0;287;0;333
69;26;0;287;0;333
70;26;0;287;0;333
71;26;0;622;0;333
72;26;0;628;0;333
73;26;0;626;0;333
74;26;0;623;0;333
0;27;0;287;0;333
1;27;0;287;0;333
2;27;0;287;0;333
3;27;0;287;0;333
3;27;0;622;0;333
5;27;0;3094;0;333
5;27;0;3098;0;333
6;27;0;424;0;333
7;27;0;629;0;333
8;27;0;287;0;333
10;27;0;1265;0;333
10;27;0;3094;0;333
11;27;0;3093;0;333
12;27;0;629;0;333
13;27;0;287;0;333
14;27;0;287;0;333
15;27;0;287;0;333
16;27;0;287;0;333
17;27;0;287;0;333
18;27;0;287;0;333
19;27;0;287;0;333
21;27;0;3101;0;333
22;27;0;28;0;333
23;27;0;1245;0;333
23;27;0;1265;0;333
23;27;0;1266;0;333
23;27;0;2038;0;333
24;27;0;627;0;333
25;27;0;287;0;333
26;27;0;287;0;333
27;27;0;287;0;333
28;27;0;287;0;333
29;27;0;287;0;333
30;27;0;287;0;333
31;27;0;287;0;333
32;27;0;287;0;333
33;27;0;287;0;333
34;27;0;287;0;333
35;27;0;287;0;333
36;27;0;287;0;333
40;27;0;287;0;333
41;27;0;287;0;333
42;27;0;287;0;333
43;27;0;1265;0;333
44;27;0;1265;0;333
44;27;0;3101;0;333
45;27;0;287;0;333
46;27;0;287;0;333
47;27;0;287;0;333
48;27;0;287;0;333
49;27;0;287;0;333
50;27;0;287;0;333
51;27;0;287;0;333
52;27;0;287;0;333
53;27;0;287;0;333
55;27;0;1245;0;333
55;27;0;3101;0;333
55;27;0;3094;0;333
57;27;0;623;0;333
58;27;0;287;0;333
59;27;0;287;0;333
60;27;0;287;0;333
61;27;0;3101;0;333
63;27;0;626;0;333
64;27;0;629;0;333
65;27;0;627;0;333
66;27;0;626;0;333
67;27;0;628;0;333
68;27;0;622;0;333
69;27;0;628;0;333
70;27;0;622;0;333
71;27;0;425;0;333
72;27;0;3101;0;333
73;27;0;3099;0;333
73;27;0;3093;0;333
73;27;0;3095;0;333
74;27;0;623;0;333
0;28;0;287;0;333
1;28;0;287;0;333
2;28;0;627;0;333
3;28;0;622;0;333
4;28;0;628;0;333
5;28;0;1266;0;333
6;28;0;424;0;333
7;28;0;623;0;333
8;28;0;287;0;333
9;28;0;914;0;333
9;28;0;2038;0;333
9;28;0;285;0;333
9;28;0;3094;0;333
10;28;0;3101;0;333
11;28;0;3101;0;333
12;28;0;914;0;333
12;28;0;2038;0;333
12;28;0;197;0;333
12;28;0;3095;0;333
12;28;0;424;0;333
13;28;0;626;0;333
14;28;0;629;0;333
15;28;0;628;0;333
16;28;0;622;0;333
17;28;0;627;0;333
18;28;0;628;0;333
19;28;0;629;0;333
20;28;0;287;0;333
22;28;0;1266;0;333
23;28;0;3098;0;333
23;28;0;3096;0;333
24;28;0;627;0;333
25;28;0;629;0;333
26;28;0;628;0;333
27;28;0;623;0;333
28;28;0;599;0;333
29;28;0;596;0;333
29;28;0;422;0;333
30;28;0;622;0;333
31;28;0;628;0;333
32;28;0;627;0;333
33;28;0;287;0;333
34;28;0;287;0;333
35;28;0;287;0;333
36;28;0;287;0;333
37;28;0;287;0;333
38;28;0;287;0;333
39;28;0;287;0;333
40;28;0;628;0;333
41;28;0;626;0;333
42;28;0;628;0;333
43;28;0;622;0;333
44;28;0;622;0;333
45;28;0;627;0;333
46;28;0;628;0;333
47;28;0;629;0;333
48;28;0;622;0;333
49;28;0;628;0;333
50;28;0;629;0;333
51;28;0;628;0;333
52;28;0;626;0;333
53;28;0;287;0;333
55;28;0;3101;0;333
55;28;0;3101;0;333
56;28;0;3101;0;333
56;28;0;424;0;333
57;28;0;623;0;333
58;28;0;287;0;333
59;28;0;287;0;333
60;28;0;287;0;333
61;28;0;1266;0;333
62;28;0;1265;0;333
66;28;0;3101;0;333
66;28;0;425;0;333
68;28;0;3101;0;333
69;28;0;1246;0;333
69;28;0;425;0;333
70;28;0;425;0;333
71;28;0;3101;0;333
72;28;0;2937;0;333
73;28;0;3093;0;333
73;28;0;3101;0;333
73;28;0;3098;0;333
74;28;0;600;0;333
74;28;0;626;0;333
0;29;0;287;0;333
2;29;0;1272;0;333
2;29;0;3097;0;333
2;29;0;3095;0;333
4;29;0;3095;0;333
6;29;0;424;0;333
7;29;0;623;0;333
8;29;0;287;0;333
9;29;0;3101;0;333
10;29;0;421;0;333
11;29;0;421;0;333
12;29;0;3101;0;333
13;29;0;2388;0;333
14;29;0;1273;0;333
14;29;0;3095;0;333
15;29;0;1251;0;333
15;29;0;3095;0;333
16;29;0;1272;0;333
16;29;0;3101;0;333
16;29;0;1250;0;333
16;29;0;425;0;333
17;29;0;61;0;333
17;29;0;3095;0;333
17;29;0;425;0;333
18;29;0;1276;0;333
18;29;0;3095;0;333
18;29;0;424;0;333
19;29;0;626;0;333
20;29;0;622;0;333
21;29;0;622;0;333
22;29;0;622;0;333
23;29;0;622;0;333
24;29;0;629;0;333
25;29;0;3094;0;333
26;29;0;3101;0;333
26;29;0;425;0;333
28;29;0;3101;0;333
30;29;0;425;0;333
31;29;0;1246;0;333
31;29;0;3093;0;333
31;29;0;424;0;333
31;29;0;425;0;333
32;29;0;629;0;333
33;29;0;629;0;333
34;29;0;628;0;333
35;29;0;627;0;333
36;29;0;622;0;333
37;29;0;628;0;333
38;29;0;627;0;333
39;29;0;629;0;333
41;29;0;425;0;333
42;29;0;3097;0;333
42;29;0;3095;0;333
43;29;0;425;0;333
44;29;0;425;0;333
46;29;0;425;0;333
47;29;0;1266;0;333
47;29;0;425;0;333
48;29;0;1245;0;333
48;29;0;3095;0;333
50;29;0;425;0;333
51;29;0;3097;0;333
51;29;0;3093;0;333
51;29;0;425;0;333
52;29;0;627;0;333
53;29;0;287;0;333
56;29;0;1265;0;333
56;29;0;3101;0;333
57;29;0;597;0;333
57;29;0;426;0;333
58;29;0;287;0;333
59;29;0;287;0;333
60;29;0;287;0;333
61;29;0;3099;0;333
61;29;0;3094;0;333
62;29;0;1250;0;333
62;29;0;3101;0;333
65;29;0;1272;0;333
67;29;0;1245;0;333
67;29;0;3101;0;333
67;29;0;3096;0;333
71;29;0;1245;0;333
74;29;0;600;0;333
74;29;0;627;0;333
0;30;0;287;0;333
2;30;0;914;0;333
2;30;0;3094;0;333
6;30;0;3101;0;333
6;30;0;3093;0;333
6;30;0;3097;0;333
7;30;0;627;0;333
8;30;0;287;0;333
9;30;0;3101;0;333
10;30;0;421;0;333
10;30;0;337;0;333
10;30;0;296;0;333
11;30;0;421;0;333
11;30;0;337;0;333
12;30;0;3101;0;333
13;30;0;915;0;333
14;30;0;61;0;333
14;30;0;1272;0;333
15;30;0;1246;0;333
15;30;0;3096;0;333
16;30;0;1265;0;333
16;30;0;1272;0;333
18;30;0;1250;0;333
18;30;0;2038;0;333
19;30;0;2662;0;333
19;30;0;3095;0;333
19;30;0;425;0;333
21;30;0;1245;0;333
21;30;0;61;0;333
21;30;0;3095;0;333
22;30;0;3098;0;333
22;30;0;3095;0;333
23;30;0;3101;0;333
23;30;0;3099;0;333
23;30;0;3095;0;333
24;30;0;1272;0;333
24;30;0;3101;0;333
28;30;0;914;0;333
28;30;0;2038;0;333
31;30;0;3101;0;333
32;30;0;425;0;333
33;30;0;425;0;333
34;30;0;3101;0;333
35;30;0;1265;0;333
37;30;0;425;0;333
38;30;0;3101;0;333
39;30;0;425;0;333
40;30;0;1266;0;333
41;30;0;1265;0;333
41;30;0;3101;0;333
42;30;0;1265;0;333
44;30;0;2162;0;333
44;30;0;3096;0;333
50;30;0;1265;0;333
51;30;0;3101;0;333
51;30;0;424;0;333
52;30;0;628;0;333
53;30;0;287;0;333
55;30;0;3101;0;333
55;30;0;2038;0;333
56;30;0;1246;0;333
56;30;0;3093;0;333
57;30;0;598;0;333
58;30;0;287;0;333
59;30;0;287;0;333
60;30;0;287;0;333
69;30;0;627;0;333
70;30;0;632;0;333
70;30;0;690;0;333
71;30;0;690;0;333
73;30;0;914;0;333
73;30;0;3093;0;333
74;30;0;623;0;333
0;31;0;287;0;333
4;31;0;632;0;333
4;31;0;690;0;333
5;31;0;690;0;333
7;31;0;287;0;333
8;31;0;287;0;333
9;31;0;914;0;333
9;31;0;2038;0;333
9;31;0;284;0;333
9;31;0;3094;0;333
10;31;0;3101;0;333
11;31;0;3101;0;333
12;31;0;914;0;333
12;31;0;2038;0;333
12;31;0;198;0;333
12;31;0;3096;0;333
13;31;0;627;0;333
16;31;0;3101;0;333
16;31;0;3094;0;333
17;31;0;1257;0;333
17;31;0;3096;0;333
19;31;0;1251;0;333
19;31;0;3096;0;333
20;31;0;1273;0;333
20;31;0;3096;0;333
22;31;0;3100;0;333
22;31;0;3096;0;333
22;31;0;3096;0;333
22;31;0;3096;0;333
23;31;0;1266;0;333
23;31;0;1272;0;333
23;31;0;3097;0;333
23;31;0;3096;0;333
25;31;0;3101;0;333
27;31;0;1272;0;333
28;31;0;3097;0;333
28;31;0;3096;0;333
28;31;0;3096;0;333
29;31;0;3101;0;333
30;31;0;1266;0;333
31;31;0;914;0;333
33;31;0;3101;0;333
37;31;0;66;0;333
37;31;0;1246;0;333
37;31;0;1273;0;333
37;31;0;3101;0;333
40;31;0;1266;0;333
40;31;0;2038;0;333
51;31;0;3101;0;333
51;31;0;424;0;333
52;31;0;628;0;333
53;31;0;287;0;333
55;31;0;1265;0;333
56;31;0;424;0;333
57;31;0;622;0;333
58;31;0;287;0;333
59;31;0;287;0;333
60;31;0;287;0;333
61;31;0;287;0;333
62;31;0;287;0;333
63;31;0;287;0;333
64;31;0;287;0;333
65;31;0;287;0;333
66;31;0;287;0;333
67;31;0;287;0;333
68;31;0;287;0;333
69;31;0;287;0;333
70;31;0;689;0;333
70;31;0;287;0;333
71;31;0;682;0;333
72;31;0;1272;0;333
74;31;0;598;0;333
0;32;0;287;0;333
2;32;0;2038;0;333
3;32;0;1245;0;333
3;32;0;1266;0;333
3;32;0;3093;0;333
4;32;0;634;0;333
5;32;0;287;0;333
6;32;0;287;0;333
7;32;0;287;0;333
8;32;0;287;0;333
9;32;0;287;0;333
10;32;0;287;0;333
11;32;0;287;0;333
12;32;0;287;0;333
13;32;0;287;0;333
14;32;0;287;0;333
15;32;0;287;0;333
16;32;0;287;0;333
17;32;0;287;0;333
18;32;0;287;0;333
19;32;0;287;0;333
20;32;0;287;0;333
21;32;0;287;0;333
22;32;0;287;0;333
23;32;0;287;0;333
24;32;0;287;0;333
25;32;0;287;0;333
26;32;0;287;0;333
27;32;0;287;0;333
28;32;0;287;0;333
29;32;0;287;0;333
30;32;0;287;0;333
31;32;0;635;0;333
32;32;0;653;0;333
33;32;0;669;0;333
34;32;0;634;0;333
35;32;0;287;0;333
36;32;0;287;0;333
43;32;0;287;0;333
44;32;0;287;0;333
45;32;0;287;0;333
46;32;0;287;0;333
47;32;0;287;0;333
48;32;0;287;0;333
50;32;0;66;0;333
50;32;0;3101;0;333
51;32;0;424;0;333
52;32;0;627;0;333
53;32;0;287;0;333
54;32;0;287;0;333
55;32;0;1265;0;333
56;32;0;1272;0;333
57;32;0;629;0;333
58;32;0;628;0;333
59;32;0;626;0;333
60;32;0;627;0;333
60;32;0;628;0;333
61;32;0;622;0;333
62;32;0;629;0;333
63;32;0;627;0;333
64;32;0;628;0;333
65;32;0;627;0;333
66;32;0;622;0;333
67;32;0;633;0;333
67;32;0;628;0;333
68;32;0;633;0;333
68;32;0;1245;0;333
69;32;0;634;0;333
70;32;0;287;0;333
71;32;0;635;0;333
71;32;0;689;0;333
72;32;0;1272;0;333
73;32;0;1266;0;333
73;32;0;424;0;333
74;32;0;622;0;333
74;32;0;623;0;333
74;32;0;628;0;333
0;33;0;287;0;333
3;33;0;403;0;333
4;33;0;634;0;333
6;33;0;680;0;333
7;33;0;633;0;333
8;33;0;633;0;333
9;33;0;633;0;333
10;33;0;633;0;333
11;33;0;633;0;333
11;33;0;401;0;333
12;33;0;633;0;333
13;33;0;633;0;333
14;33;0;633;0;333
15;33;0;633;0;333
16;33;0;633;0;333
17;33;0;633;0;333
18;33;0;633;0;333
18;33;0;401;0;333
19;33;0;633;0;333
20;33;0;633;0;333
21;33;0;633;0;333
22;33;0;633;0;333
23;33;0;633;0;333
24;33;0;633;0;333
25;33;0;633;0;333
25;33;0;401;0;333
26;33;0;633;0;333
27;33;0;633;0;333
28;33;0;633;0;333
29;33;0;633;0;333
30;33;0;633;0;333
31;33;0;633;0;333
34;33;0;633;0;333
34;33;0;688;0;333
35;33;0;633;0;333
35;33;0;401;0;333
36;33;0;681;0;333
37;33;0;287;0;333
38;33;0;287;0;333
39;33;0;287;0;333
40;33;0;287;0;333
41;33;0;287;0;333
42;33;0;287;0;333
43;33;0;287;0;333
44;33;0;287;0;333
44;33;0;627;0;333
45;33;0;287;0;333
46;33;0;287;0;333
47;33;0;287;0;333
48;33;0;287;0;333
50;33;0;3101;0;333
51;33;0;3101;0;333
52;33;0;629;0;333
53;33;0;628;0;333
54;33;0;287;0;333
57;33;0;600;0;333
58;33;0;75;0;333
58;33;0;3094;0;333
59;33;0;425;0;333
60;33;0;3099;0;333
60;33;0;3095;0;333
60;33;0;425;0;333
62;33;0;425;0;333
64;33;0;425;0;333
67;33;0;3099;0;333
67;33;0;3095;0;333
68;33;0;3101;0;333
68;33;0;2856;0;333
68;33;0;3093;0;333
69;33;0;634;0;333
70;33;0;287;0;333
71;33;0;635;0;333
72;33;0;1273;0;333
72;33;0;3094;0;333
74;33;0;600;0;333
74;33;0;628;0;333
0;34;0;287;0;333
2;34;0;3098;0;333
2;34;0;3094;0;333
4;34;0;634;0;333
6;34;0;634;0;333
36;34;0;635;0;333
36;34;0;693;0;333
37;34;0;287;0;333
38;34;0;597;0;333
38;34;0;425;0;333
39;34;0;597;0;333
39;34;0;425;0;333
40;34;0;627;0;333
41;34;0;628;0;333
42;34;0;626;0;333
43;34;0;622;0;333
45;34;0;628;0;333
46;34;0;623;0;333
47;34;0;626;0;333
48;34;0;287;0;333
50;34;0;1265;0;333
50;34;0;1266;0;333
52;34;0;3097;0;333
52;34;0;3093;0;333
52;34;0;425;0;333
52;34;0;424;0;333
53;34;0;627;0;333
54;34;0;287;0;333
56;34;0;3101;0;333
57;34;0;623;0;333
58;34;0;1266;0;333
58;34;0;3101;0;333
60;34;0;1265;0;333
61;34;0;3101;0;333
62;34;0;3101;0;333
64;34;0;1250;0;333
64;34;0;3101;0;333
65;34;0;3101;0;333
68;34;0;403;0;333
69;34;0;634;0;333
70;34;0;287;0;333
71;34;0;635;0;333
74;34;0;623;0;333
0;35;0;287;0;333
4;35;0;682;0;333
5;35;0;632;0;333
6;35;0;634;0;333
36;35;0;635;0;333
38;35;0;1272;0;333
38;35;0;3101;0;333
38;35;0;3094;0;333
41;35;0;1273;0;333
41;35;0;914;0;333
41;35;0;3095;0;333
41;35;0;405;0;333
41;35;0;425;0;333
42;35;0;425;0;333
43;35;0;391;0;333
43;35;0;3095;0;333
44;35;0;1245;0;333
44;35;0;1273;0;333
44;35;0;3101;0;333
44;35;0;3095;0;333
45;35;0;66;0;333
45;35;0;3101;0;333
45;35;0;3095;0;333
45;35;0;426;0;333
46;35;0;3093;0;333
46;35;0;426;0;333
46;35;0;424;0;333
46;35;0;425;0;333
47;35;0;627;0;333
48;35;0;287;0;333
52;35;0;424;0;333
53;35;0;623;0;333
54;35;0;287;0;333
57;35;0;623;0;333
58;35;0;3094;0;333
60;35;0;914;0;333
66;35;0;627;0;333
67;35;0;914;0;333
67;35;0;3094;0;333
69;35;0;634;0;333
70;35;0;287;0;333
71;35;0;635;0;333
72;35;0;3101;0;333
73;35;0;1272;0;333
73;35;0;424;0;333
74;35;0;623;0;333
74;35;0;628;0;333
0;36;0;287;0;333
3;36;0;1250;0;333
3;36;0;1266;0;333
3;36;0;1272;0;333
6;36;0;666;0;333
36;36;0;635;0;333
39;36;0;1245;0;333
39;36;0;3101;0;333
43;36;0;1273;0;333
43;36;0;1266;0;333
43;36;0;3101;0;333
43;36;0;3096;0;333
44;36;0;1266;0;333
44;36;0;3096;0;333
44;36;0;426;0;333
45;36;0;66;0;333
45;36;0;1273;0;333
45;36;0;3096;0;333
46;36;0;2856;0;333
46;36;0;3093;0;333
46;36;0;424;0;333
47;36;0;627;0;333
48;36;0;287;0;333
50;36;0;3097;0;333
50;36;0;3094;0;333
53;36;0;628;0;333
54;36;0;287;0;333
55;36;0;1265;0;333
55;36;0;1272;0;333
56;36;0;3097;0;333
56;36;0;3093;0;333
56;36;0;3096;0;333
57;36;0;623;0;333
58;36;0;337;0;333
61;36;0;424;0;333
62;36;0;613;0;333
63;36;0;337;0;333
63;36;0;332;0;333
64;36;0;1266;0;333
66;36;0;623;0;333
66;36;0;597;0;333
69;36;0;682;0;333
70;36;0;632;0;333
71;36;0;683;0;333
73;36;0;424;0;333
74;36;0;623;0;333
74;36;0;627;0;333
0;37;0;287;0;333
2;37;0;1272;0;333
6;37;0;658;0;333
36;37;0;635;0;333
36;37;0;403;0;333
38;37;0;1265;0;333
40;37;0;627;0;333
46;37;0;424;0;333
46;37;0;287;0;333
47;37;0;629;0;333
48;37;0;622;0;333
49;37;0;622;0;333
50;37;0;600;0;333
51;37;0;914;0;333
53;37;0;626;0;333
54;37;0;287;0;333
57;37;0;287;0;333
58;37;0;282;0;333
58;37;0;3094;0;333
61;37;0;3099;0;333
61;37;0;3093;0;333
62;37;0;1792;0;333
64;37;0;1266;0;333
65;37;0;1265;0;333
65;37;0;1266;0;333
65;37;0;235;0;333
65;37;0;424;0;333
66;37;0;623;0;333
66;37;0;598;0;333
67;37;0;1266;0;333
70;37;0;3095;0;333
70;37;0;401;0;333
72;37;0;1246;0;333
72;37;0;1273;0;333
72;37;0;1266;0;333
72;37;0;3101;0;333
73;37;0;424;0;333
74;37;0;623;0;333
74;37;0;629;0;333
0;38;0;287;0;333
3;38;0;914;0;333
3;38;0;3093;0;333
4;38;0;680;0;333
5;38;0;689;0;333
5;38;0;633;0;333
6;38;0;634;0;333
36;38;0;635;0;333
36;38;0;693;0;333
39;38;0;1250;0;333
39;38;0;1273;0;333
39;38;0;3093;0;333
40;38;0;623;0;333
41;38;0;287;0;333
42;38;0;287;0;333
43;38;0;287;0;333
44;38;0;287;0;333
45;38;0;287;0;333
46;38;0;287;0;333
47;38;0;3101;0;333
47;38;0;2038;0;333
47;38;0;3094;0;333
49;38;0;3098;0;333
50;38;0;623;0;333
51;38;0;1265;0;333
53;38;0;629;0;333
54;38;0;287;0;333
55;38;0;287;0;333
56;38;0;287;0;333
61;38;0;3101;0;333
62;38;0;1793;0;333
63;38;0;1250;0;333
63;38;0;1272;0;333
65;38;0;420;0;333
65;38;0;424;0;333
66;38;0;623;0;333
67;38;0;1245;0;333
67;38;0;3101;0;333
67;38;0;3094;0;333
69;38;0;3101;0;333
70;38;0;1265;0;333
70;38;0;2038;0;333
73;38;0;3093;0;333
74;38;0;623;0;333
0;39;0;287;0;333
3;39;0;3101;0;333
4;39;0;634;0;333
6;39;0;634;0;333
36;39;0;635;0;333
40;39;0;628;0;333
41;39;0;287;0;333
42;39;0;287;0;333
43;39;0;287;0;333
44;39;0;287;0;333
45;39;0;287;0;333
47;39;0;1273;0;333
47;39;0;3101;0;333
48;39;0;28;0;333
49;39;0;424;0;333
50;39;0;623;0;333
50;39;0;596;0;333
51;39;0;3101;0;333
53;39;0;3101;0;333
53;39;0;424;0;333
53;39;0;425;0;333
54;39;0;287;0;333
55;39;0;287;0;333
56;39;0;287;0;333
59;39;0;1250;0;333
59;39;0;914;0;333
59;39;0;3101;0;333
62;39;0;1796;0;333
65;39;0;1272;0;333
65;39;0;337;0;333
65;39;0;424;0;333
66;39;0;600;0;333
66;39;0;629;0;333
67;39;0;3101;0;333
69;39;0;623;0;333
70;39;0;287;0;333
71;39;0;287;0;333
72;39;0;287;0;333
73;39;0;287;0;333
74;39;0;287;0;333
0;40;0;287;0;333
2;40;0;3101;0;333
2;40;0;3094;0;333
3;40;0;403;0;333
4;40;0;634;0;333
6;40;0;634;0;333
36;40;0;635;0;333
38;40;0;3099;0;333
38;40;0;3094;0;333
40;40;0;627;0;333
41;40;0;287;0;333
42;40;0;287;0;333
43;40;0;287;0;333
44;40;0;287;0;333
45;40;0;287;0;333
49;40;0;424;0;333
50;40;0;623;0;333
50;40;0;627;0;333
51;40;0;1266;0;333
51;40;0;3094;0;333
52;40;0;2937;0;333
52;40;0;375;0;333
52;40;0;3101;0;333
52;40;0;420;0;333
53;40;0;3093;0;333
54;40;0;629;0;333
55;40;0;627;0;333
56;40;0;622;0;333
57;40;0;628;0;333
58;40;0;1272;0;333
59;40;0;3101;0;333
61;40;0;2116;0;333
62;40;0;1796;0;333
63;40;0;3101;0;333
63;40;0;3099;0;333
63;40;0;3096;0;333
65;40;0;2369;0;333
65;40;0;3101;0;333
65;40;0;3096;0;333
65;40;0;424;0;333
66;40;0;600;0;333
66;40;0;623;0;333
67;40;0;66;0;333
67;40;0;3094;0;333
68;40;0;3101;0;333
69;40;0;629;0;333
69;40;0;632;0;333
69;40;0;690;0;333
70;40;0;632;0;333
71;40;0;632;0;333
72;40;0;690;0;333
73;40;0;287;0;333
0;41;0;287;0;333
2;41;0;1273;0;333
2;41;0;3094;0;333
4;41;0;634;0;333
6;41;0;3089;0;333
6;41;0;634;0;333
7;41;0;3087;0;333
8;41;0;3088;0;333
9;41;0;405;0;333
9;41;0;3087;0;333
10;41;0;3088;0;333
11;41;0;3087;0;333
12;41;0;3088;0;333
13;41;0;3087;0;333
14;41;0;3088;0;333
15;41;0;405;0;333
15;41;0;3087;0;333
16;41;0;3088;0;333
17;41;0;3087;0;333
18;41;0;3088;0;333
19;41;0;3087;0;333
20;41;0;3088;0;333
21;41;0;405;0;333
21;41;0;3089;0;333
22;41;0;3087;0;333
23;41;0;3088;0;333
24;41;0;3087;0;333
25;41;0;3088;0;333
26;41;0;405;0;333
26;41;0;3087;0;333
27;41;0;3088;0;333
28;41;0;3087;0;333
29;41;0;3088;0;333
30;41;0;3087;0;333
31;41;0;3088;0;333
32;41;0;405;0;333
32;41;0;3087;0;333
33;41;0;3088;0;333
34;41;0;3087;0;333
35;41;0;3088;0;333
36;41;0;635;0;333
36;41;0;3089;0;333
39;41;0;424;0;333
40;41;0;626;0;333
41;41;0;287;0;333
42;41;0;287;0;333
43;41;0;287;0;333
44;41;0;287;0;333
45;41;0;287;0;333
49;41;0;3101;0;333
50;41;0;623;0;333
50;41;0;598;0;333
51;41;0;2038;0;333
53;41;0;1266;0;333
54;41;0;3095;0;333
54;41;0;425;0;333
55;41;0;425;0;333
59;41;0;1265;0;333
59;41;0;3101;0;333
60;41;0;1266;0;333
62;41;0;613;0;333
63;41;0;613;0;333
64;41;0;1794;0;333
65;41;0;1795;0;333
66;41;0;600;0;333
66;41;0;622;0;333
67;41;0;3101;0;333
69;41;0;634;0;333
70;41;0;2805;0;333
71;41;0;405;0;333
71;41;0;2805;0;333
72;41;0;682;0;333
73;41;0;287;0;333
0;42;0;287;0;333
4;42;0;634;0;333
6;42;0;634;0;333
36;42;0;635;0;333
38;42;0;3101;0;333
39;42;0;424;0;333
40;42;0;635;0;333
40;42;0;628;0;333
41;42;0;287;0;333
42;42;0;629;0;333
43;42;0;628;0;333
44;42;0;627;0;333
45;42;0;626;0;333
46;42;0;287;0;333
49;42;0;376;0;333
49;42;0;2038;0;333
49;42;0;3093;0;333
49;42;0;3096;0;333
49;42;0;424;0;333
50;42;0;623;0;333
51;42;0;3101;0;333
51;42;0;2856;0;333
51;42;0;3096;0;333
52;42;0;3101;0;333
56;42;0;1250;0;333
56;42;0;3096;0;333
57;42;0;3101;0;333
59;42;0;3099;0;333
59;42;0;3096;0;333
61;42;0;337;0;333
61;42;0;62;0;333
61;42;0;3093;0;333
62;42;0;1794;0;333
63;42;0;1250;0;333
63;42;0;3095;0;333
65;42;0;3100;0;333
65;42;0;3095;0;333
65;42;0;424;0;333
66;42;0;287;0;333
66;42;0;598;0;333
69;42;0;634;0;333
70;42;0;3101;0;333
70;42;0;3095;0;333
70;42;0;3094;0;333
71;42;0;1266;0;333
71;42;0;3101;0;333
71;42;0;3095;0;333
72;42;0;635;0;333
72;42;0;3095;0;333
73;42;0;287;0;333
0;43;0;287;0;333
3;43;0;1245;0;333
3;43;0;3093;0;333
4;43;0;634;0;333
6;43;0;634;0;333
36;43;0;635;0;333
39;43;0;3099;0;333
39;43;0;3093;0;333
40;43;0;680;0;333
41;43;0;287;0;333
42;43;0;2856;0;333
42;43;0;425;0;333
43;43;0;1246;0;333
43;43;0;425;0;333
44;43;0;3101;0;333
45;43;0;628;0;333
46;43;0;287;0;333
47;43;0;628;0;333
49;43;0;627;0;333
50;43;0;287;0;333
57;43;0;287;0;333
58;43;0;622;0;333
59;43;0;622;0;333
60;43;0;622;0;333
61;43;0;622;0;333
62;43;0;287;0;333
63;43;0;3101;0;333
65;43;0;426;0;333
65;43;0;424;0;333
66;43;0;287;0;333
66;43;0;596;0;333
68;43;0;1245;0;333
68;43;0;3101;0;333
68;43;0;403;0;333
68;43;0;3093;0;333
69;43;0;634;0;333
71;43;0;3101;0;333
72;43;0;635;0;333
72;43;0;403;0;333
72;43;0;3093;0;333
73;43;0;287;0;333
0;44;0;287;0;333
3;44;0;403;0;333
4;44;0;634;0;333
6;44;0;634;0;333
36;44;0;635;0;333
40;44;0;634;0;333
41;44;0;287;0;333
43;44;0;28;0;333
44;44;0;424;0;333
45;44;0;627;0;333
46;44;0;287;0;333
47;44;0;3098;0;333
47;44;0;3094;0;333
49;44;0;629;0;333
50;44;0;287;0;333
51;44;0;287;0;333
52;44;0;287;0;333
53;44;0;287;0;333
54;44;0;287;0;333
55;44;0;287;0;333
56;44;0;287;0;333
58;44;0;3101;0;333
58;44;0;3100;0;333
58;44;0;3098;0;333
58;44;0;3094;0;333
59;44;0;3101;0;333
59;44;0;2856;0;333
60;44;0;1246;0;333
60;44;0;1266;0;333
60;44;0;425;0;333
61;44;0;424;0;333
62;44;0;623;0;333
65;44;0;1246;0;333
65;44;0;424;0;333
66;44;0;287;0;333
66;44;0;596;0;333
67;44;0;1272;0;333
68;44;0;3101;0;333
69;44;0;634;0;333
70;44;0;375;0;333
70;44;0;3101;0;333
72;44;0;635;0;333
73;44;0;287;0;333
0;45;0;287;0;333
2;45;0;1272;0;333
4;45;0;634;0;333
6;45;0;634;0;333
13;45;0;421;0;333
13;45;0;627;0;333
13;45;0;628;0;333
13;45;0;3105;0;333
13;45;0;2038;0;333
18;45;0;422;0;333
18;45;0;360;0;333
18;45;0;3105;0;333
18;45;0;2038;0;333
36;45;0;635;0;333
36;45;0;403;0;333
39;45;0;1245;0;333
39;45;0;914;0;333
39;45;0;3101;0;333
39;45;0;3093;0;333
39;45;0;403;0;333
40;45;0;634;0;333
41;45;0;287;0;333
42;45;0;3097;0;333
42;45;0;3094;0;333
43;45;0;3101;0;333
44;45;0;1266;0;333
44;45;0;3099;0;333
44;45;0;2038;0;333
44;45;0;3093;0;333
45;45;0;287;0;333
46;45;0;287;0;333
47;45;0;3101;0;333
49;45;0;628;0;333
50;45;0;287;0;333
51;45;0;287;0;333
52;45;0;287;0;333
53;45;0;287;0;333
54;45;0;287;0;333
55;45;0;287;0;333
56;45;0;287;0;333
59;45;0;1266;0;333
60;45;0;1265;0;333
60;45;0;1266;0;333
62;45;0;629;0;333
63;45;0;426;0;333
65;45;0;1265;0;333
66;45;0;287;0;333
67;45;0;1273;0;333
67;45;0;1265;0;333
67;45;0;2038;0;333
67;45;0;3094;0;333
69;45;0;634;0;333
72;45;0;635;0;333
73;45;0;287;0;333
0;46;0;287;0;333
2;46;0;1266;0;333
3;46;0;914;0;333
3;46;0;3093;0;333
4;46;0;634;0;333
6;46;0;634;0;333
36;46;0;635;0;333
40;46;0;634;0;333
41;46;0;287;0;333
43;46;0;3093;0;333
43;46;0;424;0;333
44;46;0;627;0;333
45;46;0;287;0;333
46;46;0;287;0;333
47;46;0;3094;0;333
48;46;0;3093;0;333
48;46;0;424;0;333
49;46;0;628;0;333
50;46;0;287;0;333
51;46;0;287;0;333
52;46;0;287;0;333
53;46;0;287;0;333
54;46;0;287;0;333
55;46;0;287;0;333
56;46;0;287;0;333
58;46;0;66;0;333
58;46;0;3101;0;333
58;46;0;3094;0;333
63;46;0;1265;0;333
63;46;0;3101;0;333
65;46;0;424;0;333
66;46;0;600;0;333
66;46;0;597;0;333
69;46;0;634;0;333
70;46;0;3101;0;333
71;46;0;914;0;333
72;46;0;635;0;333
72;46;0;627;0;333
73;46;0;287;0;333
0;47;0;287;0;333
4;47;0;682;0;333
5;47;0;632;0;333
6;47;0;634;0;333
36;47;0;635;0;333
38;47;0;3097;0;333
38;47;0;3094;0;333
40;47;0;634;0;333
41;47;0;287;0;333
43;47;0;1266;0;333
43;47;0;424;0;333
44;47;0;626;0;333
45;47;0;287;0;333
46;47;0;287;0;333
48;47;0;424;0;333
49;47;0;626;0;333
50;47;0;626;0;333
51;47;0;287;0;333
52;47;0;287;0;333
53;47;0;287;0;333
54;47;0;287;0;333
55;47;0;287;0;333
56;47;0;287;0;333
58;47;0;1265;0;333
59;47;0;66;0;333
59;47;0;1245;0;333
60;47;0;3101;0;333
61;47;0;1266;0;333
61;47;0;3101;0;333
63;47;0;66;0;333
63;47;0;3101;0;333
63;47;0;2038;0;333
64;47;0;1266;0;333
65;47;0;424;0;333
66;47;0;600;0;333
66;47;0;622;0;333
68;47;0;3101;0;333
68;47;0;3093;0;333
69;47;0;634;0;333
70;47;0;426;0;333
72;47;0;623;0;333
73;47;0;287;0;333
0;48;0;287;0;333
4;48;0;3093;0;333
4;48;0;395;0;333
4;48;0;3095;0;333
5;48;0;422;0;333
5;48;0;2805;0;333
6;48;0;682;0;333
32;48;0;613;0;333
36;48;0;635;0;333
40;48;0;634;0;333
41;48;0;287;0;333
44;48;0;1266;0;333
44;48;0;424;0;333
45;48;0;629;0;333
46;48;0;287;0;333
49;48;0;3101;0;333
49;48;0;2038;0;333
49;48;0;425;0;333
50;48;0;627;0;333
51;48;0;287;0;333
52;48;0;287;0;333
53;48;0;287;0;333
54;48;0;287;0;333
55;48;0;287;0;333
56;48;0;287;0;333
59;48;0;1266;0;333
60;48;0;2038;0;333
62;48;0;1246;0;333
63;48;0;3101;0;333
63;48;0;3101;0;333
64;48;0;1245;0;333
64;48;0;1273;0;333
65;48;0;3101;0;333
66;48;0;287;0;333
66;48;0;629;0;333
67;48;0;3097;0;333
67;48;0;3094;0;333
68;48;0;403;0;333
69;48;0;634;0;333
72;48;0;629;0;333
73;48;0;287;0;333
0;49;0;287;0;333
2;49;0;3099;0;333
2;49;0;3094;0;333
4;49;0;391;0;333
6;49;0;667;0;333
30;49;0;403;0;333
31;49;0;422;0;333
31;49;0;2805;0;333
32;49;0;613;0;333
36;49;0;635;0;333
38;49;0;1272;0;333
40;49;0;682;0;333
41;49;0;287;0;333
43;49;0;3101;0;333
44;49;0;424;0;333
45;49;0;627;0;333
46;49;0;287;0;333
47;49;0;1246;0;333
50;49;0;629;0;333
51;49;0;628;0;333
52;49;0;627;0;333
53;49;0;628;0;333
54;49;0;622;0;333
55;49;0;628;0;333
56;49;0;626;0;333
57;49;0;628;0;333
59;49;0;426;0;333
60;49;0;1265;0;333
61;49;0;1272;0;333
65;49;0;2856;0;333
66;49;0;287;0;333
66;49;0;626;0;333
68;49;0;1266;0;333
69;49;0;634;0;333
70;49;0;3094;0;333
71;49;0;3101;0;333
72;49;0;627;0;333
73;49;0;287;0;333
0;50;0;287;0;333
2;50;0;1272;0;333
2;50;0;3098;0;333
2;50;0;3094;0;333
4;50;0;1272;0;333
4;50;0;1272;0;333
4;50;0;1272;0;333
4;50;0;1272;0;333
6;50;0;659;0;333
32;50;0;613;0;333
36;50;0;635;0;333
39;50;0;3101;0;333
40;50;0;635;0;333
41;50;0;287;0;333
43;50;0;3101;0;333
44;50;0;66;0;333
45;50;0;598;0;333
46;50;0;287;0;333
49;50;0;1272;0;333
50;50;0;1272;0;333
51;50;0;3101;0;333
52;50;0;1273;0;333
52;50;0;3095;0;333
52;50;0;425;0;333
55;50;0;1265;0;333
55;50;0;425;0;333
56;50;0;1272;0;333
56;50;0;3101;0;333
56;50;0;425;0;333
57;50;0;914;0;333
57;50;0;3101;0;333
58;50;0;1266;0;333
59;50;0;1265;0;333
59;50;0;3101;0;333
61;50;0;623;0;333
62;50;0;600;0;333
63;50;0;600;0;333
63;50;0;599;0;333
64;50;0;622;0;333
65;50;0;622;0;333
66;50;0;622;0;333
68;50;0;914;0;333
68;50;0;3093;0;333
69;50;0;634;0;333
72;50;0;628;0;333
73;50;0;287;0;333
0;51;0;403;0;333
0;51;0;287;0;333
2;51;0;3097;0;333
2;51;0;3096;0;333
2;51;0;3094;0;333
4;51;0;3093;0;333
4;51;0;395;0;333
4;51;0;3096;0;333
5;51;0;422;0;333
5;51;0;2805;0;333
6;51;0;680;0;333
31;51;0;2908;0;333
32;51;0;613;0;333
36;51;0;635;0;333
36;51;0;403;0;333
38;51;0;1265;0;333
39;51;0;3097;0;333
39;51;0;3093;0;333
39;51;0;424;0;333
40;51;0;635;0;333
40;51;0;627;0;333
41;51;0;287;0;333
45;51;0;598;0;333
46;51;0;287;0;333
47;51;0;3099;0;333
47;51;0;3094;0;333
52;51;0;3101;0;333
54;51;0;3097;0;333
54;51;0;3096;0;333
55;51;0;3101;0;333
57;51;0;426;0;333
59;51;0;3101;0;333
61;51;0;623;0;333
62;51;0;1265;0;333
62;51;0;75;0;333
62;51;0;3094;0;333
64;51;0;3099;0;333
64;51;0;425;0;333
65;51;0;1245;0;333
65;51;0;425;0;333
68;51;0;3101;0;333
69;51;0;682;0;333
70;51;0;426;0;333
71;51;0;1246;0;333
71;51;0;1265;0;333
72;51;0;597;0;333
73;51;0;287;0;333
0;52;0;287;0;333
1;52;0;633;0;333
2;52;0;633;0;333
3;52;0;633;0;333
4;52;0;633;0;333
5;52;0;633;0;333
6;52;0;634;0;333
29;52;0;421;0;333
29;52;0;1880;0;333
31;52;0;2906;0;333
32;52;0;613;0;333
36;52;0;635;0;333
39;52;0;3101;0;333
39;52;0;424;0;333
40;52;0;635;0;333
40;52;0;623;0;333
41;52;0;287;0;333
44;52;0;3097;0;333
44;52;0;3093;0;333
45;52;0;598;0;333
46;52;0;287;0;333
60;52;0;424;0;333
61;52;0;626;0;333
64;52;0;1266;0;333
66;52;0;1272;0;333
68;52;0;1265;0;333
69;52;0;635;0;333
71;52;0;3101;0;333
72;52;0;598;0;333
73;52;0;287;0;333
0;53;0;287;0;333
1;53;0;287;0;333
2;53;0;287;0;333
3;53;0;287;0;333
4;53;0;287;0;333
5;53;0;287;0;333
6;53;0;634;0;333
32;53;0;613;0;333
36;53;0;635;0;333
39;53;0;424;0;333
40;53;0;635;0;333
40;53;0;623;0;333
40;53;0;629;0;333
41;53;0;287;0;333
43;53;0;3101;0;333
45;53;0;598;0;333
46;53;0;287;0;333
47;53;0;287;0;333
48;53;0;287;0;333
49;53;0;287;0;333
50;53;0;287;0;333
51;53;0;287;0;333
52;53;0;287;0;333
53;53;0;287;0;333
54;53;0;287;0;333
55;53;0;287;0;333
56;53;0;287;0;333
58;53;0;1265;0;333
61;53;0;425;0;333
62;53;0;1266;0;333
62;53;0;1272;0;333
63;53;0;1266;0;333
64;53;0;3101;0;333
64;53;0;426;0;333
66;53;0;1266;0;333
67;53;0;3101;0;333
68;53;0;1266;0;333
69;53;0;635;0;333
69;53;0;403;0;333
71;53;0;3099;0;333
72;53;0;622;0;333
73;53;0;287;0;333
6;54;0;634;0;333
30;54;0;403;0;333
31;54;0;422;0;333
31;54;0;2805;0;333
32;54;0;613;0;333
36;54;0;635;0;333
38;54;0;3101;0;333
39;54;0;66;0;333
40;54;0;635;0;333
40;54;0;626;0;333
41;54;0;287;0;333
42;54;0;628;0;333
43;54;0;914;0;333
43;54;0;3094;0;333
44;54;0;424;0;333
45;54;0;622;0;333
46;54;0;287;0;333
47;54;0;287;0;333
48;54;0;287;0;333
49;54;0;287;0;333
50;54;0;287;0;333
51;54;0;287;0;333
52;54;0;287;0;333
53;54;0;287;0;333
54;54;0;287;0;333
55;54;0;287;0;333
56;54;0;287;0;333
58;54;0;2038;0;333
58;54;0;3094;0;333
60;54;0;3101;0;333
62;54;0;3101;0;333
64;54;0;66;0;333
64;54;0;1246;0;333
64;54;0;1273;0;333
64;54;0;1266;0;333
66;54;0;3101;0;333
68;54;0;3101;0;333
68;54;0;3097;0;333
69;54;0;635;0;333
70;54;0;2038;0;333
72;54;0;623;0;333
73;54;0;287;0;333
6;55;0;634;0;333
32;55;0;613;0;333
36;55;0;635;0;333
39;55;0;2937;0;333
40;55;0;635;0;333
40;55;0;403;0;333
40;55;0;3093;0;333
41;55;0;287;0;333
42;55;0;3101;0;333
44;55;0;1266;0;333
44;55;0;3093;0;333
45;55;0;627;0;333
46;55;0;287;0;333
47;55;0;287;0;333
48;55;0;287;0;333
49;55;0;287;0;333
50;55;0;287;0;333
51;55;0;287;0;333
52;55;0;287;0;333
53;55;0;287;0;333
54;55;0;287;0;333
55;55;0;287;0;333
56;55;0;287;0;333
64;55;0;424;0;333
65;55;0;627;0;333
66;55;0;629;0;333
67;55;0;287;0;333
68;55;0;287;0;333
69;55;0;287;0;333
72;55;0;635;0;333
72;55;0;628;0;333
73;55;0;287;0;333
6;56;0;634;0;333
36;56;0;635;0;333
38;56;0;3097;0;333
38;56;0;3094;0;333
40;56;0;635;0;333
40;56;0;66;0;333
41;56;0;287;0;333
42;56;0;1246;0;333
42;56;0;3094;0;333
43;56;0;424;0;333
44;56;0;627;0;333
45;56;0;287;0;333
46;56;0;287;0;333
47;56;0;287;0;333
48;56;0;287;0;333
49;56;0;287;0;333
50;56;0;287;0;333
51;56;0;287;0;333
52;56;0;287;0;333
53;56;0;287;0;333
54;56;0;287;0;333
55;56;0;287;0;333
56;56;0;287;0;333
57;56;0;287;0;333
58;56;0;287;0;333
59;56;0;287;0;333
60;56;0;287;0;333
61;56;0;287;0;333
63;56;0;1250;0;333
65;56;0;66;0;333
65;56;0;424;0;333
65;56;0;425;0;333
66;56;0;627;0;333
66;56;0;628;0;333
67;56;0;287;0;333
68;56;0;287;0;333
70;56;0;1245;0;333
70;56;0;1272;0;333
70;56;0;3094;0;333
72;56;0;635;0;333
72;56;0;3095;0;333
73;56;0;287;0;333
6;57;0;634;0;333
36;57;0;635;0;333
40;57;0;680;0;333
41;57;0;287;0;333
44;57;0;623;0;333
45;57;0;287;0;333
46;57;0;287;0;333
47;57;0;287;0;333
48;57;0;287;0;333
49;57;0;287;0;333
50;57;0;287;0;333
51;57;0;287;0;333
52;57;0;287;0;333
53;57;0;287;0;333
54;57;0;287;0;333
55;57;0;287;0;333
56;57;0;287;0;333
57;57;0;287;0;333
58;57;0;287;0;333
59;57;0;287;0;333
60;57;0;287;0;333
61;57;0;287;0;333
63;57;0;1266;0;333
65;57;0;424;0;333
66;57;0;628;0;333
67;57;0;287;0;333
68;57;0;287;0;333
71;57;0;1266;0;333
72;57;0;635;0;333
72;57;0;403;0;333
73;57;0;287;0;333
6;58;0;634;0;333
13;58;0;359;0;333
13;58;0;3105;0;333
13;58;0;2038;0;333
18;58;0;420;0;333
18;58;0;373;0;333
18;58;0;3105;0;333
18;58;0;2038;0;333
36;58;0;635;0;333
36;58;0;403;0;333
40;58;0;634;0;333
41;58;0;287;0;333
42;58;0;1246;0;333
42;58;0;3101;0;333
44;58;0;623;0;333
44;58;0;625;0;333
45;58;0;287;0;333
46;58;0;287;0;333
47;58;0;287;0;333
48;58;0;287;0;333
49;58;0;287;0;333
50;58;0;287;0;333
51;58;0;287;0;333
52;58;0;287;0;333
53;58;0;287;0;333
54;58;0;287;0;333
55;58;0;287;0;333
56;58;0;287;0;333
57;58;0;287;0;333
58;58;0;287;0;333
59;58;0;287;0;333
60;58;0;287;0;333
61;58;0;287;0;333
63;58;0;3099;0;333
63;58;0;3100;0;333
63;58;0;3096;0;333
65;58;0;3099;0;333
65;58;0;3096;0;333
65;58;0;424;0;333
66;58;0;629;0;333
67;58;0;287;0;333
68;58;0;287;0;333
70;58;0;66;0;333
72;58;0;635;0;333
72;58;0;391;0;333
72;58;0;3093;0;333
73;58;0;287;0;333
6;59;0;634;0;333
36;59;0;635;0;333
40;59;0;634;0;333
41;59;0;287;0;333
43;59;0;3101;0;333
43;59;0;2038;0;333
43;59;0;3093;0;333
44;59;0;623;0;333
45;59;0;287;0;333
46;59;0;287;0;333
47;59;0;287;0;333
48;59;0;287;0;333
49;59;0;287;0;333
50;59;0;287;0;333
51;59;0;287;0;333
52;59;0;287;0;333
53;59;0;287;0;333
54;59;0;287;0;333
55;59;0;287;0;333
56;59;0;287;0;333
57;59;0;287;0;333
58;59;0;287;0;333
59;59;0;287;0;333
60;59;0;287;0;333
61;59;0;287;0;333
65;59;0;623;0;333
66;59;0;287;0;333
67;59;0;287;0;333
68;59;0;287;0;333
72;59;0;680;0;333
73;59;0;287;0;333
6;60;0;634;0;333
36;60;0;635;0;333
39;60;0;1250;0;333
39;60;0;3093;0;333
40;60;0;634;0;333
41;60;0;287;0;333
43;60;0;424;0;333
44;60;0;627;0;333
45;60;0;287;0;333
46;60;0;287;0;333
47;60;0;287;0;333
48;60;0;287;0;333
49;60;0;287;0;333
50;60;0;287;0;333
51;60;0;287;0;333
52;60;0;287;0;333
53;60;0;287;0;333
54;60;0;287;0;333
55;60;0;287;0;333
56;60;0;287;0;333
57;60;0;287;0;333
58;60;0;287;0;333
59;60;0;287;0;333
60;60;0;287;0;333
61;60;0;287;0;333
62;60;0;627;0;333
63;60;0;628;0;333
64;60;0;424;0;333
65;60;0;626;0;333
66;60;0;287;0;333
67;60;0;287;0;333
68;60;0;287;0;333
70;60;0;2038;0;333
70;60;0;3094;0;333
71;60;0;375;0;333
72;60;0;682;0;333
73;60;0;287;0;333
6;61;0;634;0;333
36;61;0;635;0;333
39;61;0;403;0;333
40;61;0;634;0;333
41;61;0;287;0;333
44;61;0;629;0;333
45;61;0;622;0;333
46;61;0;628;0;333
47;61;0;628;0;333
48;61;0;629;0;333
49;61;0;628;0;333
50;61;0;627;0;333
51;61;0;623;0;333
52;61;0;599;0;333
53;61;0;596;0;333
54;61;0;622;0;333
55;61;0;629;0;333
56;61;0;627;0;333
57;61;0;628;0;333
58;61;0;627;0;333
59;61;0;287;0;333
60;61;0;287;0;333
62;61;0;3098;0;333
62;61;0;3094;0;333
65;61;0;3101;0;333
65;61;0;2856;0;333
65;61;0;424;0;333
65;61;0;425;0;333
66;61;0;627;0;333
67;61;0;287;0;333
68;61;0;287;0;333
70;61;0;1266;0;333
72;61;0;635;0;333
73;61;0;287;0;333
6;62;0;3089;0;333
6;62;0;634;0;333
7;62;0;3087;0;333
8;62;0;3088;0;333
9;62;0;405;0;333
9;62;0;3087;0;333
10;62;0;3088;0;333
11;62;0;3087;0;333
12;62;0;3088;0;333
13;62;0;3087;0;333
14;62;0;3088;0;333
15;62;0;405;0;333
15;62;0;3087;0;333
16;62;0;3088;0;333
17;62;0;3087;0;333
17;62;0;401;0;333
18;62;0;3088;0;333
19;62;0;3087;0;333
20;62;0;3088;0;333
21;62;0;405;0;333
21;62;0;3089;0;333
22;62;0;3087;0;333
23;62;0;3088;0;333
24;62;0;3087;0;333
25;62;0;3088;0;333
26;62;0;405;0;333
26;62;0;3087;0;333
27;62;0;3088;0;333
28;62;0;3087;0;333
29;62;0;3088;0;333
30;62;0;3087;0;333
31;62;0;3088;0;333
32;62;0;405;0;333
32;62;0;3087;0;333
33;62;0;3088;0;333
34;62;0;3087;0;333
35;62;0;3088;0;333
36;62;0;635;0;333
36;62;0;3089;0;333
39;62;0;1265;0;333
39;62;0;3101;0;333
40;62;0;634;0;333
41;62;0;287;0;333
45;62;0;3099;0;333
45;62;0;3095;0;333
46;62;0;2650;0;333
46;62;0;425;0;333
47;62;0;425;0;333
49;62;0;3095;0;333
50;62;0;66;0;333
50;62;0;425;0;333
51;62;0;425;0;333
52;62;0;3095;0;333
53;62;0;1265;0;333
53;62;0;3101;0;333
54;62;0;425;0;333
55;62;0;2038;0;333
56;62;0;3099;0;333
56;62;0;3095;0;333
57;62;0;66;0;333
58;62;0;629;0;333
59;62;0;628;0;333
60;62;0;622;0;333
61;62;0;628;0;333
62;62;0;3101;0;333
63;62;0;1272;0;333
63;62;0;3101;0;333
64;62;0;2937;0;333
65;62;0;1266;0;333
65;62;0;2652;0;333
65;62;0;3101;0;333
66;62;0;628;0;333
66;62;0;407;0;333
67;62;0;287;0;333
68;62;0;287;0;333
71;62;0;1266;0;333
71;62;0;1272;0;333
72;62;0;635;0;333
73;62;0;287;0;333
6;63;0;634;0;333
9;63;0;401;0;333
15;63;0;401;0;333
21;63;0;401;0;333
26;63;0;401;0;333
32;63;0;401;0;333
36;63;0;635;0;333
36;63;0;693;0;333
39;63;0;1245;0;333
39;63;0;3101;0;333
39;63;0;3093;0;333
40;63;0;634;0;333
41;63;0;287;0;333
47;63;0;1250;0;333
47;63;0;1272;0;333
47;63;0;3101;0;333
50;63;0;1266;0;333
50;63;0;1272;0;333
53;63;0;1266;0;333
54;63;0;3101;0;333
59;63;0;425;0;333
60;63;0;3101;0;333
60;63;0;3095;0;333
60;63;0;425;0;333
62;63;0;1250;0;333
62;63;0;1265;0;333
65;63;0;424;0;333
66;63;0;623;0;333
67;63;0;287;0;333
68;63;0;287;0;333
70;63;0;1246;0;333
70;63;0;3094;0;333
72;63;0;635;0;333
72;63;0;627;0;333
73;63;0;287;0;333
6;64;0;634;0;333
36;64;0;635;0;333
39;64;0;1246;0;333
39;64;0;3093;0;333
40;64;0;634;0;333
41;64;0;287;0;333
42;64;0;1272;0;333
42;64;0;3098;0;333
42;64;0;3094;0;333
44;64;0;3101;0;333
44;64;0;426;0;333
45;64;0;2038;0;333
45;64;0;3096;0;333
47;64;0;627;0;333
48;64;0;629;0;333
49;64;0;3101;0;333
50;64;0;2038;0;333
51;64;0;3097;0;333
52;64;0;3097;0;333
53;64;0;3099;0;333
54;64;0;3101;0;333
56;64;0;914;0;333
59;64;0;1273;0;333
59;64;0;1272;0;333
62;64;0;3101;0;333
62;64;0;3096;0;333
65;64;0;3096;0;333
65;64;0;424;0;333
66;64;0;623;0;333
67;64;0;287;0;333
68;64;0;287;0;333
70;64;0;1272;0;333
72;64;0;623;0;333
73;64;0;287;0;333
6;65;0;634;0;333
36;65;0;667;0;333
39;65;0;1272;0;333
40;65;0;634;0;333
41;65;0;287;0;333
42;65;0;287;0;333
43;65;0;287;0;333
44;65;0;287;0;333
45;65;0;287;0;333
46;65;0;287;0;333
47;65;0;287;0;333
50;65;0;3101;0;333
51;65;0;3100;0;333
51;65;0;425;0;333
51;65;0;424;0;333
51;65;0;2562;0;333
51;65;0;46;0;333
52;65;0;3098;0;333
52;65;0;424;0;333
52;65;0;257;0;333
53;65;0;3099;0;333
54;65;0;3097;0;333
55;65;0;3099;0;333
55;65;0;3097;0;333
56;65;0;915;0;333
56;65;0;425;0;333
57;65;0;3098;0;333
57;65;0;3099;0;333
58;65;0;914;0;333
58;65;0;3101;0;333
59;65;0;3098;0;333
60;65;0;1250;0;333
61;65;0;1245;0;333
61;65;0;3101;0;333
62;65;0;3099;0;333
63;65;0;3100;0;333
64;65;0;1257;0;333
64;65;0;2038;0;333
65;65;0;3098;0;333
65;65;0;3093;0;333
65;65;0;424;0;333
66;65;0;626;0;333
67;65;0;599;0;333
68;65;0;596;0;333
68;65;0;424;0;333
69;65;0;628;0;333
70;65;0;1250;0;333
72;65;0;287;0;333
73;65;0;287;0;333
6;66;0;634;0;333
36;66;0;659;0;333
40;66;0;682;0;333
41;66;0;683;0;333
42;66;0;633;0;333
43;66;0;633;0;333
43;66;0;401;0;333
44;66;0;633;0;333
44;66;0;627;0;333
45;66;0;622;0;333
46;66;0;629;0;333
47;66;0;628;0;333
48;66;0;628;0;333
50;66;0;914;0;333
50;66;0;3101;0;333
51;66;0;3099;0;333
51;66;0;424;0;333
52;66;0;376;0;333
52;66;0;2038;0;333
52;66;0;3101;0;333
52;66;0;425;0;333
52;66;0;424;0;333
53;66;0;376;0;333
53;66;0;2038;0;333
53;66;0;424;0;333
54;66;0;1272;0;333
54;66;0;3101;0;333
54;66;0;3098;0;333
55;66;0;3101;0;333
55;66;0;84;0;333
56;66;0;1265;0;333
58;66;0;426;0;333
59;66;0;3101;0;333
59;66;0;391;0;333
61;66;0;425;0;333
62;66;0;1266;0;333
63;66;0;1265;0;333
63;66;0;3101;0;333
63;66;0;425;0;333
64;66;0;3101;0;333
66;66;0;425;0;333
67;66;0;3095;0;333
67;66;0;2562;0;333
72;66;0;287;0;333
72;66;0;625;0;333
73;66;0;287;0;333
6;67;0;634;0;333
36;67;0;635;0;333
39;67;0;914;0;333
39;67;0;2856;0;333
41;67;0;1266;0;333
41;67;0;1272;0;333
45;67;0;425;0;333
46;67;0;3101;0;333
46;67;0;425;0;333
47;67;0;914;0;333
47;67;0;187;0;333
47;67;0;3095;0;333
50;67;0;1266;0;333
51;67;0;3098;0;333
51;67;0;424;0;333
51;67;0;46;0;333
52;67;0;420;0;333
52;67;0;3099;0;333
53;67;0;376;0;333
53;67;0;2038;0;333
53;67;0;3101;0;333
53;67;0;424;0;333
54;67;0;3101;0;333
54;67;0;3099;0;333
54;67;0;257;0;333
55;67;0;3101;0;333
56;67;0;3096;0;333
57;67;0;3101;0;333
57;67;0;426;0;333
58;67;0;1265;0;333
60;67;0;3101;0;333
61;67;0;1250;0;333
62;67;0;1272;0;333
62;67;0;3101;0;333
62;67;0;3096;0;333
64;67;0;1266;0;333
64;67;0;3099;0;333
64;67;0;3096;0;333
65;67;0;426;0;333
68;67;0;66;0;333
68;67;0;1273;0;333
69;67;0;3096;0;333
70;67;0;1245;0;333
72;67;0;287;0;333
73;67;0;287;0;333
6;68;0;634;0;333
36;68;0;635;0;333
36;68;0;693;0;333
38;68;0;1272;0;333
39;68;0;1272;0;333
41;68;0;1245;0;333
41;68;0;1273;0;333
41;68;0;3101;0;333
41;68;0;3096;0;333
43;68;0;3101;0;333
43;68;0;326;0;333
43;68;0;3096;0;333
43;68;0;3096;0;333
44;68;0;2937;0;333
44;68;0;3101;0;333
44;68;0;325;0;333
44;68;0;3096;0;333
45;68;0;3101;0;333
45;68;0;3096;0;333
45;68;0;3096;0;333
48;68;0;1266;0;333
51;68;0;3098;0;333
51;68;0;425;0;333
52;68;0;3099;0;333
52;68;0;425;0;333
52;68;0;424;0;333
52;68;0;256;0;333
53;68;0;3098;0;333
54;68;0;3097;0;333
54;68;0;3093;0;333
55;68;0;680;0;333
56;68;0;287;0;333
56;68;0;688;0;333
57;68;0;287;0;333
58;68;0;287;0;333
59;68;0;287;0;333
60;68;0;287;0;333
61;68;0;287;0;333
62;68;0;287;0;333
63;68;0;287;0;333
64;68;0;287;0;333
65;68;0;287;0;333
66;68;0;287;0;333
67;68;0;287;0;333
68;68;0;287;0;333
72;68;0;622;0;333
73;68;0;287;0;333
6;69;0;634;0;333
36;69;0;635;0;333
50;69;0;3101;0;333
51;69;0;3097;0;333
51;69;0;425;0;333
51;69;0;424;0;333
52;69;0;3100;0;333
52;69;0;424;0;333
53;69;0;3099;0;333
53;69;0;425;0;333
53;69;0;424;0;333
53;69;0;2562;0;333
53;69;0;256;0;333
54;69;0;3100;0;333
54;69;0;3093;0;333
55;69;0;682;0;333
56;69;0;683;0;333
57;69;0;633;0;333
57;69;0;622;0;333
58;69;0;633;0;333
58;69;0;628;0;333
59;69;0;633;0;333
60;69;0;633;0;333
60;69;0;3095;0;333
61;69;0;633;0;333
61;69;0;401;0;333
61;69;0;391;0;333
62;69;0;633;0;333
62;69;0;3093;0;333
62;69;0;914;0;333
63;69;0;633;0;333
63;69;0;629;0;333
64;69;0;633;0;333
64;69;0;622;0;333
65;69;0;633;0;333
65;69;0;628;0;333
66;69;0;633;0;333
67;69;0;633;0;333
67;69;0;401;0;333
67;69;0;3095;0;333
67;69;0;66;0;333
68;69;0;633;0;333
68;69;0;626;0;333
69;69;0;628;0;333
72;69;0;627;0;333
73;69;0;287;0;333
6;70;0;682;0;333
7;70;0;632;0;333
8;70;0;632;0;333
9;70;0;632;0;333
10;70;0;632;0;333
11;70;0;632;0;333
12;70;0;632;0;333
13;70;0;632;0;333
14;70;0;632;0;333
15;70;0;632;0;333
16;70;0;632;0;333
17;70;0;632;0;333
18;70;0;632;0;333
19;70;0;632;0;333
20;70;0;632;0;333
21;70;0;632;0;333
22;70;0;632;0;333
23;70;0;632;0;333
24;70;0;632;0;333
25;70;0;632;0;333
26;70;0;632;0;333
27;70;0;632;0;333
28;70;0;632;0;333
29;70;0;632;0;333
30;70;0;632;0;333
31;70;0;632;0;333
32;70;0;632;0;333
33;70;0;632;0;333
34;70;0;632;0;333
35;70;0;632;0;333
36;70;0;683;0;333
37;70;0;287;0;333
38;70;0;287;0;333
39;70;0;287;0;333
40;70;0;287;0;333
41;70;0;287;0;333
42;70;0;287;0;333
43;70;0;287;0;333
44;70;0;287;0;333
45;70;0;287;0;333
46;70;0;287;0;333
47;70;0;287;0;333
48;70;0;287;0;333
54;70;0;3101;0;333
55;70;0;1272;0;333
58;70;0;1266;0;333
61;70;0;3101;0;333
61;70;0;2707;0;333
62;70;0;1266;0;333
63;70;0;1265;0;333
64;70;0;426;0;333
66;70;0;1273;0;333
67;70;0;391;0;333
68;70;0;3101;0;333
69;70;0;1245;0;333
69;70;0;3101;0;333
72;70;0;626;0;333
73;70;0;287;0;333
48;71;0;287;0;333
51;71;0;2038;0;333
53;71;0;1272;0;333
55;71;0;391;0;333
57;71;0;1266;0;333
57;71;0;2038;0;333
59;71;0;1245;0;333
63;71;0;3097;0;333
63;71;0;3096;0;333
65;71;0;3101;0;333
67;71;0;1266;0;333
71;71;0;3097;0;333
71;71;0;3096;0;333
72;71;0;627;0;333
73;71;0;287;0;333
48;72;0;287;0;333
49;72;0;3101;0;333
72;72;0;287;0;333
73;72;0;287;0;333
48;73;0;287;0;333
49;73;0;287;0;333
50;73;0;287;0;333
51;73;0;287;0;333
52;73;0;287;0;333
53;73;0;287;0;333
54;73;0;287;0;333
55;73;0;287;0;333
56;73;0;287;0;333
57;73;0;287;0;333
58;73;0;287;0;333
59;73;0;287;0;333
60;73;0;287;0;333
61;73;0;287;0;333
62;73;0;287;0;333
63;73;0;287;0;333
64;73;0;287;0;333
65;73;0;287;0;333
66;73;0;287;0;333
67;73;0;287;0;333
68;73;0;287;0;333
69;73;0;287;0;333
70;73;0;287;0;333
71;73;0;287;0;333
72;73;0;287;0;333
73;73;0;287;0;333
