0;21;287;333
0;22;287;333
0;23;287;333
0;24;287;333
0;25;287;333
0;26;287;333
0;27;287;333
0;39;287;333
0;40;287;333
0;41;287;333
0;42;287;333
0;43;287;333
0;44;287;333
0;45;287;333
0;46;287;333
0;47;287;333
0;48;287;333
0;49;287;333
0;50;287;333
0;51;287;333
0;52;287;333
0;53;287;333
0;54;287;333
0;55;287;333
0;56;287;333
0;57;287;333
0;58;287;333
0;59;287;333
0;60;287;333
0;61;287;333
0;62;287;333
0;63;287;333
0;64;287;333
0;65;287;333
0;66;287;333
0;67;287;333
0;68;287;333
0;69;287;333
0;70;287;333
1;21;287;333
1;22;287;333
1;23;626;333
1;24;1276;333
1;27;287;333
1;39;287;333
1;40;596;333
1;41;3098;333
1;42;3098;333
1;52;3094;333
1;54;3101;333
1;63;3101;333
1;66;3094;333
1;70;287;333
2;21;287;333
2;22;287;333
2;23;628;333
2;27;287;333
2;39;287;333
2;40;627;333
2;41;3098;333
2;44;3093;333
2;51;3101;333
2;51;403;333
2;53;2038;333
2;55;1276;333
2;57;3093;333
2;59;1250;333
2;65;3101;333
2;67;233;333
2;68;3098;333
2;70;287;333
3;4;287;333
3;5;287;333
3;6;287;333
3;7;287;333
3;8;287;333
3;9;287;333
3;10;287;333
3;11;287;333
3;12;287;333
3;13;287;333
3;14;287;333
3;15;287;333
3;16;287;333
3;17;287;333
3;18;287;333
3;19;287;333
3;20;287;333
3;21;287;333
3;22;287;333
3;23;627;333
3;27;287;333
3;39;287;333
3;40;622;333
3;43;627;333
3;44;623;333
3;45;598;333
3;46;597;333
3;47;629;333
3;48;634;333
3;48;628;333
3;49;287;333
3;50;287;333
3;51;287;333
3;51;634;333
3;52;634;333
3;53;287;333
3;53;682;333
3;53;688;333
3;54;635;333
3;54;689;333
3;54;403;333
3;55;635;333
3;55;421;333
3;56;287;333
3;57;287;333
3;58;287;333
3;58;625;333
3;59;287;333
3;60;635;333
3;60;689;333
3;60;403;333
3;61;635;333
3;61;3093;333
3;62;635;333
3;62;689;333
3;62;403;333
3;63;635;333
3;64;287;333
3;65;287;333
3;66;629;333
3;67;626;333
3;68;3098;333
3;70;287;333
4;4;287;333
4;5;627;333
4;20;287;333
4;21;287;333
4;22;287;333
4;23;287;333
4;24;1266;333
4;27;287;333
4;39;287;333
4;40;628;333
4;44;287;333
4;45;628;333
4;64;27;333
4;65;376;333
4;65;3101;333
4;65;2038;333
4;66;287;333
4;67;627;333
4;68;1257;333
4;68;2856;333
4;69;3101;333
4;70;287;333
5;4;287;333
5;5;628;333
5;14;1246;333
5;19;3097;333
5;23;287;333
5;23;628;333
5;27;287;333
5;39;287;333
5;40;622;333
5;44;287;333
5;45;600;333
5;45;599;333
5;46;425;333
5;46;418;333
5;51;66;333
5;52;3101;333
5;58;424;333
5;59;424;333
5;63;1272;333
5;66;287;333
5;67;628;333
5;68;3098;333
5;70;287;333
6;4;287;333
6;5;629;333
6;6;3100;333
6;6;3101;333
6;7;2832;333
6;8;3101;333
6;10;3094;333
6;16;3093;333
6;18;3101;333
6;21;375;333
6;23;287;333
6;23;630;333
6;25;1272;333
6;27;287;333
6;28;287;333
6;29;287;333
6;30;287;333
6;31;287;333
6;32;287;333
6;33;287;333
6;34;287;333
6;39;287;333
6;40;627;333
6;44;287;333
6;45;626;333
6;46;425;333
6;48;1272;333
6;50;627;333
6;51;629;333
6;52;628;333
6;52;629;333
6;53;628;333
6;53;623;333
6;54;635;333
6;54;628;333
6;55;635;333
6;55;403;333
6;56;635;333
6;56;627;333
6;57;628;333
6;57;424;333
6;58;627;333
6;58;424;333
6;58;407;333
6;59;628;333
6;59;424;333
6;59;407;333
6;60;628;333
6;60;626;333
6;61;627;333
6;62;630;333
6;63;629;333
6;66;287;333
6;66;627;333
6;67;626;333
6;68;1245;333
6;70;287;333
7;4;287;333
7;5;628;333
7;6;3099;333
7;6;2038;333
7;7;3100;333
7;7;3101;333
7;9;1272;333
7;12;3101;333
7;14;3093;333
7;16;627;333
7;17;629;333
7;18;626;333
7;19;627;333
7;20;629;333
7;21;3099;333
7;23;287;333
7;23;623;333
7;34;287;333
7;39;287;333
7;40;622;333
7;41;3098;333
7;44;287;333
7;44;628;333
7;45;628;333
7;46;3095;333
7;51;287;333
7;52;287;333
7;53;287;333
7;54;287;333
7;55;287;333
7;56;287;333
7;57;287;333
7;58;287;333
7;59;287;333
7;60;287;333
7;60;628;333
7;61;287;333
7;62;287;333
7;63;626;333
7;66;287;333
7;67;628;333
7;70;287;333
8;4;287;333
8;5;626;333
8;6;622;333
8;7;627;333
8;8;629;333
8;9;629;333
8;10;627;333
8;11;627;333
8;12;626;333
8;13;626;333
8;14;627;333
8;15;629;333
8;16;629;333
8;17;287;333
8;18;287;333
8;19;287;333
8;20;628;333
8;23;287;333
8;23;629;333
8;32;2038;333
8;34;287;333
8;39;287;333
8;40;628;333
8;41;3098;333
8;44;287;333
8;45;624;333
8;46;1247;333
8;49;3101;333
8;51;287;333
8;52;287;333
8;53;287;333
8;54;287;333
8;55;287;333
8;56;287;333
8;57;287;333
8;58;287;333
8;59;287;333
8;60;287;333
8;61;287;333
8;62;287;333
8;63;628;333
8;66;287;333
8;67;626;333
8;70;287;333
9;4;287;333
9;5;287;333
9;6;287;333
9;7;287;333
9;8;287;333
9;9;287;333
9;10;287;333
9;11;287;333
9;12;287;333
9;13;287;333
9;14;287;333
9;15;287;333
9;16;287;333
9;17;287;333
9;18;287;333
9;19;287;333
9;20;622;333
9;21;425;333
9;23;287;333
9;24;914;333
9;27;426;333
9;29;914;333
9;30;97;333
9;30;3101;333
9;34;287;333
9;39;287;333
9;40;628;333
9;44;287;333
9;46;1266;333
9;48;232;333
9;48;3101;333
9;49;3100;333
9;51;287;333
9;62;287;333
9;63;622;333
9;66;287;333
9;67;627;333
9;68;3101;333
9;69;1266;333
9;69;3096;333
9;70;287;333
10;13;287;333
10;14;628;333
10;18;287;333
10;19;287;333
10;20;622;333
10;21;425;333
10;21;419;333
10;23;287;333
10;24;629;333
10;25;627;333
10;26;628;333
10;27;629;333
10;28;627;333
10;29;626;333
10;30;623;333
10;31;626;333
10;34;287;333
10;39;287;333
10;40;626;333
10;44;287;333
10;45;627;333
10;46;3095;333
10;48;3099;333
10;49;1276;333
10;50;287;333
10;51;287;333
10;62;287;333
10;63;630;333
10;64;3101;333
10;66;287;333
10;67;628;333
10;70;287;333
11;13;287;333
11;14;628;333
11;14;627;333
11;15;1245;333
11;15;1278;333
11;18;287;333
11;19;287;333
11;20;623;333
11;21;232;333
11;21;425;333
11;23;287;333
11;24;287;333
11;25;287;333
11;26;287;333
11;27;287;333
11;28;287;333
11;29;287;333
11;30;287;333
11;31;633;333
11;31;628;333
11;34;287;333
11;39;287;333
11;40;630;333
11;41;1245;333
11;44;287;333
11;45;622;333
11;48;627;333
11;49;623;333
11;50;287;333
11;51;622;333
11;52;3101;333
11;53;2038;333
11;62;287;333
11;63;622;333
11;64;3095;333
11;66;287;333
11;67;1254;333
11;70;287;333
12;13;287;333
12;14;628;333
12;14;627;333
12;15;3101;333
12;18;287;333
12;19;287;333
12;20;627;333
12;21;425;333
12;24;287;333
12;25;287;333
12;26;287;333
12;27;287;333
12;28;287;333
12;29;287;333
12;30;287;333
12;31;633;333
12;31;626;333
12;32;425;333
12;34;287;333
12;39;287;333
12;40;628;333
12;44;287;333
12;45;623;333
12;46;375;333
12;49;287;333
12;50;287;333
12;51;3098;333
12;53;3101;333
12;54;66;0
12;55;2832;333
12;58;3093;333
12;62;287;333
12;63;630;333
12;66;632;333
12;66;691;333
12;69;3098;333
12;70;287;333
13;13;287;333
13;14;628;333
13;15;914;333
13;18;287;333
13;19;287;333
13;20;628;333
13;21;1278;333
13;24;287;333
13;25;287;333
13;26;287;333
13;27;287;333
13;28;287;333
13;29;287;333
13;30;287;333
13;31;622;333
13;31;407;333
13;32;425;333
13;34;287;333
13;39;287;333
13;40;627;333
13;44;287;333
13;45;628;333
13;49;287;333
13;50;287;333
13;51;622;333
13;57;627;333
13;58;626;333
13;59;915;333
13;62;287;333
13;63;629;333
13;64;1276;333
13;66;632;333
13;66;691;333
13;67;3101;333
13;69;3100;333
13;70;287;333
14;13;287;333
14;14;628;333
14;14;627;333
14;15;1245;333
14;18;287;333
14;19;287;333
14;20;629;333
14;21;233;333
14;24;287;333
14;25;287;333
14;26;287;333
14;27;287;333
14;28;287;333
14;29;287;333
14;30;287;333
14;31;633;333
14;31;628;333
14;32;425;333
14;34;287;333
14;35;287;333
14;36;287;333
14;37;287;333
14;38;287;333
14;39;287;333
14;40;629;333
14;41;2038;333
14;44;287;333
14;45;629;333
14;47;3096;333
14;49;287;333
14;50;287;333
14;51;627;333
14;52;914;333
14;53;2856;333
14;58;287;333
14;59;629;333
14;62;287;333
14;63;622;333
14;66;632;333
14;67;401;333
14;70;287;333
15;13;287;333
15;14;628;333
15;18;287;333
15;19;287;333
15;20;627;333
15;24;287;333
15;25;287;333
15;26;287;333
15;27;287;333
15;28;287;333
15;29;287;333
15;30;287;333
15;31;633;333
15;31;401;333
15;32;1265;333
15;34;629;333
15;40;633;333
15;40;628;333
15;41;3095;333
15;44;287;333
15;45;629;333
15;49;287;333
15;50;287;333
15;51;628;333
15;52;232;333
15;52;424;333
15;52;425;333
15;52;423;333
15;53;914;333
15;53;424;333
15;53;427;333
15;54;424;333
15;56;405;333
15;58;287;333
15;59;628;333
15;60;2937;333
15;62;287;333
15;66;287;333
15;68;1266;333
15;70;287;333
16;0;287;333
16;1;287;333
16;2;287;333
16;3;287;333
16;3;287;333
16;4;287;333
16;5;287;333
16;6;287;333
16;7;287;333
16;8;287;333
16;9;287;333
16;10;287;333
16;11;287;333
16;12;287;333
16;13;287;333
16;14;628;333
16;15;426;333
16;20;628;333
16;24;287;333
16;25;287;333
16;26;287;333
16;27;287;333
16;28;287;333
16;29;287;333
16;30;287;333
16;31;633;333
16;31;627;333
16;39;3097;333
16;40;633;333
16;40;401;333
16;41;391;333
16;44;287;333
16;45;622;333
16;49;287;333
16;50;287;333
16;51;626;333
16;52;627;333
16;53;628;333
16;54;626;333
16;55;623;333
16;56;600;333
16;56;623;333
16;57;287;333
16;58;287;333
16;59;599;333
16;60;1317;333
16;62;287;333
16;63;622;333
16;64;3095;333
16;66;287;333
16;70;287;333
17;0;287;333
17;1;287;333
17;2;287;333
17;3;287;333
17;4;287;333
17;5;287;333
17;18;1266;333
17;18;66;333
17;19;1266;333
17;19;1272;333
17;24;287;333
17;25;287;333
17;26;287;333
17;27;287;333
17;28;287;333
17;29;287;333
17;30;287;333
17;31;627;333
17;37;66;333
17;38;3098;333
17;40;633;333
17;40;629;333
17;42;1273;333
17;44;287;333
17;45;599;333
17;49;287;333
17;50;287;333
17;51;287;333
17;52;287;333
17;53;287;333
17;54;287;333
17;55;287;333
17;56;287;333
17;57;287;333
17;58;287;333
17;59;622;333
17;62;287;333
17;65;3101;333
17;66;632;333
17;67;2937;333
17;67;3095;333
17;67;689;333
17;70;287;333
18;0;287;333
18;1;287;333
18;1;628;333
18;3;1266;333
18;3;1272;333
18;11;3101;333
18;13;407;333
18;14;391;333
18;15;1245;333
18;17;3093;333
18;20;3093;333
18;22;1254;333
18;24;287;333
18;25;287;333
18;26;287;333
18;27;287;333
18;28;287;333
18;29;287;333
18;30;287;333
18;31;626;333
18;34;627;333
18;35;629;333
18;36;600;333
18;36;598;333
18;37;597;333
18;38;622;333
18;39;628;333
18;40;287;333
18;40;629;333
18;41;3101;333
18;44;287;333
18;45;596;333
18;59;628;333
18;62;287;333
18;63;622;333
18;66;632;333
18;67;231;333
18;67;401;333
18;68;1245;333
18;70;287;333
19;0;287;333
19;1;600;333
19;1;629;333
19;2;1266;333
19;3;1266;333
19;7;2038;333
19;10;1266;333
19;12;627;333
19;13;623;333
19;14;623;333
19;14;628;333
19;15;1792;333
19;16;1797;333
19;17;287;333
19;17;628;333
19;18;1797;333
19;19;1792;333
19;20;623;333
19;21;623;333
19;22;627;333
19;23;287;333
19;24;287;333
19;25;287;333
19;26;287;333
19;27;287;333
19;28;287;333
19;29;287;333
19;30;287;333
19;32;3101;333
19;35;287;333
19;36;287;333
19;37;287;333
19;38;287;333
19;39;287;333
19;40;287;333
19;41;3095;333
19;44;287;333
19;45;626;333
19;46;3098;333
19;46;3101;333
19;47;3101;333
19;56;1251;333
19;60;1272;333
19;61;3100;333
19;62;287;333
19;63;628;333
19;66;287;333
19;67;3101;333
19;68;1245;333
19;70;287;333
20;0;287;333
20;1;600;333
20;1;626;333
20;6;3093;333
20;9;3093;333
20;10;1272;333
20;11;1266;333
20;21;287;333
20;22;287;333
20;23;287;333
20;30;287;333
20;32;2038;333
20;35;287;333
20;36;287;333
20;37;287;333
20;38;287;333
20;39;287;333
20;40;628;333
20;41;1276;333
20;42;3101;333
20;44;287;333
20;45;626;333
20;46;3100;333
20;47;3098;333
20;47;2038;333
20;48;424;333
20;48;410;333
20;49;424;333
20;50;233;333
20;56;403;333
20;60;3100;333
20;61;3100;333
20;62;287;333
20;63;627;333
20;66;287;333
20;70;287;333
21;0;600;333
21;1;633;333
21;1;628;333
21;2;1266;333
21;4;627;333
21;5;623;333
21;6;600;333
21;6;628;333
21;7;597;333
21;7;914;333
21;7;3101;333
21;8;598;333
21;9;626;333
21;10;3098;333
21;11;1265;333
21;15;3101;333
21;21;2038;333
21;30;287;333
21;31;627;333
21;35;287;333
21;36;287;333
21;37;287;333
21;38;287;333
21;39;287;333
21;40;627;333
21;41;425;333
21;41;424;333
21;41;415;333
21;44;287;333
21;45;287;333
21;46;287;333
21;46;622;333
21;47;287;333
21;47;622;333
21;48;287;333
21;48;634;333
21;48;628;333
21;49;287;333
21;49;634;333
21;49;627;333
21;50;287;333
21;50;623;333
21;51;287;333
21;51;634;333
21;51;627;333
21;52;287;333
21;52;634;333
21;52;629;333
21;53;287;333
21;54;287;333
21;54;625;333
21;55;287;333
21;56;287;333
21;56;634;333
21;56;1273;333
21;57;287;333
21;57;600;333
21;57;597;333
21;58;287;333
21;58;600;333
21;58;596;333
21;59;287;333
21;60;287;333
21;60;625;333
21;61;287;333
21;62;287;333
21;63;622;333
21;65;1276;333
21;66;287;333
21;70;287;333
22;0;287;333
22;1;633;333
22;1;401;333
22;1;1246;333
22;3;3101;333
22;5;287;333
22;6;287;333
22;7;287;333
22;8;287;333
22;9;287;333
22;10;1254;333
22;11;3098;333
22;12;66;333
22;17;3093;333
22;19;914;333
22;21;424;333
22;21;427;333
22;22;424;333
22;23;1272;333
22;26;914;333
22;27;1257;333
22;30;287;333
22;35;287;333
22;36;287;333
22;37;287;333
22;38;287;333
22;39;287;333
22;40;622;333
22;41;626;333
22;63;629;333
22;66;632;333
22;67;66;333
22;68;1265;333
22;70;287;333
23;0;287;333
23;1;633;333
23;1;629;333
23;5;287;333
23;6;287;333
23;7;287;333
23;8;287;333
23;9;287;333
23;10;287;333
23;11;287;333
23;12;626;333
23;13;3100;333
23;14;627;333
23;15;287;333
23;16;600;333
23;16;627;333
23;16;628;333
23;17;623;333
23;18;626;333
23;19;623;333
23;20;914;333
23;20;406;333
23;20;424;333
23;21;627;333
23;22;626;333
23;23;627;333
23;24;628;333
23;25;627;333
23;26;629;333
23;27;3095;333
23;30;287;333
23;33;1257;333
23;35;287;333
23;36;287;333
23;37;287;333
23;38;287;333
23;39;287;333
23;40;600;333
23;41;3098;333
23;45;3101;333
23;47;3101;333
23;51;1265;333
23;60;3094;333
23;65;3099;333
23;66;287;333
23;67;1265;333
23;68;3096;333
23;70;287;333
24;0;287;333
24;1;622;333
24;8;1257;333
24;11;287;333
24;12;287;333
24;13;287;333
24;14;287;333
24;15;287;333
24;16;287;333
24;17;287;333
24;18;287;333
24;19;287;333
24;20;287;333
24;21;287;333
24;22;287;333
24;23;287;333
24;24;287;333
24;25;287;333
24;26;622;333
24;30;287;333
24;35;287;333
24;36;287;333
24;37;287;333
24;38;287;333
24;39;287;333
24;40;600;333
24;40;596;333
24;41;3099;333
24;42;1273;333
24;43;914;333
24;45;625;333
24;46;627;333
24;47;626;333
24;48;3100;333
24;49;2038;333
24;52;232;333
24;55;3093;333
24;56;1265;333
24;57;1273;333
24;64;3099;333
24;65;1245;333
24;66;287;333
24;70;287;333
25;0;287;333
25;1;633;333
25;1;628;333
25;2;1278;333
25;5;1250;333
25;5;424;333
25;6;424;333
25;7;1265;333
25;7;3093;333
25;7;424;333
25;10;66;333
25;11;287;333
25;12;287;333
25;13;287;333
25;17;287;333
25;18;287;333
25;19;287;333
25;20;287;333
25;21;287;333
25;22;287;333
25;23;287;333
25;24;287;333
25;25;287;333
25;30;287;333
25;31;627;333
25;35;287;333
25;36;287;333
25;37;287;333
25;38;287;333
25;39;627;333
25;40;600;333
25;41;623;333
25;42;287;333
25;42;626;333
25;43;287;333
25;44;287;333
25;45;287;333
25;46;287;333
25;47;287;333
25;48;600;333
25;48;628;333
25;49;1796;333
25;50;1794;333
25;50;421;333
25;51;1792;333
25;52;1797;333
25;53;1792;333
25;54;600;333
25;54;627;333
25;55;287;333
25;55;623;333
25;56;629;333
25;57;1266;333
25;60;629;333
25;61;628;333
25;62;627;333
25;63;622;333
25;64;626;333
25;65;627;333
25;66;628;333
25;68;1265;333
25;68;1272;333
25;70;287;333
26;0;287;333
26;1;633;333
26;1;915;333
26;1;401;333
26;1;1245;333
26;4;627;333
26;5;623;333
26;5;627;333
26;6;623;333
26;6;407;333
26;7;600;333
26;7;627;333
26;8;627;333
26;9;635;333
26;9;1266;333
26;9;403;333
26;10;635;333
26;10;1266;333
26;11;287;333
26;12;287;333
26;13;287;333
26;17;287;333
26;18;287;333
26;19;287;333
26;20;287;333
26;21;287;333
26;22;287;333
26;23;287;333
26;24;287;333
26;25;287;333
26;26;622;333
26;28;2832;333
26;29;2856;333
26;30;287;333
26;31;599;333
26;35;287;333
26;36;287;333
26;37;287;333
26;38;287;333
26;39;628;333
26;40;407;333
26;41;426;333
26;44;1272;333
26;49;3094;333
26;50;1272;333
26;50;1265;333
26;52;3101;333
26;55;287;333
26;56;633;333
26;56;628;333
26;59;627;333
26;60;287;333
26;61;287;333
26;62;287;333
26;63;287;333
26;64;287;333
26;65;287;333
26;66;623;333
26;70;287;333
27;0;287;333
27;1;627;333
27;2;425;333
27;2;423;333
27;4;626;333
27;5;287;333
27;6;287;333
27;7;287;333
27;8;287;333
27;9;287;333
27;10;287;333
27;11;287;333
27;12;287;333
27;13;622;333
27;14;425;333
27;15;2832;333
27;17;287;333
27;25;287;333
27;26;626;333
27;27;422;333
27;30;287;333
27;31;596;333
27;32;1272;333
27;33;3096;333
27;35;287;333
27;36;287;333
27;37;287;333
27;38;287;333
27;39;627;333
27;40;232;333
27;46;3101;333
27;48;914;333
27;54;232;333
27;55;287;333
27;56;633;333
27;57;2937;333
27;60;287;333
27;61;287;333
27;62;287;333
27;63;287;333
27;64;287;333
27;65;287;333
27;66;628;333
27;70;287;333
28;0;287;333
28;1;626;333
28;2;425;333
28;2;423;333
28;3;1272;333
28;3;1265;333
28;5;287;333
28;6;287;333
28;7;287;333
28;8;287;333
28;9;622;333
28;10;3100;333
28;11;3098;333
28;12;287;333
28;13;626;333
28;14;425;333
28;14;424;333
28;14;409;333
28;17;287;333
28;18;3100;333
28;19;3100;333
28;19;914;333
28;25;287;333
28;26;287;333
28;27;623;333
28;28;287;333
28;29;623;333
28;30;287;333
28;31;628;333
28;35;287;333
28;36;287;333
28;37;287;333
28;38;287;333
28;39;622;333
28;42;627;333
28;43;622;333
28;44;627;333
28;45;628;333
28;46;623;333
28;47;629;333
28;48;622;333
28;49;597;333
28;50;598;333
28;51;629;333
28;53;625;333
28;54;622;333
28;55;287;333
28;56;633;333
28;56;401;333
28;57;2302;333
28;60;287;333
28;61;287;333
28;62;287;333
28;63;287;333
28;64;627;333
28;65;3097;333
28;66;3097;333
28;70;287;333
29;0;287;333
29;1;628;333
29;2;3095;333
29;5;287;333
29;6;287;333
29;7;287;333
29;8;287;333
29;9;622;333
29;10;914;333
29;12;287;333
29;13;600;333
29;14;626;333
29;15;2038;333
29;17;287;333
29;18;914;333
29;18;3100;333
29;18;1245;333
29;19;2856;333
29;21;3101;333
29;26;914;333
29;27;914;333
29;35;287;333
29;36;287;333
29;37;287;333
29;38;287;333
29;39;3098;333
29;41;1266;333
29;43;287;333
29;44;287;333
29;45;287;333
29;46;287;333
29;47;287;333
29;48;287;333
29;49;287;333
29;50;287;333
29;51;287;333
29;52;287;333
29;53;287;333
29;54;287;333
29;55;287;333
29;56;629;333
29;56;628;333
29;57;3095;333
29;60;287;333
29;61;287;333
29;62;287;333
29;63;287;333
29;64;628;333
29;65;3098;333
29;65;2038;333
29;66;3101;333
29;68;2832;333
29;70;287;333
30;0;287;333
30;1;598;333
30;1;629;333
30;5;287;333
30;6;287;333
30;7;287;333
30;8;287;333
30;9;628;333
30;10;3097;333
30;12;287;333
30;13;287;333
30;14;628;333
30;17;287;333
30;18;3100;333
30;19;3100;333
30;22;3101;333
30;22;424;333
30;24;3093;333
30;24;424;333
30;25;424;333
30;26;1265;333
30;26;424;333
30;30;1276;333
30;35;287;333
30;36;287;333
30;37;287;333
30;38;287;333
30;39;622;333
30;43;287;333
30;44;287;333
30;45;287;333
30;46;287;333
30;47;287;333
30;48;287;333
30;49;287;333
30;50;287;333
30;51;287;333
30;52;287;333
30;53;287;333
30;54;287;333
30;55;287;333
30;56;628;333
30;60;287;333
30;61;287;333
30;62;287;333
30;63;287;333
30;64;629;333
30;66;1265;333
30;68;3101;333
30;69;2856;333
30;70;287;333
31;0;287;333
31;1;629;333
31;2;425;333
31;2;3101;333
31;5;287;333
31;6;287;333
31;7;287;333
31;8;287;333
31;9;599;333
31;10;914;333
31;12;287;333
31;13;287;333
31;14;599;333
31;16;3101;333
31;17;287;333
31;18;628;333
31;19;627;333
31;20;623;333
31;22;623;333
31;23;424;333
31;23;425;333
31;23;412;333
31;24;623;333
31;25;627;333
31;26;628;333
31;27;629;333
31;28;623;333
31;29;628;333
31;30;627;333
31;31;629;333
31;35;287;333
31;36;287;333
31;37;287;333
31;38;287;333
31;39;626;333
31;40;1245;333
31;43;287;333
31;44;287;333
31;45;287;333
31;46;287;333
31;47;287;333
31;48;287;333
31;49;287;333
31;50;287;333
31;51;287;333
31;52;287;333
31;53;287;333
31;54;287;333
31;55;287;333
31;56;626;333
31;57;1273;333
31;60;287;333
31;61;287;333
31;62;287;333
31;63;287;333
31;64;628;333
31;70;287;333
32;0;287;333
32;1;598;333
32;2;3095;333
32;2;425;333
32;2;411;333
32;5;287;333
32;6;287;333
32;7;287;333
32;8;287;333
32;9;596;333
32;9;421;333
32;12;287;333
32;13;287;333
32;14;596;333
32;17;287;333
32;18;287;333
32;19;287;333
32;20;287;333
32;21;287;333
32;22;287;333
32;23;287;333
32;24;287;333
32;25;287;333
32;26;287;333
32;27;287;333
32;28;287;333
32;29;287;333
32;30;287;333
32;31;622;333
32;32;3095;333
32;39;628;333
32;56;287;333
32;56;405;333
32;57;425;333
32;60;287;333
32;61;287;333
32;62;287;333
32;63;287;333
32;64;623;333
32;65;232;333
32;66;422;333
32;67;232;333
32;69;3096;333
32;70;287;333
33;0;600;333
33;1;630;333
33;2;425;333
33;2;423;333
33;2;3095;333
33;3;1272;333
33;5;287;333
33;6;287;333
33;7;287;333
33;8;287;333
33;9;630;333
33;10;3095;333
33;11;3101;333
33;12;287;333
33;13;287;333
33;14;633;333
33;18;287;333
33;19;287;333
33;20;287;333
33;21;1278;333
33;21;2856;333
33;22;1273;333
33;31;628;333
33;36;3094;333
33;43;2038;333
33;46;375;333
33;49;66;333
33;50;3101;333
33;56;287;333
33;56;632;333
33;56;627;333
33;56;405;333
33;57;425;333
33;57;423;333
33;60;287;333
33;61;287;333
33;62;287;333
33;63;287;333
33;64;287;333
33;65;628;333
33;66;627;333
33;67;629;333
33;70;287;333
34;0;600;333
34;1;622;333
34;2;425;333
34;5;287;333
34;6;287;333
34;7;287;333
34;8;287;333
34;9;633;333
34;9;1276;333
34;12;287;333
34;13;287;333
34;14;633;333
34;14;3101;333
34;14;401;333
34;16;1254;333
34;18;287;333
34;19;287;333
34;20;626;333
34;21;1278;333
34;47;1266;333
34;47;1272;333
34;48;3101;333
34;53;1257;333
34;56;287;333
34;57;425;333
34;60;287;333
34;61;287;333
34;62;287;333
34;63;287;333
34;64;287;333
34;67;628;333
34;69;233;333
34;70;287;333
35;0;287;333
35;1;600;333
35;1;629;333
35;5;287;333
35;6;287;333
35;7;287;333
35;8;287;333
35;9;633;333
35;9;1245;333
35;9;401;333
35;10;2038;333
35;12;287;333
35;13;287;333
35;14;633;333
35;14;35;333
35;18;287;333
35;19;287;333
35;20;623;333
35;26;1245;333
35;27;1245;333
35;31;233;333
35;32;3100;333
35;33;3100;333
35;34;3100;333
35;35;3101;333
35;35;1265;333
35;36;627;333
35;38;628;333
35;39;3100;333
35;40;3100;333
35;41;3093;333
35;42;1266;333
35;42;424;333
35;43;424;333
35;44;66;333
35;44;424;333
35;44;415;333
35;45;3093;333
35;46;424;333
35;47;424;333
35;48;424;333
35;50;627;333
35;51;623;333
35;52;627;333
35;53;629;333
35;56;287;333
35;56;632;333
35;57;3101;333
35;60;287;333
35;61;287;333
35;62;287;333
35;63;287;333
35;64;287;333
35;65;287;333
35;66;287;333
35;67;627;333
35;70;287;333
36;0;287;333
36;0;287;333
36;1;622;333
36;5;287;333
36;6;287;333
36;7;287;333
36;8;287;333
36;8;600;333
36;9;627;333
36;10;1273;333
36;12;287;333
36;13;600;333
36;13;627;333
36;14;628;333
36;18;287;333
36;19;287;333
36;20;628;333
36;23;627;333
36;24;626;333
36;25;628;333
36;26;597;333
36;27;598;333
36;28;622;333
36;29;627;333
36;30;635;333
36;30;628;333
36;30;403;333
36;31;635;333
36;31;405;333
36;32;623;333
36;33;635;333
36;33;628;333
36;34;635;333
36;34;403;333
36;35;635;333
36;35;627;333
36;36;287;333
36;37;287;333
36;38;287;333
36;39;622;333
36;40;627;333
36;41;623;333
36;42;623;333
36;43;627;333
36;44;628;333
36;45;599;333
36;46;627;333
36;47;629;333
36;47;625;333
36;48;627;333
36;49;626;333
36;51;287;333
36;52;287;333
36;53;628;333
36;56;287;333
36;56;632;333
36;57;401;333
36;58;66;333
36;59;287;333
36;67;628;333
36;70;287;333
37;0;287;333
37;1;622;333
37;2;2937;333
37;5;287;333
37;6;287;333
37;7;287;333
37;8;287;333
37;9;628;333
37;10;1276;333
37;12;287;333
37;13;287;333
37;14;633;333
37;14;627;333
37;16;3101;333
37;18;287;333
37;19;287;333
37;20;626;333
37;22;3101;333
37;24;287;333
37;25;287;333
37;26;287;333
37;26;600;333
37;27;287;333
37;27;600;333
37;28;287;333
37;29;287;333
37;30;287;333
37;31;287;333
37;32;287;333
37;33;287;333
37;34;287;333
37;35;287;333
37;36;287;333
37;37;287;333
37;38;287;333
37;39;287;333
37;40;287;333
37;41;287;333
37;42;287;333
37;43;287;333
37;44;287;333
37;45;287;333
37;46;287;333
37;47;287;333
37;48;287;333
37;49;287;333
37;50;287;333
37;51;287;333
37;52;287;333
37;53;633;333
37;54;1265;333
37;56;287;333
37;56;632;333
37;56;627;333
37;58;3101;333
37;59;287;333
37;59;627;333
37;60;1273;333
37;65;3099;333
37;66;3099;333
37;69;1246;333
37;70;287;333
38;0;287;333
38;1;600;333
38;1;628;333
38;5;287;333
38;6;287;333
38;7;287;333
38;8;287;333
38;9;628;333
38;12;287;333
38;13;287;333
38;14;622;333
38;18;287;333
38;19;287;333
38;20;628;333
38;21;2038;333
38;24;287;333
38;25;287;333
38;26;287;333
38;27;287;333
38;28;287;333
38;29;287;333
38;30;287;333
38;31;287;333
38;32;287;333
38;33;287;333
38;34;287;333
38;35;287;333
38;36;287;333
38;37;287;333
38;38;287;333
38;39;287;333
38;40;287;333
38;41;287;333
38;42;287;333
38;43;287;333
38;44;287;333
38;45;287;333
38;46;287;333
38;47;287;333
38;48;287;333
38;49;287;333
38;50;287;333
38;51;287;333
38;52;287;333
38;53;633;333
38;53;401;333
38;55;1278;333
38;56;287;333
38;59;287;333
38;59;627;333
38;59;626;333
38;60;2927;333
38;63;232;333
38;66;3093;333
38;70;287;333
39;0;287;333
39;1;622;333
39;2;61;333
39;2;3101;333
39;5;287;333
39;6;287;333
39;7;287;333
39;8;287;333
39;9;599;333
39;11;3096;333
39;12;287;333
39;13;287;333
39;13;628;333
39;14;1245;333
39;15;375;333
39;18;287;333
39;19;287;333
39;20;622;333
39;21;3101;333
39;24;287;333
39;25;287;333
39;26;287;333
39;27;287;333
39;28;287;333
39;29;287;333
39;30;287;333
39;31;287;333
39;32;287;333
39;33;287;333
39;34;287;333
39;35;287;333
39;36;287;333
39;37;287;333
39;38;287;333
39;39;287;333
39;40;287;333
39;41;287;333
39;42;287;333
39;43;287;333
39;44;287;333
39;45;287;333
39;46;287;333
39;47;287;333
39;48;287;333
39;49;287;333
39;50;287;333
39;51;287;333
39;52;287;333
39;53;633;333
39;56;287;333
39;56;600;333
39;57;233;333
39;58;2937;333
39;58;917;333
39;59;287;333
39;59;627;333
39;59;626;333
39;60;627;333
39;61;623;333
39;62;628;333
39;64;623;333
39;65;628;333
39;66;627;333
39;67;626;333
39;70;287;333
40;0;287;333
40;1;622;333
40;5;287;333
40;6;287;333
40;7;287;333
40;8;287;333
40;9;596;333
40;12;287;333
40;13;627;333
40;18;287;333
40;19;287;333
40;20;622;333
40;24;287;333
40;25;287;333
40;26;287;333
40;27;287;333
40;28;287;333
40;29;287;333
40;30;287;333
40;31;287;333
40;32;287;333
40;33;287;333
40;34;287;333
40;35;287;333
40;36;287;333
40;37;287;333
40;38;287;333
40;39;287;333
40;40;287;333
40;41;287;333
40;42;287;333
40;43;287;333
40;44;287;333
40;45;287;333
40;46;287;333
40;47;287;333
40;48;287;333
40;49;287;333
40;50;287;333
40;51;287;333
40;52;287;333
40;53;622;333
40;54;1272;333
40;56;287;333
40;56;600;333
40;56;632;333
40;59;287;333
40;60;287;333
40;61;287;333
40;62;287;333
40;63;287;333
40;64;287;333
40;65;287;333
40;66;287;333
40;67;628;333
40;70;287;333
41;0;600;333
41;1;600;333
41;1;626;333
41;5;287;333
41;6;287;333
41;7;287;333
41;8;287;333
41;9;622;333
41;12;287;333
41;13;629;333
41;18;287;333
41;19;287;333
41;20;596;333
41;21;3095;333
41;24;287;333
41;25;287;333
41;26;287;333
41;27;287;333
41;28;287;333
41;29;287;333
41;30;287;333
41;31;287;333
41;32;287;333
41;33;287;333
41;34;287;333
41;35;287;333
41;36;287;333
41;37;287;333
41;38;287;333
41;39;287;333
41;40;287;333
41;41;287;333
41;42;287;333
41;43;287;333
41;44;287;333
41;45;287;333
41;46;287;333
41;47;287;333
41;48;287;333
41;49;287;333
41;50;287;333
41;51;287;333
41;52;287;333
41;53;633;333
41;56;287;333
41;56;632;333
41;57;1266;333
41;57;401;333
41;60;287;333
41;61;287;333
41;62;287;333
41;63;287;333
41;64;287;333
41;65;287;333
41;66;287;333
41;67;622;333
41;68;3101;333
41;70;287;333
42;0;287;333
42;1;1254;333
42;5;287;333
42;6;287;333
42;7;287;333
42;8;287;333
42;9;623;333
42;11;3096;333
42;12;287;333
42;13;600;333
42;13;622;333
42;18;287;333
42;19;287;333
42;20;599;333
42;24;287;333
42;25;287;333
42;26;287;333
42;27;287;333
42;28;287;333
42;29;287;333
42;30;287;333
42;31;287;333
42;32;287;333
42;33;287;333
42;34;287;333
42;35;287;333
42;36;287;333
42;37;287;333
42;38;287;333
42;39;287;333
42;40;287;333
42;41;287;333
42;42;287;333
42;43;287;333
42;44;287;333
42;45;287;333
42;46;287;333
42;47;287;333
42;48;287;333
42;49;287;333
42;50;287;333
42;51;287;333
42;52;287;333
42;53;633;333
42;53;401;333
42;54;1278;333
42;56;287;333
42;56;632;333
42;60;287;333
42;61;287;333
42;62;287;333
42;63;287;333
42;64;287;333
42;65;287;333
42;66;287;333
42;67;627;333
42;69;3101;333
42;70;287;333
43;0;287;333
43;0;628;333
43;1;3100;333
43;4;626;333
43;5;287;333
43;6;287;333
43;7;287;333
43;8;626;333
43;9;628;333
43;12;287;333
43;13;633;333
43;13;628;333
43;18;287;333
43;19;287;333
43;20;600;333
43;24;287;333
43;25;287;333
43;26;287;333
43;27;287;333
43;28;287;333
43;29;287;333
43;30;287;333
43;31;287;333
43;32;287;333
43;33;287;333
43;34;287;333
43;35;287;333
43;36;287;333
43;37;287;333
43;38;287;333
43;39;287;333
43;40;287;333
43;41;287;333
43;42;287;333
43;43;287;333
43;44;287;333
43;45;287;333
43;46;287;333
43;47;287;333
43;48;287;333
43;49;287;333
43;50;287;333
43;51;287;333
43;52;287;333
43;53;626;333
43;56;287;333
43;56;600;333
43;58;3096;333
43;60;287;333
43;61;287;333
43;62;287;333
43;63;287;333
43;64;287;333
43;65;287;333
43;66;287;333
43;67;628;333
43;68;1792;333
43;69;1797;333
43;70;287;333
44;0;287;333
44;1;3100;333
44;2;3101;333
44;11;3097;333
44;12;287;333
44;13;633;333
44;14;3101;333
44;15;2937;333
44;18;287;333
44;19;287;333
44;20;628;333
44;24;287;333
44;25;287;333
44;26;287;333
44;27;287;333
44;28;287;333
44;29;287;333
44;30;287;333
44;31;287;333
44;32;287;333
44;33;287;333
44;34;287;333
44;35;287;333
44;36;287;333
44;37;287;333
44;38;287;333
44;39;287;333
44;40;287;333
44;41;287;333
44;42;287;333
44;43;287;333
44;44;287;333
44;45;287;333
44;46;287;333
44;47;287;333
44;48;287;333
44;49;287;333
44;50;287;333
44;51;287;333
44;52;287;333
44;53;626;333
44;56;287;333
44;57;2856;333
44;60;287;333
44;61;287;333
44;62;287;333
44;63;287;333
44;64;287;333
44;65;287;333
44;66;287;333
44;67;629;333
44;70;287;333
45;0;287;333
45;1;623;333
45;1;628;333
45;5;1245;333
45;6;421;333
45;7;1246;333
45;10;3098;333
45;11;1276;333
45;12;287;333
45;13;633;333
45;13;401;333
45;15;2776;333
45;18;287;333
45;19;287;333
45;20;627;333
45;21;3100;333
45;22;2832;333
45;24;287;333
45;25;287;333
45;26;287;333
45;27;287;333
45;53;628;333
45;56;287;333
45;56;632;333
45;67;628;333
45;70;287;333
46;0;287;333
46;1;626;333
46;2;622;333
46;3;627;333
46;4;623;333
46;5;597;333
46;6;598;333
46;7;635;333
46;7;628;333
46;7;403;333
46;8;635;333
46;9;630;333
46;10;635;333
46;10;403;333
46;11;635;333
46;11;627;333
46;12;287;333
46;13;287;333
46;13;682;333
46;18;287;333
46;19;287;333
46;20;628;333
46;21;2856;333
46;22;3100;333
46;24;287;333
46;25;287;333
46;26;287;333
46;27;628;333
46;28;232;333
46;31;3094;333
46;36;1265;333
46;38;3094;333
46;39;1250;333
46;56;287;333
46;56;632;333
46;57;401;333
46;59;2038;333
46;60;3099;333
46;64;3098;333
46;65;3097;333
46;69;3101;333
46;70;287;333
47;0;287;333
47;1;287;333
47;2;287;333
47;3;287;333
47;4;287;333
47;5;287;333
47;6;287;333
47;7;287;333
47;8;287;333
47;9;287;333
47;10;287;333
47;11;287;333
47;12;287;333
47;13;287;333
47;13;600;333
47;13;627;333
47;17;287;333
47;18;287;333
47;19;287;333
47;20;287;333
47;21;287;333
47;22;287;333
47;23;287;333
47;24;287;333
47;25;287;333
47;26;287;333
47;27;626;333
47;29;3101;333
47;33;2856;333
47;35;3101;333
47;36;376;333
47;36;2038;333
47;37;3101;333
47;42;1272;333
47;43;3094;333
47;45;1266;333
47;47;391;333
47;47;3101;333
47;51;3093;333
47;55;3100;333
47;56;287;333
47;57;28;333
47;58;1273;333
47;62;375;333
47;66;3101;333
47;68;1250;333
47;69;3100;333
47;70;287;333
48;0;287;333
48;1;287;333
48;2;287;333
48;13;287;333
48;13;406;333
48;14;425;333
48;15;3101;333
48;17;287;333
48;18;287;333
48;19;287;333
48;20;287;333
48;21;287;333
48;22;287;333
48;23;287;333
48;24;287;333
48;25;287;333
48;26;287;333
48;27;628;333
48;30;627;333
48;31;626;333
48;32;626;333
48;33;623;333
48;34;622;333
48;35;626;333
48;36;3101;333
48;36;3099;333
48;37;3099;333
48;38;1265;333
48;38;3101;333
48;40;1245;333
48;41;1245;333
48;45;3101;333
48;46;2038;333
48;47;3100;333
48;47;422;333
48;48;627;333
48;49;630;333
48;50;628;333
48;51;287;333
48;51;634;333
48;52;287;333
48;52;634;333
48;52;632;333
48;53;689;333
48;54;3100;333
48;54;689;333
48;54;403;333
48;55;232;333
48;55;405;333
48;56;287;333
48;57;627;333
48;58;628;333
48;59;627;333
48;60;626;333
48;61;597;333
48;62;598;333
48;63;421;333
48;63;600;333
48;63;623;333
48;64;628;333
48;65;627;333
48;66;623;333
48;68;623;333
48;69;623;333
48;70;287;333
49;0;287;333
49;1;287;333
49;2;630;333
49;3;425;333
49;3;423;333
49;3;412;333
49;13;287;333
49;13;600;333
49;13;628;333
49;17;287;333
49;18;287;333
49;19;287;333
49;20;287;333
49;21;287;333
49;22;287;333
49;23;287;333
49;24;287;333
49;25;287;333
49;26;287;333
49;27;627;333
49;28;3101;333
49;31;287;333
49;32;287;333
49;33;287;333
49;34;287;333
49;35;287;333
49;36;622;333
49;37;627;333
49;38;628;333
49;39;628;333
49;40;627;333
49;41;626;333
49;42;1797;333
49;43;1792;333
49;44;1797;333
49;45;1792;333
49;46;1797;333
49;47;1792;333
49;48;287;333
49;49;287;333
49;50;287;333
49;51;287;333
49;52;287;333
49;53;287;333
49;53;634;333
49;54;287;333
49;54;634;333
49;55;287;333
49;55;634;333
49;56;287;333
49;57;287;333
49;58;287;333
49;59;287;333
49;60;287;333
49;61;287;333
49;62;287;333
49;63;287;333
49;64;287;333
49;65;287;333
49;66;287;333
49;67;287;333
49;68;287;333
49;69;287;333
49;70;287;333
50;0;287;333
50;1;287;333
50;2;622;333
50;3;3095;333
50;3;425;333
50;5;1266;333
50;9;3101;333
50;10;391;333
50;13;287;333
50;13;630;333
50;14;425;333
50;14;423;333
50;26;287;333
50;27;622;333
50;31;287;333
50;32;287;333
50;33;287;333
50;34;287;333
50;35;287;333
50;36;287;333
50;37;287;333
50;38;287;333
50;39;287;333
50;40;599;333
50;41;2856;333
50;46;376;333
50;48;2937;333
50;48;3101;333
50;58;287;333
50;59;287;333
50;60;287;333
50;61;287;333
50;62;287;333
50;63;287;333
50;64;287;333
50;65;287;333
50;66;287;333
50;67;287;333
50;68;287;333
50;69;287;333
50;70;287;333
51;0;287;333
51;1;287;333
51;2;628;333
51;3;1245;333
51;3;425;333
51;3;423;333
51;7;627;333
51;8;635;333
51;8;626;333
51;9;66;333
51;9;689;333
51;10;3101;333
51;13;600;333
51;13;599;333
51;14;425;333
51;22;1266;333
51;27;628;333
51;32;287;333
51;33;287;333
51;34;287;333
51;35;287;333
51;36;287;333
51;37;287;333
51;38;287;333
51;39;287;333
51;40;599;333
51;42;2832;333
51;49;391;333
51;50;1254;333
51;53;1273;333
51;54;1273;333
51;58;287;333
51;59;287;333
51;60;287;333
51;61;287;333
51;62;287;333
51;63;287;333
51;64;287;333
51;65;287;333
51;66;287;333
51;67;287;333
51;68;287;333
51;69;287;333
51;70;287;333
52;0;287;333
52;1;287;333
52;2;622;333
52;3;425;333
52;6;1245;333
52;7;287;333
52;8;287;333
52;8;622;333
52;9;633;333
52;13;600;333
52;14;626;333
52;19;914;333
52;30;3099;333
52;32;287;333
52;33;287;333
52;34;287;333
52;35;287;333
52;36;287;333
52;37;287;333
52;38;287;333
52;39;287;333
52;40;596;333
52;40;421;333
52;41;2856;333
52;42;66;0
52;44;627;333
52;45;626;333
52;46;622;333
52;48;626;333
52;49;629;333
52;50;627;333
52;51;600;333
52;51;622;333
52;52;628;333
52;53;627;333
52;54;626;333
52;58;287;333
52;59;287;333
52;60;287;333
52;61;287;333
52;62;287;333
52;63;287;333
52;64;287;333
52;65;287;333
52;66;287;333
52;67;287;333
52;68;287;333
52;69;287;333
52;70;287;333
53;0;287;333
53;1;287;333
53;2;630;333
53;2;628;333
53;5;627;333
53;6;623;333
53;7;287;333
53;8;287;333
53;9;633;333
53;9;401;333
53;13;287;333
53;14;628;333
53;16;1245;333
53;17;627;333
53;18;623;333
53;19;600;333
53;19;628;333
53;20;622;333
53;21;627;333
53;22;626;333
53;23;3100;333
53;24;3093;333
53;25;1245;333
53;26;1245;333
53;27;1272;333
53;28;3093;333
53;28;3101;333
53;29;3098;333
53;30;3100;333
53;30;2038;333
53;31;287;333
53;32;287;333
53;33;287;333
53;34;287;333
53;35;287;333
53;36;287;333
53;37;287;333
53;38;287;333
53;39;287;333
53;40;626;333
53;41;627;333
53;42;628;333
53;43;623;333
53;45;287;333
53;46;287;333
53;47;287;333
53;48;287;333
53;49;287;333
53;50;287;333
53;51;287;333
53;52;287;333
53;53;287;333
53;54;628;333
53;70;287;333
54;0;287;333
54;1;287;333
54;2;599;333
54;5;626;333
54;6;287;333
54;7;287;333
54;8;287;333
54;9;633;333
54;13;287;333
54;14;287;333
54;15;635;333
54;15;403;333
54;16;635;333
54;17;635;333
54;18;287;333
54;19;287;333
54;20;287;333
54;21;287;333
54;22;600;333
54;22;628;333
54;23;627;333
54;24;597;333
54;24;1254;333
54;25;598;333
54;26;627;333
54;27;630;333
54;28;628;333
54;29;630;333
54;30;600;333
54;30;627;333
54;31;287;333
54;32;287;333
54;33;287;333
54;34;287;333
54;35;287;333
54;36;287;333
54;37;287;333
54;38;287;333
54;39;287;333
54;40;287;333
54;41;287;333
54;42;287;333
54;43;287;333
54;44;287;333
54;45;287;333
54;46;287;333
54;47;287;333
54;48;287;333
54;49;287;333
54;50;287;333
54;51;287;333
54;52;287;333
54;53;287;333
54;54;629;333
54;55;1266;333
54;62;3101;333
54;68;3094;333
54;70;287;333
55;0;287;333
55;1;287;333
55;1;600;333
55;2;629;333
55;6;287;333
55;7;287;333
55;8;633;333
55;8;634;333
55;9;688;333
55;13;600;333
55;14;287;333
55;15;287;333
55;16;287;333
55;17;287;333
55;18;287;333
55;19;287;333
55;20;287;333
55;21;287;333
55;22;287;333
55;23;287;333
55;24;287;333
55;24;407;333
55;25;287;333
55;26;287;333
55;27;287;333
55;28;287;333
55;29;287;333
55;30;287;333
55;31;287;333
55;32;287;333
55;33;287;333
55;34;600;333
55;34;628;333
55;39;287;333
55;40;287;333
55;41;287;333
55;42;287;333
55;43;287;333
55;43;287;333
55;44;287;333
55;45;287;333
55;46;287;333
55;47;287;333
55;48;287;333
55;49;287;333
55;50;287;333
55;51;287;333
55;52;287;333
55;53;287;333
55;54;600;333
55;58;1272;333
55;60;232;333
55;65;1257;333
55;70;287;333
56;0;287;333
56;1;287;333
56;2;633;333
56;2;1257;333
56;6;287;333
56;7;287;333
56;8;633;333
56;8;401;333
56;10;2832;333
56;13;287;333
56;14;287;333
56;15;287;333
56;16;287;333
56;17;287;333
56;18;287;333
56;19;287;333
56;20;287;333
56;21;287;333
56;22;287;333
56;23;287;333
56;24;287;333
56;25;287;333
56;26;287;333
56;27;287;333
56;28;287;333
56;29;287;333
56;30;287;333
56;31;287;333
56;32;287;333
56;33;287;333
56;34;622;333
56;36;2832;333
56;39;287;333
56;40;287;333
56;41;287;333
56;42;287;333
56;43;287;333
56;43;287;333
56;44;287;333
56;45;287;333
56;46;287;333
56;47;287;333
56;48;287;333
56;49;287;333
56;50;287;333
56;51;287;333
56;52;287;333
56;53;287;333
56;54;600;333
56;54;622;333
56;57;627;333
56;59;623;333
56;61;623;333
56;62;407;333
56;63;627;333
56;64;635;333
56;64;628;333
56;65;635;333
56;65;403;333
56;66;635;333
56;66;3101;333
56;66;391;333
56;67;689;333
56;70;287;333
57;0;287;333
57;1;287;333
57;2;633;333
57;2;233;333
57;6;287;333
57;7;287;333
57;8;633;333
57;8;627;333
57;9;232;333
57;10;424;333
57;10;408;333
57;11;424;333
57;11;410;333
57;13;287;333
57;14;287;333
57;15;287;333
57;16;287;333
57;17;287;333
57;18;287;333
57;19;287;333
57;20;287;333
57;21;287;333
57;22;287;333
57;23;287;333
57;24;287;333
57;25;287;333
57;26;287;333
57;27;287;333
57;28;287;333
57;29;287;333
57;30;287;333
57;31;287;333
57;32;287;333
57;33;287;333
57;34;600;333
57;34;626;333
57;35;2856;333
57;39;287;333
57;40;287;333
57;41;287;333
57;42;287;333
57;43;287;333
57;43;287;333
57;44;287;333
57;54;628;333
57;58;287;333
57;59;287;333
57;60;287;333
57;61;287;333
57;62;287;333
57;63;287;333
57;64;287;333
57;65;287;333
57;66;287;333
57;67;633;333
57;67;3095;333
57;70;287;333
58;0;287;333
58;1;287;333
58;2;633;333
58;2;1247;333
58;2;401;333
58;6;287;333
58;7;287;333
58;8;600;333
58;9;626;333
58;10;627;333
58;11;623;333
58;12;287;333
58;13;287;333
58;14;287;333
58;15;287;333
58;16;287;333
58;17;287;333
58;18;287;333
58;19;287;333
58;20;287;333
58;21;287;333
58;22;287;333
58;23;287;333
58;24;287;333
58;25;287;333
58;26;287;333
58;27;287;333
58;28;287;333
58;29;287;333
58;30;287;333
58;31;287;333
58;32;287;333
58;33;287;333
58;34;600;333
58;35;626;333
58;36;3101;333
58;37;2937;333
58;39;287;333
58;40;287;333
58;41;287;333
58;42;287;333
58;43;287;333
58;43;287;333
58;44;287;333
58;45;627;333
58;46;1273;333
58;48;3094;333
58;51;3094;333
58;58;287;333
58;59;287;333
58;60;287;333
58;61;287;333
58;62;287;333
58;63;287;333
58;64;287;333
58;65;287;333
58;66;287;333
58;67;633;333
58;67;401;333
58;70;287;333
59;0;287;333
59;1;600;333
59;2;628;333
59;8;287;333
59;9;287;333
59;10;287;333
59;11;287;333
59;12;287;333
59;13;287;333
59;14;287;333
59;15;287;333
59;16;287;333
59;17;287;333
59;18;287;333
59;19;287;333
59;20;287;333
59;21;287;333
59;22;287;333
59;23;287;333
59;24;287;333
59;25;287;333
59;26;287;333
59;27;287;333
59;28;287;333
59;29;287;333
59;30;287;333
59;31;287;333
59;32;287;333
59;33;287;333
59;34;287;333
59;35;622;333
59;39;287;333
59;40;287;333
59;41;287;333
59;42;287;333
59;43;287;333
59;43;287;333
59;44;287;333
59;45;287;333
59;52;2038;333
59;53;3101;333
59;56;232;333
59;58;287;333
59;59;287;333
59;60;287;333
59;61;287;333
59;62;287;333
59;63;287;333
59;64;287;333
59;65;287;333
59;66;287;333
59;67;633;333
59;67;627;333
59;70;287;333
60;0;287;333
60;1;628;333
60;2;425;333
60;33;287;333
60;34;287;333
60;35;622;333
60;39;287;333
60;40;287;333
60;41;287;333
60;42;287;333
60;43;287;333
60;43;287;333
60;44;287;333
60;45;622;333
60;46;3095;333
60;46;425;333
60;49;287;333
60;50;1797;333
60;51;1792;333
60;52;287;333
60;53;287;333
60;54;1797;333
60;55;1792;333
60;56;1797;333
60;65;287;333
60;66;287;333
60;67;628;333
60;70;287;333
61;0;600;333
61;1;596;333
61;2;418;333
61;3;3101;333
61;4;3101;333
61;10;420;333
61;13;3101;333
61;26;1272;333
61;32;2856;333
61;33;287;333
61;34;287;333
61;35;628;333
61;39;287;333
61;40;287;333
61;41;287;333
61;42;287;333
61;43;287;333
61;43;287;333
61;44;287;333
61;45;622;333
61;45;407;333
61;46;425;333
61;49;287;333
61;50;3098;333
61;51;3098;333
61;54;1272;333
61;56;3101;333
61;61;1272;333
61;63;422;333
61;65;287;333
61;66;287;333
61;67;630;333
61;69;233;333
61;70;287;333
62;0;287;333
62;1;630;333
62;2;425;333
62;3;2038;333
62;4;3101;333
62;6;3100;333
62;7;3100;333
62;12;1272;333
62;16;3093;333
62;19;914;333
62;22;3093;333
62;23;424;333
62;23;427;333
62;24;3101;333
62;24;424;333
62;33;287;333
62;34;627;333
62;35;1250;333
62;39;287;333
62;40;287;333
62;41;287;333
62;42;287;333
62;43;287;333
62;43;287;333
62;44;287;333
62;44;600;333
62;45;628;333
62;47;375;333
62;47;3101;333
62;49;287;333
62;49;627;333
62;50;3098;333
62;50;420;333
62;51;3101;333
62;54;3093;333
62;57;1273;333
62;57;3093;333
62;59;1272;333
62;61;2856;333
62;62;3098;333
62;63;3098;333
62;65;287;333
62;66;287;333
62;67;626;333
62;70;287;333
63;0;287;333
63;1;626;333
63;2;415;333
63;2;425;333
63;6;623;333
63;7;600;333
63;7;622;333
63;8;600;333
63;8;627;333
63;9;627;333
63;10;628;333
63;11;635;333
63;11;1272;333
63;12;635;333
63;12;403;333
63;12;1254;333
63;13;635;333
63;13;233;333
63;14;623;333
63;15;623;333
63;16;287;333
63;17;623;333
63;18;626;333
63;19;635;333
63;19;403;333
63;19;405;333
63;20;635;333
63;20;627;333
63;21;622;333
63;22;600;333
63;22;627;333
63;23;623;333
63;24;622;333
63;25;600;333
63;25;597;333
63;26;600;333
63;26;598;333
63;27;3100;333
63;28;3100;333
63;29;623;333
63;30;626;333
63;33;287;333
63;34;628;333
63;37;3100;333
63;39;287;333
63;40;287;333
63;41;287;333
63;42;287;333
63;43;287;333
63;44;287;333
63;44;425;333
63;45;627;333
63;46;3095;333
63;49;287;333
63;49;628;333
63;50;3098;333
63;51;3101;333
63;52;627;333
63;53;627;333
63;54;600;333
63;54;627;333
63;55;628;333
63;56;597;333
63;57;598;333
63;58;600;333
63;58;628;333
63;59;627;333
63;60;623;333
63;61;600;333
63;62;623;333
63;63;626;333
63;65;287;333
63;66;287;333
63;67;628;333
63;68;2937;333
63;69;3101;333
63;70;287;333
64;0;287;333
64;1;630;333
64;2;629;333
64;5;626;333
64;5;627;333
64;6;628;333
64;7;287;333
64;8;287;333
64;9;287;333
64;10;287;333
64;11;287;333
64;12;287;333
64;13;287;333
64;14;287;333
64;15;287;333
64;16;287;333
64;17;287;333
64;18;287;333
64;19;287;333
64;20;287;333
64;21;287;333
64;22;287;333
64;23;287;333
64;24;287;333
64;25;287;333
64;26;287;333
64;27;287;333
64;28;287;333
64;29;287;333
64;30;628;333
64;31;66;333
64;33;287;333
64;34;600;333
64;34;599;333
64;35;28;333
64;37;3100;333
64;39;287;333
64;40;287;333
64;41;287;333
64;42;287;333
64;43;287;333
64;44;287;333
64;45;622;333
64;49;287;333
64;49;627;333
64;52;627;333
64;53;287;333
64;54;287;333
64;55;287;333
64;56;287;333
64;57;287;333
64;58;287;333
64;59;287;333
64;60;287;333
64;61;287;333
64;62;287;333
64;63;287;333
64;64;287;333
64;65;287;333
64;66;287;333
64;67;623;333
64;70;287;333
65;0;287;333
65;1;287;333
65;2;597;333
65;5;600;333
65;6;627;333
65;6;626;333
65;7;287;333
65;8;287;333
65;9;287;333
65;10;287;333
65;11;287;333
65;12;287;333
65;13;287;333
65;14;287;333
65;15;287;333
65;16;287;333
65;17;287;333
65;18;287;333
65;19;287;333
65;20;287;333
65;21;287;333
65;22;287;333
65;23;287;333
65;24;287;333
65;25;287;333
65;26;287;333
65;27;287;333
65;28;287;333
65;29;287;333
65;29;600;333
65;30;626;333
65;33;287;333
65;34;600;333
65;34;596;333
65;38;287;333
65;39;287;333
65;40;287;333
65;41;287;333
65;42;287;333
65;43;626;333
65;43;287;333
65;45;628;333
65;47;1266;333
65;49;287;333
65;50;3095;333
65;50;633;333
65;53;287;333
65;54;287;333
65;55;287;333
65;56;287;333
65;57;287;333
65;58;287;333
65;59;287;333
65;60;287;333
65;61;287;333
65;62;287;333
65;63;287;333
65;64;287;333
65;65;287;333
65;66;287;333
65;67;622;333
65;68;3101;333
65;70;287;333
66;0;287;333
66;1;287;333
66;2;597;333
66;5;598;333
66;6;600;333
66;6;599;333
66;7;287;333
66;8;287;333
66;9;287;333
66;10;287;333
66;11;287;333
66;12;287;333
66;13;287;333
66;14;287;333
66;15;287;333
66;16;287;333
66;17;287;333
66;18;287;333
66;19;287;333
66;20;287;333
66;21;287;333
66;22;287;333
66;23;287;333
66;24;287;333
66;25;287;333
66;26;287;333
66;27;287;333
66;28;287;333
66;29;287;333
66;30;622;333
66;33;287;333
66;33;627;333
66;34;622;333
66;38;287;333
66;39;287;333
66;40;287;333
66;41;287;333
66;42;287;333
66;43;626;333
66;43;287;333
66;44;3101;333
66;46;1265;333
66;49;287;333
66;50;633;333
66;50;401;333
66;67;628;333
66;70;287;333
67;0;287;333
67;1;287;333
67;2;597;333
67;5;598;333
67;6;287;333
67;27;287;333
67;30;628;333
67;32;3096;333
67;33;622;333
67;34;628;333
67;42;626;333
67;43;628;333
67;47;3097;333
67;49;287;333
67;50;633;333
67;50;627;333
67;57;3094;333
67;60;3094;333
67;65;3094;333
67;68;1266;333
67;69;3100;333
67;70;287;333
68;0;287;333
68;1;287;333
68;2;597;333
68;5;598;333
68;6;287;333
68;7;287;333
68;8;622;333
68;9;35;333
68;18;3101;333
68;28;3101;333
68;33;633;333
68;33;628;333
68;34;426;333
68;35;1272;333
68;35;1266;333
68;35;2038;333
68;39;1266;333
68;42;3094;333
68;44;3101;333
68;45;1266;333
68;46;1257;333
68;46;422;333
68;47;3097;333
68;47;3101;333
68;49;287;333
68;50;3101;333
68;50;628;333
68;51;1246;333
68;58;424;333
68;58;427;333
68;59;3101;333
68;59;424;333
68;61;424;333
68;62;1246;333
68;62;424;333
68;62;427;333
68;63;424;333
68;64;3093;333
68;65;424;333
68;65;410;333
68;66;424;333
68;66;427;333
68;67;424;333
68;68;3100;333
68;68;2038;333
68;69;3100;333
68;70;287;333
69;0;287;333
69;1;287;333
69;2;597;333
69;5;598;333
69;6;287;333
69;7;287;333
69;8;600;333
69;8;628;333
69;13;3100;333
69;13;424;333
69;14;3100;333
69;14;424;333
69;14;416;333
69;17;2038;333
69;17;424;333
69;17;427;333
69;18;424;333
69;19;424;333
69;21;424;333
69;22;3093;333
69;22;424;333
69;24;424;333
69;25;3101;333
69;28;424;333
69;29;424;333
69;30;1273;333
69;32;3101;333
69;33;681;333
69;33;401;333
69;33;405;333
69;34;635;333
69;34;426;333
69;34;426;333
69;35;66;333
69;35;689;333
69;36;1265;333
69;38;424;333
69;39;3093;333
69;39;424;333
69;39;427;333
69;42;1272;333
69;42;424;333
69;43;424;333
69;43;427;333
69;44;3093;333
69;44;424;333
69;45;1257;333
69;46;3097;333
69;47;3097;333
69;48;287;333
69;49;287;333
69;50;627;333
69;51;635;333
69;51;627;333
69;52;635;333
69;52;403;333
69;53;635;333
69;53;627;333
69;54;626;333
69;55;629;333
69;56;635;333
69;56;403;333
69;57;635;333
69;57;627;333
69;58;626;333
69;59;622;333
69;60;630;333
69;61;600;333
69;61;622;333
69;62;600;333
69;62;629;333
69;63;623;333
69;64;599;333
69;65;626;333
69;66;629;333
69;67;627;333
69;68;630;333
69;69;628;333
69;70;287;333
70;0;287;333
70;1;287;333
70;2;597;333
70;5;598;333
70;6;287;333
70;7;287;333
70;8;287;333
70;9;626;333
70;10;635;333
70;10;628;333
70;10;403;333
70;11;635;333
70;11;1245;333
70;12;623;333
70;13;623;333
70;14;635;333
70;14;628;333
70;15;623;333
70;16;635;333
70;16;628;333
70;16;403;333
70;17;635;333
70;17;627;333
70;18;623;333
70;19;623;333
70;20;626;333
70;21;597;333
70;22;600;333
70;22;627;333
70;23;626;333
70;24;635;333
70;24;626;333
70;25;635;333
70;25;403;333
70;25;425;333
70;26;635;333
70;26;1276;333
70;27;623;333
70;28;623;333
70;28;627;333
70;29;623;333
70;30;635;333
70;30;597;333
70;30;1246;333
70;30;425;333
70;30;417;333
70;31;635;333
70;31;1246;333
70;31;1276;333
70;32;287;333
70;33;287;333
70;34;287;333
70;35;681;333
70;35;403;333
70;36;635;333
70;36;391;333
70;37;635;333
70;37;627;333
70;38;626;333
70;39;627;333
70;40;598;333
70;41;600;333
70;42;629;333
70;43;627;333
70;44;600;333
70;44;629;333
70;45;627;333
70;46;630;333
70;47;623;333
70;48;287;333
70;49;287;333
70;50;287;333
70;51;287;333
70;52;287;333
70;53;287;333
70;54;287;333
70;55;287;333
70;56;287;333
70;57;287;333
70;58;287;333
70;59;287;333
70;60;287;333
70;61;287;333
70;62;287;333
70;63;287;333
70;64;287;333
70;65;287;333
70;66;287;333
70;67;600;333
70;68;287;333
70;69;287;333
70;70;287;333
71;0;287;333
71;1;287;333
71;2;597;333
71;5;287;333
71;6;287;333
71;7;287;333
71;8;287;333
71;9;287;333
71;10;287;333
71;11;287;333
71;12;287;333
71;13;287;333
71;14;287;333
71;15;287;333
71;16;287;333
71;17;287;333
71;18;287;333
71;19;287;333
71;20;287;333
71;21;287;333
71;22;287;333
71;23;287;333
71;24;287;333
71;25;287;333
71;26;287;333
71;27;287;333
71;28;287;333
71;29;287;333
71;30;287;333
71;31;287;333
71;32;287;333
71;33;287;333
71;34;287;333
71;35;287;333
71;36;287;333
71;37;287;333
71;38;287;333
71;39;287;333
71;40;287;333
71;41;287;333
71;42;287;333
71;43;287;333
71;44;287;333
71;45;287;333
71;46;287;333
71;47;287;333
71;48;287;333
71;49;287;333
71;50;287;333
71;51;287;333
71;52;287;333
71;53;287;333
71;54;287;333
71;55;287;333
71;56;287;333
71;57;287;333
71;58;287;333
71;59;287;333
71;60;287;333
71;61;287;333
71;62;287;333
71;63;287;333
71;64;287;333
71;65;287;333
71;66;287;333
71;67;287;333
71;68;287;333
71;69;287;333
71;70;287;333
