L: -3
X: 512
Y: 516
W: 50
H: 54
0;0;0;0;0
1;0;0;0;0
2;0;0;0;0
3;0;0;0;0
4;0;0;0;0
5;0;0;0;0
6;0;0;0;0
7;0;0;0;0
8;0;0;0;0
9;0;0;0;0
10;0;0;0;0
11;0;0;0;0
12;0;0;0;0
13;0;0;0;0
14;0;0;0;0
15;0;0;0;0
16;0;0;0;0
17;0;0;0;0
18;0;0;0;0
19;0;0;0;0
20;0;0;0;0
21;0;0;0;0
22;0;0;0;0
23;0;0;0;0
24;0;0;0;0
25;0;0;0;0
26;0;0;0;0
27;0;0;0;0
28;0;0;0;0
29;0;0;0;0
30;0;0;0;0
31;0;0;0;0
32;0;0;0;0
33;0;0;0;0
34;0;0;0;0
35;0;0;0;0
36;0;0;0;0
37;0;0;0;0
38;0;0;0;0
39;0;0;0;0
40;0;0;0;0
41;0;0;0;0
42;0;0;0;0
43;0;0;0;0
44;0;0;0;0
45;0;0;0;0
46;0;0;0;0
47;0;0;0;0
48;0;0;0;0
49;0;0;0;0
0;1;0;0;0
1;1;0;0;0
2;1;0;0;0
3;1;0;0;0
4;1;0;0;0
5;1;0;0;0
6;1;0;0;0
7;1;0;0;0
8;1;0;0;0
9;1;0;0;0
10;1;0;0;0
11;1;0;0;0
12;1;0;0;0
13;1;0;0;0
14;1;0;0;0
15;1;0;0;0
16;1;0;0;0
17;1;0;0;0
18;1;0;0;0
19;1;0;0;0
20;1;0;0;0
21;1;0;0;0
22;1;0;0;0
23;1;0;0;0
24;1;0;0;0
25;1;0;0;0
26;1;0;0;0
27;1;0;0;0
28;1;0;0;0
29;1;0;0;0
30;1;0;0;0
31;1;0;0;0
32;1;0;0;0
33;1;0;0;0
34;1;0;0;0
35;1;0;0;0
36;1;0;0;0
37;1;0;0;0
38;1;0;0;0
39;1;0;0;0
40;1;0;0;0
41;1;0;0;0
42;1;0;0;0
43;1;0;0;0
44;1;0;0;0
45;1;0;0;0
46;1;0;0;0
47;1;0;0;0
48;1;0;0;0
49;1;0;0;0
0;2;34;0;0
1;2;34;0;0
2;2;34;0;0
3;2;34;0;0
4;2;34;0;0
5;2;34;0;0
6;2;34;0;0
7;2;34;0;0
8;2;34;0;0
9;2;34;0;0
10;2;34;0;0
11;2;34;0;0
12;2;34;0;0
13;2;34;0;0
14;2;34;0;0
15;2;2;0;0
16;2;2;0;0
17;2;2;0;0
18;2;34;0;0
19;2;34;0;0
20;2;34;0;0
21;2;34;0;0
22;2;34;0;0
23;2;2;0;0
24;2;2;0;0
25;2;2;0;0
26;2;2;0;0
27;2;34;0;0
28;2;34;0;0
29;2;34;0;0
30;2;34;0;0
31;2;34;0;0
32;2;34;0;0
33;2;2;0;0
34;2;2;0;0
35;2;2;0;0
36;2;2;0;0
37;2;34;0;0
38;2;34;0;0
39;2;34;0;0
40;2;2;0;0
41;2;2;0;0
42;2;34;0;0
43;2;34;0;0
44;2;34;0;0
45;2;2;0;0
46;2;34;0;0
47;2;2;0;0
48;2;2;0;0
49;2;2;0;0
0;3;34;0;0
1;3;34;0;0
2;3;34;0;0
3;3;34;0;0
4;3;34;0;0
5;3;34;0;0
6;3;34;0;0
7;3;34;0;0
8;3;34;0;0
9;3;34;0;0
10;3;34;0;0
11;3;34;0;0
12;3;34;0;0
13;3;34;0;0
14;3;2;0;0
15;3;2;0;0
16;3;2;0;0
17;3;2;0;0
18;3;2;0;0
19;3;6402;0;0
20;3;34;0;0
21;3;34;0;0
22;3;2;0;0
23;3;2;0;0
24;3;2;0;0
25;3;2;0;0
26;3;2;0;0
27;3;2;0;0
28;3;34;0;0
29;3;34;0;0
30;3;34;0;0
31;3;34;0;0
32;3;2;0;0
33;3;2;0;0
34;3;2;0;0
35;3;2;0;0
36;3;2;0;0
37;3;34;0;0
38;3;34;0;0
39;3;2;0;0
40;3;16642;0;0
41;3;8;0;0
42;3;34;0;0
43;3;34;0;0
44;3;2;0;0
45;3;2;0;0
46;3;2;0;0
47;3;2;0;0
48;3;2;0;0
49;3;2;0;0
0;4;34;0;0
1;4;34;0;0
2;4;34;0;0
3;4;34;0;0
4;4;34;0;0
5;4;34;0;0
6;4;34;0;0
7;4;34;0;0
8;4;34;0;0
9;4;34;0;0
10;4;34;0;0
11;4;34;0;0
12;4;2;0;0
13;4;2;0;0
14;4;2;0;0
15;4;2;0;0
16;4;25670;0;0
17;4;26694;0;0
18;4;8450;0;0
19;4;8;0;0
20;4;8;0;0
21;4;4354;0;0
22;4;2;0;0
23;4;2;0;0
24;4;2;0;0
25;4;2;0;0
26;4;2;0;0
27;4;2;0;0
28;4;2;0;0
29;4;34;0;0
30;4;34;0;0
31;4;2;0;0
32;4;2;0;0
33;4;2;0;0
34;4;2;0;0
35;4;2;0;0
36;4;2;0;0
37;4;2;0;0
38;4;2;0;0
39;4;8450;0;0
40;4;8;0;0
41;4;8;0;0
42;4;34;0;0
43;4;2;0;0
44;4;2;0;0
45;4;2;0;0
46;4;2;0;0
47;4;17478;0;0
48;4;18502;0;0
49;4;2;0;0
0;5;34;0;0
1;5;34;0;0
2;5;34;0;0
3;5;34;0;0
4;5;34;0;0
5;5;34;0;0
6;5;34;0;0
7;5;34;0;0
8;5;34;0;0
9;5;34;0;0
10;5;2;0;0
11;5;2;0;0
12;5;2;0;0
13;5;2;0;0
14;5;2;0;0
15;5;2;0;0
16;5;27718;0;0
17;5;28742;0;0
18;5;7426;0;0
19;5;8;0;0
20;5;8;0;0
21;5;3330;0;0
22;5;2;0;0
23;5;2;0;0
24;5;2;0;0
25;5;2;0;0
26;5;2;0;0
27;5;2;0;0
28;5;2;0;0
29;5;2;0;0
30;5;2;0;0
31;5;2;0;0
32;5;2;0;0
33;5;2;0;0
34;5;2;0;0
35;5;2;0;0
36;5;2;0;0
37;5;2;0;0
38;5;2;0;0
39;5;12546;0;0
40;5;8;0;0
41;5;8;0;0
42;5;10498;0;0
43;5;2;0;0
44;5;2;0;0
45;5;2;0;0
46;5;19526;0;0
47;5;6;0;0
48;5;6;0;0
49;5;34;0;0
0;6;34;0;0
1;6;34;0;0
2;6;34;0;0
3;6;34;0;0
4;6;34;0;0
5;6;34;0;0
6;6;34;0;0
7;6;34;0;0
8;6;34;0;0
9;6;34;0;0
10;6;2;0;0
11;6;2;0;0
12;6;2;0;0
13;6;2;0;0
14;6;2;0;0
15;6;2;0;0
16;6;2;0;0
17;6;2;0;0
18;6;2;0;0
19;6;2306;0;0
20;6;1282;0;0
21;6;2;0;0
22;6;2;0;0
23;6;2;0;0
24;6;2;0;0
25;6;2;0;0
26;6;2;0;0
27;6;2;0;0
28;6;2;0;0
29;6;2;0;0
30;6;2;0;0
31;6;2;0;0
32;6;2;0;0
33;6;2;0;0
34;6;2;0;0
35;6;2;0;0
36;6;2;0;0
37;6;2;0;0
38;6;2;0;0
39;6;7426;0;0
40;6;8;0;0
41;6;8;0;0
42;6;3330;0;0
43;6;2;0;0
44;6;2;0;0
45;6;2;0;0
46;6;27718;0;0
47;6;11334;0;0
48;6;11334;0;0
49;6;34;0;0
0;7;34;0;0
1;7;34;0;0
2;7;34;0;0
3;7;34;0;0
4;7;34;0;0
5;7;34;0;0
6;7;34;0;0
7;7;2;0;0
8;7;2;0;0
9;7;2;0;0
10;7;2;0;0
11;7;2;0;0
12;7;6626;0;0
13;7;11746;0;0
14;7;5602;0;0
15;7;2;0;0
16;7;2;0;0
17;7;2;0;0
18;7;2;0;0
19;7;2;0;0
20;7;2;0;0
21;7;2;0;0
22;7;2;0;0
23;7;2;0;0
24;7;2;0;0
25;7;2;0;0
26;7;2;0;0
27;7;2;0;0
28;7;2;0;0
29;7;2;0;0
30;7;2;0;0
31;7;2;0;0
32;7;2;0;0
33;7;2;0;0
34;7;2;0;0
35;7;2;0;0
36;7;6626;0;0
37;7;11746;0;0
38;7;5602;0;0
39;7;2;0;0
40;7;2306;0;0
41;7;1282;0;0
42;7;2;0;0
43;7;2;0;0
44;7;2;0;0
45;7;2;0;0
46;7;2;0;0
47;7;2;0;0
48;7;2;0;0
49;7;2;0;0
0;8;34;0;0
1;8;34;0;0
2;8;34;0;0
3;8;2;0;0
4;8;2;0;0
5;8;2;0;0
6;8;6402;0;0
7;8;5378;0;0
8;8;2;0;0
9;8;2;0;0
10;8;2;0;0
11;8;8674;0;0
12;8;15;0;0
13;8;15;0;0
14;8;15;0;0
15;8;4578;0;0
16;8;2;0;0
17;8;2;0;0
18;8;2;0;0
19;8;2;0;0
20;8;2;0;0
21;8;2;0;0
22;8;2;0;0
23;8;2;0;0
24;8;2;0;0
25;8;2;0;0
26;8;2;0;0
27;8;2;0;0
28;8;2;0;0
29;8;2;0;0
30;8;2;0;0
31;8;2;0;0
32;8;2;0;0
33;8;2;0;0
34;8;2;0;0
35;8;8674;0;0
36;8;15;0;0
37;8;15;0;0
38;8;15;0;0
39;8;2;0;0
40;8;2;0;0
41;8;2;0;0
42;8;2;0;0
43;8;2;0;0
44;8;2;0;0
45;8;2;0;0
46;8;2;0;0
47;8;2;0;0
48;8;2;0;0
49;8;2;0;0
0;9;34;0;0
1;9;2;0;0
2;9;2;0;0
3;9;2;0;0
4;9;2;0;0
5;9;8450;0;0
6;9;8;0;0
7;9;8;0;0
8;9;4354;0;0
9;9;2;0;0
10;9;2;0;0
11;9;25058;0;0
12;9;15;0;0
13;9;15;0;0
14;9;15;0;0
15;9;3554;0;0
16;9;2;0;0
17;9;2;0;0
18;9;2;0;0
19;9;2;0;0
20;9;2;0;0
21;9;2;0;0
22;9;2;0;0
23;9;2;0;0
24;9;2;0;0
25;9;34;0;0
26;9;2;0;0
27;9;2;0;0
28;9;2;0;0
29;9;2;0;0
30;9;2;0;0
31;9;2;0;0
32;9;2;0;0
33;9;2;0;0
34;9;2;0;0
35;9;7650;0;0
36;9;15;0;0
37;9;17890;0;0
38;9;1506;0;0
39;9;2;0;0
40;9;2;0;0
41;9;2;0;0
42;9;2;0;0
43;9;2;0;0
44;9;2;0;0
45;9;2;0;0
46;9;2;0;0
47;9;2;0;0
48;9;2;0;0
49;9;34;0;0
0;10;2;0;0
1;10;2;0;0
2;10;2;0;0
3;10;2;0;0
4;10;2;0;0
5;10;7426;0;0
6;10;8;0;0
7;10;8;0;0
8;10;3330;0;0
9;10;2;0;0
10;10;8674;0;0
11;10;15;0;0
12;10;15;0;0
13;10;15;0;0
14;10;13794;0;0
15;10;2;0;0
16;10;2;0;0
17;10;34;0;0
18;10;2;0;0
19;10;2;0;0
20;10;2;0;0
21;10;2;0;0
22;10;2;0;0
23;10;2;0;0
24;10;34;0;0
25;10;34;0;0
26;10;34;0;0
27;10;2;0;0
28;10;2;0;0
29;10;6626;0;0
30;10;5602;0;0
31;10;2;0;0
32;10;2;0;0
33;10;2;0;0
34;10;2;0;0
35;10;2;0;0
36;10;2;0;0
37;10;2;0;0
38;10;2;0;0
39;10;2;0;0
40;10;34;0;0
41;10;34;0;0
42;10;2;0;0
43;10;2;0;0
44;10;2;0;0
45;10;34;0;0
46;10;34;0;0
47;10;34;0;0
48;10;34;0;0
49;10;34;0;0
0;11;2;0;0
1;11;2;0;0
2;11;2;0;0
3;11;2;0;0
4;11;2;0;0
5;11;2;0;0
6;11;2306;0;0
7;11;1282;0;0
8;11;2;0;0
9;11;2;0;0
10;11;7650;0;0
11;11;15;0;0
12;11;17890;0;0
13;11;1506;0;0
14;11;2;0;0
15;11;2;0;0
16;11;2;0;0
17;11;34;0;0
18;11;34;0;0
19;11;2;0;0
20;11;2;0;0
21;11;2;0;0
22;11;34;0;0
23;11;34;0;0
24;11;34;0;0
25;11;34;0;0
26;11;2;0;0
27;11;2;0;0
28;11;8674;0;0
29;11;15;0;0
30;11;15;0;0
31;11;4578;0;0
32;11;2;0;0
33;11;2;0;0
34;11;2;0;0
35;11;2;0;0
36;11;2;0;0
37;11;2;0;0
38;11;2;0;0
39;11;34;0;0
40;11;34;0;0
41;11;34;0;0
42;11;34;0;0
43;11;34;0;0
44;11;34;0;0
45;11;34;0;0
46;11;34;0;0
47;11;34;0;0
48;11;34;0;0
49;11;34;0;0
0;12;2;0;0
1;12;2;0;0
2;12;2;0;0
3;12;2;0;0
4;12;2;0;0
5;12;2;0;0
6;12;2;0;0
7;12;2;0;0
8;12;2;0;0
9;12;2;0;0
10;12;2;0;0
11;12;2;0;0
12;12;2;0;0
13;12;2;0;0
14;12;2;0;0
15;12;2;0;0
16;12;34;0;0
17;12;34;0;0
18;12;34;0;0
19;12;34;0;0
20;12;2;0;0
21;12;34;0;0
22;12;34;0;0
23;12;34;0;0
24;12;34;0;0
25;12;2;0;0
26;12;2;0;0
27;12;25670;0;0
28;12;1094;0;0
29;12;15;0;0
30;12;15;0;0
31;12;3554;0;0
32;12;2;0;0
33;12;2;0;0
34;12;2;0;0
35;12;2;0;0
36;12;2;0;0
37;12;34;0;0
38;12;34;0;0
39;12;34;0;0
40;12;34;0;0
41;12;34;0;0
42;12;34;0;0
43;12;34;0;0
44;12;34;0;0
45;12;34;0;0
46;12;34;0;0
47;12;34;0;0
48;12;34;0;0
49;12;34;0;0
0;13;34;0;0
1;13;2;0;0
2;13;2;0;0
3;13;2;0;0
4;13;2;0;0
5;13;2;0;0
6;13;2;0;0
7;13;2;0;0
8;13;2;0;0
9;13;2;0;0
10;13;2;0;0
11;13;2;0;0
12;13;2;0;0
13;13;2;0;0
14;13;34;0;0
15;13;34;0;0
16;13;34;0;0
17;13;34;0;0
18;13;34;0;0
19;13;34;0;0
20;13;34;0;0
21;13;34;0;0
22;13;34;0;0
23;13;34;0;0
24;13;2;0;0
25;13;2;0;0
26;13;2;0;0
27;13;20550;0;0
28;13;16646;0;0
29;13;2536;0;0
30;13;1506;0;0
31;13;2;0;0
32;13;2;0;0
33;13;2;0;0
34;13;34;0;0
35;13;34;0;0
36;13;34;0;0
37;13;34;0;0
38;13;34;0;0
39;13;34;0;0
40;13;34;0;0
41;13;34;0;0
42;13;34;0;0
43;13;34;0;0
44;13;34;0;0
45;13;34;0;0
46;13;34;0;0
47;13;34;0;0
48;13;34;0;0
49;13;34;0;0
0;14;34;0;0
1;14;34;0;0
2;14;2;0;0
3;14;2;0;0
4;14;2;0;0
5;14;2;0;0
6;14;2;0;0
7;14;2;0;0
8;14;2;0;0
9;14;6402;0;0
10;14;11522;0;0
11;14;5378;0;0
12;14;2;0;0
13;14;2;0;0
14;14;34;0;0
15;14;34;0;0
16;14;34;0;0
17;14;34;0;0
18;14;34;0;0
19;14;34;0;0
20;14;34;0;0
21;14;34;0;0
22;14;34;0;0
23;14;2;0;0
24;14;2;0;0
25;14;2;0;0
26;14;2;0;0
27;14;8450;0;0
28;14;8;0;0
29;14;8;0;0
30;14;8;0;0
31;14;4354;0;0
32;14;2;0;0
33;14;2;0;0
34;14;2;0;0
35;14;2;0;0
36;14;34;0;0
37;14;34;0;0
38;14;34;0;0
39;14;34;0;0
40;14;34;0;0
41;14;34;0;0
42;14;34;0;0
43;14;34;0;0
44;14;34;0;0
45;14;34;0;0
46;14;34;0;0
47;14;34;0;0
48;14;34;0;0
49;14;34;0;0
0;15;34;0;0
1;15;34;0;0
2;15;34;0;0
3;15;2;0;0
4;15;2;0;0
5;15;2;0;0
6;15;2;0;0
7;15;2;0;0
8;15;16642;0;0
9;15;8;0;0
10;15;8;0;0
11;15;8;0;0
12;15;26694;0;0
13;15;2;0;0
14;15;34;0;0
15;15;34;0;0
16;15;34;0;0
17;15;34;0;0
18;15;34;0;0
19;15;34;0;0
20;15;34;0;0
21;15;34;0;0
22;15;34;0;0
23;15;2;0;0
24;15;2;0;0
25;15;2;0;0
26;15;2;0;0
27;15;7426;0;0
28;15;8;0;0
29;15;8;0;0
30;15;8;0;0
31;15;3330;0;0
32;15;2;0;0
33;15;2;0;0
34;15;2;0;0
35;15;2;0;0
36;15;2;0;0
37;15;34;0;0
38;15;34;0;0
39;15;34;0;0
40;15;34;0;0
41;15;34;0;0
42;15;34;0;0
43;15;34;0;0
44;15;34;0;0
45;15;34;0;0
46;15;34;0;0
47;15;34;0;0
48;15;34;0;0
49;15;34;0;0
0;16;34;0;0
1;16;34;0;0
2;16;34;0;0
3;16;2;0;0
4;16;2;0;0
5;16;2;0;0
6;16;2;0;0
7;16;25670;0;0
8;16;8;0;0
9;16;8;0;0
10;16;8;0;0
11;16;13574;0;0
12;16;12358;0;0
13;16;2;0;0
14;16;2;0;0
15;16;34;0;0
16;16;34;0;0
17;16;34;0;0
18;16;34;0;0
19;16;34;0;0
20;16;34;0;0
21;16;34;0;0
22;16;2;0;0
23;16;2;0;0
24;16;25670;0;0
25;16;18502;0;0
26;16;2;0;0
27;16;2;0;0
28;16;2306;0;0
29;16;9474;0;0
30;16;1282;0;0
31;16;2;0;0
32;16;2;0;0
33;16;2;0;0
34;16;2;0;0
35;16;2;0;0
36;16;2;0;0
37;16;3142;0;0
38;16;6;0;0
39;16;34;0;0
40;16;34;0;0
41;16;34;0;0
42;16;34;0;0
43;16;34;0;0
44;16;34;0;0
45;16;34;0;0
46;16;34;0;0
47;16;34;0;0
48;16;34;0;0
49;16;34;0;0
0;17;34;0;0
1;17;34;0;0
2;17;34;0;0
3;17;34;0;0
4;17;2;0;0
5;17;2;0;0
6;17;2;0;0
7;17;10310;0;0
8;17;14598;0;0
9;17;8;0;0
10;17;13574;0;0
11;17;6;0;0
12;17;24646;0;0
13;17;2;0;0
14;17;2;0;0
15;17;34;0;0
16;17;34;0;0
17;17;34;0;0
18;17;34;0;0
19;17;34;0;0
20;17;34;0;0
21;17;2;0;0
22;17;2;0;0
23;17;2;0;0
24;17;20550;0;0
25;17;6;0;0
26;17;2118;0;0
27;17;26694;0;0
28;17;2;0;0
29;17;2;0;0
30;17;2;0;0
31;17;2;0;0
32;17;2;0;0
33;17;2;0;0
34;17;2;0;0
35;17;2;0;0
36;17;13382;0;0
37;17;6;0;0
38;17;6214;0;0
39;17;34;0;0
40;17;34;0;0
41;17;34;0;0
42;17;34;0;0
43;17;34;0;0
44;17;34;0;0
45;17;34;0;0
46;17;34;0;0
47;17;34;0;0
48;17;34;0;0
49;17;34;0;0
0;18;34;0;0
1;18;34;0;0
2;18;34;0;0
3;18;34;0;0
4;18;34;0;0
5;18;2;0;0
6;18;2;0;0
7;18;27718;0;0
8;18;11334;0;0
9;18;5190;0;0
10;18;6;0;0
11;18;8262;0;0
12;18;2;0;0
13;18;2;0;0
14;18;2;0;0
15;18;34;0;0
16;18;34;0;0
17;18;34;0;0
18;18;34;0;0
19;18;34;0;0
20;18;34;0;0
21;18;34;0;0
22;18;2;0;0
23;18;2;0;0
24;18;2;0;0
25;18;22598;0;0
26;18;11334;0;0
27;18;28742;0;0
28;18;2;0;0
29;18;2;0;0
30;18;2;0;0
31;18;6626;0;0
32;18;5602;0;0
33;18;2;0;0
34;18;25670;0;0
35;18;1094;0;0
36;18;6;0;0
37;18;16454;0;0
38;18;2;0;0
39;18;2;0;0
40;18;34;0;0
41;18;34;0;0
42;18;34;0;0
43;18;34;0;0
44;18;34;0;0
45;18;34;0;0
46;18;34;0;0
47;18;34;0;0
48;18;34;0;0
49;18;34;0;0
0;19;34;0;0
1;19;34;0;0
2;19;34;0;0
3;19;34;0;0
4;19;34;0;0
5;19;2;0;0
6;19;2;0;0
7;19;2;0;0
8;19;2;0;0
9;19;2;0;0
10;19;22598;0;0
11;19;28742;0;0
12;19;2;0;0
13;19;2;0;0
14;19;34;0;0
15;19;34;0;0
16;19;34;0;0
17;19;34;0;0
18;19;34;0;0
19;19;34;0;0
20;19;34;0;0
21;19;34;0;0
22;19;34;0;0
23;19;34;0;0
24;19;2;0;0
25;19;2;0;0
26;19;2;0;0
27;19;2;0;0
28;19;2;0;0
29;19;6626;0;0
30;19;21986;0;0
31;19;15;0;0
32;19;15;0;0
33;19;4578;0;0
34;19;27718;0;0
35;19;11334;0;0
36;19;21574;0;0
37;19;2;0;0
38;19;2;0;0
39;19;2;0;0
40;19;34;0;0
41;19;34;0;0
42;19;34;0;0
43;19;34;0;0
44;19;34;0;0
45;19;2;0;0
46;19;34;0;0
47;19;34;0;0
48;19;34;0;0
49;19;34;0;0
0;20;34;0;0
1;20;34;0;0
2;20;34;0;0
3;20;34;0;0
4;20;34;0;0
5;20;34;0;0
6;20;2;0;0
7;20;2;0;0
8;20;2;0;0
9;20;2;0;0
10;20;2;0;0
11;20;2;0;0
12;20;2;0;0
13;20;2;0;0
14;20;2;0;0
15;20;34;0;0
16;20;34;0;0
17;20;34;0;0
18;20;34;0;0
19;20;34;0;0
20;20;34;0;0
21;20;34;0;0
22;20;34;0;0
23;20;34;0;0
24;20;34;0;0
25;20;2;0;0
26;20;2;0;0
27;20;2;0;0
28;20;2;0;0
29;20;15;0;0
30;20;15;0;0
31;20;15;0;0
32;20;15;0;0
33;20;10722;0;0
34;20;2;0;0
35;20;2;0;0
36;20;2;0;0
37;20;2;0;0
38;20;2;0;0
39;20;34;0;0
40;20;34;0;0
41;20;34;0;0
42;20;34;0;0
43;20;34;0;0
44;20;2;0;0
45;20;2;0;0
46;20;2;0;0
47;20;34;0;0
48;20;34;0;0
49;20;34;0;0
0;21;34;0;0
1;21;34;0;0
2;21;34;0;0
3;21;34;0;0
4;21;34;0;0
5;21;34;0;0
6;21;34;0;0
7;21;2;0;0
8;21;2;0;0
9;21;2;0;0
10;21;2;0;0
11;21;2;0;0
12;21;2;0;0
13;21;2;0;0
14;21;2;0;0
15;21;2;0;0
16;21;34;0;0
17;21;34;0;0
18;21;34;0;0
19;21;34;0;0
20;21;34;0;0
21;21;34;0;0
22;21;34;0;0
23;21;34;0;0
24;21;34;0;0
25;21;2;0;0
26;21;2;0;0
27;21;2;0;0
28;21;2;0;0
29;21;2530;0;0
30;21;18914;0;0
31;21;15;0;0
32;21;15;0;0
33;21;3554;0;0
34;21;2;0;0
35;21;2;0;0
36;21;2;0;0
37;21;2;0;0
38;21;34;0;0
39;21;34;0;0
40;21;34;0;0
41;21;34;0;0
42;21;34;0;0
43;21;2;0;0
44;21;2;0;0
45;21;2;0;0
46;21;2;0;0
47;21;34;0;0
48;21;34;0;0
49;21;34;0;0
0;22;34;0;0
1;22;34;0;0
2;22;34;0;0
3;22;34;0;0
4;22;34;0;0
5;22;34;0;0
6;22;34;0;0
7;22;2;0;0
8;22;8450;0;0
9;22;8;0;0
10;22;4354;0;0
11;22;2;0;0
12;22;2;0;0
13;22;2;0;0
14;22;2;0;0
15;22;2;0;0
16;22;2;0;0
17;22;34;0;0
18;22;34;0;0
19;22;34;0;0
20;22;34;0;0
21;22;34;0;0
22;22;34;0;0
23;22;2;0;0
24;22;2;0;0
25;22;2;0;0
26;22;2;0;0
27;22;2;0;0
28;22;2;0;0
29;22;2;0;0
30;22;2;0;0
31;22;2530;0;0
32;22;1506;0;0
33;22;2;0;0
34;22;2;0;0
35;22;34;0;0
36;22;34;0;0
37;22;34;0;0
38;22;34;0;0
39;22;34;0;0
40;22;34;0;0
41;22;34;0;0
42;22;2;0;0
43;22;2;0;0
44;22;2;0;0
45;22;2;0;0
46;22;2;0;0
47;22;2;0;0
48;22;34;0;0
49;22;34;0;0
0;23;34;0;0
1;23;34;0;0
2;23;34;0;0
3;23;34;0;0
4;23;34;0;0
5;23;2;0;0
6;23;2;0;0
7;23;2;0;0
8;23;7426;0;0
9;23;8;0;0
10;23;3330;0;0
11;23;2;0;0
12;23;2;0;0
13;23;2;0;0
14;23;2;0;0
15;23;2;0;0
16;23;2;0;0
17;23;2;0;0
18;23;34;0;0
19;23;34;0;0
20;23;34;0;0
21;23;34;0;0
22;23;2;0;0
23;23;6402;0;0
24;23;21762;0;0
25;23;8;0;0
26;23;15618;0;0
27;23;2;0;0
28;23;2;0;0
29;23;2;0;0
30;23;2;0;0
31;23;2;0;0
32;23;2;0;0
33;23;2;0;0
34;23;34;0;0
35;23;34;0;0
36;23;34;0;0
37;23;34;0;0
38;23;34;0;0
39;23;34;0;0
40;23;34;0;0
41;23;34;0;0
42;23;2;0;0
43;23;2;0;0
44;23;2;0;0
45;23;2;0;0
46;23;2;0;0
47;23;2;0;0
48;23;2;0;0
49;23;34;0;0
0;24;34;0;0
1;24;34;0;0
2;24;34;0;0
3;24;34;0;0
4;24;2;0;0
5;24;2;0;0
6;24;2;0;0
7;24;2;0;0
8;24;2;0;0
9;24;2;0;0
10;24;2;0;0
11;24;2;0;0
12;24;2;0;0
13;24;2;0;0
14;24;2;0;0
15;24;2;0;0
16;24;2;0;0
17;24;2;0;0
18;24;34;0;0
19;24;2;0;0
20;24;2;0;0
21;24;2;0;0
22;24;8450;0;0
23;24;8;0;0
24;24;8;0;0
25;24;8;0;0
26;24;8;0;0
27;24;4354;0;0
28;24;2;0;0
29;24;2;0;0
30;24;2;0;0
31;24;2;0;0
32;24;2;0;0
33;24;2;0;0
34;24;2;0;0
35;24;2;0;0
36;24;34;0;0
37;24;34;0;0
38;24;34;0;0
39;24;34;0;0
40;24;34;0;0
41;24;2;0;0
42;24;2;0;0
43;24;2;0;0
44;24;16866;0;0
45;24;15;0;0
46;24;4578;0;0
47;24;2;0;0
48;24;2;0;0
49;24;2;0;0
0;25;34;0;0
1;25;34;0;0
2;25;34;0;0
3;25;2;0;0
4;25;2;0;0
5;25;2;0;0
6;25;2;0;0
7;25;2;0;0
8;25;2;0;0
9;25;2;0;0
10;25;2;0;0
11;25;6626;0;0
12;25;5602;0;0
13;25;2;0;0
14;25;2;0;0
15;25;2;0;0
16;25;2;0;0
17;25;34;0;0
18;25;34;0;0
19;25;2;0;0
20;25;2;0;0
21;25;2;0;0
22;25;7426;0;0
23;25;8;0;0
24;25;8;0;0
25;25;8;0;0
26;25;8;0;0
27;25;10498;0;0
28;25;2;0;0
29;25;2;0;0
30;25;2;0;0
31;25;2;0;0
32;25;2;0;0
33;25;2;0;0
34;25;2;0;0
35;25;2;0;0
36;25;2;0;0
37;25;34;0;0
38;25;34;0;0
39;25;34;0;0
40;25;34;0;0
41;25;2;0;0
42;25;2;0;0
43;25;8674;0;0
44;25;15;0;0
45;25;15;0;0
46;25;3554;0;0
47;25;25670;0;0
48;25;9286;0;0
49;25;1094;0;0
0;26;34;0;0
1;26;34;0;0
2;26;2;0;0
3;26;2;0;0
4;26;2;0;0
5;26;2;0;0
6;26;2;0;0
7;26;2;0;0
8;26;2;0;0
9;26;2;0;0
10;26;8674;0;0
11;26;15;0;0
12;26;15;0;0
13;26;4578;0;0
14;26;2;0;0
15;26;2;0;0
16;26;2;0;0
17;26;34;0;0
18;26;34;0;0
19;26;2;0;0
20;26;2;0;0
21;26;2;0;0
22;26;2;0;0
23;26;6626;0;0
24;26;5608;0;0
25;26;8;0;0
26;26;8;0;0
27;26;3330;0;0
28;26;2;0;0
29;26;2;0;0
30;26;2;0;0
31;26;2;0;0
32;26;6626;0;0
33;26;5602;0;0
34;26;2;0;0
35;26;2;0;0
36;26;2;0;0
37;26;34;0;0
38;26;34;0;0
39;26;2;0;0
40;26;2;0;0
41;26;2;0;0
42;26;2;0;0
43;26;7650;0;0
44;26;15;0;0
45;26;13794;0;0
46;26;2;0;0
47;26;27718;0;0
48;26;5190;0;0
49;26;6;0;0
0;27;34;0;0
1;27;34;0;0
2;27;2;0;0
3;27;2;0;0
4;27;2;0;0
5;27;2;0;0
6;27;2;0;0
7;27;2;0;0
8;27;2;0;0
9;27;2;0;0
10;27;25058;0;0
11;27;15;0;0
12;27;15;0;0
13;27;3554;0;0
14;27;2;0;0
15;27;2;0;0
16;27;34;0;0
17;27;34;0;0
18;27;34;0;0
19;27;2;0;0
20;27;2;0;0
21;27;6626;0;0
22;27;21986;0;0
23;27;15;0;0
24;27;15;0;0
25;27;4584;0;0
26;27;13570;0;0
27;27;2;0;0
28;27;2;0;0
29;27;2;0;0
30;27;2;0;0
31;27;8674;0;0
32;27;15;0;0
33;27;15;0;0
34;27;4578;0;0
35;27;2;0;0
36;27;2;0;0
37;27;2;0;0
38;27;2;0;0
39;27;2;0;0
40;27;2;0;0
41;27;2;0;0
42;27;2;0;0
43;27;2;0;0
44;27;2;0;0
45;27;2;0;0
46;27;2;0;0
47;27;2;0;0
48;27;2;0;0
49;27;34;0;0
0;28;34;0;0
1;28;34;0;0
2;28;2;0;0
3;28;2;0;0
4;28;2;0;0
5;28;2;0;0
6;28;2;0;0
7;28;2;0;0
8;28;2;0;0
9;28;2;0;0
10;28;15;0;0
11;28;15;0;0
12;28;13794;0;0
13;28;2;0;0
14;28;2;0;0
15;28;34;0;0
16;28;34;0;0
17;28;34;0;0
18;28;2;0;0
19;28;2;0;0
20;28;8674;0;0
21;28;15;0;0
22;28;15;0;0
23;28;15;0;0
24;28;15;0;0
25;28;3554;0;0
26;28;2;0;0
27;28;2;0;0
28;28;2;0;0
29;28;2;0;0
30;28;2;0;0
31;28;7650;0;0
32;28;15;0;0
33;28;15;0;0
34;28;3554;0;0
35;28;2;0;0
36;28;2;0;0
37;28;2;0;0
38;28;2;0;0
39;28;2;0;0
40;28;2;0;0
41;28;2;0;0
42;28;2;0;0
43;28;2;0;0
44;28;2;0;0
45;28;2;0;0
46;28;2;0;0
47;28;2;0;0
48;28;34;0;0
49;28;34;0;0
0;29;34;0;0
1;29;34;0;0
2;29;34;0;0
3;29;2;0;0
4;29;2;0;0
5;29;2;0;0
6;29;2;0;0
7;29;2;0;0
8;29;2;0;0
9;29;2;0;0
10;29;2530;0;0
11;29;1506;0;0
12;29;2;0;0
13;29;2;0;0
14;29;2;0;0
15;29;34;0;0
16;29;34;0;0
17;29;2;0;0
18;29;2;0;0
19;29;2;0;0
20;29;7650;0;0
21;29;15;0;0
22;29;15;0;0
23;29;17890;0;0
24;29;1506;0;0
25;29;2;0;0
26;29;2;0;0
27;29;2;0;0
28;29;2;0;0
29;29;2;0;0
30;29;2;0;0
31;29;2;0;0
32;29;2530;0;0
33;29;1506;0;0
34;29;2;0;0
35;29;2;0;0
36;29;2;0;0
37;29;2;0;0
38;29;2;0;0
39;29;2;0;0
40;29;2;0;0
41;29;2;0;0
42;29;2;0;0
43;29;2;0;0
44;29;2;0;0
45;29;2;0;0
46;29;2;0;0
47;29;2;0;0
48;29;34;0;0
49;29;34;0;0
0;30;34;0;0
1;30;34;0;0
2;30;34;0;0
3;30;34;0;0
4;30;2;0;0
5;30;2;0;0
6;30;2;0;0
7;30;2;0;0
8;30;2;0;0
9;30;2;0;0
10;30;2;0;0
11;30;6402;0;0
12;30;5378;0;0
13;30;2;0;0
14;30;2;0;0
15;30;2;0;0
16;30;2;0;0
17;30;2;0;0
18;30;2;0;0
19;30;2;0;0
20;30;2;0;0
21;30;2530;0;0
22;30;1510;0;0
23;30;2118;0;0
24;30;9286;0;0
25;30;26694;0;0
26;30;2;0;0
27;30;2;0;0
28;30;2;0;0
29;30;2;0;0
30;30;2;0;0
31;30;2;0;0
32;30;2;0;0
33;30;2;0;0
34;30;2;0;0
35;30;2;0;0
36;30;2;0;0
37;30;2;0;0
38;30;6402;0;0
39;30;11522;0;0
40;30;5378;0;0
41;30;2;0;0
42;30;2;0;0
43;30;2;0;0
44;30;2;0;0
45;30;2;0;0
46;30;2;0;0
47;30;2;0;0
48;30;34;0;0
49;30;34;0;0
0;31;34;0;0
1;31;34;0;0
2;31;34;0;0
3;31;34;0;0
4;31;34;0;0
5;31;2;0;0
6;31;2;0;0
7;31;2;0;0
8;31;2;0;0
9;31;2;0;0
10;31;16642;0;0
11;31;8;0;0
12;31;8;0;0
13;31;4354;0;0
14;31;2;0;0
15;31;2;0;0
16;31;2;0;0
17;31;2;0;0
18;31;2;0;0
19;31;2;0;0
20;31;2;0;0
21;31;2;0;0
22;31;10310;0;0
23;31;6;0;0
24;31;6;0;0
25;31;24646;0;0
26;31;2;0;0
27;31;2;0;0
28;31;2;0;0
29;31;2;0;0
30;31;2;0;0
31;31;2;0;0
32;31;2;0;0
33;31;2;0;0
34;31;2;0;0
35;31;2;0;0
36;31;2;0;0
37;31;8450;0;0
38;31;8;0;0
39;31;8;0;0
40;31;8;0;0
41;31;4354;0;0
42;31;2;0;0
43;31;2;0;0
44;31;2;0;0
45;31;2;0;0
46;31;2;0;0
47;31;2;0;0
48;31;34;0;0
49;31;34;0;0
0;32;34;0;0
1;32;34;0;0
2;32;34;0;0
3;32;34;0;0
4;32;34;0;0
5;32;2;0;0
6;32;2;0;0
7;32;2;0;0
8;32;2;0;0
9;32;8450;0;0
10;32;8;0;0
11;32;8;0;0
12;32;8;0;0
13;32;10498;0;0
14;32;2;0;0
15;32;2;0;0
16;32;2;0;0
17;32;2;0;0
18;32;2;0;0
19;32;2;0;0
20;32;2;0;0
21;32;2;0;0
22;32;10310;0;0
23;32;6;0;0
24;32;16454;0;0
25;32;2;0;0
26;32;2;0;0
27;32;2;0;0
28;32;2;0;0
29;32;2;0;0
30;32;2;0;0
31;32;17478;0;0
32;32;26694;0;0
33;32;2;0;0
34;32;2;0;0
35;32;2;0;0
36;32;2;0;0
37;32;7426;0;0
38;32;8;0;0
39;32;8;0;0
40;32;8;0;0
41;32;3330;0;0
42;32;2;0;0
43;32;2;0;0
44;32;8674;0;0
45;32;15;0;0
46;32;4578;0;0
47;32;34;0;0
48;32;34;0;0
49;32;34;0;0
0;33;34;0;0
1;33;34;0;0
2;33;34;0;0
3;33;34;0;0
4;33;34;0;0
5;33;2;0;0
6;33;2;0;0
7;33;2;0;0
8;33;2;0;0
9;33;7426;0;0
10;33;8;0;0
11;33;8;0;0
12;33;8;0;0
13;33;10498;0;0
14;33;2;0;0
15;33;2;0;0
16;33;2;0;0
17;33;2;0;0
18;33;2;0;0
19;33;2;0;0
20;33;2;0;0
21;33;2;0;0
22;33;3142;0;0
23;33;8262;0;0
24;33;2;0;0
25;33;2;0;0
26;33;2;0;0
27;33;2;0;0
28;33;2;0;0
29;33;2;0;0
30;33;13382;0;0
31;33;6;0;0
32;33;24646;0;0
33;33;2;0;0
34;33;6626;0;0
35;33;5602;0;0
36;33;2;0;0
37;33;2;0;0
38;33;2306;0;0
39;33;9474;0;0
40;33;1282;0;0
41;33;2;0;0
42;33;2;0;0
43;33;2;0;0
44;33;7650;0;0
45;33;15;0;0
46;33;6402;0;0
47;33;34;0;0
48;33;34;0;0
49;33;34;0;0
0;34;34;0;0
1;34;34;0;0
2;34;34;0;0
3;34;34;0;0
4;34;2;0;0
5;34;2;0;0
6;34;2;0;0
7;34;2;0;0
8;34;2;0;0
9;34;2;0;0
10;34;14594;0;0
11;34;8;0;0
12;34;8;0;0
13;34;3330;0;0
14;34;2;0;0
15;34;2;0;0
16;34;2;0;0
17;34;2;0;0
18;34;2;0;0
19;34;2;0;0
20;34;2;0;0
21;34;13382;0;0
22;34;6;0;0
23;34;24646;0;0
24;34;2;0;0
25;34;2;0;0
26;34;2;0;0
27;34;2;0;0
28;34;2;0;0
29;34;19526;0;0
30;34;6;0;0
31;34;16454;0;0
32;34;2;0;0
33;34;8674;0;0
34;34;15;0;0
35;34;15;0;0
36;34;4578;0;0
37;34;2;0;0
38;34;2;0;0
39;34;2;0;0
40;34;2;0;0
41;34;2;0;0
42;34;2;0;0
43;34;2;0;0
44;34;2;0;0
45;34;8450;0;0
46;34;8;0;0
47;34;8;0;0
48;34;34;0;0
49;34;34;0;0
0;35;34;0;0
1;35;34;0;0
2;35;34;0;0
3;35;2;0;0
4;35;2;0;0
5;35;2;0;0
6;35;2;0;0
7;35;2;0;0
8;35;2;0;0
9;35;2;0;0
10;35;2;0;0
11;35;2306;0;0
12;35;1282;0;0
13;35;2;0;0
14;35;2;0;0
15;35;2;0;0
16;35;2;0;0
17;35;2;0;0
18;35;2;0;0
19;35;2;0;0
20;35;19526;0;0
21;35;6;0;0
22;35;8262;0;0
23;35;2;0;0
24;35;2;0;0
25;35;2;0;0
26;35;2;0;0
27;35;2;0;0
28;35;2;0;0
29;35;3142;0;0
30;35;8262;0;0
31;35;2;0;0
32;35;2;0;0
33;35;7650;0;0
34;35;15;0;0
35;35;15;0;0
36;35;3554;0;0
37;35;2;0;0
38;35;2;0;0
39;35;2;0;0
40;35;2;0;0
41;35;2;0;0
42;35;2;0;0
43;35;2;0;0
44;35;2;0;0
45;35;12546;0;0
46;35;8;0;0
47;35;8;0;0
48;35;34;0;0
49;35;34;0;0
0;36;34;0;0
1;36;34;0;0
2;36;34;0;0
3;36;34;0;0
4;36;2;0;0
5;36;2;0;0
6;36;2;0;0
7;36;2;0;0
8;36;2;0;0
9;36;2;0;0
10;36;2;0;0
11;36;2;0;0
12;36;2;0;0
13;36;2;0;0
14;36;2;0;0
15;36;2;0;0
16;36;2;0;0
17;36;2;0;0
18;36;2;0;0
19;36;2;0;0
20;36;20550;0;0
21;36;6;0;0
22;36;7238;0;0
23;36;2;0;0
24;36;2;0;0
25;36;2;0;0
26;36;2;0;0
27;36;2;0;0
28;36;13382;0;0
29;36;6;0;0
30;36;7238;0;0
31;36;2;0;0
32;36;2;0;0
33;36;2;0;0
34;36;2530;0;0
35;36;1506;0;0
36;36;2;0;0
37;36;2;0;0
38;36;2;0;0
39;36;2;0;0
40;36;2;0;0
41;36;2;0;0
42;36;2;0;0
43;36;2;0;0
44;36;2;0;0
45;36;7426;0;0
46;36;8;0;0
47;36;8;0;0
48;36;3330;0;0
49;36;34;0;0
0;37;34;0;0
1;37;34;0;0
2;37;34;0;0
3;37;34;0;0
4;37;34;0;0
5;37;2;0;0
6;37;2;0;0
7;37;2;0;0
8;37;2;0;0
9;37;2;0;0
10;37;2;0;0
11;37;2;0;0
12;37;2;0;0
13;37;2;0;0
14;37;2;0;0
15;37;2;0;0
16;37;2;0;0
17;37;2;0;0
18;37;2;0;0
19;37;2;0;0
20;37;2;0;0
21;37;15430;0;0
22;37;6;0;0
23;37;14406;0;0
24;37;2;0;0
25;37;2;0;0
26;37;17478;0;0
27;37;1094;0;0
28;37;6;0;0
29;37;6;0;0
30;37;6;0;0
31;37;2118;0;0
32;37;9286;0;0
33;37;18502;0;0
34;37;2;0;0
35;37;2;0;0
36;37;2;0;0
37;37;2;0;0
38;37;34;0;0
39;37;2;0;0
40;37;2;0;0
41;37;2;0;0
42;37;2;0;0
43;37;2;0;0
44;37;2;0;0
45;37;2;0;0
46;37;2306;0;0
47;37;1282;0;0
48;37;2;0;0
49;37;2;0;0
0;38;34;0;0
1;38;34;0;0
2;38;34;0;0
3;38;34;0;0
4;38;34;0;0
5;38;34;0;0
6;38;2;0;0
7;38;2;0;0
8;38;2;0;0
9;38;2;0;0
10;38;2;0;0
11;38;2;0;0
12;38;2;0;0
13;38;2;0;0
14;38;2;0;0
15;38;2;0;0
16;38;2;0;0
17;38;2;0;0
18;38;2;0;0
19;38;2;0;0
20;38;2;0;0
21;38;2;0;0
22;38;6;0;0
23;38;6;0;0
24;38;2118;0;0
25;38;1094;0;0
26;38;6;0;0
27;38;6;0;0
28;38;6;0;0
29;38;6;0;0
30;38;6;0;0
31;38;6;0;0
32;38;6;0;0
33;38;6;0;0
34;38;14406;0;0
35;38;2;0;0
36;38;2;0;0
37;38;2;0;0
38;38;34;0;0
39;38;2;0;0
40;38;2;0;0
41;38;2;0;0
42;38;2;0;0
43;38;2;0;0
44;38;2;0;0
45;38;2;0;0
46;38;2;0;0
47;38;2;0;0
48;38;2;0;0
49;38;2;0;0
0;39;34;0;0
1;39;34;0;0
2;39;34;0;0
3;39;34;0;0
4;39;34;0;0
5;39;34;0;0
6;39;2;0;0
7;39;2;0;0
8;39;2;0;0
9;39;2;0;0
10;39;2;0;0
11;39;2;0;0
12;39;2;0;0
13;39;2;0;0
14;39;2;0;0
15;39;2;0;0
16;39;2;0;0
17;39;2;0;0
18;39;25670;0;0
19;39;18502;0;0
20;39;2;0;0
21;39;13382;0;0
22;39;6;0;0
23;39;6;0;0
24;39;6214;0;0
25;39;11334;0;0
26;39;11334;0;0
27;39;11334;0;0
28;39;21574;0;0
29;39;2;0;0
30;39;22598;0;0
31;39;11334;0;0
32;39;5190;0;0
33;39;6;0;0
34;39;6;0;0
35;39;14406;0;0
36;39;2;0;0
37;39;2;0;0
38;39;34;0;0
39;39;34;0;0
40;39;2;0;0
41;39;2;0;0
42;39;2;0;0
43;39;2;0;0
44;39;6626;0;0
45;39;5602;0;0
46;39;2;0;0
47;39;2;0;0
48;39;2;0;0
49;39;34;0;0
0;40;34;0;0
1;40;34;0;0
2;40;34;0;0
3;40;34;0;0
4;40;34;0;0
5;40;34;0;0
6;40;2;0;0
7;40;2;0;0
8;40;2;0;0
9;40;2;0;0
10;40;2;0;0
11;40;2;0;0
12;40;2;0;0
13;40;2;0;0
14;40;2;0;0
15;40;2;0;0
16;40;2;0;0
17;40;2;0;0
18;40;3142;0;0
19;40;6;0;0
20;40;6;0;0
21;40;6;0;0
22;40;6;0;0
23;40;16454;0;0
24;40;2;0;0
25;40;2;0;0
26;40;2;0;0
27;40;2;0;0
28;40;2;0;0
29;40;2;0;0
30;40;2;0;0
31;40;2;0;0
32;40;2;0;0
33;40;15430;0;0
34;40;6;0;0
35;40;6;0;0
36;40;2118;0;0
37;40;34;0;0
38;40;34;0;0
39;40;34;0;0
40;40;34;0;0
41;40;2;0;0
42;40;2;0;0
43;40;8674;0;0
44;40;15;0;0
45;40;15;0;0
46;40;15842;0;0
47;40;2;0;0
48;40;34;0;0
49;40;34;0;0
0;41;34;0;0
1;41;34;0;0
2;41;34;0;0
3;41;34;0;0
4;41;34;0;0
5;41;2;0;0
6;41;2;0;0
7;41;2;0;0
8;41;2;0;0
9;41;2;0;0
10;41;2;0;0
11;41;2;0;0
12;41;2;0;0
13;41;2;0;0
14;41;2;0;0
15;41;2;0;0
16;41;2;0;0
17;41;19526;0;0
18;41;6;0;0
19;41;6;0;0
20;41;6;0;0
21;41;6;0;0
22;41;16454;0;0
23;41;2;0;0
24;41;2;0;0
25;41;2;0;0
26;41;2;0;0
27;41;2;0;0
28;41;2;0;0
29;41;2;0;0
30;41;2;0;0
31;41;2;0;0
32;41;2;0;0
33;41;2;0;0
34;41;22598;0;0
35;41;5190;0;0
36;41;34;0;0
37;41;34;0;0
38;41;34;0;0
39;41;34;0;0
40;41;34;0;0
41;41;2;0;0
42;41;2;0;0
43;41;7650;0;0
44;41;15;0;0
45;41;15;0;0
46;41;15;0;0
47;41;4578;0;0
48;41;2;0;0
49;41;34;0;0
0;42;34;0;0
1;42;34;0;0
2;42;34;0;0
3;42;34;0;0
4;42;2;0;0
5;42;2;0;0
6;42;2;0;0
7;42;2;0;0
8;42;2;0;0
9;42;2;0;0
10;42;6626;0;0
11;42;5602;0;0
12;42;2;0;0
13;42;2;0;0
14;42;2;0;0
15;42;2;0;0
16;42;2;0;0
17;42;10310;0;0
18;42;6;0;0
19;42;6;0;0
20;42;6;0;0
21;42;8262;0;0
22;42;2;0;0
23;42;2;0;0
24;42;2;0;0
25;42;2;0;0
26;42;2;0;0
27;42;2;0;0
28;42;2;0;0
29;42;2;0;0
30;42;2;0;0
31;42;2;0;0
32;42;2;0;0
33;42;2;0;0
34;42;2;0;0
35;42;2;0;0
36;42;34;0;0
37;42;34;0;0
38;42;34;0;0
39;42;34;0;0
40;42;2;0;0
41;42;2;0;0
42;42;2;0;0
43;42;2;0;0
44;42;14818;0;0
45;42;15;0;0
46;42;15;0;0
47;42;3554;0;0
48;42;2;0;0
49;42;2;0;0
0;43;34;0;0
1;43;2;0;0
2;43;34;0;0
3;43;2;0;0
4;43;2;0;0
5;43;2;0;0
6;43;2;0;0
7;43;2;0;0
8;43;6626;0;0
9;43;21986;0;0
10;43;15;0;0
11;43;15;0;0
12;43;4578;0;0
13;43;2;0;0
14;43;2;0;0
15;43;2;0;0
16;43;2;0;0
17;43;3142;0;0
18;43;6;0;0
19;43;6;0;0
20;43;6;0;0
21;43;24646;0;0
22;43;2;0;0
23;43;2;0;0
24;43;2;0;0
25;43;2;0;0
26;43;2;0;0
27;43;2;0;0
28;43;2;0;0
29;43;2;0;0
30;43;2;0;0
31;43;2;0;0
32;43;2;0;0
33;43;2;0;0
34;43;2;0;0
35;43;34;0;0
36;43;34;0;0
37;43;34;0;0
38;43;34;0;0
39;43;2;0;0
40;43;2;0;0
41;43;2;0;0
42;43;2;0;0
43;43;2;0;0
44;43;8450;0;0
45;43;2536;0;0
46;43;1512;0;0
47;43;4354;0;0
48;43;2;0;0
49;43;2;0;0
0;44;2;0;0
1;44;2;0;0
2;44;2;0;0
3;44;2;0;0
4;44;2;0;0
5;44;2;0;0
6;44;2;0;0
7;44;8674;0;0
8;44;15;0;0
9;44;15;0;0
10;44;15;0;0
11;44;15;0;0
12;44;3554;0;0
13;44;2;0;0
14;44;2;0;0
15;44;2;0;0
16;44;13382;0;0
17;44;6;0;0
18;44;6;0;0
19;44;6;0;0
20;44;16454;0;0
21;44;2;0;0
22;44;2;0;0
23;44;2;0;0
24;44;2;0;0
25;44;6626;0;0
26;44;5602;0;0
27;44;2;0;0
28;44;2;0;0
29;44;6402;0;0
30;44;5378;0;0
31;44;2;0;0
32;44;2;0;0
33;44;2;0;0
34;44;34;0;0
35;44;34;0;0
36;44;34;0;0
37;44;34;0;0
38;44;2;0;0
39;44;2;0;0
40;44;2;0;0
41;44;2;0;0
42;44;2;0;0
43;44;2;0;0
44;44;7426;0;0
45;44;8;0;0
46;44;8;0;0
47;44;3330;0;0
48;44;2;0;0
49;44;34;0;0
0;45;2;0;0
1;45;2;0;0
2;45;2;0;0
3;45;2;0;0
4;45;2;0;0
5;45;2;0;0
6;45;2;0;0
7;45;7650;0;0
8;45;15;0;0
9;45;15;0;0
10;45;15;0;0
11;45;13794;0;0
12;45;2;0;0
13;45;2;0;0
14;45;2;0;0
15;45;34;0;0
16;45;34;0;0
17;45;34;0;0
18;45;34;0;0
19;45;8262;0;0
20;45;2;0;0
21;45;2;0;0
22;45;2;0;0
23;45;2;0;0
24;45;16866;0;0
25;45;15;0;0
26;45;15;0;0
27;45;2;0;0
28;45;8450;0;0
29;45;8;0;0
30;45;8;0;0
31;45;4354;0;0
32;45;2;0;0
33;45;34;0;0
34;45;34;0;0
35;45;34;0;0
36;45;34;0;0
37;45;2;0;0
38;45;2;0;0
39;45;2;0;0
40;45;2;0;0
41;45;2;0;0
42;45;2;0;0
43;45;2;0;0
44;45;2;0;0
45;45;2306;0;0
46;45;1282;0;0
47;45;2;0;0
48;45;2;0;0
49;45;34;0;0
0;46;2;0;0
1;46;2;0;0
2;46;2;0;0
3;46;2;0;0
4;46;2;0;0
5;46;2;0;0
6;46;2;0;0
7;46;2;0;0
8;46;2530;0;0
9;46;9698;0;0
10;46;1506;0;0
11;46;2;0;0
12;46;2;0;0
13;46;2;0;0
14;46;2;0;0
15;46;34;0;0
16;46;34;0;0
17;46;34;0;0
18;46;34;0;0
19;46;24646;0;0
20;46;2;0;0
21;46;2;0;0
22;46;2;0;0
23;46;8674;0;0
24;46;15;0;0
25;46;15;0;0
26;46;19938;0;0
27;46;2;0;0
28;46;7426;0;0
29;46;8;0;0
30;46;8;0;0
31;46;3330;0;0
32;46;34;0;0
33;46;34;0;0
34;46;34;0;0
35;46;34;0;0
36;46;2;0;0
37;46;2;0;0
38;46;2;0;0
39;46;2;0;0
40;46;2;0;0
41;46;2;0;0
42;46;2;0;0
43;46;2;0;0
44;46;2;0;0
45;46;2;0;0
46;46;2;0;0
47;46;2;0;0
48;46;2;0;0
49;46;34;0;0
0;47;34;0;0
1;47;2;0;0
2;47;2;0;0
3;47;2;0;0
4;47;2;0;0
5;47;2;0;0
6;47;2;0;0
7;47;2;0;0
8;47;2;0;0
9;47;2;0;0
10;47;2;0;0
11;47;2;0;0
12;47;2;0;0
13;47;2;0;0
14;47;34;0;0
15;47;34;0;0
16;47;34;0;0
17;47;34;0;0
18;47;34;0;0
19;47;2;0;0
20;47;2;0;0
21;47;2;0;0
22;47;2;0;0
23;47;7650;0;0
24;47;15;0;0
25;47;15;0;0
26;47;3554;0;0
27;47;2;0;0
28;47;2;0;0
29;47;2306;0;0
30;47;1282;0;0
31;47;34;0;0
32;47;34;0;0
33;47;34;0;0
34;47;34;0;0
35;47;34;0;0
36;47;34;0;0
37;47;2;0;0
38;47;2;0;0
39;47;2;0;0
40;47;2;0;0
41;47;2;0;0
42;47;2;0;0
43;47;2;0;0
44;47;2;0;0
45;47;2;0;0
46;47;2;0;0
47;47;2;0;0
48;47;2;0;0
49;47;34;0;0
0;48;34;0;0
1;48;34;0;0
2;48;2;0;0
3;48;2;0;0
4;48;2;0;0
5;48;2;0;0
6;48;2;0;0
7;48;2;0;0
8;48;2;0;0
9;48;2;0;0
10;48;2;0;0
11;48;2;0;0
12;48;2;0;0
13;48;2;0;0
14;48;34;0;0
15;48;34;0;0
16;48;34;0;0
17;48;34;0;0
18;48;34;0;0
19;48;2;0;0
20;48;2;0;0
21;48;2;0;0
22;48;2;0;0
23;48;2;0;0
24;48;2530;0;0
25;48;1506;0;0
26;48;2;0;0
27;48;2;0;0
28;48;2;0;0
29;48;34;0;0
30;48;34;0;0
31;48;34;0;0
32;48;34;0;0
33;48;34;0;0
34;48;34;0;0
35;48;34;0;0
36;48;34;0;0
37;48;34;0;0
38;48;2;0;0
39;48;2;0;0
40;48;2;0;0
41;48;2;0;0
42;48;2;0;0
43;48;2;0;0
44;48;2;0;0
45;48;2;0;0
46;48;2;0;0
47;48;2;0;0
48;48;2;0;0
49;48;34;0;0
0;49;34;0;0
1;49;2;0;0
2;49;2;0;0
3;49;2;0;0
4;49;2;0;0
5;49;2;0;0
6;49;2;0;0
7;49;34;0;0
8;49;2;0;0
9;49;2;0;0
10;49;2;0;0
11;49;2;0;0
12;49;34;0;0
13;49;34;0;0
14;49;34;0;0
15;49;34;0;0
16;49;34;0;0
17;49;34;0;0
18;49;34;0;0
19;49;34;0;0
20;49;2;0;0
21;49;2;0;0
22;49;2;0;0
23;49;2;0;0
24;49;2;0;0
25;49;2;0;0
26;49;2;0;0
27;49;2;0;0
28;49;34;0;0
29;49;34;0;0
30;49;34;0;0
31;49;34;0;0
32;49;34;0;0
33;49;34;0;0
34;49;34;0;0
35;49;34;0;0
36;49;34;0;0
37;49;34;0;0
38;49;34;0;0
39;49;2;0;0
40;49;2;0;0
41;49;2;0;0
42;49;2;0;0
43;49;2;0;0
44;49;2;0;0
45;49;2;0;0
46;49;2;0;0
47;49;2;0;0
48;49;34;0;0
49;49;34;0;0
0;50;34;0;0
1;50;2;0;0
2;50;2;0;0
3;50;2;0;0
4;50;2;0;0
5;50;2;0;0
6;50;34;0;0
7;50;34;0;0
8;50;34;0;0
9;50;2;0;0
10;50;2;0;0
11;50;2;0;0
12;50;34;0;0
13;50;34;0;0
14;50;34;0;0
15;50;34;0;0
16;50;34;0;0
17;50;34;0;0
18;50;34;0;0
19;50;34;0;0
20;50;34;0;0
21;50;2;0;0
22;50;2;0;0
23;50;2;0;0
24;50;2;0;0
25;50;2;0;0
26;50;34;0;0
27;50;34;0;0
28;50;34;0;0
29;50;34;0;0
30;50;34;0;0
31;50;34;0;0
32;50;34;0;0
33;50;34;0;0
34;50;34;0;0
35;50;34;0;0
36;50;34;0;0
37;50;34;0;0
38;50;34;0;0
39;50;2;0;0
40;50;2;0;0
41;50;2;0;0
42;50;2;0;0
43;50;34;0;0
44;50;34;0;0
45;50;34;0;0
46;50;2;0;0
47;50;2;0;0
48;50;34;0;0
49;50;34;0;0
0;51;34;0;0
1;51;34;0;0
2;51;2;0;0
3;51;2;0;0
4;51;2;0;0
5;51;34;0;0
6;51;34;0;0
7;51;34;0;0
8;51;34;0;0
9;51;34;0;0
10;51;34;0;0
11;51;34;0;0
12;51;34;0;0
13;51;34;0;0
14;51;34;0;0
15;51;34;0;0
16;51;34;0;0
17;51;34;0;0
18;51;34;0;0
19;51;34;0;0
20;51;34;0;0
21;51;34;0;0
22;51;34;0;0
23;51;2;0;0
24;51;2;0;0
25;51;34;0;0
26;51;34;0;0
27;51;34;0;0
28;51;34;0;0
29;51;34;0;0
30;51;34;0;0
31;51;34;0;0
32;51;34;0;0
33;51;34;0;0
34;51;34;0;0
35;51;34;0;0
36;51;34;0;0
37;51;34;0;0
38;51;34;0;0
39;51;2;0;0
40;51;2;0;0
41;51;2;0;0
42;51;34;0;0
43;51;34;0;0
44;51;34;0;0
45;51;34;0;0
46;51;34;0;0
47;51;34;0;0
48;51;34;0;0
49;51;34;0;0
0;52;0;0;0
1;52;0;0;0
2;52;0;0;0
3;52;0;0;0
4;52;0;0;0
5;52;0;0;0
6;52;0;0;0
7;52;0;0;0
8;52;0;0;0
9;52;0;0;0
10;52;0;0;0
11;52;0;0;0
12;52;0;0;0
13;52;0;0;0
14;52;34;0;0
15;52;34;0;0
16;52;34;0;0
17;52;34;0;0
18;52;34;0;0
19;52;0;0;0
20;52;0;0;0
21;52;0;0;0
22;52;0;0;0
23;52;0;0;0
24;52;0;0;0
25;52;0;0;0
26;52;0;0;0
27;52;0;0;0
28;52;0;0;0
29;52;0;0;0
30;52;0;0;0
31;52;0;0;0
32;52;0;0;0
33;52;0;0;0
34;52;0;0;0
35;52;0;0;0
36;52;0;0;0
37;52;0;0;0
38;52;0;0;0
39;52;0;0;0
40;52;0;0;0
41;52;0;0;0
42;52;0;0;0
43;52;0;0;0
44;52;0;0;0
45;52;0;0;0
46;52;0;0;0
47;52;0;0;0
48;52;0;0;0
49;52;0;0;0
0;53;0;0;0
1;53;0;0;0
2;53;0;0;0
3;53;0;0;0
4;53;0;0;0
5;53;0;0;0
6;53;0;0;0
7;53;0;0;0
8;53;0;0;0
9;53;0;0;0
10;53;0;0;0
11;53;0;0;0
12;53;0;0;0
13;53;0;0;0
14;53;0;0;0
15;53;0;0;0
16;53;0;0;0
17;53;0;0;0
18;53;34;0;0
19;53;0;0;0
20;53;0;0;0
21;53;0;0;0
22;53;0;0;0
23;53;0;0;0
24;53;0;0;0
25;53;0;0;0
26;53;0;0;0
27;53;0;0;0
28;53;0;0;0
29;53;0;0;0
30;53;0;0;0
31;53;0;0;0
32;53;0;0;0
33;53;0;0;0
34;53;0;0;0
35;53;0;0;0
36;53;0;0;0
37;53;0;0;0
38;53;0;0;0
39;53;0;0;0
40;53;0;0;0
41;53;0;0;0
42;53;0;0;0
43;53;0;0;0
44;53;0;0;0
45;53;0;0;0
46;53;0;0;0
47;53;0;0;0
48;53;0;0;0
49;53;0;0;0
