L: -8
X: 202
Y: 774
W: 53
H: 50
0;0;34;0;0
1;0;34;0;0
2;0;34;0;0
3;0;34;0;0
4;0;34;0;0
5;0;34;0;0
6;0;34;0;0
7;0;34;0;0
8;0;34;0;0
9;0;34;0;0
10;0;34;0;0
11;0;34;0;0
12;0;34;0;0
13;0;34;0;0
14;0;34;0;0
15;0;34;0;0
16;0;34;0;0
17;0;34;0;0
18;0;34;0;0
19;0;34;0;0
20;0;34;0;0
21;0;34;0;0
22;0;34;0;0
23;0;34;0;0
24;0;34;0;0
25;0;34;0;0
26;0;34;0;0
27;0;34;0;0
28;0;34;0;0
29;0;34;0;0
30;0;34;0;0
31;0;34;0;0
32;0;34;0;0
33;0;34;0;0
34;0;34;0;0
35;0;34;0;0
36;0;34;0;0
37;0;34;0;0
38;0;34;0;0
39;0;34;0;0
40;0;34;0;0
41;0;34;0;0
42;0;34;0;0
43;0;34;0;0
44;0;34;0;0
45;0;34;0;0
46;0;34;0;0
47;0;34;0;0
48;0;34;0;0
49;0;34;0;0
50;0;34;0;0
51;0;34;0;0
52;0;34;0;0
0;1;34;0;0
1;1;34;0;0
2;1;34;0;0
3;1;34;0;0
4;1;34;0;0
5;1;34;0;0
6;1;34;0;0
7;1;34;0;0
8;1;34;0;0
9;1;34;0;0
10;1;34;0;0
11;1;34;0;0
12;1;34;0;0
13;1;34;0;0
14;1;34;0;0
15;1;34;0;0
16;1;34;0;0
17;1;34;0;0
18;1;34;0;0
19;1;34;0;0
20;1;34;0;0
21;1;34;0;0
22;1;34;0;0
23;1;2;0;0
24;1;2;0;0
25;1;2;0;0
26;1;2;0;0
27;1;2;0;0
28;1;2;0;0
29;1;2;0;0
30;1;2;0;0
31;1;2;0;0
32;1;2;0;0
33;1;2;0;0
34;1;2;0;0
35;1;2;0;0
36;1;34;0;0
37;1;34;0;0
38;1;34;0;0
39;1;34;0;0
40;1;34;0;0
41;1;34;0;0
42;1;34;0;0
43;1;34;0;0
44;1;34;0;0
45;1;34;0;0
46;1;34;0;0
47;1;34;0;0
48;1;34;0;0
49;1;34;0;0
50;1;34;0;0
51;1;34;0;0
52;1;34;0;0
0;2;34;0;0
1;2;34;0;0
2;2;34;0;0
3;2;34;0;0
4;2;34;0;0
5;2;34;0;0
6;2;34;0;0
7;2;34;0;0
8;2;34;0;0
9;2;34;0;0
10;2;34;0;0
11;2;34;0;0
12;2;34;0;0
13;2;34;0;0
14;2;34;0;0
15;2;34;0;0
16;2;34;0;0
17;2;34;0;0
18;2;34;0;0
19;2;34;0;0
20;2;34;0;0
21;2;34;0;0
22;2;34;0;0
23;2;2;0;0
24;2;2;0;0
25;2;2;0;0
26;2;2;0;0
27;2;2;0;0
28;2;2;0;0
29;2;2;0;0
30;2;2;0;0
31;2;2;0;0
32;2;2;0;0
33;2;2;0;0
34;2;2;0;0
35;2;2;0;0
36;2;34;0;0
37;2;34;0;0
38;2;34;0;0
39;2;34;0;0
40;2;34;0;0
41;2;34;0;0
42;2;34;0;0
43;2;34;0;0
44;2;34;0;0
45;2;34;0;0
46;2;34;0;0
47;2;34;0;0
48;2;34;0;0
49;2;34;0;0
50;2;34;0;0
51;2;34;0;0
52;2;34;0;0
0;3;34;0;0
1;3;34;0;0
2;3;34;0;0
3;3;34;0;0
4;3;34;0;0
5;3;34;0;0
6;3;34;0;0
7;3;34;0;0
8;3;34;0;0
9;3;34;0;0
10;3;34;0;0
11;3;34;0;0
12;3;34;0;0
13;3;34;0;0
14;3;34;0;0
15;3;34;0;0
16;3;34;0;0
17;3;34;0;0
18;3;34;0;0
19;3;34;0;0
20;3;34;0;0
21;3;34;0;0
22;3;34;0;0
23;3;2;0;0
24;3;2;0;0
25;3;2;0;0
26;3;2;0;0
27;3;2;0;0
28;3;2;0;0
29;3;2;0;0
30;3;2;0;0
31;3;2;0;0
32;3;2;0;0
33;3;2;0;0
34;3;2;0;0
35;3;2;0;0
36;3;2;0;0
37;3;2;0;0
38;3;2;0;0
39;3;2;0;0
40;3;2;0;0
41;3;2;0;0
42;3;2;0;0
43;3;2;0;0
44;3;2;0;0
45;3;2;0;0
46;3;2;0;0
47;3;2;0;0
48;3;2;0;0
49;3;2;0;0
50;3;2;0;0
51;3;34;0;0
52;3;34;0;0
0;4;34;0;0
1;4;34;0;0
2;4;34;0;0
3;4;34;0;0
4;4;34;0;0
5;4;34;0;0
6;4;34;0;0
7;4;34;0;0
8;4;34;0;0
9;4;34;0;0
10;4;34;0;0
11;4;34;0;0
12;4;34;0;0
13;4;34;0;0
14;4;34;0;0
15;4;34;0;0
16;4;34;0;0
17;4;34;0;0
18;4;34;0;0
19;4;34;0;0
20;4;34;0;0
21;4;34;0;0
22;4;34;0;0
23;4;2;0;0
24;4;2;0;0
25;4;2;0;0
26;4;2;0;0
27;4;2;0;0
28;4;2;0;0
29;4;2;0;0
30;4;2;0;0
31;4;2;0;0
32;4;2;0;0
33;4;2;0;0
34;4;2;0;0
35;4;17477;0;0
36;4;9285;0;0
37;4;9285;0;0
38;4;9285;0;0
39;4;18501;0;0
40;4;2;0;0
41;4;2;0;0
42;4;2;0;0
43;4;2;0;0
44;4;2;0;0
45;4;2;0;0
46;4;2;0;0
47;4;2;0;0
48;4;2;0;0
49;4;2;0;0
50;4;2;0;0
51;4;34;0;0
52;4;34;0;0
0;5;34;0;0
1;5;34;0;0
2;5;34;0;0
3;5;34;0;0
4;5;34;0;0
5;5;34;0;0
6;5;34;0;0
7;5;34;0;0
8;5;34;0;0
9;5;34;0;0
10;5;34;0;0
11;5;34;0;0
12;5;34;0;0
13;5;34;0;0
14;5;34;0;0
15;5;34;0;0
16;5;34;0;0
17;5;34;0;0
18;5;34;0;0
19;5;34;0;0
20;5;34;0;0
21;5;34;0;0
22;5;34;0;0
23;5;2;0;0
24;5;2;0;0
25;5;2;0;0
26;5;2;0;0
27;5;2;0;0
28;5;2;0;0
29;5;2;0;0
30;5;2;0;0
31;5;2;0;0
32;5;2;0;0
33;5;25669;0;0
34;5;1093;0;0
35;5;5;0;0
36;5;6213;0;0
37;5;11333;0;0
38;5;5189;0;0
39;5;5;0;0
40;5;14405;0;0
41;5;2;0;0
42;5;2;0;0
43;5;2;0;0
44;5;2;0;0
45;5;2;0;0
46;5;2;0;0
47;5;2;0;0
48;5;2;0;0
49;5;2;0;0
50;5;2;0;0
51;5;34;0;0
52;5;34;0;0
0;6;34;0;0
1;6;34;0;0
2;6;34;0;0
3;6;34;0;0
4;6;34;0;0
5;6;34;0;0
6;6;34;0;0
7;6;34;0;0
8;6;34;0;0
9;6;34;0;0
10;6;34;0;0
11;6;34;0;0
12;6;34;0;0
13;6;34;0;0
14;6;34;0;0
15;6;34;0;0
16;6;34;0;0
17;6;34;0;0
18;6;34;0;0
19;6;34;0;0
20;6;34;0;0
21;6;34;0;0
22;6;34;0;0
23;6;2;0;0
24;6;2;0;0
25;6;2;0;0
26;6;2;0;0
27;6;2;0;0
28;6;2;0;0
29;6;2;0;0
30;6;2;0;0
31;6;2;0;0
32;6;2;0;0
33;6;10309;0;0
34;6;5;0;0
35;6;8261;0;0
36;6;2;0;0
37;6;2;0;0
38;6;2;0;0
39;6;4165;0;0
40;6;5;0;0
41;6;2117;0;0
42;6;26693;0;0
43;6;2;0;0
44;6;2;0;0
45;6;2;0;0
46;6;2;0;0
47;6;2;0;0
48;6;2;0;0
49;6;2;0;0
50;6;2;0;0
51;6;34;0;0
52;6;34;0;0
0;7;34;0;0
1;7;34;0;0
2;7;34;0;0
3;7;34;0;0
4;7;34;0;0
5;7;34;0;0
6;7;34;0;0
7;7;34;0;0
8;7;34;0;0
9;7;34;0;0
10;7;34;0;0
11;7;34;0;0
12;7;34;0;0
13;7;34;0;0
14;7;34;0;0
15;7;34;0;0
16;7;34;0;0
17;7;34;0;0
18;7;34;0;0
19;7;34;0;0
20;7;34;0;0
21;7;34;0;0
22;7;34;0;0
23;7;2;0;0
24;7;2;0;0
25;7;2;0;0
26;7;2;0;0
27;7;2;0;0
28;7;2;0;0
29;7;2;0;0
30;7;2;0;0
31;7;2;0;0
32;7;2;0;0
33;7;20549;0;0
34;7;5;0;0
35;7;7237;0;0
36;7;2;0;0
37;7;2;0;0
38;7;2;0;0
39;7;3141;0;0
40;7;5;0;0
41;7;5;0;0
42;7;12357;0;0
43;7;2;0;0
44;7;2;0;0
45;7;2;0;0
46;7;2;0;0
47;7;2;0;0
48;7;2;0;0
49;7;2;0;0
50;7;2;0;0
51;7;34;0;0
52;7;34;0;0
0;8;34;0;0
1;8;34;0;0
2;8;34;0;0
3;8;34;0;0
4;8;34;0;0
5;8;34;0;0
6;8;34;0;0
7;8;34;0;0
8;8;34;0;0
9;8;34;0;0
10;8;34;0;0
11;8;34;0;0
12;8;34;0;0
13;8;34;0;0
14;8;34;0;0
15;8;34;0;0
16;8;34;0;0
17;8;34;0;0
18;8;34;0;0
19;8;34;0;0
20;8;34;0;0
21;8;34;0;0
22;8;2;0;0
23;8;2;0;0
24;8;2;0;0
25;8;2;0;0
26;8;25671;0;0
27;8;9287;0;0
28;8;9287;0;0
29;8;9287;0;0
30;8;26695;0;0
31;8;2;0;0
32;8;2;0;0
33;8;2;0;0
34;8;4165;0;0
35;8;5;0;0
36;8;2117;0;0
37;8;9285;0;0
38;8;1093;0;0
39;8;5;0;0
40;8;5;0;0
41;8;6213;0;0
42;8;28741;0;0
43;8;2;0;0
44;8;2;0;0
45;8;2;0;0
46;8;2;0;0
47;8;2;0;0
48;8;2;0;0
49;8;2;0;0
50;8;2;0;0
51;8;34;0;0
52;8;34;0;0
0;9;34;0;0
1;9;34;0;0
2;9;34;0;0
3;9;34;0;0
4;9;34;0;0
5;9;34;0;0
6;9;34;0;0
7;9;34;0;0
8;9;34;0;0
9;9;34;0;0
10;9;34;0;0
11;9;34;0;0
12;9;34;0;0
13;9;34;0;0
14;9;34;0;0
15;9;34;0;0
16;9;34;0;0
17;9;34;0;0
18;9;34;0;0
19;9;34;0;0
20;9;34;0;0
21;9;34;0;0
22;9;2;0;0
23;9;2;0;0
24;9;2;0;0
25;9;2;0;0
26;9;10311;0;0
27;9;7;0;0
28;9;7;0;0
29;9;7;0;0
30;9;7239;0;0
31;9;2;0;0
32;9;2;0;0
33;9;2;0;0
34;9;10309;0;0
35;9;5;0;0
36;9;5;0;0
37;9;6373;0;0
38;9;5349;0;0
39;9;6213;0;0
40;9;21573;0;0
41;9;2;0;0
42;9;2;0;0
43;9;2;0;0
44;9;2;0;0
45;9;2;0;0
46;9;2;0;0
47;9;25669;0;0
48;9;9285;0;0
49;9;9285;0;0
50;9;1093;0;0
51;9;34;0;0
52;9;34;0;0
0;10;34;0;0
1;10;34;0;0
2;10;34;0;0
3;10;34;0;0
4;10;34;0;0
5;10;34;0;0
6;10;34;0;0
7;10;34;0;0
8;10;34;0;0
9;10;34;0;0
10;10;34;0;0
11;10;34;0;0
12;10;34;0;0
13;10;34;0;0
14;10;34;0;0
15;10;34;0;0
16;10;34;0;0
17;10;34;0;0
18;10;34;0;0
19;10;34;0;0
20;10;34;0;0
21;10;34;0;0
22;10;2;0;0
23;10;2;0;0
24;10;2;0;0
25;10;2;0;0
26;10;27719;0;0
27;10;11335;0;0
28;10;11335;0;0
29;10;5191;0;0
30;10;7;0;0
31;10;14407;0;0
32;10;2;0;0
33;10;2;0;0
34;10;3141;0;0
35;10;5;0;0
36;10;16613;0;0
37;10;7;0;0
38;10;8263;0;0
39;10;2;0;0
40;10;2;0;0
41;10;2;0;0
42;10;2;0;0
43;10;2;0;0
44;10;2;0;0
45;10;2;0;0
46;10;2;0;0
47;10;3141;0;0
48;10;5;0;0
49;10;5;0;0
50;10;5;0;0
51;10;34;0;0
52;10;34;0;0
0;11;34;0;0
1;11;34;0;0
2;11;34;0;0
3;11;34;0;0
4;11;34;0;0
5;11;34;0;0
6;11;34;0;0
7;11;34;0;0
8;11;34;0;0
9;11;34;0;0
10;11;34;0;0
11;11;34;0;0
12;11;34;0;0
13;11;34;0;0
14;11;34;0;0
15;11;34;0;0
16;11;34;0;0
17;11;34;0;0
18;11;34;0;0
19;11;34;0;0
20;11;34;0;0
21;11;34;0;0
22;11;2;0;0
23;11;2;0;0
24;11;2;0;0
25;11;2;0;0
26;11;2;0;0
27;11;2;0;0
28;11;2;0;0
29;11;2;0;0
30;11;22599;0;0
31;11;7;0;0
32;11;3301;0;0
33;11;1093;0;0
34;11;5;0;0
35;11;8421;0;0
36;11;7;0;0
37;11;7;0;0
38;11;24647;0;0
39;11;2;0;0
40;11;2;0;0
41;11;2;0;0
42;11;25671;0;0
43;11;9287;0;0
44;11;18503;0;0
45;11;2;0;0
46;11;13381;0;0
47;11;5;0;0
48;11;5;0;0
49;11;6213;0;0
50;11;5189;0;0
51;11;34;0;0
52;11;34;0;0
0;12;5;0;0
1;12;5;0;0
2;12;5;0;0
3;12;5;0;0
4;12;5;0;0
5;12;8261;0;0
6;12;2;0;0
7;12;2;0;0
8;12;2;0;0
9;12;2;0;0
10;12;2;0;0
11;12;2;0;0
12;12;2;0;0
13;12;34;0;0
14;12;34;0;0
15;12;34;0;0
16;12;34;0;0
17;12;34;0;0
18;12;34;0;0
19;12;34;0;0
20;12;34;0;0
21;12;2;0;0
22;12;2;0;0
23;12;2;0;0
24;12;2;0;0
25;12;25669;0;0
26;12;9285;0;0
27;12;9285;0;0
28;12;18501;0;0
29;12;2;0;0
30;12;2;0;0
31;12;2;0;0
32;12;5;0;0
33;12;5;0;0
34;12;5;0;0
35;12;7397;0;0
36;12;6215;0;0
37;12;21575;0;0
38;12;2;0;0
39;12;2;0;0
40;12;2;0;0
41;12;2;0;0
42;12;20551;0;0
43;12;7;0;0
44;12;7;0;0
45;12;10469;0;0
46;12;5;0;0
47;12;8421;0;0
48;12;8263;0;0
49;12;2;0;0
50;12;2;0;0
51;12;34;0;0
52;12;34;0;0
0;13;6213;0;0
1;13;5189;0;0
2;13;5;0;0
3;13;5;0;0
4;13;5;0;0
5;13;12357;0;0
6;13;2;0;0
7;13;2;0;0
8;13;2;0;0
9;13;2;0;0
10;13;2;0;0
11;13;2;0;0
12;13;2;0;0
13;13;34;0;0
14;13;34;0;0
15;13;34;0;0
16;13;34;0;0
17;13;34;0;0
18;13;5349;0;0
19;13;6213;0;0
20;13;28741;0;0
21;13;2;0;0
22;13;2;0;0
23;13;2;0;0
24;13;2;0;0
25;13;10309;0;0
26;13;5;0;0
27;13;5;0;0
28;13;5;0;0
29;13;2117;0;0
30;13;9285;0;0
31;13;1093;0;0
32;13;5;0;0
33;13;5;0;0
34;13;5;0;0
35;13;8261;0;0
36;13;2;0;0
37;13;2;0;0
38;13;2;0;0
39;13;25669;0;0
40;13;26693;0;0
41;13;2;0;0
42;13;2;0;0
43;13;15431;0;0
44;13;7;0;0
45;13;3301;0;0
46;13;5;0;0
47;13;12517;0;0
48;13;12359;0;0
49;13;2;0;0
50;13;2;0;0
51;13;34;0;0
52;13;34;0;0
0;14;2;0;0
1;14;2;0;0
2;14;15429;0;0
3;14;5;0;0
4;14;5;0;0
5;14;12357;0;0
6;14;2;0;0
7;14;25671;0;0
8;14;26695;0;0
9;14;2;0;0
10;14;2;0;0
11;14;2;0;0
12;14;2;0;0
13;14;10311;0;0
14;14;7;0;0
15;14;7;0;0
16;14;7;0;0
17;14;7;0;0
18;14;8263;0;0
19;14;2;0;0
20;14;2;0;0
21;14;2;0;0
22;14;25669;0;0
23;14;18501;0;0
24;14;2;0;0
25;14;3141;0;0
26;14;5;0;0
27;14;5;0;0
28;14;5;0;0
29;14;5;0;0
30;14;5;0;0
31;14;5;0;0
32;14;5;0;0
33;14;5;0;0
34;14;5;0;0
35;14;7237;0;0
36;14;2;0;0
37;14;2;0;0
38;14;2;0;0
39;14;3141;0;0
40;14;7237;0;0
41;14;2;0;0
42;14;2;0;0
43;14;2;0;0
44;14;1253;0;0
45;14;5;0;0
46;14;5;0;0
47;14;12517;0;0
48;14;12359;0;0
49;14;2;0;0
50;14;2;0;0
51;14;34;0;0
52;14;34;0;0
0;15;2;0;0
1;15;2;0;0
2;15;2;0;0
3;15;5;0;0
4;15;5;0;0
5;15;7237;0;0
6;15;2;0;0
7;15;3143;0;0
8;15;7239;0;0
9;15;2;0;0
10;15;2;0;0
11;15;2;0;0
12;15;2;0;0
13;15;20551;0;0
14;15;7;0;0
15;15;7;0;0
16;15;7;0;0
17;15;7;0;0
18;15;24647;0;0
19;15;2;0;0
20;15;2;0;0
21;15;2;0;0
22;15;3141;0;0
23;15;5;0;0
24;15;5;0;0
25;15;5;0;0
26;15;5;0;0
27;15;5;0;0
28;15;5;0;0
29;15;5;0;0
30;15;5;0;0
31;15;5;0;0
32;15;5;0;0
33;15;5;0;0
34;15;5;0;0
35;15;5;0;0
36;15;2117;0;0
37;15;9285;0;0
38;15;1093;0;0
39;15;5;0;0
40;15;5;0;0
41;15;2117;0;0
42;15;9285;0;0
43;15;1093;0;0
44;15;5;0;0
45;15;5;0;0
46;15;5;0;0
47;15;24805;0;0
48;15;12359;0;0
49;15;2;0;0
50;15;34;0;0
51;15;34;0;0
52;15;34;0;0
0;16;2;0;0
1;16;2;0;0
2;16;19525;0;0
3;16;5;0;0
4;16;5;0;0
5;16;5;0;0
6;16;5;0;0
7;16;2277;0;0
8;16;1253;0;0
9;16;2117;0;0
10;16;18501;0;0
11;16;2;0;0
12;16;2;0;0
13;16;2;0;0
14;16;7;0;0
15;16;7;0;0
16;16;7;0;0
17;16;8263;0;0
18;16;2;0;0
19;16;2;0;0
20;16;2;0;0
21;16;19525;0;0
22;16;5;0;0
23;16;5;0;0
24;16;5;0;0
25;16;5;0;0
26;16;5;0;0
27;16;5;0;0
28;16;5;0;0
29;16;5;0;0
30;16;5;0;0
31;16;5;0;0
32;16;5;0;0
33;16;5;0;0
34;16;5;0;0
35;16;5;0;0
36;16;5;0;0
37;16;5;0;0
38;16;5;0;0
39;16;5;0;0
40;16;5;0;0
41;16;5;0;0
42;16;5;0;0
43;16;5;0;0
44;16;5;0;0
45;16;8261;0;0
46;16;2;0;0
47;16;22599;0;0
48;16;28743;0;0
49;16;2;0;0
50;16;34;0;0
51;16;34;0;0
52;16;34;0;0
0;17;2;0;0
1;17;2;0;0
2;17;27717;0;0
3;17;11333;0;0
4;17;5189;0;0
5;17;5;0;0
6;17;5;0;0
7;17;5;0;0
8;17;5;0;0
9;17;5;0;0
10;17;5;0;0
11;17;14405;0;0
12;17;2;0;0
13;17;13381;0;0
14;17;14565;0;0
15;17;7;0;0
16;17;7;0;0
17;17;12359;0;0
18;17;2;0;0
19;17;2;0;0
20;17;2;0;0
21;17;10309;0;0
22;17;5;0;0
23;17;5;0;0
24;17;5;0;0
25;17;5;0;0
26;17;5;0;0
27;17;5;0;0
28;17;5;0;0
29;17;5;0;0
30;17;5;0;0
31;17;6213;0;0
32;17;11333;0;0
33;17;11333;0;0
34;17;5189;0;0
35;17;5;0;0
36;17;5;0;0
37;17;5;0;0
38;17;5;0;0
39;17;5;0;0
40;17;5;0;0
41;17;5;0;0
42;17;5;0;0
43;17;5;0;0
44;17;5;0;0
45;17;12357;0;0
46;17;2;0;0
47;17;2;0;0
48;17;2;0;0
49;17;2;0;0
50;17;34;0;0
51;17;34;0;0
52;17;34;0;0
0;18;2;0;0
1;18;2;0;0
2;18;2;0;0
3;18;2;0;0
4;18;2;0;0
5;18;15429;0;0
6;18;5;0;0
7;18;5;0;0
8;18;5;0;0
9;18;5;0;0
10;18;5;0;0
11;18;5;0;0
12;18;5;0;0
13;18;5;0;0
14;18;5;0;0
15;18;2277;0;0
16;18;18661;0;0
17;18;7239;0;0
18;18;2;0;0
19;18;2;0;0
20;18;2;0;0
21;18;3141;0;0
22;18;5;0;0
23;18;5;0;0
24;18;5;0;0
25;18;5;0;0
26;18;5;0;0
27;18;5;0;0
28;18;5;0;0
29;18;5;0;0
30;18;16453;0;0
31;18;2;0;0
32;18;2;0;0
33;18;2;0;0
34;18;2;0;0
35;18;22597;0;0
36;18;11333;0;0
37;18;11333;0;0
38;18;5189;0;0
39;18;5;0;0
40;18;5;0;0
41;18;6373;0;0
42;18;11493;0;0
43;18;5349;0;0
44;18;6213;0;0
45;18;28741;0;0
46;18;2;0;0
47;18;2;0;0
48;18;2;0;0
49;18;2;0;0
50;18;34;0;0
51;18;34;0;0
52;18;34;0;0
0;19;2;0;0
1;19;2;0;0
2;19;2;0;0
3;19;2;0;0
4;19;2;0;0
5;19;2;0;0
6;19;11493;0;0
7;19;5349;0;0
8;19;6213;0;0
9;19;5189;0;0
10;19;5;0;0
11;19;5;0;0
12;19;5;0;0
13;19;5;0;0
14;19;5;0;0
15;19;5;0;0
16;19;5;0;0
17;19;5;0;0
18;19;2117;0;0
19;19;9285;0;0
20;19;1093;0;0
21;19;5;0;0
22;19;5;0;0
23;19;5;0;0
24;19;5;0;0
25;19;5;0;0
26;19;5;0;0
27;19;5;0;0
28;19;5;0;0
29;19;16453;0;0
30;19;2;0;0
31;19;2;0;0
32;19;25671;0;0
33;19;18503;0;0
34;19;2;0;0
35;19;2;0;0
36;19;2;0;0
37;19;2;0;0
38;19;2;0;0
39;19;11493;0;0
40;19;21733;0;0
41;19;7;0;0
42;19;7;0;0
43;19;8263;0;0
44;19;2;0;0
45;19;2;0;0
46;19;2;0;0
47;19;2;0;0
48;19;2;0;0
49;19;2;0;0
50;19;34;0;0
51;19;34;0;0
52;19;34;0;0
0;20;2;0;0
1;20;2;0;0
2;20;2;0;0
3;20;2;0;0
4;20;2;0;0
5;20;19527;0;0
6;20;7;0;0
7;20;8263;0;0
8;20;2;0;0
9;20;2;0;0
10;20;4165;0;0
11;20;5;0;0
12;20;5;0;0
13;20;5;0;0
14;20;5;0;0
15;20;5;0;0
16;20;5;0;0
17;20;5;0;0
18;20;5;0;0
19;20;5;0;0
20;20;5;0;0
21;20;5;0;0
22;20;5;0;0
23;20;5;0;0
24;20;5;0;0
25;20;5;0;0
26;20;5;0;0
27;20;5;0;0
28;20;16453;0;0
29;20;2;0;0
30;20;2;0;0
31;20;2;0;0
32;20;20551;0;0
33;20;7;0;0
34;20;2119;0;0
35;20;9287;0;0
36;20;9287;0;0
37;20;9287;0;0
38;20;1095;0;0
39;20;7;0;0
40;20;6215;0;0
41;20;11335;0;0
42;20;11335;0;0
43;20;28743;0;0
44;20;2;0;0
45;20;2;0;0
46;20;2;0;0
47;20;2;0;0
48;20;2;0;0
49;20;2;0;0
50;20;34;0;0
51;20;34;0;0
52;20;34;0;0
0;21;2;0;0
1;21;2;0;0
2;21;2;0;0
3;21;2;0;0
4;21;2;0;0
5;21;27719;0;0
6;21;11335;0;0
7;21;28743;0;0
8;21;2;0;0
9;21;2;0;0
10;21;27717;0;0
11;21;11333;0;0
12;21;5189;0;0
13;21;5;0;0
14;21;5;0;0
15;21;5;0;0
16;21;5;0;0
17;21;5;0;0
18;21;5;0;0
19;21;5;0;0
20;21;5;0;0
21;21;5;0;0
22;21;5;0;0
23;21;5;0;0
24;21;5;0;0
25;21;5;0;0
26;21;5;0;0
27;21;8261;0;0
28;21;2;0;0
29;21;2;0;0
30;21;2;0;0
31;21;2;0;0
32;21;2;0;0
33;21;7;0;0
34;21;11335;0;0
35;21;11335;0;0
36;21;11335;0;0
37;21;11335;0;0
38;21;11335;0;0
39;21;21575;0;0
40;21;2;0;0
41;21;2;0;0
42;21;2;0;0
43;21;2;0;0
44;21;2;0;0
45;21;2;0;0
46;21;2;0;0
47;21;2;0;0
48;21;2;0;0
49;21;2;0;0
50;21;34;0;0
51;21;34;0;0
52;21;34;0;0
0;22;2;0;0
1;22;2;0;0
2;22;2;0;0
3;22;2;0;0
4;22;2;0;0
5;22;2;0;0
6;22;2;0;0
7;22;2;0;0
8;22;2;0;0
9;22;2;0;0
10;22;2;0;0
11;22;2;0;0
12;22;2;0;0
13;22;5;0;0
14;22;5;0;0
15;22;5;0;0
16;22;5;0;0
17;22;5;0;0
18;22;5;0;0
19;22;5;0;0
20;22;5;0;0
21;22;5;0;0
22;22;5;0;0
23;22;5;0;0
24;22;5;0;0
25;22;5;0;0
26;22;5;0;0
27;22;24645;0;0
28;22;2;0;0
29;22;2;0;0
30;22;2;0;0
31;22;17477;0;0
32;22;5;0;0
33;22;2;0;0
34;22;2;0;0
35;22;2;0;0
36;22;2;0;0
37;22;2;0;0
38;22;2;0;0
39;22;2;0;0
40;22;2;0;0
41;22;34;0;0
42;22;34;0;0
43;22;34;0;0
44;22;34;0;0
45;22;34;0;0
46;22;34;0;0
47;22;34;0;0
48;22;34;0;0
49;22;34;0;0
50;22;34;0;0
51;22;34;0;0
52;22;34;0;0
0;23;2;0;0
1;23;2;0;0
2;23;2;0;0
3;23;2;0;0
4;23;2;0;0
5;23;25669;0;0
6;23;9285;0;0
7;23;26693;0;0
8;23;2;0;0
9;23;2;0;0
10;23;2;0;0
11;23;2;0;0
12;23;19525;0;0
13;23;5;0;0
14;23;5;0;0
15;23;5;0;0
16;23;5;0;0
17;23;5;0;0
18;23;5;0;0
19;23;5;0;0
20;23;5;0;0
21;23;5;0;0
22;23;5;0;0
23;23;5;0;0
24;23;5;0;0
25;23;5;0;0
26;23;8261;0;0
27;23;2;0;0
28;23;2;0;0
29;23;2;0;0
30;23;19525;0;0
31;23;5;0;0
32;23;5;0;0
33;23;2117;0;0
34;23;9285;0;0
35;23;9285;0;0
36;23;18501;0;0
37;23;2;0;0
38;23;2;0;0
39;23;2;0;0
40;23;2;0;0
41;23;34;0;0
42;23;34;0;0
43;23;34;0;0
44;23;34;0;0
45;23;34;0;0
46;23;34;0;0
47;23;34;0;0
48;23;34;0;0
49;23;34;0;0
50;23;34;0;0
51;23;34;0;0
52;23;34;0;0
0;24;2;0;0
1;24;2;0;0
2;24;2;0;0
3;24;2;0;0
4;24;2;0;0
5;24;3141;0;0
6;24;5;0;0
7;24;7237;0;0
8;24;2;0;0
9;24;2;0;0
10;24;2;0;0
11;24;2;0;0
12;24;20549;0;0
13;24;5;0;0
14;24;5;0;0
15;24;5;0;0
16;24;5;0;0
17;24;5;0;0
18;24;5;0;0
19;24;5;0;0
20;24;5;0;0
21;24;5;0;0
22;24;5;0;0
23;24;5;0;0
24;24;5;0;0
25;24;5;0;0
26;24;12357;0;0
27;24;2;0;0
28;24;2;0;0
29;24;2;0;0
30;24;10309;0;0
31;24;5;0;0
32;24;5;0;0
33;24;5;0;0
34;24;5;0;0
35;24;5;0;0
36;24;5;0;0
37;24;2117;0;0
38;24;18501;0;0
39;24;2;0;0
40;24;2;0;0
41;24;34;0;0
42;24;34;0;0
43;24;34;0;0
44;24;34;0;0
45;24;34;0;0
46;24;34;0;0
47;24;34;0;0
48;24;34;0;0
49;24;34;0;0
50;24;34;0;0
51;24;34;0;0
52;24;34;0;0
0;25;2;0;0
1;25;2;0;0
2;25;17477;0;0
3;25;9285;0;0
4;25;1093;0;0
5;25;5;0;0
6;25;5;0;0
7;25;5;0;0
8;25;23621;0;0
9;25;2;0;0
10;25;2;0;0
11;25;2;0;0
12;25;2;0;0
13;25;4165;0;0
14;25;5;0;0
15;25;5;0;0
16;25;5;0;0
17;25;5;0;0
18;25;5;0;0
19;25;5;0;0
20;25;5;0;0
21;25;5;0;0
22;25;5;0;0
23;25;5;0;0
24;25;5;0;0
25;25;5;0;0
26;25;12357;0;0
27;25;2;0;0
28;25;2;0;0
29;25;2;0;0
30;25;10309;0;0
31;25;5;0;0
32;25;5;0;0
33;25;5;0;0
34;25;5;0;0
35;25;5;0;0
36;25;5;0;0
37;25;5;0;0
38;25;5;0;0
39;25;2117;0;0
40;25;1093;0;0
41;25;34;0;0
42;25;34;0;0
43;25;34;0;0
44;25;34;0;0
45;25;34;0;0
46;25;34;0;0
47;25;34;0;0
48;25;34;0;0
49;25;34;0;0
50;25;34;0;0
51;25;34;0;0
52;25;34;0;0
0;26;34;0;0
1;26;1093;0;0
2;26;5;0;0
3;26;5;0;0
4;26;5;0;0
5;26;5;0;0
6;26;5;0;0
7;26;5;0;0
8;26;7237;0;0
9;26;2;0;0
10;26;2;0;0
11;26;2;0;0
12;26;2;0;0
13;26;3141;0;0
14;26;5;0;0
15;26;5;0;0
16;26;5;0;0
17;26;5;0;0
18;26;5;0;0
19;26;5;0;0
20;26;5;0;0
21;26;5;0;0
22;26;5;0;0
23;26;5;0;0
24;26;5;0;0
25;26;5;0;0
26;26;7237;0;0
27;26;2;0;0
28;26;2;0;0
29;26;2;0;0
30;26;3141;0;0
31;26;5;0;0
32;26;5;0;0
33;26;5;0;0
34;26;8261;0;0
35;26;2;0;0
36;26;4165;0;0
37;26;5;0;0
38;26;5;0;0
39;26;5;0;0
40;26;5;0;0
41;26;34;0;0
42;26;34;0;0
43;26;34;0;0
44;26;34;0;0
45;26;34;0;0
46;26;34;0;0
47;26;34;0;0
48;26;34;0;0
49;26;34;0;0
50;26;34;0;0
51;26;34;0;0
52;26;34;0;0
0;27;34;0;0
1;27;5;0;0
2;27;5;0;0
3;27;5;0;0
4;27;6213;0;0
5;27;5189;0;0
6;27;5;0;0
7;27;5;0;0
8;27;5;0;0
9;27;2117;0;0
10;27;9285;0;0
11;27;9285;0;0
12;27;1093;0;0
13;27;5;0;0
14;27;5;0;0
15;27;5;0;0
16;27;5;0;0
17;27;5;0;0
18;27;5;0;0
19;27;5;0;0
20;27;5;0;0
21;27;5;0;0
22;27;5;0;0
23;27;5;0;0
24;27;5;0;0
25;27;5;0;0
26;27;5;0;0
27;27;2117;0;0
28;27;9285;0;0
29;27;1093;0;0
30;27;5;0;0
31;27;5;0;0
32;27;5;0;0
33;27;5;0;0
34;27;12357;0;0
35;27;2;0;0
36;27;27717;0;0
37;27;5189;0;0
38;27;5;0;0
39;27;5;0;0
40;27;5;0;0
41;27;34;0;0
42;27;34;0;0
43;27;34;0;0
44;27;34;0;0
45;27;34;0;0
46;27;34;0;0
47;27;34;0;0
48;27;34;0;0
49;27;34;0;0
50;27;34;0;0
51;27;34;0;0
52;27;34;0;0
0;28;34;0;0
1;28;6213;0;0
2;28;11333;0;0
3;28;21573;0;0
4;28;2;0;0
5;28;2;0;0
6;28;4165;0;0
7;28;5;0;0
8;28;5;0;0
9;28;5;0;0
10;28;5;0;0
11;28;5;0;0
12;28;5;0;0
13;28;5;0;0
14;28;5;0;0
15;28;5;0;0
16;28;5;0;0
17;28;5;0;0
18;28;5;0;0
19;28;5;0;0
20;28;5;0;0
21;28;5;0;0
22;28;5;0;0
23;28;5;0;0
24;28;5;0;0
25;28;5;0;0
26;28;5;0;0
27;28;5;0;0
28;28;5;0;0
29;28;5;0;0
30;28;5;0;0
31;28;5;0;0
32;28;5;0;0
33;28;6213;0;0
34;28;28741;0;0
35;28;2;0;0
36;28;2;0;0
37;28;2;0;0
38;28;22597;0;0
39;28;21573;0;0
40;28;2;0;0
41;28;34;0;0
42;28;34;0;0
43;28;34;0;0
44;28;34;0;0
45;28;34;0;0
46;28;34;0;0
47;28;34;0;0
48;28;34;0;0
49;28;34;0;0
50;28;34;0;0
51;28;34;0;0
52;28;34;0;0
0;29;34;0;0
1;29;2;0;0
2;29;2;0;0
3;29;2;0;0
4;29;2;0;0
5;29;2;0;0
6;29;27717;0;0
7;29;11333;0;0
8;29;11333;0;0
9;29;11333;0;0
10;29;11333;0;0
11;29;5189;0;0
12;29;5;0;0
13;29;5;0;0
14;29;5;0;0
15;29;5;0;0
16;29;5;0;0
17;29;5;0;0
18;29;5;0;0
19;29;5;0;0
20;29;5;0;0
21;29;5;0;0
22;29;5;0;0
23;29;5;0;0
24;29;5;0;0
25;29;5;0;0
26;29;5;0;0
27;29;6213;0;0
28;29;5189;0;0
29;29;5;0;0
30;29;5;0;0
31;29;5;0;0
32;29;6373;0;0
33;29;2;0;0
34;29;2;0;0
35;29;2;0;0
36;29;2;0;0
37;29;2;0;0
38;29;2;0;0
39;29;2;0;0
40;29;2;0;0
41;29;34;0;0
42;29;34;0;0
43;29;34;0;0
44;29;34;0;0
45;29;34;0;0
46;29;34;0;0
47;29;34;0;0
48;29;34;0;0
49;29;34;0;0
50;29;34;0;0
51;29;34;0;0
52;29;34;0;0
0;30;34;0;0
1;30;2;0;0
2;30;2;0;0
3;30;2;0;0
4;30;2;0;0
5;30;2;0;0
6;30;2;0;0
7;30;2;0;0
8;30;2;0;0
9;30;2;0;0
10;30;2;0;0
11;30;2;0;0
12;30;4165;0;0
13;30;5;0;0
14;30;5;0;0
15;30;5;0;0
16;30;5;0;0
17;30;5;0;0
18;30;5;0;0
19;30;5;0;0
20;30;5;0;0
21;30;5;0;0
22;30;5;0;0
23;30;5;0;0
24;30;5;0;0
25;30;5;0;0
26;30;8261;0;0
27;30;2;0;0
28;30;2;0;0
29;30;4165;0;0
30;30;8261;0;0
31;30;2;0;0
32;30;7;0;0
33;30;23623;0;0
34;30;2;0;0
35;30;2;0;0
36;30;2;0;0
37;30;2;0;0
38;30;2;0;0
39;30;2;0;0
40;30;2;0;0
41;30;34;0;0
42;30;34;0;0
43;30;34;0;0
44;30;34;0;0
45;30;34;0;0
46;30;34;0;0
47;30;34;0;0
48;30;34;0;0
49;30;34;0;0
50;30;34;0;0
51;30;34;0;0
52;30;34;0;0
0;31;34;0;0
1;31;2;0;0
2;31;2;0;0
3;31;2;0;0
4;31;2;0;0
5;31;2;0;0
6;31;2;0;0
7;31;2;0;0
8;31;2;0;0
9;31;2;0;0
10;31;2;0;0
11;31;2;0;0
12;31;10309;0;0
13;31;5;0;0
14;31;5;0;0
15;31;5;0;0
16;31;5;0;0
17;31;5;0;0
18;31;5;0;0
19;31;5;0;0
20;31;5;0;0
21;31;5;0;0
22;31;5;0;0
23;31;5;0;0
24;31;5;0;0
25;31;5;0;0
26;31;12357;0;0
27;31;2;0;0
28;31;2;0;0
29;31;27717;0;0
30;31;28741;0;0
31;31;2;0;0
32;31;10311;0;0
33;31;12359;0;0
34;31;2;0;0
35;31;2;0;0
36;31;2;0;0
37;31;2;0;0
38;31;2;0;0
39;31;2;0;0
40;31;2;0;0
41;31;34;0;0
42;31;34;0;0
43;31;34;0;0
44;31;34;0;0
45;31;34;0;0
46;31;34;0;0
47;31;34;0;0
48;31;34;0;0
49;31;34;0;0
50;31;34;0;0
51;31;34;0;0
52;31;34;0;0
0;32;34;0;0
1;32;2;0;0
2;32;2;0;0
3;32;2;0;0
4;32;2;0;0
5;32;2;0;0
6;32;2;0;0
7;32;2;0;0
8;32;2;0;0
9;32;25671;0;0
10;32;26695;0;0
11;32;2;0;0
12;32;20549;0;0
13;32;5;0;0
14;32;5;0;0
15;32;5;0;0
16;32;5;0;0
17;32;5;0;0
18;32;6213;0;0
19;32;11333;0;0
20;32;11333;0;0
21;32;11333;0;0
22;32;11333;0;0
23;32;5189;0;0
24;32;5;0;0
25;32;5;0;0
26;32;12357;0;0
27;32;2;0;0
28;32;2;0;0
29;32;2;0;0
30;32;2;0;0
31;32;2;0;0
32;32;10311;0;0
33;32;12359;0;0
34;32;2;0;0
35;32;2;0;0
36;32;2;0;0
37;32;2;0;0
38;32;2;0;0
39;32;2;0;0
40;32;2;0;0
41;32;34;0;0
42;32;34;0;0
43;32;34;0;0
44;32;34;0;0
45;32;34;0;0
46;32;34;0;0
47;32;34;0;0
48;32;34;0;0
49;32;34;0;0
50;32;34;0;0
51;32;34;0;0
52;32;34;0;0
0;33;34;0;0
1;33;2;0;0
2;33;2;0;0
3;33;2;0;0
4;33;2;0;0
5;33;2;0;0
6;33;2;0;0
7;33;2;0;0
8;33;2;0;0
9;33;10311;0;0
10;33;12359;0;0
11;33;2;0;0
12;33;2;0;0
13;33;4165;0;0
14;33;5;0;0
15;33;5;0;0
16;33;5;0;0
17;33;8261;0;0
18;33;2;0;0
19;33;2;0;0
20;33;2;0;0
21;33;2;0;0
22;33;2;0;0
23;33;2;0;0
24;33;22597;0;0
25;33;11333;0;0
26;33;28741;0;0
27;33;2;0;0
28;33;2;0;0
29;33;2;0;0
30;33;2;0;0
31;33;2;0;0
32;33;27719;0;0
33;33;28743;0;0
34;33;2;0;0
35;33;2;0;0
36;33;2;0;0
37;33;2;0;0
38;33;2;0;0
39;33;2;0;0
40;33;2;0;0
41;33;34;0;0
42;33;34;0;0
43;33;34;0;0
44;33;34;0;0
45;33;34;0;0
46;33;34;0;0
47;33;34;0;0
48;33;34;0;0
49;33;34;0;0
50;33;34;0;0
51;33;34;0;0
52;33;34;0;0
0;34;34;0;0
1;34;2;0;0
2;34;2;0;0
3;34;2;0;0
4;34;2;0;0
5;34;2;0;0
6;34;2;0;0
7;34;2;0;0
8;34;2;0;0
9;34;10311;0;0
10;34;12359;0;0
11;34;2;0;0
12;34;2;0;0
13;34;10309;0;0
14;34;5;0;0
15;34;5;0;0
16;34;5;0;0
17;34;12357;0;0
18;34;2;0;0
19;34;2;0;0
20;34;25671;0;0
21;34;7;0;0
22;34;7;0;0
23;34;2;0;0
24;34;2;0;0
25;34;2;0;0
26;34;2;0;0
27;34;2;0;0
28;34;2;0;0
29;34;2;0;0
30;34;2;0;0
31;34;2;0;0
32;34;2;0;0
33;34;2;0;0
34;34;2;0;0
35;34;2;0;0
36;34;2;0;0
37;34;2;0;0
38;34;2;0;0
39;34;2;0;0
40;34;2;0;0
41;34;34;0;0
42;34;34;0;0
43;34;34;0;0
44;34;34;0;0
45;34;34;0;0
46;34;34;0;0
47;34;34;0;0
48;34;34;0;0
49;34;34;0;0
50;34;34;0;0
51;34;34;0;0
52;34;34;0;0
0;35;34;0;0
1;35;34;0;0
2;35;34;0;0
3;35;34;0;0
4;35;34;0;0
5;35;2;0;0
6;35;2;0;0
7;35;2;0;0
8;35;2;0;0
9;35;10311;0;0
10;35;12359;0;0
11;35;2;0;0
12;35;2;0;0
13;35;27717;0;0
14;35;5189;0;0
15;35;5;0;0
16;35;5;0;0
17;35;7237;0;0
18;35;2;0;0
19;35;2;0;0
20;35;10311;0;0
21;35;7;0;0
22;35;2;0;0
23;35;2;0;0
24;35;2;0;0
25;35;2;0;0
26;35;2;0;0
27;35;2;0;0
28;35;2;0;0
29;35;2;0;0
30;35;2;0;0
31;35;2;0;0
32;35;2;0;0
33;35;2;0;0
34;35;2;0;0
35;35;2;0;0
36;35;2;0;0
37;35;2;0;0
38;35;2;0;0
39;35;2;0;0
40;35;2;0;0
41;35;34;0;0
42;35;34;0;0
43;35;34;0;0
44;35;34;0;0
45;35;34;0;0
46;35;34;0;0
47;35;34;0;0
48;35;34;0;0
49;35;34;0;0
50;35;34;0;0
51;35;34;0;0
52;35;34;0;0
0;36;34;0;0
1;36;34;0;0
2;36;34;0;0
3;36;34;0;0
4;36;34;0;0
5;36;2;0;0
6;36;2;0;0
7;36;2;0;0
8;36;2;0;0
9;36;10311;0;0
10;36;7239;0;0
11;36;2;0;0
12;36;2;0;0
13;36;2;0;0
14;36;2;0;0
15;36;4165;0;0
16;36;5;0;0
17;36;5;0;0
18;36;14405;0;0
19;36;2;0;0
20;36;3141;0;0
21;36;1253;0;0
22;36;2117;0;0
23;36;9285;0;0
24;36;34;0;0
25;36;34;0;0
26;36;34;0;0
27;36;34;0;0
28;36;34;0;0
29;36;34;0;0
30;36;34;0;0
31;36;34;0;0
32;36;34;0;0
33;36;34;0;0
34;36;34;0;0
35;36;34;0;0
36;36;34;0;0
37;36;34;0;0
38;36;34;0;0
39;36;34;0;0
40;36;34;0;0
41;36;34;0;0
42;36;34;0;0
43;36;34;0;0
44;36;34;0;0
45;36;34;0;0
46;36;34;0;0
47;36;34;0;0
48;36;34;0;0
49;36;34;0;0
50;36;34;0;0
51;36;34;0;0
52;36;34;0;0
0;37;34;0;0
1;37;34;0;0
2;37;34;0;0
3;37;34;0;0
4;37;34;0;0
5;37;2;0;0
6;37;2;0;0
7;37;2;0;0
8;37;2;0;0
9;37;20551;0;0
10;37;7;0;0
11;37;2119;0;0
12;37;26695;0;0
13;37;2;0;0
14;37;2;0;0
15;37;10309;0;0
16;37;5;0;0
17;37;5;0;0
18;37;5;0;0
19;37;5;0;0
20;37;5;0;0
21;37;5;0;0
22;37;5;0;0
23;37;5;0;0
24;37;34;0;0
25;37;34;0;0
26;37;34;0;0
27;37;34;0;0
28;37;34;0;0
29;37;34;0;0
30;37;34;0;0
31;37;34;0;0
32;37;34;0;0
33;37;34;0;0
34;37;34;0;0
35;37;34;0;0
36;37;34;0;0
37;37;34;0;0
38;37;34;0;0
39;37;34;0;0
40;37;34;0;0
41;37;34;0;0
42;37;34;0;0
43;37;34;0;0
44;37;34;0;0
45;37;34;0;0
46;37;34;0;0
47;37;34;0;0
48;37;34;0;0
49;37;34;0;0
50;37;34;0;0
51;37;34;0;0
52;37;34;0;0
0;38;34;0;0
1;38;34;0;0
2;38;34;0;0
3;38;34;0;0
4;38;34;0;0
5;38;2;0;0
6;38;2;0;0
7;38;2;0;0
8;38;2;0;0
9;38;2;0;0
10;38;7;0;0
11;38;7;0;0
12;38;12359;0;0
13;38;2;0;0
14;38;2;0;0
15;38;10311;0;0
16;38;15589;0;0
17;38;5;0;0
18;38;5;0;0
19;38;5;0;0
20;38;16453;0;0
21;38;2;0;0
22;38;22597;0;0
23;38;5189;0;0
24;38;34;0;0
25;38;34;0;0
26;38;34;0;0
27;38;34;0;0
28;38;34;0;0
29;38;34;0;0
30;38;34;0;0
31;38;34;0;0
32;38;34;0;0
33;38;34;0;0
34;38;34;0;0
35;38;34;0;0
36;38;34;0;0
37;38;34;0;0
38;38;34;0;0
39;38;34;0;0
40;38;34;0;0
41;38;34;0;0
42;38;34;0;0
43;38;34;0;0
44;38;34;0;0
45;38;34;0;0
46;38;34;0;0
47;38;34;0;0
48;38;34;0;0
49;38;34;0;0
50;38;34;0;0
51;38;34;0;0
52;38;34;0;0
0;39;34;0;0
1;39;34;0;0
2;39;34;0;0
3;39;34;0;0
4;39;34;0;0
5;39;34;0;0
6;39;34;0;0
7;39;34;0;0
8;39;34;0;0
9;39;34;0;0
10;39;7;0;0
11;39;7;0;0
12;39;24647;0;0
13;39;2;0;0
14;39;2;0;0
15;39;10311;0;0
16;39;7;0;0
17;39;4325;0;0
18;39;5;0;0
19;39;8261;0;0
20;39;2;0;0
21;39;2;0;0
22;39;2;0;0
23;39;2;0;0
24;39;34;0;0
25;39;34;0;0
26;39;34;0;0
27;39;34;0;0
28;39;34;0;0
29;39;34;0;0
30;39;34;0;0
31;39;34;0;0
32;39;34;0;0
33;39;34;0;0
34;39;34;0;0
35;39;34;0;0
36;39;34;0;0
37;39;34;0;0
38;39;34;0;0
39;39;34;0;0
40;39;34;0;0
41;39;34;0;0
42;39;34;0;0
43;39;34;0;0
44;39;34;0;0
45;39;34;0;0
46;39;34;0;0
47;39;34;0;0
48;39;34;0;0
49;39;34;0;0
50;39;34;0;0
51;39;34;0;0
52;39;34;0;0
0;40;34;0;0
1;40;34;0;0
2;40;34;0;0
3;40;34;0;0
4;40;34;0;0
5;40;34;0;0
6;40;34;0;0
7;40;34;0;0
8;40;34;0;0
9;40;34;0;0
10;40;7;0;0
11;40;7;0;0
12;40;2;0;0
13;40;2;0;0
14;40;2;0;0
15;40;3143;0;0
16;40;8263;0;0
17;40;2;0;0
18;40;22597;0;0
19;40;28741;0;0
20;40;2;0;0
21;40;25671;0;0
22;40;26695;0;0
23;40;2;0;0
24;40;34;0;0
25;40;34;0;0
26;40;34;0;0
27;40;34;0;0
28;40;34;0;0
29;40;34;0;0
30;40;34;0;0
31;40;34;0;0
32;40;34;0;0
33;40;34;0;0
34;40;34;0;0
35;40;34;0;0
36;40;34;0;0
37;40;34;0;0
38;40;34;0;0
39;40;34;0;0
40;40;34;0;0
41;40;34;0;0
42;40;34;0;0
43;40;34;0;0
44;40;34;0;0
45;40;34;0;0
46;40;34;0;0
47;40;34;0;0
48;40;34;0;0
49;40;34;0;0
50;40;34;0;0
51;40;34;0;0
52;40;34;0;0
0;41;34;0;0
1;41;34;0;0
2;41;34;0;0
3;41;34;0;0
4;41;34;0;0
5;41;34;0;0
6;41;34;0;0
7;41;34;0;0
8;41;34;0;0
9;41;34;0;0
10;41;7;0;0
11;41;7;0;0
12;41;2119;0;0
13;41;9287;0;0
14;41;1095;0;0
15;41;7;0;0
16;41;7239;0;0
17;41;2;0;0
18;41;2;0;0
19;41;2;0;0
20;41;2;0;0
21;41;3143;0;0
22;41;12359;0;0
23;41;2;0;0
24;41;34;0;0
25;41;34;0;0
26;41;34;0;0
27;41;34;0;0
28;41;34;0;0
29;41;34;0;0
30;41;34;0;0
31;41;34;0;0
32;41;34;0;0
33;41;34;0;0
34;41;34;0;0
35;41;34;0;0
36;41;34;0;0
37;41;34;0;0
38;41;34;0;0
39;41;34;0;0
40;41;34;0;0
41;41;34;0;0
42;41;34;0;0
43;41;34;0;0
44;41;34;0;0
45;41;34;0;0
46;41;34;0;0
47;41;34;0;0
48;41;34;0;0
49;41;34;0;0
50;41;34;0;0
51;41;34;0;0
52;41;34;0;0
0;42;34;0;0
1;42;34;0;0
2;42;34;0;0
3;42;34;0;0
4;42;34;0;0
5;42;34;0;0
6;42;34;0;0
7;42;34;0;0
8;42;34;0;0
9;42;34;0;0
10;42;2;0;0
11;42;22599;0;0
12;42;11335;0;0
13;42;11335;0;0
14;42;11335;0;0
15;42;5191;0;0
16;42;7;0;0
17;42;14407;0;0
18;42;2;0;0
19;42;2;0;0
20;42;13383;0;0
21;42;7;0;0
22;42;12359;0;0
23;42;2;0;0
24;42;34;0;0
25;42;34;0;0
26;42;34;0;0
27;42;34;0;0
28;42;34;0;0
29;42;34;0;0
30;42;34;0;0
31;42;34;0;0
32;42;34;0;0
33;42;34;0;0
34;42;34;0;0
35;42;34;0;0
36;42;34;0;0
37;42;34;0;0
38;42;34;0;0
39;42;34;0;0
40;42;34;0;0
41;42;34;0;0
42;42;34;0;0
43;42;34;0;0
44;42;34;0;0
45;42;34;0;0
46;42;34;0;0
47;42;34;0;0
48;42;34;0;0
49;42;34;0;0
50;42;34;0;0
51;42;34;0;0
52;42;34;0;0
0;43;34;0;0
1;43;34;0;0
2;43;34;0;0
3;43;34;0;0
4;43;34;0;0
5;43;34;0;0
6;43;34;0;0
7;43;34;0;0
8;43;34;0;0
9;43;34;0;0
10;43;2;0;0
11;43;2;0;0
12;43;2;0;0
13;43;2;0;0
14;43;2;0;0
15;43;2;0;0
16;43;15431;0;0
17;43;7;0;0
18;43;2119;0;0
19;43;7;0;0
20;43;7;0;0
21;43;11335;0;0
22;43;28743;0;0
23;43;2;0;0
24;43;34;0;0
25;43;34;0;0
26;43;34;0;0
27;43;34;0;0
28;43;34;0;0
29;43;34;0;0
30;43;34;0;0
31;43;34;0;0
32;43;34;0;0
33;43;34;0;0
34;43;34;0;0
35;43;34;0;0
36;43;34;0;0
37;43;34;0;0
38;43;34;0;0
39;43;34;0;0
40;43;34;0;0
41;43;34;0;0
42;43;34;0;0
43;43;34;0;0
44;43;34;0;0
45;43;34;0;0
46;43;34;0;0
47;43;34;0;0
48;43;34;0;0
49;43;34;0;0
50;43;34;0;0
51;43;34;0;0
52;43;34;0;0
0;44;34;0;0
1;44;34;0;0
2;44;34;0;0
3;44;34;0;0
4;44;34;0;0
5;44;34;0;0
6;44;34;0;0
7;44;34;0;0
8;44;34;0;0
9;44;34;0;0
10;44;2;0;0
11;44;2;0;0
12;44;2;0;0
13;44;2;0;0
14;44;2;0;0
15;44;2;0;0
16;44;2;0;0
17;44;4167;0;0
18;44;7;0;0
19;44;8263;0;0
20;44;2;0;0
21;44;2;0;0
22;44;2;0;0
23;44;2;0;0
24;44;34;0;0
25;44;34;0;0
26;44;34;0;0
27;44;34;0;0
28;44;34;0;0
29;44;34;0;0
30;44;34;0;0
31;44;34;0;0
32;44;34;0;0
33;44;34;0;0
34;44;34;0;0
35;44;34;0;0
36;44;34;0;0
37;44;34;0;0
38;44;34;0;0
39;44;34;0;0
40;44;34;0;0
41;44;34;0;0
42;44;34;0;0
43;44;34;0;0
44;44;34;0;0
45;44;34;0;0
46;44;34;0;0
47;44;34;0;0
48;44;34;0;0
49;44;34;0;0
50;44;34;0;0
51;44;34;0;0
52;44;34;0;0
0;45;34;0;0
1;45;34;0;0
2;45;34;0;0
3;45;34;0;0
4;45;34;0;0
5;45;34;0;0
6;45;34;0;0
7;45;34;0;0
8;45;34;0;0
9;45;34;0;0
10;45;2;0;0
11;45;2;0;0
12;45;2;0;0
13;45;2;0;0
14;45;2;0;0
15;45;2;0;0
16;45;2;0;0
17;45;27719;0;0
18;45;11335;0;0
19;45;28743;0;0
20;45;2;0;0
21;45;2;0;0
22;45;2;0;0
23;45;2;0;0
24;45;34;0;0
25;45;34;0;0
26;45;34;0;0
27;45;34;0;0
28;45;34;0;0
29;45;34;0;0
30;45;34;0;0
31;45;34;0;0
32;45;34;0;0
33;45;34;0;0
34;45;34;0;0
35;45;34;0;0
36;45;34;0;0
37;45;34;0;0
38;45;34;0;0
39;45;34;0;0
40;45;34;0;0
41;45;34;0;0
42;45;34;0;0
43;45;34;0;0
44;45;34;0;0
45;45;34;0;0
46;45;34;0;0
47;45;34;0;0
48;45;34;0;0
49;45;34;0;0
50;45;34;0;0
51;45;34;0;0
52;45;34;0;0
0;46;34;0;0
1;46;34;0;0
2;46;34;0;0
3;46;34;0;0
4;46;34;0;0
5;46;34;0;0
6;46;34;0;0
7;46;34;0;0
8;46;34;0;0
9;46;34;0;0
10;46;2;0;0
11;46;2;0;0
12;46;2;0;0
13;46;2;0;0
14;46;2;0;0
15;46;2;0;0
16;46;2;0;0
17;46;2;0;0
18;46;2;0;0
19;46;2;0;0
20;46;2;0;0
21;46;2;0;0
22;46;2;0;0
23;46;2;0;0
24;46;34;0;0
25;46;34;0;0
26;46;34;0;0
27;46;34;0;0
28;46;34;0;0
29;46;34;0;0
30;46;34;0;0
31;46;34;0;0
32;46;34;0;0
33;46;34;0;0
34;46;34;0;0
35;46;34;0;0
36;46;34;0;0
37;46;34;0;0
38;46;34;0;0
39;46;34;0;0
40;46;34;0;0
41;46;34;0;0
42;46;34;0;0
43;46;34;0;0
44;46;34;0;0
45;46;34;0;0
46;46;34;0;0
47;46;34;0;0
48;46;34;0;0
49;46;34;0;0
50;46;34;0;0
51;46;34;0;0
52;46;34;0;0
0;47;34;0;0
1;47;34;0;0
2;47;34;0;0
3;47;34;0;0
4;47;34;0;0
5;47;34;0;0
6;47;34;0;0
7;47;34;0;0
8;47;34;0;0
9;47;34;0;0
10;47;2;0;0
11;47;2;0;0
12;47;2;0;0
13;47;2;0;0
14;47;2;0;0
15;47;2;0;0
16;47;2;0;0
17;47;2;0;0
18;47;2;0;0
19;47;2;0;0
20;47;2;0;0
21;47;2;0;0
22;47;2;0;0
23;47;2;0;0
24;47;34;0;0
25;47;34;0;0
26;47;34;0;0
27;47;34;0;0
28;47;34;0;0
29;47;34;0;0
30;47;34;0;0
31;47;34;0;0
32;47;34;0;0
33;47;34;0;0
34;47;34;0;0
35;47;34;0;0
36;47;34;0;0
37;47;34;0;0
38;47;34;0;0
39;47;34;0;0
40;47;34;0;0
41;47;34;0;0
42;47;34;0;0
43;47;34;0;0
44;47;34;0;0
45;47;34;0;0
46;47;34;0;0
47;47;34;0;0
48;47;34;0;0
49;47;34;0;0
50;47;34;0;0
51;47;34;0;0
52;47;34;0;0
0;48;34;0;0
1;48;34;0;0
2;48;34;0;0
3;48;34;0;0
4;48;34;0;0
5;48;34;0;0
6;48;34;0;0
7;48;34;0;0
8;48;34;0;0
9;48;34;0;0
10;48;2;0;0
11;48;2;0;0
12;48;2;0;0
13;48;2;0;0
14;48;2;0;0
15;48;2;0;0
16;48;2;0;0
17;48;2;0;0
18;48;2;0;0
19;48;2;0;0
20;48;2;0;0
21;48;2;0;0
22;48;2;0;0
23;48;2;0;0
24;48;34;0;0
25;48;34;0;0
26;48;34;0;0
27;48;34;0;0
28;48;34;0;0
29;48;34;0;0
30;48;34;0;0
31;48;34;0;0
32;48;34;0;0
33;48;34;0;0
34;48;34;0;0
35;48;34;0;0
36;48;34;0;0
37;48;34;0;0
38;48;34;0;0
39;48;34;0;0
40;48;34;0;0
41;48;34;0;0
42;48;34;0;0
43;48;34;0;0
44;48;34;0;0
45;48;34;0;0
46;48;34;0;0
47;48;34;0;0
48;48;34;0;0
49;48;34;0;0
50;48;34;0;0
51;48;34;0;0
52;48;34;0;0
0;49;34;0;0
1;49;34;0;0
2;49;34;0;0
3;49;34;0;0
4;49;34;0;0
5;49;34;0;0
6;49;34;0;0
7;49;34;0;0
8;49;34;0;0
9;49;34;0;0
10;49;2;0;0
11;49;2;0;0
12;49;2;0;0
13;49;2;0;0
14;49;2;0;0
15;49;2;0;0
16;49;2;0;0
17;49;2;0;0
18;49;2;0;0
19;49;2;0;0
20;49;2;0;0
21;49;2;0;0
22;49;2;0;0
23;49;2;0;0
24;49;34;0;0
25;49;34;0;0
26;49;34;0;0
27;49;34;0;0
28;49;34;0;0
29;49;34;0;0
30;49;34;0;0
31;49;34;0;0
32;49;34;0;0
33;49;34;0;0
34;49;34;0;0
35;49;34;0;0
36;49;34;0;0
37;49;34;0;0
38;49;34;0;0
39;49;34;0;0
40;49;34;0;0
41;49;34;0;0
42;49;34;0;0
43;49;34;0;0
44;49;34;0;0
45;49;34;0;0
46;49;34;0;0
47;49;34;0;0
48;49;34;0;0
49;49;34;0;0
50;49;34;0;0
51;49;34;0;0
52;49;34;0;0
