V: 2
L: -9
X: 237
Y: 512
W: 73
H: 75
0;0;0;2
0;1;0;2
0;2;0;2
0;3;0;2
0;4;0;2
0;5;0;2
0;6;0;2
0;7;0;2
0;8;0;2
0;9;42;2
0;10;42;2
0;11;42;2
0;12;42;2
0;13;42;2
0;14;42;2
0;15;42;2
0;16;42;2
0;17;42;2
0;18;42;2
0;19;42;2
0;20;42;2
0;21;42;2
0;22;42;2
0;23;42;2
0;24;42;2
0;25;42;2
0;26;42;2
0;27;42;2
0;28;42;2
0;29;42;2
0;30;42;2
0;31;42;2
0;32;42;2
0;33;42;2
0;34;42;2
0;35;42;2
0;36;42;2
0;37;42;2
0;38;42;2
0;39;42;2
0;40;42;2
0;41;42;2
0;42;42;2
0;43;42;2
0;44;42;2
0;45;42;2
0;46;42;2
0;47;42;2
0;48;42;2
0;49;42;2
0;50;42;2
0;51;42;2
0;52;42;2
0;53;42;2
0;54;42;2
0;55;42;2
0;56;42;2
0;57;42;2
0;58;42;2
0;59;42;2
0;60;42;2
0;61;42;2
0;62;42;2
0;63;42;2
0;64;42;2
0;65;42;2
0;66;42;2
0;67;42;2
0;68;42;2
0;69;42;2
0;70;42;2
0;71;42;2
0;72;0;2
0;73;0;2
0;74;0;2
1;0;0;2
1;1;0;2
1;2;0;2
1;3;0;2
1;4;0;2
1;5;0;2
1;6;0;2
1;7;0;2
1;8;0;2
1;9;42;2
1;10;42;2
1;11;42;2
1;12;42;2
1;13;42;2
1;14;42;2
1;15;42;2
1;16;42;2
1;17;42;2
1;18;42;2
1;19;42;2
1;20;42;2
1;21;42;2
1;22;42;2
1;23;42;2
1;24;42;2
1;25;42;2
1;26;42;2
1;27;42;2
1;28;42;2
1;29;42;2
1;30;42;2
1;31;42;2
1;32;42;2
1;33;42;2
1;34;42;2
1;35;42;2
1;36;42;2
1;37;42;2
1;38;42;2
1;39;42;2
1;40;42;2
1;41;42;2
1;42;42;2
1;43;42;2
1;44;42;2
1;45;42;2
1;46;42;2
1;47;42;2
1;48;42;2
1;49;42;2
1;50;42;2
1;51;42;2
1;52;42;2
1;53;42;2
1;54;42;2
1;55;42;2
1;56;42;2
1;57;42;2
1;58;42;2
1;59;42;2
1;60;42;2
1;61;42;2
1;62;42;2
1;63;42;2
1;64;42;2
1;65;42;2
1;66;42;2
1;67;42;2
1;68;42;2
1;69;42;2
1;70;42;2
1;71;42;2
1;72;0;2
1;73;0;2
1;74;0;2
2;0;0;2
2;1;0;2
2;2;0;2
2;3;0;2
2;4;0;2
2;5;0;2
2;6;0;2
2;7;0;2
2;8;0;2
2;9;42;2
2;10;42;2
2;11;15;2
2;12;15;2
2;13;15;2
2;14;42;2
2;15;42;2
2;16;42;2
2;17;42;2
2;18;42;2
2;19;42;2
2;20;42;2
2;21;42;2
2;22;42;2
2;23;42;2
2;24;42;2
2;25;42;2
2;26;42;2
2;27;42;2
2;28;42;2
2;29;42;2
2;30;42;2
2;31;42;2
2;32;42;2
2;33;42;2
2;34;42;2
2;35;42;2
2;36;42;2
2;37;42;2
2;38;42;2
2;39;42;2
2;40;42;2
2;41;42;2
2;42;42;2
2;43;42;2
2;44;42;2
2;45;42;2
2;46;42;2
2;47;42;2
2;48;42;2
2;49;42;2
2;50;42;2
2;51;42;2
2;52;42;2
2;53;42;2
2;54;42;2
2;55;42;2
2;56;42;2
2;57;42;2
2;58;42;2
2;59;42;2
2;60;42;2
2;61;42;2
2;62;42;2
2;63;42;2
2;64;42;2
2;65;42;2
2;66;12775;2
2;67;7655;2
2;68;7;2
2;69;7;2
2;70;7;2
2;71;42;2
2;72;0;2
2;73;0;2
2;74;0;2
3;0;0;2
3;1;0;2
3;2;0;2
3;3;0;2
3;4;0;2
3;5;0;2
3;6;0;2
3;7;0;2
3;8;0;2
3;9;42;2
3;10;42;2
3;11;15;2
3;12;15;2
3;13;15;2
3;14;15;2
3;15;15;2
3;16;8419;2
3;17;12515;2
3;18;12515;2
3;19;12515;2
3;20;12515;2
3;21;12515;2
3;22;15;2
3;23;15;2
3;24;15;2
3;25;15;2
3;26;15;2
3;27;15;2
3;28;15;2
3;29;15;2
3;30;15;2
3;31;42;2
3;32;42;2
3;33;42;2
3;34;42;2
3;35;42;2
3;36;42;2
3;37;42;2
3;38;42;2
3;39;42;2
3;40;42;2
3;41;42;2
3;42;42;2
3;43;42;2
3;44;42;2
3;45;15;2
3;46;15;2
3;47;2531;2
3;48;3;2
3;49;3;2
3;50;3;2
3;51;2;2
3;52;2;2
3;53;2;2
3;54;6626;2
3;55;15;2
3;56;24034;2
3;57;7651;2
3;58;3;2
3;59;3;2
3;60;8675;2
3;61;12771;2
3;62;12771;2
3;63;25059;2
3;64;15;2
3;65;15;2
3;66;15;2
3;67;15;2
3;68;2;2
3;69;14407;2
3;70;7;2
3;71;42;2
3;72;0;2
3;73;0;2
3;74;0;2
4;0;0;2
4;1;0;2
4;2;0;2
4;3;0;2
4;4;0;2
4;5;0;2
4;6;0;2
4;7;0;2
4;8;0;2
4;9;42;2
4;10;42;2
4;11;15;2
4;12;26083;2
4;13;10723;2
4;14;20963;2
4;15;15;2
4;16;1511;2
4;17;7;2
4;18;7;2
4;19;7;2
4;20;7;2
4;21;7;2
4;22;4583;2
4;23;10727;2
4;24;10722;2
4;25;10727;2
4;26;20962;2
4;27;15;2
4;28;19938;2
4;29;10722;2
4;30;3554;2
4;31;2;2
4;32;2;2
4;33;2;2
4;34;2;2
4;35;8674;2
4;36;12770;2
4;37;12770;2
4;38;12770;2
4;39;25058;2
4;40;15;2
4;41;15;2
4;42;15;2
4;43;15;2
4;44;15;2
4;45;15;2
4;46;15;2
4;47;9699;2
4;48;3;2
4;49;3;2
4;50;3;2
4;51;4163;2
4;52;10307;2
4;53;20547;2
4;54;11746;2
4;55;15;2
4;56;15;2
4;57;15;2
4;58;3;2
4;59;16867;2
4;60;15;2
4;61;15;2
4;62;15;2
4;63;15;2
4;64;15;2
4;65;26082;2
4;66;10722;2
4;67;3554;2
4;68;2;2
4;69;2;2
4;70;2119;2
4;71;42;2
4;72;0;2
4;73;0;2
4;74;0;2
5;0;0;2
5;1;0;2
5;2;0;2
5;3;0;2
5;4;0;2
5;5;0;2
5;6;0;2
5;7;0;2
5;8;0;2
5;9;42;2
5;10;42;2
5;11;15;2
5;12;9699;2
5;13;42;2
5;14;42;2
5;15;42;2
5;16;7;2
5;17;7;2
5;18;7;2
5;19;42;2
5;20;42;2
5;21;42;2
5;22;42;2
5;23;42;2
5;24;7;2
5;25;2;2
5;26;2;2
5;27;2;2
5;28;2;2
5;29;2;2
5;30;3;2
5;31;2;2
5;32;2;2
5;33;2;2
5;34;16866;2
5;35;15;2
5;36;15;2
5;37;15;2
5;38;15;2
5;39;15;2
5;40;15;2
5;41;15;2
5;42;15;2
5;43;15;2
5;44;15;2
5;45;15;2
5;46;15;2
5;47;18915;2
5;48;42;2
5;49;42;2
5;50;42;2
5;51;42;2
5;52;42;2
5;53;42;2
5;54;42;2
5;55;15;2
5;56;15;2
5;57;15;2
5;58;42;2
5;59;15;2
5;60;15;2
5;61;19939;2
5;62;42;2
5;63;15;2
5;64;15;2
5;65;42;2
5;66;42;2
5;67;42;2
5;68;42;2
5;69;2;2
5;70;9287;2
5;71;42;2
5;72;0;2
5;73;0;2
5;74;0;2
6;0;0;2
6;1;0;2
6;2;0;2
6;3;0;2
6;4;0;2
6;5;0;2
6;6;0;2
6;7;0;2
6;8;0;2
6;9;42;2
6;10;11747;2
6;11;15;2
6;12;9699;2
6;13;42;2
6;14;42;2
6;15;42;2
6;16;42;2
6;17;42;2
6;18;42;2
6;19;42;2
6;20;42;2
6;21;42;2
6;22;42;2
6;23;42;2
6;24;42;2
6;25;42;2
6;26;42;2
6;27;42;2
6;28;2;2
6;29;2;2
6;30;3;2
6;31;2;2
6;32;2;2
6;33;6626;2
6;34;15;2
6;35;15;2
6;36;15;2
6;37;15;2
6;38;15;2
6;39;15;2
6;40;15;2
6;41;15;2
6;42;15;2
6;43;15;2
6;44;15;2
6;45;15;2
6;46;15;2
6;47;15;2
6;48;42;2
6;49;42;2
6;50;42;2
6;51;42;2
6;52;42;2
6;53;42;2
6;54;42;2
6;55;42;2
6;56;42;2
6;57;42;2
6;58;42;2
6;59;42;2
6;60;42;2
6;61;42;2
6;62;42;2
6;63;42;2
6;64;42;2
6;65;42;2
6;66;42;2
6;67;42;2
6;68;42;2
6;69;2;2
6;70;1095;2
6;71;42;2
6;72;0;2
6;73;0;2
6;74;0;2
7;0;0;2
7;1;0;2
7;2;0;2
7;3;0;2
7;4;0;2
7;5;0;2
7;6;0;2
7;7;0;2
7;8;0;2
7;9;42;2
7;10;11747;2
7;11;15;2
7;12;9699;2
7;13;42;2
7;14;42;2
7;15;42;2
7;16;42;2
7;17;42;2
7;18;42;2
7;19;42;2
7;20;42;2
7;21;42;2
7;22;42;2
7;23;42;2
7;24;42;2
7;25;42;2
7;26;42;2
7;27;42;2
7;28;2;2
7;29;2;2
7;30;7;2
7;31;2;2
7;32;2;2
7;33;21986;2
7;34;15;2
7;35;15;2
7;36;15;2
7;37;15;2
7;38;15;2
7;39;15;2
7;40;15;2
7;41;15;2
7;42;15;2
7;43;15;2
7;44;15;2
7;45;15;2
7;46;15;2
7;47;15;2
7;48;42;2
7;49;42;2
7;50;42;2
7;51;42;2
7;52;42;2
7;53;42;2
7;54;42;2
7;55;42;2
7;56;42;2
7;57;42;2
7;58;42;2
7;59;42;2
7;60;42;2
7;61;42;2
7;62;2;2
7;63;2;2
7;64;2;2
7;65;42;2
7;66;42;2
7;67;42;2
7;68;42;2
7;69;7;2
7;70;7;2
7;71;42;2
7;72;0;2
7;73;0;2
7;74;0;2
8;0;0;2
8;1;0;2
8;2;0;2
8;3;0;2
8;4;0;2
8;5;0;2
8;6;0;2
8;7;0;2
8;8;0;2
8;9;42;2
8;10;5603;2
8;11;15;2
8;12;1507;2
8;13;42;2
8;14;42;2
8;15;42;2
8;16;42;2
8;17;42;2
8;18;42;2
8;19;42;2
8;20;42;2
8;21;42;2
8;22;42;2
8;23;42;2
8;24;42;2
8;25;42;2
8;26;42;2
8;27;42;2
8;28;2;2
8;29;13383;2
8;30;7;2
8;31;8674;2
8;32;25058;2
8;33;15;2
8;34;15;2
8;35;15;2
8;36;15;2
8;37;15;2
8;38;15;2
8;39;15;2
8;40;15;2
8;41;15;2
8;42;15;2
8;43;15;2
8;44;15;2
8;45;15;2
8;46;15;2
8;47;15;2
8;48;42;2
8;49;42;2
8;50;42;2
8;51;42;2
8;52;42;2
8;53;42;2
8;54;42;2
8;55;42;2
8;56;42;2
8;57;42;2
8;58;42;2
8;59;42;2
8;60;42;2
8;61;42;2
8;62;2;2
8;63;2;2
8;64;2;2
8;65;42;2
8;66;42;2
8;67;42;2
8;68;42;2
8;69;7;2
8;70;7;2
8;71;42;2
8;72;0;2
8;73;0;2
8;74;0;2
9;0;0;2
9;1;0;2
9;2;0;2
9;3;0;2
9;4;0;2
9;5;0;2
9;6;0;2
9;7;0;2
9;8;0;2
9;9;42;2
9;10;3;2
9;11;3;2
9;12;3;2
9;13;42;2
9;14;42;2
9;15;42;2
9;16;42;2
9;17;42;2
9;18;42;2
9;19;42;2
9;20;42;2
9;21;42;2
9;22;42;2
9;23;42;2
9;24;42;2
9;25;42;2
9;26;42;2
9;27;42;2
9;28;42;2
9;29;22755;2
9;30;6631;2
9;31;15;2
9;32;15;2
9;33;15;2
9;34;15;2
9;35;15;2
9;36;15;2
9;37;26082;2
9;38;28130;2
9;39;15;2
9;40;15;2
9;41;15;2
9;42;15;2
9;43;15;2
9;44;15;2
9;45;15;2
9;46;15;2
9;47;13799;2
9;48;42;2
9;49;42;2
9;50;42;2
9;51;42;2
9;52;42;2
9;53;42;2
9;54;42;2
9;55;42;2
9;56;42;2
9;57;42;2
9;58;42;2
9;59;42;2
9;60;42;2
9;61;42;2
9;62;6626;2
9;63;15;2
9;64;2530;2
9;65;42;2
9;66;42;2
9;67;42;2
9;68;42;2
9;69;8263;2
9;70;7239;2
9;71;42;2
9;72;0;2
9;73;0;2
9;74;0;2
10;0;0;2
10;1;0;2
10;2;0;2
10;3;0;2
10;4;0;2
10;5;0;2
10;6;0;2
10;7;0;2
10;8;0;2
10;9;42;2
10;10;3;2
10;11;3;2
10;12;3;2
10;13;42;2
10;14;42;2
10;15;42;2
10;16;42;2
10;17;42;2
10;18;42;2
10;19;42;2
10;20;42;2
10;21;42;2
10;22;42;2
10;23;42;2
10;24;42;2
10;25;42;2
10;26;42;2
10;27;42;2
10;28;42;2
10;29;11491;2
10;30;11751;2
10;31;15;2
10;32;15;2
10;33;15;2
10;34;15;2
10;35;15;2
10;36;15;2
10;37;1506;2
10;38;11746;2
10;39;15;2
10;40;15;2
10;41;15;2
10;42;26087;2
10;43;28135;2
10;44;15;2
10;45;26087;2
10;46;3559;2
10;47;7;2
10;48;42;2
10;49;42;2
10;50;42;2
10;51;42;2
10;52;42;2
10;53;42;2
10;54;42;2
10;55;42;2
10;56;42;2
10;57;42;2
10;58;42;2
10;59;42;2
10;60;42;2
10;61;42;2
10;62;42;2
10;63;15;2
10;64;42;2
10;65;42;2
10;66;42;2
10;67;42;2
10;68;42;2
10;69;2;2
10;70;2;2
10;71;42;2
10;72;0;2
10;73;0;2
10;74;0;2
11;0;0;2
11;1;0;2
11;2;0;2
11;3;0;2
11;4;0;2
11;5;0;2
11;6;0;2
11;7;0;2
11;8;0;2
11;9;42;2
11;10;3;2
11;11;3;2
11;12;16867;2
11;13;15;2
11;14;2535;2
11;15;7;2
11;16;8679;2
11;17;7655;2
11;18;7;2
11;19;7;2
11;20;6631;2
11;21;15;2
11;22;42;2
11;23;42;2
11;24;42;2
11;25;42;2
11;26;42;2
11;27;42;2
11;28;42;2
11;29;11491;2
11;30;5607;2
11;31;15;2
11;32;15;2
11;33;15;2
11;34;15;2
11;35;15;2
11;36;13794;2
11;37;2;2
11;38;11746;2
11;39;15;2
11;40;15;2
11;41;15;2
11;42;27111;2
11;43;29159;2
11;44;15;2
11;45;9703;2
11;46;7;2
11;47;7;2
11;48;26851;2
11;49;12515;2
11;50;12515;2
11;51;12515;2
11;52;7395;2
11;53;3;2
11;54;3;2
11;55;15;2
11;56;15;2
11;57;15;2
11;58;42;2
11;59;42;2
11;60;42;2
11;61;42;2
11;62;42;2
11;63;15;2
11;64;42;2
11;65;42;2
11;66;42;2
11;67;42;2
11;68;42;2
11;69;4167;2
11;70;3143;2
11;71;42;2
11;72;0;2
11;73;0;2
11;74;0;2
12;0;0;2
12;1;0;2
12;2;0;2
12;3;0;2
12;4;0;2
12;5;0;2
12;6;0;2
12;7;0;2
12;8;0;2
12;9;42;2
12;10;42;2
12;11;6627;2
12;12;15;2
12;13;15;2
12;14;9703;2
12;15;7;2
12;16;15;2
12;17;15;2
12;18;7;2
12;19;7;2
12;20;11751;2
12;21;15;2
12;22;42;2
12;23;42;2
12;24;42;2
12;25;42;2
12;26;42;2
12;27;42;2
12;28;42;2
12;29;11491;2
12;30;7;2
12;31;42;2
12;32;15;2
12;33;15;2
12;34;19943;2
12;35;3559;2
12;36;2;2
12;37;2;2
12;38;11746;2
12;39;15;2
12;40;15;2
12;41;15;2
12;42;15;2
12;43;15;2
12;44;15;2
12;45;9703;2
12;46;7;2
12;47;7;2
12;48;7;2
12;49;7;2
12;50;7;2
12;51;7;2
12;52;7;2
12;53;3;2
12;54;3;2
12;55;4579;2
12;56;20963;2
12;57;15;2
12;58;42;2
12;59;42;2
12;60;42;2
12;61;42;2
12;62;42;2
12;63;15;2
12;64;42;2
12;65;42;2
12;66;42;2
12;67;42;2
12;68;42;2
12;69;7;2
12;70;7;2
12;71;42;2
12;72;0;2
12;73;0;2
12;74;0;2
13;0;0;2
13;1;0;2
13;2;0;2
13;3;0;2
13;4;0;2
13;5;0;2
13;6;0;2
13;7;0;2
13;8;0;2
13;9;42;2
13;10;42;2
13;11;5603;2
13;12;15;2
13;13;15;2
13;14;1511;2
13;15;7;2
13;16;4583;2
13;17;3559;2
13;18;7;2
13;19;7;2
13;20;21991;2
13;21;15;2
13;22;42;2
13;23;42;2
13;24;42;2
13;25;42;2
13;26;42;2
13;27;42;2
13;28;42;2
13;29;5347;2
13;30;7;2
13;31;42;2
13;32;15;2
13;33;17895;2
13;34;7;2
13;35;11335;2
13;36;2;2
13;37;2;2
13;38;21986;2
13;39;15;2
13;40;15;2
13;41;15;2
13;42;15;2
13;43;15;2
13;44;15;2
13;45;9703;2
13;46;7;2
13;47;7;2
13;48;42;2
13;49;42;2
13;50;42;2
13;51;42;2
13;52;42;2
13;53;42;2
13;54;3;2
13;55;3;2
13;56;42;2
13;57;42;2
13;58;42;2
13;59;42;2
13;60;42;2
13;61;42;2
13;62;42;2
13;63;15;2
13;64;42;2
13;65;42;2
13;66;42;2
13;67;42;2
13;68;42;2
13;69;6631;2
13;70;15;2
13;71;42;2
13;72;0;2
13;73;0;2
13;74;0;2
14;0;0;2
14;1;0;2
14;2;0;2
14;3;0;2
14;4;0;2
14;5;0;2
14;6;0;2
14;7;0;2
14;8;0;2
14;9;42;2
14;10;42;2
14;11;42;2
14;12;42;2
14;13;42;2
14;14;7;2
14;15;42;2
14;16;42;2
14;17;42;2
14;18;42;2
14;19;42;2
14;20;15;2
14;21;15;2
14;22;42;2
14;23;42;2
14;24;42;2
14;25;42;2
14;26;42;2
14;27;42;2
14;28;42;2
14;29;8675;2
14;30;7651;2
14;31;42;2
14;32;15;2
14;33;27111;2
14;34;25063;2
14;35;15;2
14;36;2530;2
14;37;6626;2
14;38;15;2
14;39;15;2
14;40;15;2
14;41;15;2
14;42;26087;2
14;43;28135;2
14;44;15;2
14;45;42;2
14;46;42;2
14;47;42;2
14;48;42;2
14;49;42;2
14;50;42;2
14;51;42;2
14;52;42;2
14;53;42;2
14;54;42;2
14;55;42;2
14;56;42;2
14;57;42;2
14;58;42;2
14;59;42;2
14;60;42;2
14;61;42;2
14;62;42;2
14;63;15;2
14;64;42;2
14;65;42;2
14;66;42;2
14;67;42;2
14;68;42;2
14;69;21991;2
14;70;15;2
14;71;42;2
14;72;0;2
14;73;0;2
14;74;0;2
15;0;15;2
15;1;42;2
15;2;42;2
15;3;42;2
15;4;42;2
15;5;42;2
15;6;42;2
15;7;42;2
15;8;42;2
15;9;42;2
15;10;42;2
15;11;42;2
15;12;42;2
15;13;42;2
15;14;42;2
15;15;42;2
15;16;42;2
15;17;42;2
15;18;42;2
15;19;42;2
15;20;15;2
15;21;15;2
15;22;42;2
15;23;42;2
15;24;42;2
15;25;42;2
15;26;42;2
15;27;42;2
15;28;42;2
15;29;15;2
15;30;15;2
15;31;42;2
15;32;15;2
15;33;15;2
15;34;15;2
15;35;15;2
15;36;27106;2
15;37;29154;2
15;38;15;2
15;39;15;2
15;40;15;2
15;41;15;2
15;42;9703;2
15;43;11751;2
15;44;15;2
15;45;42;2
15;46;42;2
15;47;42;2
15;48;42;2
15;49;15;2
15;50;15;2
15;51;15;2
15;52;15;2
15;53;15;2
15;54;15;2
15;55;15;2
15;56;15;2
15;57;15;2
15;58;15;2
15;59;15;2
15;60;15;2
15;61;15;2
15;62;15;2
15;63;15;2
15;64;42;2
15;65;42;2
15;66;42;2
15;67;42;2
15;68;42;2
15;69;15;2
15;70;15;2
15;71;42;2
15;72;0;2
15;73;0;2
15;74;0;2
16;0;15;2
16;1;42;2
16;2;42;2
16;3;42;2
16;4;42;2
16;5;42;2
16;6;42;2
16;7;42;2
16;8;42;2
16;9;42;2
16;10;42;2
16;11;42;2
16;12;42;2
16;13;42;2
16;14;42;2
16;15;42;2
16;16;42;2
16;17;42;2
16;18;42;2
16;19;11747;2
16;20;15;2
16;21;17895;2
16;22;42;2
16;23;42;2
16;24;2;2
16;25;2;2
16;26;16866;2
16;27;15;2
16;28;15;2
16;29;15;2
16;30;7;2
16;31;15;2
16;32;15;2
16;33;15;2
16;34;15;2
16;35;15;2
16;36;15;2
16;37;15;2
16;38;15;2
16;39;15;2
16;40;15;2
16;41;15;2
16;42;27111;2
16;43;29159;2
16;44;15;2
16;45;42;2
16;46;42;2
16;47;42;2
16;48;42;2
16;49;15;2
16;50;26082;2
16;51;10722;2
16;52;10722;2
16;53;10722;2
16;54;20962;2
16;55;15;2
16;56;15;2
16;57;15;2
16;58;15;2
16;59;15;2
16;60;15;2
16;61;19938;2
16;62;10723;2
16;63;3555;2
16;64;42;2
16;65;42;2
16;66;42;2
16;67;42;2
16;68;42;2
16;69;15;2
16;70;15;2
16;71;42;2
16;72;0;2
16;73;0;2
16;74;0;2
17;0;15;2
17;1;7;2
17;2;8679;2
17;3;12775;2
17;4;25063;2
17;5;15;2
17;6;2531;2
17;7;2;2
17;8;2;2
17;9;2;2
17;10;42;2
17;11;42;2
17;12;42;2
17;13;42;2
17;14;42;2
17;15;42;2
17;16;42;2
17;17;42;2
17;18;42;2
17;19;5603;2
17;20;15;2
17;21;1511;2
17;22;42;2
17;23;42;2
17;24;2;2
17;25;6626;2
17;26;15;2
17;27;15;2
17;28;15;2
17;29;13799;2
17;30;7;2
17;31;15;2
17;32;15;2
17;33;15;2
17;34;15;2
17;35;15;2
17;36;19938;2
17;37;10722;2
17;38;20962;2
17;39;15;2
17;40;15;2
17;41;15;2
17;42;15;2
17;43;15;2
17;44;15;2
17;45;42;2
17;46;42;2
17;47;42;2
17;48;42;2
17;49;15;2
17;50;18914;2
17;51;2;2
17;52;2;2
17;53;42;2
17;54;42;2
17;55;42;2
17;56;42;2
17;57;42;2
17;58;42;2
17;59;42;2
17;60;42;2
17;61;42;2
17;62;42;2
17;63;42;2
17;64;42;2
17;65;42;2
17;66;42;2
17;67;42;2
17;68;42;2
17;69;15;2
17;70;15;2
17;71;42;2
17;72;0;2
17;73;0;2
17;74;0;2
18;0;15;2
18;1;7;2
18;2;15;2
18;3;15;2
18;4;15;2
18;5;15;2
18;6;1507;2
18;7;4163;2
18;8;10307;2
18;9;3139;2
18;10;16867;2
18;11;15;2
18;12;15;2
18;13;15;2
18;14;15;2
18;15;15;2
18;16;15;2
18;17;12515;2
18;18;12515;2
18;19;12515;2
18;20;28899;2
18;21;7;2
18;22;42;2
18;23;42;2
18;24;2;2
18;25;11746;2
18;26;15;2
18;27;42;2
18;28;42;2
18;29;42;2
18;30;42;2
18;31;42;2
18;32;15;2
18;33;15;2
18;34;26082;2
18;35;3554;2
18;36;2;2
18;37;25671;2
18;38;3143;2
18;39;4583;2
18;40;28135;2
18;41;15;2
18;42;15;2
18;43;15;2
18;44;15;2
18;45;42;2
18;46;42;2
18;47;42;2
18;48;42;2
18;49;15;2
18;50;15;2
18;51;42;2
18;52;42;2
18;53;42;2
18;54;42;2
18;55;42;2
18;56;42;2
18;57;42;2
18;58;42;2
18;59;42;2
18;60;42;2
18;61;42;2
18;62;42;2
18;63;42;2
18;64;42;2
18;65;42;2
18;66;42;2
18;67;42;2
18;68;42;2
18;69;23010;2
18;70;15;2
18;71;42;2
18;72;0;2
18;73;0;2
18;74;0;2
19;0;15;2
19;1;7;2
19;2;15;2
19;3;42;2
19;4;15;2
19;5;42;2
19;6;42;2
19;7;3;2
19;8;3;2
19;9;6627;2
19;10;15;2
19;11;15;2
19;12;15;2
19;13;19943;2
19;14;10727;2
19;15;10727;2
19;16;3559;2
19;17;7;2
19;18;7;2
19;19;7;2
19;20;7;2
19;21;7;2
19;22;42;2
19;23;42;2
19;24;42;2
19;25;11746;2
19;26;15;2
19;27;42;2
19;28;42;2
19;29;42;2
19;30;42;2
19;31;42;2
19;32;15;2
19;33;15;2
19;34;9698;2
19;35;2;2
19;36;2;2
19;37;9287;2
19;38;7;2
19;39;7;2
19;40;8263;2
19;41;15;2
19;42;15;2
19;43;15;2
19;44;15;2
19;45;42;2
19;46;42;2
19;47;42;2
19;48;3;2
19;49;23011;2
19;50;15;2
19;51;42;2
19;52;42;2
19;53;42;2
19;54;42;2
19;55;42;2
19;56;42;2
19;57;42;2
19;58;42;2
19;59;42;2
19;60;42;2
19;61;42;2
19;62;42;2
19;63;42;2
19;64;2;2
19;65;2;2
19;66;8674;2
19;67;12770;2
19;68;12770;2
19;69;29154;2
19;70;15;2
19;71;42;2
19;72;0;2
19;73;0;2
19;74;0;2
20;0;15;2
20;1;7;2
20;2;15;2
20;3;42;2
20;4;42;2
20;5;42;2
20;6;42;2
20;7;3;2
20;8;3;2
20;9;5603;2
20;10;15;2
20;11;42;2
20;12;42;2
20;13;42;2
20;14;42;2
20;15;42;2
20;16;7;2
20;17;7;2
20;18;7;2
20;19;42;2
20;20;42;2
20;21;42;2
20;22;42;2
20;23;42;2
20;24;42;2
20;25;21986;2
20;26;15;2
20;27;42;2
20;28;42;2
20;29;42;2
20;30;42;2
20;31;42;2
20;32;23015;2
20;33;15;2
20;34;9698;2
20;35;2;2
20;36;2;2
20;37;1095;2
20;38;7;2
20;39;6215;2
20;40;2;2
20;41;4578;2
20;42;10722;2
20;43;28130;2
20;44;15;2
20;45;42;2
20;46;42;2
20;47;42;2
20;48;3;2
20;49;11747;2
20;50;15;2
20;51;42;2
20;52;42;2
20;53;42;2
20;54;42;2
20;55;42;2
20;56;42;2
20;57;42;2
20;58;42;2
20;59;42;2
20;60;42;2
20;61;42;2
20;62;42;2
20;63;42;2
20;64;2;2
20;65;2;2
20;66;15;2
20;67;15;2
20;68;15;2
20;69;15;2
20;70;15;2
20;71;42;2
20;72;0;2
20;73;0;2
20;74;0;2
21;0;15;2
21;1;7;2
21;2;15;2
21;3;42;2
21;4;42;2
21;5;42;2
21;6;42;2
21;7;42;2
21;8;42;2
21;9;42;2
21;10;42;2
21;11;42;2
21;12;42;2
21;13;42;2
21;14;42;2
21;15;42;2
21;16;42;2
21;17;42;2
21;18;42;2
21;19;42;2
21;20;42;2
21;21;42;2
21;22;42;2
21;23;42;2
21;24;42;2
21;25;15;2
21;26;15;2
21;27;42;2
21;28;42;2
21;29;42;2
21;30;42;2
21;31;42;2
21;32;11751;2
21;33;15;2
21;34;27106;2
21;35;25058;2
21;36;15;2
21;37;2535;2
21;38;6631;2
21;39;15;2
21;40;14818;2
21;41;2;2
21;42;2;2
21;43;11746;2
21;44;15;2
21;45;42;2
21;46;42;2
21;47;42;2
21;48;42;2
21;49;5603;2
21;50;15;2
21;51;15;2
21;52;15;2
21;53;15;2
21;54;15;2
21;55;15;2
21;56;15;2
21;57;15;2
21;58;42;2
21;59;42;2
21;60;42;2
21;61;42;2
21;62;42;2
21;63;42;2
21;64;2;2
21;65;2;2
21;66;42;2
21;67;42;2
21;68;42;2
21;69;42;2
21;70;42;2
21;71;42;2
21;72;0;2
21;73;0;2
21;74;0;2
22;0;15;2
22;1;7;2
22;2;7;2
22;3;42;2
22;4;42;2
22;5;42;2
22;6;42;2
22;7;42;2
22;8;42;2
22;9;42;2
22;10;42;2
22;11;42;2
22;12;42;2
22;13;42;2
22;14;42;2
22;15;42;2
22;16;42;2
22;17;42;2
22;18;42;2
22;19;42;2
22;20;42;2
22;21;42;2
22;22;42;2
22;23;42;2
22;24;15;2
22;25;15;2
22;26;15;2
22;27;42;2
22;28;42;2
22;29;42;2
22;30;42;2
22;31;42;2
22;32;5607;2
22;33;15;2
22;34;15;2
22;35;15;2
22;36;15;2
22;37;27111;2
22;38;29159;2
22;39;15;2
22;40;15;2
22;41;2530;2
22;42;2;2
22;43;5602;2
22;44;15;2
22;45;42;2
22;46;42;2
22;47;42;2
22;48;42;2
22;49;3;2
22;50;15843;2
22;51;15;2
22;52;15;2
22;53;15;2
22;54;19939;2
22;55;28131;2
22;56;15;2
22;57;15;2
22;58;42;2
22;59;42;2
22;60;42;2
22;61;42;2
22;62;42;2
22;63;42;2
22;64;2;2
22;65;2;2
22;66;42;2
22;67;42;2
22;68;42;2
22;69;42;2
22;70;42;2
22;71;42;2
22;72;0;2
22;73;0;2
22;74;0;2
23;0;15;2
23;1;9703;2
23;2;7;2
23;3;42;2
23;4;42;2
23;5;42;2
23;6;42;2
23;7;42;2
23;8;42;2
23;9;42;2
23;10;42;2
23;11;42;2
23;12;42;2
23;13;42;2
23;14;7655;2
23;15;7;2
23;16;42;2
23;17;42;2
23;18;42;2
23;19;42;2
23;20;42;2
23;21;42;2
23;22;42;2
23;23;42;2
23;24;42;2
23;25;15;2
23;26;15;2
23;27;42;2
23;28;42;2
23;29;42;2
23;30;42;2
23;31;42;2
23;32;7;2
23;33;23015;2
23;34;15;2
23;35;15;2
23;36;15;2
23;37;15;2
23;38;15;2
23;39;15;2
23;40;15;2
23;41;9698;2
23;42;2;2
23;43;2;2
23;44;2;2
23;45;42;2
23;46;42;2
23;47;42;2
23;48;7651;2
23;49;8419;2
23;50;7395;2
23;51;4579;2
23;52;42;2
23;53;42;2
23;54;42;2
23;55;11747;2
23;56;15;2
23;57;15;2
23;58;42;2
23;59;42;2
23;60;42;2
23;61;42;2
23;62;42;2
23;63;42;2
23;64;6626;2
23;65;15;2
23;66;42;2
23;67;42;2
23;68;0;2
23;69;0;2
23;70;0;2
23;71;0;2
23;72;0;2
23;73;0;2
23;74;0;2
24;0;15;2
24;1;9703;2
24;2;7;2
24;3;42;2
24;4;42;2
24;5;42;2
24;6;42;2
24;7;2;2
24;8;2;2
24;9;8674;2
24;10;12770;2
24;11;42;2
24;12;42;2
24;13;15;2
24;14;15;2
24;15;7;2
24;16;7;2
24;17;7;2
24;18;7;2
24;19;7;2
24;20;7;2
24;21;42;2
24;22;42;2
24;23;42;2
24;24;15;2
24;25;15;2
24;26;15;2
24;27;42;2
24;28;42;2
24;29;7;2
24;30;7;2
24;31;7;2
24;32;7;2
24;33;11751;2
24;34;15;2
24;35;15;2
24;36;15;2
24;37;15;2
24;38;15;2
24;39;15;2
24;40;15;2
24;41;27106;2
24;42;7650;2
24;43;2;2
24;44;2;2
24;45;2;2
24;46;15;2
24;47;15;2
24;48;15;2
24;49;2535;2
24;50;7;2
24;51;42;2
24;52;42;2
24;53;42;2
24;54;42;2
24;55;11747;2
24;56;15;2
24;57;42;2
24;58;42;2
24;59;42;2
24;60;42;2
24;61;42;2
24;62;42;2
24;63;42;2
24;64;11746;2
24;65;15;2
24;66;42;2
24;67;42;2
24;68;0;2
24;69;0;2
24;70;0;2
24;71;0;2
24;72;0;2
24;73;0;2
24;74;0;2
25;0;15;2
25;1;9703;2
25;2;7;2
25;3;42;2
25;4;42;2
25;5;42;2
25;6;42;2
25;7;4163;2
25;8;6627;2
25;9;15;2
25;10;15;2
25;11;15;2
25;12;15;2
25;13;15;2
25;14;13799;2
25;15;8263;2
25;16;12359;2
25;17;12359;2
25;18;12359;2
25;19;12359;2
25;20;7239;2
25;21;7;2
25;22;15;2
25;23;15;2
25;24;15;2
25;25;26087;2
25;26;3559;2
25;27;42;2
25;28;42;2
25;29;7;2
25;30;7;2
25;31;7;2
25;32;8263;2
25;33;5607;2
25;34;15;2
25;35;15;2
25;36;15;2
25;37;15;2
25;38;15;2
25;39;15;2
25;40;15;2
25;41;15;2
25;42;15;2
25;43;24034;2
25;44;7650;2
25;45;2;2
25;46;15842;2
25;47;15;2
25;48;15;2
25;49;1511;2
25;50;7;2
25;51;42;2
25;52;42;2
25;53;42;2
25;54;42;2
25;55;11747;2
25;56;15;2
25;57;42;2
25;58;42;2
25;59;42;2
25;60;42;2
25;61;42;2
25;62;42;2
25;63;42;2
25;64;11746;2
25;65;15;2
25;66;42;2
25;67;42;2
25;68;0;2
25;69;0;2
25;70;0;2
25;71;0;2
25;72;0;2
25;73;0;2
25;74;0;2
26;0;15;2
26;1;9703;2
26;2;7;2
26;3;42;2
26;4;42;2
26;5;42;2
26;6;42;2
26;7;3;2
26;8;5603;2
26;9;15;2
26;10;42;2
26;11;42;2
26;12;42;2
26;13;42;2
26;14;7;2
26;15;2;2
26;16;2;2
26;17;2;2
26;18;2;2
26;19;2;2
26;20;2;2
26;21;3299;2
26;22;23011;2
26;23;15;2
26;24;15;2
26;25;9703;2
26;26;7;2
26;27;42;2
26;28;42;2
26;29;7;2
26;30;7;2
26;31;16455;2
26;32;2;2
26;33;2;2
26;34;4578;2
26;35;28130;2
26;36;15;2
26;37;15;2
26;38;15;2
26;39;19938;2
26;40;10722;2
26;41;20962;2
26;42;15;2
26;43;15;2
26;44;15;2
26;45;42;2
26;46;42;2
26;47;42;2
26;48;3559;2
26;49;7;2
26;50;7;2
26;51;42;2
26;52;42;2
26;53;42;2
26;54;42;2
26;55;11747;2
26;56;15;2
26;57;42;2
26;58;42;2
26;59;42;2
26;60;42;2
26;61;42;2
26;62;42;2
26;63;42;2
26;64;21986;2
26;65;15;2
26;66;42;2
26;67;42;2
26;68;0;2
26;69;0;2
26;70;0;2
26;71;0;2
26;72;0;2
26;73;0;2
26;74;0;2
27;0;15;2
27;1;27111;2
27;2;12775;2
27;3;42;2
27;4;42;2
27;5;42;2
27;6;42;2
27;7;42;2
27;8;42;2
27;9;42;2
27;10;42;2
27;11;42;2
27;12;42;2
27;13;42;2
27;14;42;2
27;15;42;2
27;16;42;2
27;17;42;2
27;18;2;2
27;19;2;2
27;20;42;2
27;21;42;2
27;22;11747;2
27;23;15;2
27;24;15;2
27;25;27111;2
27;26;7655;2
27;27;42;2
27;28;42;2
27;29;8679;2
27;30;6215;2
27;31;2;2
27;32;2;2
27;33;2;2
27;34;2;2
27;35;21986;2
27;36;15;2
27;37;26082;2
27;38;3554;2
27;39;2;2
27;40;2;2
27;41;2;2
27;42;4583;2
27;43;10727;2
27;44;3559;2
27;45;42;2
27;46;42;2
27;47;42;2
27;48;42;2
27;49;42;2
27;50;42;2
27;51;42;2
27;52;42;2
27;53;42;2
27;54;42;2
27;55;42;2
27;56;15;2
27;57;42;2
27;58;42;2
27;59;42;2
27;60;42;2
27;61;42;2
27;62;42;2
27;63;42;2
27;64;15;2
27;65;15;2
27;66;42;2
27;67;42;2
27;68;0;2
27;69;0;2
27;70;0;2
27;71;0;2
27;72;0;2
27;73;0;2
27;74;0;2
28;0;15;2
28;1;15;2
28;2;15;2
28;3;15;2
28;4;42;2
28;5;42;2
28;6;42;2
28;7;42;2
28;8;42;2
28;9;42;2
28;10;42;2
28;11;42;2
28;12;42;2
28;13;42;2
28;14;42;2
28;15;42;2
28;16;42;2
28;17;42;2
28;18;42;2
28;19;42;2
28;20;42;2
28;21;42;2
28;22;11747;2
28;23;15;2
28;24;15;2
28;25;15;2
28;26;15;2
28;27;42;2
28;28;42;2
28;29;15;2
28;30;15;2
28;31;2530;2
28;32;2;2
28;33;2;2
28;34;16866;2
28;35;15;2
28;36;15;2
28;37;9698;2
28;38;2;2
28;39;2;2
28;40;2;2
28;41;2;2
28;42;1095;2
28;43;7;2
28;44;7;2
28;45;42;2
28;46;42;2
28;47;42;2
28;48;42;2
28;49;42;2
28;50;42;2
28;51;42;2
28;52;42;2
28;53;42;2
28;54;42;2
28;55;15;2
28;56;15;2
28;57;1507;2
28;58;42;2
28;59;42;2
28;60;42;2
28;61;42;2
28;62;42;2
28;63;15;2
28;64;15;2
28;65;17890;2
28;66;42;2
28;67;42;2
28;68;0;2
28;69;0;2
28;70;0;2
28;71;0;2
28;72;0;2
28;73;0;2
28;74;0;2
29;0;15;2
29;1;15;2
29;2;15;2
29;3;15;2
29;4;42;2
29;5;42;2
29;6;42;2
29;7;42;2
29;8;42;2
29;9;42;2
29;10;42;2
29;11;42;2
29;12;42;2
29;13;15;2
29;14;15;2
29;15;15;2
29;16;42;2
29;17;42;2
29;18;42;2
29;19;42;2
29;20;42;2
29;21;3;2
29;22;11747;2
29;23;15;2
29;24;26087;2
29;25;20967;2
29;26;15;2
29;27;42;2
29;28;15;2
29;29;15;2
29;30;15;2
29;31;9698;2
29;32;2;2
29;33;2;2
29;34;15;2
29;35;15;2
29;36;15;2
29;37;9698;2
29;38;6626;2
29;39;15;2
29;40;2535;2
29;41;3143;2
29;42;7;2
29;43;7;2
29;44;7;2
29;45;42;2
29;46;42;2
29;47;42;2
29;48;42;2
29;49;42;2
29;50;42;2
29;51;42;2
29;52;42;2
29;53;42;2
29;54;42;2
29;55;15;2
29;56;13795;2
29;57;3;2
29;58;42;2
29;59;42;2
29;60;42;2
29;61;42;2
29;62;42;2
29;63;15;2
29;64;15;2
29;65;9698;2
29;66;42;2
29;67;42;2
29;68;0;2
29;69;0;2
29;70;0;2
29;71;0;2
29;72;0;2
29;73;0;2
29;74;0;2
30;0;15;2
30;1;15;2
30;2;15;2
30;3;15;2
30;4;42;2
30;5;42;2
30;6;42;2
30;7;42;2
30;8;42;2
30;9;42;2
30;10;42;2
30;11;42;2
30;12;42;2
30;13;42;2
30;14;15;2
30;15;15;2
30;16;42;2
30;17;42;2
30;18;42;2
30;19;42;2
30;20;42;2
30;21;42;2
30;22;11746;2
30;23;15;2
30;24;9703;2
30;25;7;2
30;26;7;2
30;27;42;2
30;28;15;2
30;29;15;2
30;30;15;2
30;31;9698;2
30;32;2;2
30;33;13383;2
30;34;15847;2
30;35;15;2
30;36;15;2
30;37;1506;2
30;38;5602;2
30;39;15;2
30;40;1511;2
30;41;7;2
30;42;7;2
30;43;7;2
30;44;7;2
30;45;42;2
30;46;42;2
30;47;42;2
30;48;42;2
30;49;42;2
30;50;42;2
30;51;42;2
30;52;42;2
30;53;42;2
30;54;42;2
30;55;3;2
30;56;3;2
30;57;3;2
30;58;42;2
30;59;42;2
30;60;42;2
30;61;42;2
30;62;42;2
30;63;15;2
30;64;15;2
30;65;9698;2
30;66;42;2
30;67;42;2
30;68;0;2
30;69;0;2
30;70;0;2
30;71;0;2
30;72;0;2
30;73;0;2
30;74;0;2
31;0;15;2
31;1;42;2
31;2;42;2
31;3;42;2
31;4;42;2
31;5;42;2
31;6;42;2
31;7;42;2
31;8;42;2
31;9;42;2
31;10;42;2
31;11;42;2
31;12;42;2
31;13;42;2
31;14;4583;2
31;15;3559;2
31;16;42;2
31;17;42;2
31;18;42;2
31;19;42;2
31;20;42;2
31;21;42;2
31;22;11747;2
31;23;15;2
31;24;27111;2
31;25;12775;2
31;26;7655;2
31;27;42;2
31;28;15;2
31;29;15;2
31;30;15;2
31;31;9698;2
31;32;42;2
31;33;42;2
31;34;42;2
31;35;42;2
31;36;42;2
31;37;42;2
31;38;42;2
31;39;42;2
31;40;42;2
31;41;42;2
31;42;42;2
31;43;42;2
31;44;42;2
31;45;42;2
31;46;42;2
31;47;42;2
31;48;42;2
31;49;42;2
31;50;42;2
31;51;42;2
31;52;42;2
31;53;42;2
31;54;42;2
31;55;42;2
31;56;42;2
31;57;42;2
31;58;42;2
31;59;42;2
31;60;42;2
31;61;42;2
31;62;42;2
31;63;42;2
31;64;15;2
31;65;1506;2
31;66;42;2
31;67;42;2
31;68;0;2
31;69;0;2
31;70;0;2
31;71;0;2
31;72;0;2
31;73;0;2
31;74;0;2
32;0;15;2
32;1;42;2
32;2;42;2
32;3;42;2
32;4;42;2
32;5;42;2
32;6;42;2
32;7;42;2
32;8;42;2
32;9;42;2
32;10;42;2
32;11;42;2
32;12;42;2
32;13;42;2
32;14;7;2
32;15;7;2
32;16;42;2
32;17;42;2
32;18;42;2
32;19;42;2
32;20;42;2
32;21;42;2
32;22;11746;2
32;23;15;2
32;24;15;2
32;25;15;2
32;26;15;2
32;27;42;2
32;28;42;2
32;29;15;2
32;30;15;2
32;31;42;2
32;32;42;2
32;33;42;2
32;34;42;2
32;35;42;2
32;36;42;2
32;37;42;2
32;38;42;2
32;39;42;2
32;40;42;2
32;41;42;2
32;42;42;2
32;43;42;2
32;44;42;2
32;45;42;2
32;46;42;2
32;47;42;2
32;48;42;2
32;49;42;2
32;50;42;2
32;51;42;2
32;52;42;2
32;53;42;2
32;54;42;2
32;55;42;2
32;56;42;2
32;57;42;2
32;58;42;2
32;59;42;2
32;60;42;2
32;61;42;2
32;62;42;2
32;63;42;2
32;64;2;2
32;65;2;2
32;66;42;2
32;67;42;2
32;68;0;2
32;69;0;2
32;70;0;2
32;71;0;2
32;72;0;2
32;73;0;2
32;74;0;2
33;0;15;2
33;1;7;2
33;2;15;2
33;3;15;2
33;4;15;2
33;5;15;2
33;6;15;2
33;7;15;2
33;8;15;2
33;9;15;2
33;10;15;2
33;11;15;2
33;12;15;2
33;13;15;2
33;14;2535;2
33;15;6215;2
33;16;2;2
33;17;2119;2
33;18;6215;2
33;19;2;2
33;20;2;2
33;21;2;2
33;22;11746;2
33;23;15;2
33;24;15;2
33;25;19943;2
33;26;3559;2
33;27;42;2
33;28;42;2
33;29;15843;2
33;30;15;2
33;31;15;2
33;32;15;2
33;33;15;2
33;34;14818;2
33;35;2;2
33;36;2;2
33;37;2;2
33;38;15;2
33;39;15;2
33;40;15;2
33;41;15;2
33;42;15;2
33;43;15;2
33;44;15;2
33;45;15;2
33;46;15;2
33;47;15;2
33;48;15;2
33;49;15;2
33;50;7;2
33;51;7;2
33;52;7;2
33;53;7;2
33;54;7;2
33;55;7;2
33;56;7;2
33;57;8679;2
33;58;12775;2
33;59;12775;2
33;60;12775;2
33;61;25063;2
33;62;15;2
33;63;15;2
33;64;2;2
33;65;2;2
33;66;42;2
33;67;42;2
33;68;0;2
33;69;0;2
33;70;0;2
33;71;0;2
33;72;0;2
33;73;0;2
33;74;0;2
34;0;15;2
34;1;7;2
34;2;15;2
34;3;19938;2
34;4;10722;2
34;5;10723;2
34;6;10723;2
34;7;10723;2
34;8;10723;2
34;9;10723;2
34;10;10723;2
34;11;10723;2
34;12;20963;2
34;13;15;2
34;14;1511;2
34;15;5191;2
34;16;2;2
34;17;1095;2
34;18;5191;2
34;19;2;2
34;20;2;2
34;21;42;2
34;22;21986;2
34;23;15;2
34;24;17895;2
34;25;7;2
34;26;7;2
34;27;42;2
34;28;42;2
34;29;3;2
34;30;4579;2
34;31;28131;2
34;32;15;2
34;33;15;2
34;34;15;2
34;35;14818;2
34;36;2;2
34;37;2;2
34;38;4578;2
34;39;10723;2
34;40;10723;2
34;41;10723;2
34;42;28131;2
34;43;15;2
34;44;26083;2
34;45;20963;2
34;46;15;2
34;47;19943;2
34;48;10727;2
34;49;3559;2
34;50;7;2
34;51;7;2
34;52;7;2
34;53;7;2
34;54;7;2
34;55;7;2
34;56;7;2
34;57;15;2
34;58;15;2
34;59;15;2
34;60;15;2
34;61;15;2
34;62;15;2
34;63;13794;2
34;64;2;2
34;65;2;2
34;66;42;2
34;67;42;2
34;68;0;2
34;69;0;2
34;70;0;2
34;71;0;2
34;72;0;2
34;73;0;2
34;74;0;2
35;0;15;2
35;1;7;2
35;2;7;2
35;3;4167;2
35;4;42;2
35;5;42;2
35;6;42;2
35;7;3;2
35;8;3;2
35;9;3;2
35;10;42;2
35;11;42;2
35;12;42;2
35;13;42;2
35;14;7;2
35;15;7;2
35;16;7;2
35;17;42;2
35;18;42;2
35;19;42;2
35;20;42;2
35;21;42;2
35;22;15;2
35;23;15;2
35;24;42;2
35;25;42;2
35;26;42;2
35;27;42;2
35;28;42;2
35;29;12771;2
35;30;12771;2
35;31;29155;2
35;32;15;2
35;33;15;2
35;34;15;2
35;35;15;2
35;36;24034;2
35;37;12770;2
35;38;13379;2
35;39;42;2
35;40;42;2
35;41;42;2
35;42;42;2
35;43;15;2
35;44;9699;2
35;45;42;2
35;46;42;2
35;47;42;2
35;48;42;2
35;49;42;2
35;50;42;2
35;51;42;2
35;52;42;2
35;53;42;2
35;54;42;2
35;55;42;2
35;56;42;2
35;57;42;2
35;58;42;2
35;59;42;2
35;60;42;2
35;61;42;2
35;62;42;2
35;63;42;2
35;64;42;2
35;65;42;2
35;66;42;2
35;67;42;2
35;68;0;2
35;69;0;2
35;70;0;2
35;71;0;2
35;72;0;2
35;73;0;2
35;74;0;2
36;0;15;2
36;1;9703;2
36;2;7;2
36;3;42;2
36;4;42;2
36;5;42;2
36;6;42;2
36;7;42;2
36;8;42;2
36;9;42;2
36;10;42;2
36;11;42;2
36;12;42;2
36;13;15;2
36;14;14823;2
36;15;7;2
36;16;7;2
36;17;42;2
36;18;42;2
36;19;42;2
36;20;42;2
36;21;42;2
36;22;15843;2
36;23;15;2
36;24;42;2
36;25;7;2
36;26;15;2
36;27;15;2
36;28;15;2
36;29;15;2
36;30;15;2
36;31;15;2
36;32;15;2
36;33;15;2
36;34;15;2
36;35;15;2
36;36;15;2
36;37;15;2
36;38;15;2
36;39;15;2
36;40;15;2
36;41;15;2
36;42;15;2
36;43;15;2
36;44;1507;2
36;45;42;2
36;46;42;2
36;47;42;2
36;48;42;2
36;49;42;2
36;50;42;2
36;51;42;2
36;52;42;2
36;53;42;2
36;54;42;2
36;55;42;2
36;56;42;2
36;57;42;2
36;58;42;2
36;59;42;2
36;60;42;2
36;61;42;2
36;62;42;2
36;63;42;2
36;64;42;2
36;65;42;2
36;66;42;2
36;67;42;2
36;68;15;2
36;69;15;2
36;70;15;2
36;71;0;2
36;72;0;2
36;73;0;2
36;74;0;2
37;0;15;2
37;1;9699;2
37;2;3299;2
37;3;42;2
37;4;42;2
37;5;42;2
37;6;42;2
37;7;42;2
37;8;42;2
37;9;42;2
37;10;42;2
37;11;42;2
37;12;5603;2
37;13;15;2
37;14;15;2
37;15;7;2
37;16;7;2
37;17;15;2
37;18;15;2
37;19;15;2
37;20;15;2
37;21;8419;2
37;22;24803;2
37;23;7;2
37;24;42;2
37;25;7;2
37;26;4583;2
37;27;10727;2
37;28;20967;2
37;29;15;2
37;30;15;2
37;31;15;2
37;32;15;2
37;33;15;2
37;34;19938;2
37;35;10722;2
37;36;10722;2
37;37;20962;2
37;38;15;2
37;39;19938;2
37;40;10722;2
37;41;10722;2
37;42;10722;2
37;43;3555;2
37;44;3;2
37;45;42;2
37;46;42;2
37;47;42;2
37;48;42;2
37;49;42;2
37;50;3;2
37;51;8675;2
37;52;12771;2
37;53;12771;2
37;54;25059;2
37;55;15;2
37;56;15;2
37;57;15;2
37;58;24035;2
37;59;7651;2
37;60;8259;2
37;61;12355;2
37;62;7235;2
37;63;3;2
37;64;3;2
37;65;42;2
37;66;42;2
37;67;42;2
37;68;42;2
37;69;42;2
37;70;15;2
37;71;0;2
37;72;0;2
37;73;0;2
37;74;0;2
38;0;15;2
38;1;9699;2
38;2;7395;2
38;3;42;2
38;4;42;2
38;5;42;2
38;6;42;2
38;7;42;2
38;8;42;2
38;9;42;2
38;10;3;2
38;11;3;2
38;12;3;2
38;13;4579;2
38;14;3559;2
38;15;7;2
38;16;7;2
38;17;4583;2
38;18;10727;2
38;19;10722;2
38;20;3554;2
38;21;23623;2
38;22;7239;2
38;23;7;2
38;24;42;2
38;25;7;2
38;26;7;2
38;27;42;2
38;28;42;2
38;29;42;2
38;30;42;2
38;31;42;2
38;32;42;2
38;33;42;2
38;34;42;2
38;35;42;2
38;36;42;2
38;37;42;2
38;38;42;2
38;39;2;2
38;40;2;2
38;41;2;2
38;42;42;2
38;43;42;2
38;44;42;2
38;45;42;2
38;46;42;2
38;47;42;2
38;48;3;2
38;49;3;2
38;50;6627;2
38;51;15;2
38;52;15;2
38;53;15;2
38;54;15;2
38;55;15;2
38;56;15;2
38;57;15;2
38;58;15;2
38;59;15;2
38;60;2;2
38;61;2;2
38;62;2;2
38;63;2119;2
38;64;23779;2
38;65;12515;2
38;66;7395;2
38;67;3;2
38;68;42;2
38;69;42;2
38;70;15;2
38;71;0;2
38;72;0;2
38;73;0;2
38;74;0;2
39;0;15;2
39;1;9703;2
39;2;7;2
39;3;42;2
39;4;42;2
39;5;42;2
39;6;42;2
39;7;42;2
39;8;42;2
39;9;42;2
39;10;6211;2
39;11;2;2
39;12;14403;2
39;13;3;2
39;14;42;2
39;15;42;2
39;16;42;2
39;17;7;2
39;18;7;2
39;19;42;2
39;20;2;2
39;21;2;2
39;22;2;2
39;23;42;2
39;24;3;2
39;25;22755;2
39;26;7;2
39;27;42;2
39;28;42;2
39;29;42;2
39;30;42;2
39;31;42;2
39;32;42;2
39;33;42;2
39;34;42;2
39;35;42;2
39;36;42;2
39;37;42;2
39;38;42;2
39;39;42;2
39;40;42;2
39;41;42;2
39;42;42;2
39;43;42;2
39;44;42;2
39;45;42;2
39;46;42;2
39;47;42;2
39;48;7235;2
39;49;8675;2
39;50;29155;2
39;51;15;2
39;52;42;2
39;53;42;2
39;54;42;2
39;55;42;2
39;56;15;2
39;57;15;2
39;58;15;2
39;59;42;2
39;60;42;2
39;61;42;2
39;62;2;2
39;63;9287;2
39;64;7;2
39;65;7;2
39;66;7;2
39;67;14563;2
39;68;42;2
39;69;42;2
39;70;15;2
39;71;0;2
39;72;0;2
39;73;0;2
39;74;0;2
40;0;15;2
40;1;27111;2
40;2;7655;2
40;3;42;2
40;4;42;2
40;5;42;2
40;6;42;2
40;7;42;2
40;8;42;2
40;9;42;2
40;10;42;2
40;11;2;2
40;12;2;2
40;13;42;2
40;14;42;2
40;15;42;2
40;16;42;2
40;17;42;2
40;18;42;2
40;19;42;2
40;20;42;2
40;21;42;2
40;22;42;2
40;23;42;2
40;24;3;2
40;25;11491;2
40;26;7;2
40;27;42;2
40;28;42;2
40;29;42;2
40;30;2;2
40;31;6626;2
40;32;15;2
40;33;42;2
40;34;42;2
40;35;42;2
40;36;42;2
40;37;42;2
40;38;42;2
40;39;42;2
40;40;42;2
40;41;42;2
40;42;42;2
40;43;42;2
40;44;42;2
40;45;42;2
40;46;42;2
40;47;2;2
40;48;6626;2
40;49;15;2
40;50;15;2
40;51;15;2
40;52;15;2
40;53;15;2
40;54;15;2
40;55;15;2
40;56;15;2
40;57;15;2
40;58;15;2
40;59;15;2
40;60;42;2
40;61;42;2
40;62;2;2
40;63;9287;2
40;64;7;2
40;65;7;2
40;66;7;2
40;67;6631;2
40;68;15;2
40;69;42;2
40;70;15;2
40;71;0;2
40;72;0;2
40;73;0;2
40;74;0;2
41;0;15;2
41;1;15;2
41;2;15;2
41;3;42;2
41;4;42;2
41;5;42;2
41;6;42;2
41;7;42;2
41;8;42;2
41;9;42;2
41;10;42;2
41;11;22599;2
41;12;2;2
41;13;42;2
41;14;42;2
41;15;15;2
41;16;15;2
41;17;15;2
41;18;15;2
41;19;15;2
41;20;15;2
41;21;15;2
41;22;15;2
41;23;42;2
41;24;42;2
41;25;11491;2
41;26;7;2
41;27;42;2
41;28;42;2
41;29;42;2
41;30;2;2
41;31;5602;2
41;32;15;2
41;33;15;2
41;34;15;2
41;35;15;2
41;36;15;2
41;37;15;2
41;38;15;2
41;39;15;2
41;40;15;2
41;41;15;2
41;42;42;2
41;43;42;2
41;44;42;2
41;45;42;2
41;46;42;2
41;47;2;2
41;48;11746;2
41;49;15;2
41;50;15;2
41;51;42;2
41;52;15;2
41;53;15;2
41;54;15;2
41;55;15;2
41;56;15;2
41;57;15;2
41;58;15;2
41;59;15;2
41;60;42;2
41;61;42;2
41;62;2;2
41;63;1095;2
41;64;7;2
41;65;7;2
41;66;7;2
41;67;21991;2
41;68;15;2
41;69;42;2
41;70;15;2
41;71;15;2
41;72;15;2
41;73;15;2
41;74;15;2
42;0;15;2
42;1;15;2
42;2;15;2
42;3;9703;2
42;4;7;2
42;5;7;2
42;6;6631;2
42;7;15;2
42;8;2530;2
42;9;2;2
42;10;23623;2
42;11;28743;2
42;12;2;2
42;13;42;2
42;14;42;2
42;15;15;2
42;16;15;2
42;17;15;2
42;18;15;2
42;19;15;2
42;20;15;2
42;21;15;2
42;22;15;2
42;23;42;2
42;24;8419;2
42;25;28899;2
42;26;7;2
42;27;42;2
42;28;42;2
42;29;42;2
42;30;4163;2
42;31;3139;2
42;32;15843;2
42;33;15;2
42;34;15;2
42;35;15;2
42;36;15;2
42;37;26083;2
42;38;10723;2
42;39;10723;2
42;40;10723;2
42;41;3555;2
42;42;42;2
42;43;42;2
42;44;42;2
42;45;42;2
42;46;42;2
42;47;2;2
42;48;11746;2
42;49;15;2
42;50;42;2
42;51;42;2
42;52;15;2
42;53;15;2
42;54;15;2
42;55;15;2
42;56;15;2
42;57;15;2
42;58;15;2
42;59;15;2
42;60;42;2
42;61;42;2
42;62;42;2
42;63;42;2
42;64;42;2
42;65;42;2
42;66;42;2
42;67;15;2
42;68;15;2
42;69;42;2
42;70;42;2
42;71;42;2
42;72;42;2
42;73;42;2
42;74;42;2
43;0;15;2
43;1;15;2
43;2;15;2
43;3;9703;2
43;4;19683;2
43;5;20707;2
43;6;5607;2
43;7;15;2
43;8;1506;2
43;9;2;2
43;10;2;2
43;11;2;2
43;12;16866;2
43;13;15;2
43;14;42;2
43;15;15;2
43;16;15;2
43;17;15;2
43;18;15;2
43;19;15;2
43;20;15;2
43;21;15;2
43;22;15;2
43;23;42;2
43;24;7;2
43;25;7;2
43;26;7;2
43;27;42;2
43;28;42;2
43;29;42;2
43;30;3;2
43;31;3;2
43;32;3;2
43;33;42;2
43;34;42;2
43;35;42;2
43;36;15;2
43;37;1507;2
43;38;3;2
43;39;42;2
43;40;3;2
43;41;3;2
43;42;42;2
43;43;42;2
43;44;42;2
43;45;42;2
43;46;42;2
43;47;2;2
43;48;21986;2
43;49;15;2
43;50;42;2
43;51;42;2
43;52;15;2
43;53;15;2
43;54;15;2
43;55;15;2
43;56;15;2
43;57;15;2
43;58;15;2
43;59;15;2
43;60;15;2
43;61;15;2
43;62;15;2
43;63;15;2
43;64;15;2
43;65;42;2
43;66;42;2
43;67;4583;2
43;68;3559;2
43;69;7;2
43;70;7;2
43;71;8679;2
43;72;7655;2
43;73;42;2
43;74;42;2
44;0;15;2
44;1;15;2
44;2;15;2
44;3;42;2
44;4;42;2
44;5;42;2
44;6;42;2
44;7;42;2
44;8;42;2
44;9;42;2
44;10;42;2
44;11;42;2
44;12;15;2
44;13;15;2
44;14;42;2
44;15;42;2
44;16;42;2
44;17;42;2
44;18;42;2
44;19;42;2
44;20;42;2
44;21;42;2
44;22;42;2
44;23;42;2
44;24;42;2
44;25;16871;2
44;26;15;2
44;27;42;2
44;28;42;2
44;29;42;2
44;30;42;2
44;31;42;2
44;32;42;2
44;33;42;2
44;34;42;2
44;35;42;2
44;36;42;2
44;37;42;2
44;38;42;2
44;39;42;2
44;40;8419;2
44;41;7395;2
44;42;42;2
44;43;42;2
44;44;42;2
44;45;42;2
44;46;42;2
44;47;42;2
44;48;15;2
44;49;15;2
44;50;42;2
44;51;42;2
44;52;15;2
44;53;15;2
44;54;15;2
44;55;15;2
44;56;15;2
44;57;15;2
44;58;15;2
44;59;15;2
44;60;15;2
44;61;15;2
44;62;15;2
44;63;15;2
44;64;15;2
44;65;42;2
44;66;42;2
44;67;8679;2
44;68;7655;2
44;69;8263;2
44;70;7239;2
44;71;15;2
44;72;15;2
44;73;42;2
44;74;42;2
45;0;15;2
45;1;42;2
45;2;42;2
45;3;42;2
45;4;42;2
45;5;42;2
45;6;42;2
45;7;42;2
45;8;42;2
45;9;42;2
45;10;42;2
45;11;42;2
45;12;15;2
45;13;15;2
45;14;15;2
45;15;15;2
45;16;42;2
45;17;42;2
45;18;2;2
45;19;14403;2
45;20;3;2
45;21;42;2
45;22;42;2
45;23;42;2
45;24;42;2
45;25;15;2
45;26;15;2
45;27;9703;2
45;28;42;2
45;29;42;2
45;30;42;2
45;31;42;2
45;32;42;2
45;33;42;2
45;34;42;2
45;35;42;2
45;36;42;2
45;37;42;2
45;38;42;2
45;39;42;2
45;40;7;2
45;41;7;2
45;42;42;2
45;43;42;2
45;44;42;2
45;45;42;2
45;46;42;2
45;47;42;2
45;48;15;2
45;49;17895;2
45;50;42;2
45;51;42;2
45;52;15;2
45;53;15;2
45;54;15;2
45;55;15;2
45;56;15;2
45;57;15;2
45;58;15;2
45;59;15;2
45;60;15;2
45;61;15;2
45;62;15;2
45;63;15;2
45;64;15;2
45;65;42;2
45;66;42;2
45;67;15;2
45;68;15;2
45;69;2530;2
45;70;5602;2
45;71;15;2
45;72;15;2
45;73;42;2
45;74;42;2
46;0;0;2
46;1;0;2
46;2;0;2
46;3;0;2
46;4;0;2
46;5;0;2
46;6;0;2
46;7;0;2
46;8;0;2
46;9;42;2
46;10;42;2
46;11;5603;2
46;12;15;2
46;13;15;2
46;14;15;2
46;15;15;2
46;16;42;2
46;17;42;2
46;18;2;2
46;19;2;2
46;20;2115;2
46;21;42;2
46;22;42;2
46;23;42;2
46;24;42;2
46;25;15;2
46;26;15;2
46;27;9703;2
46;28;42;2
46;29;42;2
46;30;42;2
46;31;42;2
46;32;42;2
46;33;42;2
46;34;42;2
46;35;42;2
46;36;42;2
46;37;42;2
46;38;42;2
46;39;42;2
46;40;22755;2
46;41;7;2
46;42;42;2
46;43;42;2
46;44;42;2
46;45;42;2
46;46;42;2
46;47;42;2
46;48;15;2
46;49;9703;2
46;50;42;2
46;51;42;2
46;52;42;2
46;53;42;2
46;54;42;2
46;55;42;2
46;56;42;2
46;57;42;2
46;58;42;2
46;59;42;2
46;60;42;2
46;61;42;2
46;62;42;2
46;63;42;2
46;64;42;2
46;65;42;2
46;66;42;2
46;67;15;2
46;68;15;2
46;69;1506;2
46;70;2;2
46;71;4579;2
46;72;3555;2
46;73;42;2
46;74;42;2
47;0;0;2
47;1;0;2
47;2;0;2
47;3;0;2
47;4;0;2
47;5;0;2
47;6;0;2
47;7;0;2
47;8;0;2
47;9;42;2
47;10;42;2
47;11;3;2
47;12;4579;2
47;13;10723;2
47;14;10723;2
47;15;3555;2
47;16;42;2
47;17;42;2
47;18;2;2
47;19;6626;2
47;20;15;2
47;21;42;2
47;22;42;2
47;23;42;2
47;24;42;2
47;25;15;2
47;26;15;2
47;27;1511;2
47;28;42;2
47;29;42;2
47;30;42;2
47;31;42;2
47;32;42;2
47;33;42;2
47;34;42;2
47;35;42;2
47;36;42;2
47;37;42;2
47;38;42;2
47;39;42;2
47;40;21731;2
47;41;7;2
47;42;42;2
47;43;42;2
47;44;42;2
47;45;42;2
47;46;42;2
47;47;42;2
47;48;15;2
47;49;9703;2
47;50;42;2
47;51;42;2
47;52;42;2
47;53;42;2
47;54;2;2
47;55;8674;2
47;56;12770;2
47;57;25058;2
47;58;15;2
47;59;15;2
47;60;15;2
47;61;15;2
47;62;15;2
47;63;15;2
47;64;15;2
47;65;15;2
47;66;15;2
47;67;15;2
47;68;13795;2
47;69;15427;2
47;70;2;2
47;71;2;2
47;72;14403;2
47;73;42;2
47;74;42;2
48;0;0;2
48;1;0;2
48;2;0;2
48;3;0;2
48;4;0;2
48;5;0;2
48;6;0;2
48;7;0;2
48;8;0;2
48;9;42;2
48;10;42;2
48;11;42;2
48;12;42;2
48;13;42;2
48;14;3;2
48;15;3;2
48;16;42;2
48;17;42;2
48;18;42;2
48;19;11746;2
48;20;15;2
48;21;42;2
48;22;42;2
48;23;42;2
48;24;42;2
48;25;4578;2
48;26;3554;2
48;27;2119;2
48;28;42;2
48;29;42;2
48;30;42;2
48;31;42;2
48;32;42;2
48;33;42;2
48;34;42;2
48;35;42;2
48;36;42;2
48;37;42;2
48;38;42;2
48;39;42;2
48;40;7;2
48;41;7;2
48;42;42;2
48;43;42;2
48;44;42;2
48;45;42;2
48;46;42;2
48;47;42;2
48;48;15;2
48;49;9703;2
48;50;42;2
48;51;42;2
48;52;42;2
48;53;42;2
48;54;6626;2
48;55;15;2
48;56;15;2
48;57;15;2
48;58;15;2
48;59;26082;2
48;60;10722;2
48;61;20962;2
48;62;15;2
48;63;15;2
48;64;15;2
48;65;15;2
48;66;19939;2
48;67;3555;2
48;68;3;2
48;69;42;2
48;70;42;2
48;71;2;2
48;72;2;2
48;73;42;2
48;74;42;2
49;0;0;2
49;1;0;2
49;2;0;2
49;3;0;2
49;4;0;2
49;5;0;2
49;6;0;2
49;7;0;2
49;8;0;2
49;9;42;2
49;10;42;2
49;11;42;2
49;12;42;2
49;13;42;2
49;14;3;2
49;15;3;2
49;16;42;2
49;17;42;2
49;18;42;2
49;19;21986;2
49;20;15;2
49;21;42;2
49;22;42;2
49;23;42;2
49;24;42;2
49;25;42;2
49;26;2;2
49;27;9287;2
49;28;42;2
49;29;42;2
49;30;42;2
49;31;42;2
49;32;42;2
49;33;42;2
49;34;42;2
49;35;42;2
49;36;42;2
49;37;42;2
49;38;42;2
49;39;42;2
49;40;7;2
49;41;7;2
49;42;42;2
49;43;42;2
49;44;42;2
49;45;42;2
49;46;42;2
49;47;42;2
49;48;15;2
49;49;9703;2
49;50;42;2
49;51;42;2
49;52;42;2
49;53;42;2
49;54;11746;2
49;55;15;2
49;56;42;2
49;57;42;2
49;58;15;2
49;59;42;2
49;60;42;2
49;61;42;2
49;62;42;2
49;63;42;2
49;64;15;2
49;65;42;2
49;66;42;2
49;67;42;2
49;68;7651;2
49;69;42;2
49;70;42;2
49;71;2;2
49;72;2;2
49;73;42;2
49;74;42;2
50;0;0;2
50;1;0;2
50;2;0;2
50;3;0;2
50;4;0;2
50;5;0;2
50;6;0;2
50;7;0;2
50;8;0;2
50;9;42;2
50;10;42;2
50;11;42;2
50;12;42;2
50;13;42;2
50;14;3;2
50;15;3;2
50;16;42;2
50;17;42;2
50;18;6626;2
50;19;15;2
50;20;15;2
50;21;42;2
50;22;42;2
50;23;42;2
50;24;42;2
50;25;42;2
50;26;2;2
50;27;1095;2
50;28;42;2
50;29;42;2
50;30;42;2
50;31;42;2
50;32;2;2
50;33;2;2
50;34;8674;2
50;35;42;2
50;36;42;2
50;37;42;2
50;38;42;2
50;39;42;2
50;40;4323;2
50;41;3299;2
50;42;42;2
50;43;42;2
50;44;42;2
50;45;42;2
50;46;7;2
50;47;5607;2
50;48;15;2
50;49;1511;2
50;50;42;2
50;51;42;2
50;52;42;2
50;53;42;2
50;54;11746;2
50;55;15;2
50;56;42;2
50;57;15;2
50;58;15;2
50;59;15;2
50;60;15;2
50;61;15;2
50;62;15;2
50;63;15;2
50;64;15;2
50;65;15;2
50;66;15;2
50;67;15;2
50;68;15;2
50;69;42;2
50;70;42;2
50;71;4163;2
50;72;3139;2
50;73;42;2
50;74;42;2
51;0;0;2
51;1;0;2
51;2;42;2
51;3;42;2
51;4;42;2
51;5;42;2
51;6;42;2
51;7;42;2
51;8;42;2
51;9;42;2
51;10;42;2
51;11;42;2
51;12;42;2
51;13;42;2
51;14;3;2
51;15;16451;2
51;16;2;2
51;17;42;2
51;18;42;2
51;19;15;2
51;20;15;2
51;21;42;2
51;22;42;2
51;23;42;2
51;24;42;2
51;25;42;2
51;26;7;2
51;27;7;2
51;28;42;2
51;29;42;2
51;30;42;2
51;31;42;2
51;32;2;2
51;33;6626;2
51;34;15;2
51;35;15;2
51;36;15;2
51;37;15;2
51;38;2;2
51;39;23619;2
51;40;12355;2
51;41;7235;2
51;42;42;2
51;43;42;2
51;44;42;2
51;45;42;2
51;46;4323;2
51;47;3;2
51;48;7;2
51;49;7;2
51;50;42;2
51;51;42;2
51;52;42;2
51;53;42;2
51;54;21986;2
51;55;15;2
51;56;42;2
51;57;15;2
51;58;15;2
51;59;15;2
51;60;15;2
51;61;15;2
51;62;15;2
51;63;15;2
51;64;15;2
51;65;15;2
51;66;15;2
51;67;15;2
51;68;15;2
51;69;42;2
51;70;42;2
51;71;8675;2
51;72;7651;2
51;73;42;2
51;74;42;2
52;0;0;2
52;1;0;2
52;2;42;2
52;3;42;2
52;4;6631;2
52;5;15;2
52;6;15;2
52;7;2535;2
52;8;7;2
52;9;6631;2
52;10;15;2
52;11;15;2
52;12;2531;2
52;13;3;2
52;14;16451;2
52;15;2;2
52;16;2;2
52;17;42;2
52;18;2;2
52;19;23010;2
52;20;15;2
52;21;42;2
52;22;42;2
52;23;42;2
52;24;42;2
52;25;42;2
52;26;6631;2
52;27;15;2
52;28;42;2
52;29;42;2
52;30;42;2
52;31;42;2
52;32;2;2
52;33;5602;2
52;34;15;2
52;35;19938;2
52;36;10722;2
52;37;3554;2
52;38;2;2
52;39;2;2
52;40;2;2
52;41;2;2
52;42;42;2
52;43;42;2
52;44;42;2
52;45;42;2
52;46;3;2
52;47;3;2
52;48;4323;2
52;49;3299;2
52;50;42;2
52;51;42;2
52;52;42;2
52;53;42;2
52;54;15;2
52;55;15;2
52;56;42;2
52;57;15;2
52;58;15;2
52;59;15;2
52;60;15;2
52;61;15;2
52;62;15;2
52;63;15;2
52;64;15;2
52;65;15;2
52;66;15;2
52;67;15;2
52;68;15;2
52;69;42;2
52;70;42;2
52;71;15;2
52;72;15;2
52;73;42;2
52;74;42;2
53;0;0;2
53;1;0;2
53;2;42;2
53;3;42;2
53;4;11751;2
53;5;15;2
53;6;15;2
53;7;1511;2
53;8;7;2
53;9;5607;2
53;10;15;2
53;11;15;2
53;12;1507;2
53;13;3;2
53;14;2;2
53;15;2;2
53;16;2;2
53;17;42;2
53;18;42;2
53;19;11746;2
53;20;15;2
53;21;42;2
53;22;42;2
53;23;42;2
53;24;42;2
53;25;42;2
53;26;11746;2
53;27;15;2
53;28;42;2
53;29;42;2
53;30;42;2
53;31;42;2
53;32;2;2
53;33;2;2
53;34;2;2
53;35;2;2
53;36;42;2
53;37;2;2
53;38;2;2
53;39;2;2
53;40;2;2
53;41;2;2
53;42;42;2
53;43;42;2
53;44;42;2
53;45;42;2
53;46;42;2
53;47;42;2
53;48;42;2
53;49;42;2
53;50;42;2
53;51;42;2
53;52;42;2
53;53;42;2
53;54;15;2
53;55;15;2
53;56;42;2
53;57;15;2
53;58;15;2
53;59;15;2
53;60;15;2
53;61;15;2
53;62;15;2
53;63;15;2
53;64;15;2
53;65;15;2
53;66;15;2
53;67;15;2
53;68;15;2
53;69;42;2
53;70;42;2
53;71;4578;2
53;72;3554;2
53;73;42;2
53;74;42;2
54;0;0;2
54;1;0;2
54;2;42;2
54;3;42;2
54;4;11751;2
54;5;15;2
54;6;42;2
54;7;42;2
54;8;42;2
54;9;42;2
54;10;42;2
54;11;42;2
54;12;42;2
54;13;42;2
54;14;4163;2
54;15;42;2
54;16;42;2
54;17;42;2
54;18;42;2
54;19;11746;2
54;20;15;2
54;21;42;2
54;22;42;2
54;23;42;2
54;24;42;2
54;25;42;2
54;26;11746;2
54;27;15;2
54;28;42;2
54;29;42;2
54;30;42;2
54;31;42;2
54;32;42;2
54;33;42;2
54;34;42;2
54;35;42;2
54;36;42;2
54;37;42;2
54;38;42;2
54;39;42;2
54;40;42;2
54;41;42;2
54;42;42;2
54;43;42;2
54;44;42;2
54;45;42;2
54;46;42;2
54;47;42;2
54;48;42;2
54;49;42;2
54;50;42;2
54;51;42;2
54;52;42;2
54;53;42;2
54;54;15;2
54;55;15;2
54;56;42;2
54;57;15;2
54;58;15;2
54;59;15;2
54;60;15;2
54;61;15;2
54;62;15;2
54;63;15;2
54;64;15;2
54;65;15;2
54;66;15;2
54;67;15;2
54;68;15;2
54;69;42;2
54;70;42;2
54;71;2;2
54;72;2;2
54;73;42;2
54;74;42;2
55;0;0;2
55;1;0;2
55;2;42;2
55;3;42;2
55;4;11751;2
55;5;15;2
55;6;42;2
55;7;42;2
55;8;42;2
55;9;42;2
55;10;42;2
55;11;42;2
55;12;42;2
55;13;42;2
55;14;42;2
55;15;42;2
55;16;42;2
55;17;42;2
55;18;2;2
55;19;11746;2
55;20;15;2
55;21;42;2
55;22;42;2
55;23;42;2
55;24;42;2
55;25;42;2
55;26;21986;2
55;27;15;2
55;28;42;2
55;29;42;2
55;30;42;2
55;31;42;2
55;32;42;2
55;33;42;2
55;34;42;2
55;35;42;2
55;36;42;2
55;37;42;2
55;38;42;2
55;39;42;2
55;40;42;2
55;41;42;2
55;42;42;2
55;43;42;2
55;44;42;2
55;45;42;2
55;46;42;2
55;47;42;2
55;48;42;2
55;49;42;2
55;50;42;2
55;51;42;2
55;52;42;2
55;53;15;2
55;54;15;2
55;55;15;2
55;56;42;2
55;57;42;2
55;58;42;2
55;59;42;2
55;60;42;2
55;61;42;2
55;62;42;2
55;63;42;2
55;64;42;2
55;65;42;2
55;66;42;2
55;67;42;2
55;68;42;2
55;69;42;2
55;70;42;2
55;71;4163;2
55;72;3139;2
55;73;42;2
55;74;42;2
56;0;0;2
56;1;0;2
56;2;42;2
56;3;42;2
56;4;11751;2
56;5;15;2
56;6;42;2
56;7;42;2
56;8;0;2
56;9;0;2
56;10;0;2
56;11;0;2
56;12;0;2
56;13;0;2
56;14;0;2
56;15;42;2
56;16;42;2
56;17;42;2
56;18;2;2
56;19;11746;2
56;20;15;2
56;21;42;2
56;22;42;2
56;23;42;2
56;24;42;2
56;25;42;2
56;26;15;2
56;27;15;2
56;28;42;2
56;29;42;2
56;30;42;2
56;31;42;2
56;32;42;2
56;33;42;2
56;34;42;2
56;35;42;2
56;36;42;2
56;37;42;2
56;38;42;2
56;39;42;2
56;40;42;2
56;41;42;2
56;42;42;2
56;43;42;2
56;44;42;2
56;45;42;2
56;46;42;2
56;47;42;2
56;48;42;2
56;49;42;2
56;50;42;2
56;51;42;2
56;52;42;2
56;53;4579;2
56;54;28131;2
56;55;15;2
56;56;42;2
56;57;6627;2
56;58;15;2
56;59;15;2
56;60;15;2
56;61;15;2
56;62;12515;2
56;63;12515;2
56;64;12515;2
56;65;12515;2
56;66;12515;2
56;67;15;2
56;68;15;2
56;69;2;2
56;70;23619;2
56;71;12355;2
56;72;7235;2
56;73;42;2
56;74;42;2
57;0;0;2
57;1;0;2
57;2;42;2
57;3;42;2
57;4;11751;2
57;5;15;2
57;6;42;2
57;7;42;2
57;8;0;2
57;9;0;2
57;10;0;2
57;11;0;2
57;12;0;2
57;13;0;2
57;14;0;2
57;15;42;2
57;16;42;2
57;17;42;2
57;18;2;2
57;19;11746;2
57;20;15;2
57;21;42;2
57;22;42;2
57;23;42;2
57;24;42;2
57;25;42;2
57;26;15;2
57;27;17891;2
57;28;42;2
57;29;42;2
57;30;42;2
57;31;42;2
57;32;42;2
57;33;42;2
57;34;42;2
57;35;42;2
57;36;42;2
57;37;42;2
57;38;42;2
57;39;42;2
57;40;42;2
57;41;42;2
57;42;42;2
57;43;15;2
57;44;15;2
57;45;15;2
57;46;42;2
57;47;42;2
57;48;42;2
57;49;42;2
57;50;42;2
57;51;42;2
57;52;42;2
57;53;3;2
57;54;5603;2
57;55;15;2
57;56;42;2
57;57;5603;2
57;58;15;2
57;59;15;2
57;60;19943;2
57;61;3559;2
57;62;7;2
57;63;7;2
57;64;7;2
57;65;7;2
57;66;7;2
57;67;4583;2
57;68;3554;2
57;69;2;2
57;70;2;2
57;71;2;2
57;72;2;2
57;73;42;2
57;74;42;2
58;0;0;2
58;1;8679;2
58;2;42;2
58;3;12775;2
58;4;29159;2
58;5;15;2
58;6;15;2
58;7;42;2
58;8;0;2
58;9;0;2
58;10;0;2
58;11;0;2
58;12;0;2
58;13;0;2
58;14;0;2
58;15;42;2
58;16;42;2
58;17;42;2
58;18;2;2
58;19;11746;2
58;20;15;2
58;21;42;2
58;22;42;2
58;23;42;2
58;24;42;2
58;25;42;2
58;26;15;2
58;27;9699;2
58;28;6211;2
58;29;2;2
58;30;14403;2
58;31;3;2
58;32;6627;2
58;33;15;2
58;34;15;2
58;35;15;2
58;36;15;2
58;37;15;2
58;38;15;2
58;39;15;2
58;40;15;2
58;41;15;2
58;42;15;2
58;43;15;2
58;44;19938;2
58;45;3554;2
58;46;42;2
58;47;42;2
58;48;42;2
58;49;42;2
58;50;42;2
58;51;42;2
58;52;42;2
58;53;42;2
58;54;42;2
58;55;42;2
58;56;42;2
58;57;42;2
58;58;42;2
58;59;42;2
58;60;42;2
58;61;42;2
58;62;42;2
58;63;42;2
58;64;42;2
58;65;42;2
58;66;42;2
58;67;42;2
58;68;42;2
58;69;2;2
58;70;2;2
58;71;2;2
58;72;2;2
58;73;42;2
58;74;42;2
59;0;0;2
59;1;15;2
59;2;15;2
59;3;15;2
59;4;15;2
59;5;15;2
59;6;15;2
59;7;15;2
59;8;0;2
59;9;0;2
59;10;0;2
59;11;0;2
59;12;0;2
59;13;0;2
59;14;0;2
59;15;42;2
59;16;42;2
59;17;42;2
59;18;42;2
59;19;11746;2
59;20;15;2
59;21;42;2
59;22;42;2
59;23;42;2
59;24;42;2
59;25;42;2
59;26;15;2
59;27;1507;2
59;28;5187;2
59;29;2;2
59;30;2;2
59;31;3;2
59;32;5603;2
59;33;15;2
59;34;15;2
59;35;26082;2
59;36;20962;2
59;37;15;2
59;38;15;2
59;39;15;2
59;40;15;2
59;41;15;2
59;42;19938;2
59;43;3554;2
59;44;2;2
59;45;2;2
59;46;42;2
59;47;42;2
59;48;42;2
59;49;42;2
59;50;42;2
59;51;42;2
59;52;42;2
59;53;42;2
59;54;42;2
59;55;42;2
59;56;42;2
59;57;42;2
59;58;42;2
59;59;42;2
59;60;42;2
59;61;42;2
59;62;42;2
59;63;42;2
59;64;42;2
59;65;42;2
59;66;42;2
59;67;42;2
59;68;42;2
59;69;42;2
59;70;42;2
59;71;42;2
59;72;42;2
59;73;42;2
59;74;42;2
60;0;0;2
60;1;15;2
60;2;15;2
60;3;15;2
60;4;15;2
60;5;15;2
60;6;15;2
60;7;15;2
60;8;0;2
60;9;0;2
60;10;0;2
60;11;0;2
60;12;0;2
60;13;0;2
60;14;0;2
60;15;42;2
60;16;42;2
60;17;2;2
60;18;8674;2
60;19;29154;2
60;20;15;2
60;21;9699;2
60;22;42;2
60;23;42;2
60;24;42;2
60;25;42;2
60;26;42;2
60;27;42;2
60;28;3;2
60;29;4163;2
60;30;3139;2
60;31;42;2
60;32;42;2
60;33;42;2
60;34;15;2
60;35;27106;2
60;36;42;2
60;37;42;2
60;38;42;2
60;39;42;2
60;40;42;2
60;41;42;2
60;42;2;2
60;43;42;2
60;44;42;2
60;45;42;2
60;46;42;2
60;47;42;2
60;48;42;2
60;49;42;2
60;50;42;2
60;51;42;2
60;52;42;2
60;53;42;2
60;54;42;2
60;55;42;2
60;56;42;2
60;57;42;2
60;58;42;2
60;59;42;2
60;60;42;2
60;61;42;2
60;62;42;2
60;63;42;2
60;64;42;2
60;65;42;2
60;66;42;2
60;67;42;2
60;68;42;2
60;69;42;2
60;70;42;2
60;71;42;2
60;72;42;2
60;73;42;2
60;74;42;2
61;0;0;2
61;1;15;2
61;2;15;2
61;3;15;2
61;4;15;2
61;5;15;2
61;6;15;2
61;7;15;2
61;8;0;2
61;9;0;2
61;10;0;2
61;11;0;2
61;12;0;2
61;13;0;2
61;14;0;2
61;15;42;2
61;16;42;2
61;17;4163;2
61;18;15;2
61;19;15;2
61;20;15;2
61;21;18915;2
61;22;42;2
61;23;42;2
61;24;42;2
61;25;42;2
61;26;42;2
61;27;42;2
61;28;42;2
61;29;42;2
61;30;42;2
61;31;42;2
61;32;15;2
61;33;15;2
61;34;15;2
61;35;15;2
61;36;15;2
61;37;15;2
61;38;15;2
61;39;15;2
61;40;15;2
61;41;15;2
61;42;15;2
61;43;7;2
61;44;7;2
61;45;8679;2
61;46;12775;2
61;47;7655;2
61;48;7;2
61;49;6631;2
61;50;15;2
61;51;2531;2
61;52;42;2
61;53;42;2
61;54;42;2
61;55;42;2
61;56;42;2
61;57;42;2
61;58;42;2
61;59;42;2
61;60;42;2
61;61;7;2
61;62;7;2
61;63;7;2
61;64;7;2
61;65;7;2
61;66;6631;2
61;67;15;2
61;68;15;2
61;69;2531;2
61;70;3;2
61;71;42;2
61;72;42;2
61;73;42;2
61;74;42;2
62;0;0;2
62;1;15;2
62;2;15;2
62;3;15;2
62;4;15;2
62;5;15;2
62;6;15;2
62;7;15;2
62;8;0;2
62;9;0;2
62;10;0;2
62;11;0;2
62;12;0;2
62;13;0;2
62;14;0;2
62;15;42;2
62;16;42;2
62;17;3;2
62;18;15843;2
62;19;15;2
62;20;15;2
62;21;15;2
62;22;24035;2
62;23;25059;2
62;24;15;2
62;25;15;2
62;26;15;2
62;27;15;2
62;28;15;2
62;29;15;2
62;30;15;2
62;31;15;2
62;32;15;2
62;33;15;2
62;34;15;2
62;35;15;2
62;36;15;2
62;37;19943;2
62;38;10727;2
62;39;10727;2
62;40;10727;2
62;41;10727;2
62;42;3559;2
62;43;7;2
62;44;7;2
62;45;15;2
62;46;15;2
62;47;15;2
62;48;7;2
62;49;11751;2
62;50;15;2
62;51;9699;2
62;52;6627;2
62;53;15;2
62;54;15;2
62;55;2531;2
62;56;6627;2
62;57;15;2
62;58;15;2
62;59;15;2
62;60;2535;2
62;61;7;2
62;62;8679;2
62;63;7655;2
62;64;7;2
62;65;7;2
62;66;5607;2
62;67;15;2
62;68;15;2
62;69;1507;2
62;70;3;2
62;71;42;2
62;72;42;2
62;73;42;2
62;74;42;2
63;0;0;2
63;1;0;2
63;2;0;2
63;3;0;2
63;4;0;2
63;5;0;2
63;6;0;2
63;7;0;2
63;8;0;2
63;9;0;2
63;10;0;2
63;11;0;2
63;12;0;2
63;13;0;2
63;14;0;2
63;15;42;2
63;16;42;2
63;17;3;2
63;18;3;2
63;19;4579;2
63;20;20963;2
63;21;15;2
63;22;15;2
63;23;15;2
63;24;15;2
63;25;15;2
63;26;19939;2
63;27;10723;2
63;28;10723;2
63;29;10723;2
63;30;10723;2
63;31;10723;2
63;32;10723;2
63;33;10723;2
63;34;42;2
63;35;42;2
63;36;42;2
63;37;42;2
63;38;2;2
63;39;7;2
63;40;42;2
63;41;42;2
63;42;42;2
63;43;7;2
63;44;7;2
63;45;4583;2
63;46;10727;2
63;47;3559;2
63;48;7;2
63;49;5607;2
63;50;15;2
63;51;1507;2
63;52;5603;2
63;53;15;2
63;54;15;2
63;55;1507;2
63;56;5603;2
63;57;15;2
63;58;15;2
63;59;15;2
63;60;1511;2
63;61;7;2
63;62;15;2
63;63;15;2
63;64;7;2
63;65;7;2
63;66;7;2
63;67;4583;2
63;68;42;2
63;69;3;2
63;70;3;2
63;71;42;2
63;72;42;2
63;73;42;2
63;74;42;2
64;0;0;2
64;1;0;2
64;2;0;2
64;3;0;2
64;4;0;2
64;5;0;2
64;6;0;2
64;7;15;2
64;8;15;2
64;9;15;2
64;10;15;2
64;11;42;2
64;12;42;2
64;13;42;2
64;14;42;2
64;15;42;2
64;16;42;2
64;17;42;2
64;18;42;2
64;19;42;2
64;20;42;2
64;21;42;2
64;22;10722;2
64;23;10722;2
64;24;42;2
64;25;42;2
64;26;42;2
64;27;42;2
64;28;7651;2
64;29;8419;2
64;30;24803;2
64;31;7;2
64;32;42;2
64;33;42;2
64;34;42;2
64;35;42;2
64;36;42;2
64;37;42;2
64;38;42;2
64;39;42;2
64;40;42;2
64;41;42;2
64;42;42;2
64;43;42;2
64;44;42;2
64;45;42;2
64;46;42;2
64;47;42;2
64;48;42;2
64;49;42;2
64;50;42;2
64;51;42;2
64;52;42;2
64;53;42;2
64;54;42;2
64;55;42;2
64;56;42;2
64;57;42;2
64;58;42;2
64;59;42;2
64;60;42;2
64;61;42;2
64;62;4583;2
64;63;3559;2
64;64;42;2
64;65;42;2
64;66;42;2
64;67;42;2
64;68;42;2
64;69;8419;2
64;70;7395;2
64;71;42;2
64;72;42;2
64;73;42;2
64;74;42;2
65;0;0;2
65;1;0;2
65;2;0;2
65;3;0;2
65;4;0;2
65;5;0;2
65;6;0;2
65;7;15;2
65;8;15;2
65;9;15;2
65;10;15;2
65;11;15;2
65;12;42;2
65;13;42;2
65;14;42;2
65;15;42;2
65;16;42;2
65;17;42;2
65;18;42;2
65;19;42;2
65;20;42;2
65;21;42;2
65;22;42;2
65;23;42;2
65;24;42;2
65;25;42;2
65;26;42;2
65;27;15;2
65;28;15;2
65;29;14823;2
65;30;7;2
65;31;7;2
65;32;42;2
65;33;42;2
65;34;42;2
65;35;42;2
65;36;42;2
65;37;42;2
65;38;42;2
65;39;42;2
65;40;42;2
65;41;42;2
65;42;42;2
65;43;42;2
65;44;42;2
65;45;42;2
65;46;42;2
65;47;42;2
65;48;42;2
65;49;42;2
65;50;42;2
65;51;42;2
65;52;42;2
65;53;42;2
65;54;42;2
65;55;42;2
65;56;42;2
65;57;42;2
65;58;42;2
65;59;42;2
65;60;42;2
65;61;42;2
65;62;42;2
65;63;42;2
65;64;42;2
65;65;42;2
65;66;42;2
65;67;42;2
65;68;42;2
65;69;7;2
65;70;7;2
65;71;42;2
65;72;42;2
65;73;42;2
65;74;42;2
66;0;0;2
66;1;0;2
66;2;0;2
66;3;0;2
66;4;0;2
66;5;0;2
66;6;0;2
66;7;15;2
66;8;15;2
66;9;15;2
66;10;15;2
66;11;15;2
66;12;42;2
66;13;42;2
66;14;42;2
66;15;42;2
66;16;6626;2
66;17;15;2
66;18;15;2
66;19;15;2
66;20;15;2
66;21;15;2
66;22;42;2
66;23;42;2
66;24;42;2
66;25;42;2
66;26;42;2
66;27;15;2
66;28;15;2
66;29;15;2
66;30;7;2
66;31;7;2
66;32;7;2
66;33;6631;2
66;34;15;2
66;35;15;2
66;36;15;2
66;37;14818;2
66;38;2;2
66;39;2;2
66;40;15;2
66;41;15;2
66;42;2;2
66;43;2;2
66;44;2;2
66;45;2;2
66;46;16866;2
66;47;15;2
66;48;2535;2
66;49;7;2
66;50;2;2
66;51;2;2
66;52;42;2
66;53;42;2
66;54;42;2
66;55;42;2
66;56;42;2
66;57;42;2
66;58;42;2
66;59;42;2
66;60;42;2
66;61;42;2
66;62;42;2
66;63;42;2
66;64;42;2
66;65;42;2
66;66;42;2
66;67;42;2
66;68;42;2
66;69;7;2
66;70;7;2
66;71;42;2
66;72;42;2
66;73;42;2
66;74;42;2
67;0;0;2
67;1;0;2
67;2;0;2
67;3;0;2
67;4;0;2
67;5;0;2
67;6;0;2
67;7;15;2
67;8;15;2
67;9;15;2
67;10;15;2
67;11;15;2
67;12;9698;2
67;13;2;2
67;14;2;2
67;15;2;2
67;16;5602;2
67;17;15;2
67;18;19938;2
67;19;20962;2
67;20;15;2
67;21;15;2
67;22;15;2
67;23;15;2
67;24;15;2
67;25;15;2
67;26;15;2
67;27;15;2
67;28;15;2
67;29;17895;2
67;30;7;2
67;31;7;2
67;32;7;2
67;33;5607;2
67;34;15;2
67;35;15;2
67;36;15;2
67;37;15;2
67;38;10311;2
67;39;3143;2
67;40;4583;2
67;41;3559;2
67;42;4167;2
67;43;10311;2
67;44;10311;2
67;45;10311;2
67;46;15;2
67;47;15;2
67;48;1511;2
67;49;7;2
67;50;22599;2
67;51;2;2
67;52;42;2
67;53;42;2
67;54;42;2
67;55;42;2
67;56;42;2
67;57;42;2
67;58;42;2
67;59;42;2
67;60;42;2
67;61;42;2
67;62;42;2
67;63;42;2
67;64;42;2
67;65;42;2
67;66;42;2
67;67;42;2
67;68;42;2
67;69;7;2
67;70;7;2
67;71;42;2
67;72;42;2
67;73;42;2
67;74;42;2
68;0;0;2
68;1;0;2
68;2;0;2
68;3;0;2
68;4;0;2
68;5;0;2
68;6;0;2
68;7;15;2
68;8;15;2
68;9;15;2
68;10;15;2
68;11;15;2
68;12;42;2
68;13;42;2
68;14;42;2
68;15;2;2
68;16;2;2
68;17;2;2
68;18;42;2
68;19;42;2
68;20;4579;2
68;21;10722;2
68;22;10723;2
68;23;10722;2
68;24;10723;2
68;25;10723;2
68;26;10722;2
68;27;20962;2
68;28;15;2
68;29;1511;2
68;30;42;2
68;31;42;2
68;32;42;2
68;33;42;2
68;34;42;2
68;35;42;2
68;36;42;2
68;37;42;2
68;38;42;2
68;39;42;2
68;40;42;2
68;41;42;2
68;42;42;2
68;43;42;2
68;44;42;2
68;45;42;2
68;46;42;2
68;47;42;2
68;48;42;2
68;49;7;2
68;50;5191;2
68;51;2;2
68;52;42;2
68;53;42;2
68;54;42;2
68;55;42;2
68;56;42;2
68;57;42;2
68;58;42;2
68;59;42;2
68;60;42;2
68;61;42;2
68;62;42;2
68;63;42;2
68;64;42;2
68;65;7;2
68;66;7;2
68;67;7;2
68;68;7;2
68;69;7;2
68;70;7;2
68;71;6215;2
68;72;2;2
68;73;42;2
68;74;42;2
69;0;0;2
69;1;0;2
69;2;0;2
69;3;0;2
69;4;0;2
69;5;0;2
69;6;0;2
69;7;15;2
69;8;7;2
69;9;15;2
69;10;15;2
69;11;42;2
69;12;42;2
69;13;42;2
69;14;42;2
69;15;2;2
69;16;2;2
69;17;2;2
69;18;42;2
69;19;42;2
69;20;42;2
69;21;2;2
69;22;2;2
69;23;2;2
69;24;8674;2
69;25;12770;2
69;26;12770;2
69;27;2;2
69;28;7;2
69;29;7;2
69;30;42;2
69;31;7651;2
69;32;3;2
69;33;42;2
69;34;42;2
69;35;42;2
69;36;42;2
69;37;42;2
69;38;42;2
69;39;42;2
69;40;42;2
69;41;42;2
69;42;42;2
69;43;42;2
69;44;42;2
69;45;42;2
69;46;42;2
69;47;42;2
69;48;42;2
69;49;42;2
69;50;42;2
69;51;42;2
69;52;42;2
69;53;42;2
69;54;7651;2
69;55;3;2
69;56;6211;2
69;57;2;2
69;58;23623;2
69;59;12359;2
69;60;12359;2
69;61;12359;2
69;62;12359;2
69;63;12359;2
69;64;7239;2
69;65;7;2
69;66;7;2
69;67;7;2
69;68;7;2
69;69;7;2
69;70;7;2
69;71;21575;2
69;72;2;2
69;73;42;2
69;74;42;2
70;0;0;2
70;1;0;2
70;2;0;2
70;3;0;2
70;4;0;2
70;5;0;2
70;6;0;2
70;7;7;2
70;8;42;2
70;9;42;2
70;10;42;2
70;11;42;2
70;12;42;2
70;13;42;2
70;14;42;2
70;15;42;2
70;16;42;2
70;17;42;2
70;18;42;2
70;19;42;2
70;20;42;2
70;21;42;2
70;22;42;2
70;23;42;2
70;24;15;2
70;25;15;2
70;26;15;2
70;27;15;2
70;28;15;2
70;29;15;2
70;30;15;2
70;31;15;2
70;32;2531;2
70;33;3;2
70;34;15;2
70;35;15;2
70;36;15;2
70;37;15;2
70;38;15;2
70;39;15;2
70;40;15;2
70;41;15;2
70;42;15;2
70;43;12515;2
70;44;7395;2
70;45;3;2
70;46;3;2
70;47;15;2
70;48;15;2
70;49;15;2
70;50;15;2
70;51;15;2
70;52;15;2
70;53;15;2
70;54;15;2
70;55;2531;2
70;56;5187;2
70;57;2;2
70;58;2;2
70;59;2;2
70;60;2;2
70;61;2;2
70;62;2;2
70;63;2;2
70;64;2;2
70;65;2119;2
70;66;7;2
70;67;7;2
70;68;7;2
70;69;7;2
70;70;7;2
70;71;2;2
70;72;2;2
70;73;42;2
70;74;42;2
71;0;0;2
71;1;0;2
71;2;0;2
71;3;0;2
71;4;0;2
71;5;0;2
71;6;0;2
71;7;0;2
71;8;0;2
71;9;0;2
71;10;0;2
71;11;0;2
71;12;0;2
71;13;0;2
71;14;0;2
71;15;0;2
71;16;0;2
71;17;0;2
71;18;0;2
71;19;0;2
71;20;0;2
71;21;0;2
71;22;0;2
71;23;0;2
71;24;0;2
71;25;0;2
71;26;15;2
71;27;15;2
71;28;15;2
71;29;15;2
71;30;15;2
71;31;15;2
71;32;9699;2
71;33;3;2
71;34;4579;2
71;35;10723;2
71;36;10727;2
71;37;10727;2
71;38;10727;2
71;39;10727;2
71;40;10727;2
71;41;10727;2
71;42;3559;2
71;43;7;2
71;44;7;2
71;45;3;2
71;46;3;2
71;47;4579;2
71;48;10723;2
71;49;10723;2
71;50;10723;2
71;51;10723;2
71;52;10723;2
71;53;20963;2
71;54;15;2
71;55;42;2
71;56;42;2
71;57;42;2
71;58;42;2
71;59;42;2
71;60;42;2
71;61;42;2
71;62;42;2
71;63;42;2
71;64;2;2
71;65;42;2
71;66;42;2
71;67;42;2
71;68;42;2
71;69;42;2
71;70;42;2
71;71;42;2
71;72;42;2
71;73;42;2
71;74;42;2
72;0;0;2
72;1;0;2
72;2;0;2
72;3;0;2
72;4;0;2
72;5;0;2
72;6;0;2
72;7;0;2
72;8;0;2
72;9;0;2
72;10;0;2
72;11;0;2
72;12;0;2
72;13;0;2
72;14;0;2
72;15;0;2
72;16;0;2
72;17;0;2
72;18;0;2
72;19;0;2
72;20;0;2
72;21;0;2
72;22;0;2
72;23;0;2
72;24;0;2
72;25;0;2
72;26;0;2
72;27;0;2
72;28;0;2
72;29;15;2
72;30;15;2
72;31;15;2
72;32;42;2
72;33;42;2
72;34;42;2
72;35;3;2
72;36;42;2
72;37;42;2
72;38;42;2
72;39;42;2
72;40;42;2
72;41;7;2
72;42;42;2
72;43;42;2
72;44;42;2
72;45;42;2
72;46;42;2
72;47;42;2
72;48;3;2
72;49;3;2
72;50;3;2
72;51;42;2
72;52;42;2
72;53;42;2
72;54;42;2
72;55;42;2
72;56;42;2
72;57;42;2
72;58;42;2
72;59;42;2
72;60;42;2
72;61;42;2
72;62;42;2
72;63;42;2
72;64;42;2
72;65;42;2
72;66;42;2
72;67;42;2
72;68;42;2
72;69;42;2
72;70;42;2
72;71;42;2
72;72;42;2
72;73;42;2
72;74;42;2
