38;0;0;596;0;333
39;0;0;287;0;333
172;0;0;287;0;333
173;0;0;287;0;333
174;0;0;287;0;333
175;0;0;287;0;333
176;0;0;287;0;333
177;0;0;287;0;333
39;1;0;597;0;333
39;1;0;1245;0;333
40;1;0;597;0;333
41;1;0;597;0;333
42;1;0;597;0;333
42;1;0;914;0;333
43;1;0;597;0;333
44;1;0;597;0;333
44;1;0;596;0;333
45;1;0;287;0;333
128;1;0;287;0;333
129;1;0;597;0;333
130;1;0;597;0;333
131;1;0;597;0;333
132;1;0;597;0;333
133;1;0;597;0;333
133;1;0;1246;0;333
134;1;0;597;0;333
135;1;0;597;0;333
136;1;0;597;0;333
137;1;0;597;0;333
138;1;0;597;0;333
139;1;0;597;0;333
140;1;0;597;0;333
141;1;0;597;0;333
142;1;0;597;0;333
143;1;0;597;0;333
144;1;0;597;0;333
145;1;0;597;0;333
146;1;0;597;0;333
147;1;0;597;0;333
148;1;0;597;0;333
149;1;0;597;0;333
150;1;0;596;0;333
150;1;0;597;0;333
151;1;0;287;0;333
173;1;0;287;0;333
174;1;0;287;0;333
175;1;0;287;0;333
176;1;0;287;0;333
177;1;0;287;0;333
45;2;0;597;0;333
45;2;0;596;0;333
46;2;0;287;0;333
126;2;0;287;0;333
127;2;0;597;0;333
128;2;0;597;0;333
128;2;0;1250;0;333
130;2;0;1250;0;333
131;2;0;1276;0;333
138;2;0;3255;0;333
139;2;0;3253;0;333
140;2;0;3253;0;333
141;2;0;3253;0;333
142;2;0;3253;0;333
143;2;0;3253;0;333
144;2;0;3253;0;333
145;2;0;3253;0;333
146;2;0;3253;0;333
147;2;0;3253;0;333
148;2;0;3253;0;333
149;2;0;3254;0;333
150;2;0;596;0;333
150;2;0;596;0;333
151;2;0;287;0;333
151;2;0;287;0;333
173;2;0;287;0;333
174;2;0;287;0;333
175;2;0;287;0;333
176;2;0;287;0;333
177;2;0;287;0;333
45;3;0;1245;0;333
46;3;0;597;0;333
46;3;0;597;0;333
46;3;0;596;0;333
47;3;0;287;0;333
111;3;0;1245;0;333
112;3;0;1251;0;333
115;3;0;1276;0;333
116;3;0;1245;0;333
118;3;0;596;0;333
118;3;0;596;0;333
118;3;0;596;0;333
118;3;0;597;0;333
119;3;0;287;0;333
120;3;0;287;0;333
123;3;0;287;0;333
124;3;0;597;0;333
124;3;0;1245;0;333
125;3;0;597;0;333
126;3;0;597;0;333
126;3;0;1254;0;333
131;3;0;3255;0;333
132;3;0;3253;0;333
133;3;0;3253;0;333
134;3;0;3253;0;333
135;3;0;3253;0;333
136;3;0;3253;0;333
137;3;0;3253;0;333
150;3;0;433;0;333
150;3;0;3252;0;333
150;3;0;3254;0;333
151;3;0;597;0;333
152;3;0;596;0;333
153;3;0;287;0;333
154;3;0;287;0;333
155;3;0;287;0;333
156;3;0;287;0;333
173;3;0;287;0;333
174;3;0;287;0;333
175;3;0;287;0;333
176;3;0;287;0;333
177;3;0;287;0;333
47;4;0;596;0;333
47;4;0;597;0;333
112;4;0;1273;0;333
114;4;0;1251;0;333
117;4;0;1273;0;333
118;4;0;1251;0;333
119;4;0;597;0;333
120;4;0;597;0;333
121;4;0;597;0;333
122;4;0;597;0;333
123;4;0;597;0;333
125;4;0;1251;0;333
127;4;0;1251;0;333
128;4;0;1254;0;333
130;4;0;3255;0;333
150;4;0;433;0;333
150;4;0;3252;0;333
151;4;0;1246;0;333
153;4;0;597;0;333
154;4;0;597;0;333
155;4;0;597;0;333
155;4;0;1246;0;333
156;4;0;596;0;333
156;4;0;597;0;333
173;4;0;287;0;333
174;4;0;287;0;333
175;4;0;287;0;333
176;4;0;287;0;333
177;4;0;287;0;333
47;5;0;596;0;333
108;5;0;3253;0;333
108;5;0;3255;0;333
109;5;0;3253;0;333
110;5;0;3253;0;333
111;5;0;3253;0;333
112;5;0;3253;0;333
113;5;0;3253;0;333
114;5;0;3253;0;333
115;5;0;3253;0;333
116;5;0;3253;0;333
117;5;0;3253;0;333
118;5;0;3253;0;333
119;5;0;3253;0;333
120;5;0;3253;0;333
121;5;0;3253;0;333
122;5;0;3253;0;333
123;5;0;3253;0;333
124;5;0;3253;0;333
125;5;0;3253;0;333
126;5;0;3253;0;333
127;5;0;3253;0;333
128;5;0;3253;0;333
129;5;0;3253;0;333
150;5;0;433;0;333
150;5;0;3257;0;333
153;5;0;1254;0;333
156;5;0;596;0;333
173;5;0;287;0;333
174;5;0;287;0;333
175;5;0;287;0;333
176;5;0;287;0;333
177;5;0;287;0;333
47;6;0;596;0;333
108;6;0;3259;0;333
109;6;0;1276;0;333
149;6;0;3252;0;333
156;6;0;596;0;333
156;6;0;625;0;333
173;6;0;287;0;333
174;6;0;287;0;333
175;6;0;287;0;333
176;6;0;287;0;333
177;6;0;287;0;333
47;7;0;596;0;333
47;7;0;1273;0;333
107;7;0;287;0;333
108;7;0;3259;0;333
149;7;0;3252;0;333
156;7;0;596;0;333
173;7;0;287;0;333
174;7;0;287;0;333
175;7;0;287;0;333
176;7;0;287;0;333
177;7;0;287;0;333
47;8;0;596;0;333
107;8;0;287;0;333
108;8;0;3259;0;333
111;8;0;1273;0;333
111;8;0;500;0;333
149;8;0;3252;0;333
156;8;0;596;0;333
173;8;0;287;0;333
174;8;0;287;0;333
175;8;0;287;0;333
176;8;0;287;0;333
177;8;0;287;0;333
47;9;0;596;0;333
107;9;0;287;0;333
108;9;0;3259;0;333
111;9;0;500;0;333
149;9;0;3252;0;333
156;9;0;596;0;333
156;9;0;596;0;333
156;9;0;596;0;333
156;9;0;596;0;333
173;9;0;287;0;333
174;9;0;287;0;333
175;9;0;287;0;333
176;9;0;287;0;333
177;9;0;287;0;333
47;10;0;596;0;333
48;10;0;287;0;333
107;10;0;287;0;333
108;10;0;3259;0;333
110;10;0;3259;0;333
141;10;0;3256;0;333
142;10;0;3256;0;333
143;10;0;3256;0;333
144;10;0;3256;0;333
145;10;0;3256;0;333
146;10;0;3256;0;333
147;10;0;3256;0;333
148;10;0;3256;0;333
149;10;0;3257;0;333
154;10;0;914;0;333
156;10;0;596;0;333
173;10;0;287;0;333
174;10;0;287;0;333
175;10;0;287;0;333
176;10;0;287;0;333
177;10;0;287;0;333
47;11;0;1246;0;333
48;11;0;597;0;333
107;11;0;287;0;333
107;11;0;287;0;333
108;11;0;287;0;333
110;11;0;3259;0;333
140;11;0;3257;0;333
140;11;0;3256;0;333
154;11;0;596;0;333
155;11;0;287;0;333
156;11;0;287;0;333
173;11;0;287;0;333
174;11;0;287;0;333
175;11;0;287;0;333
176;11;0;287;0;333
177;11;0;287;0;333
48;12;0;596;0;333
107;12;0;287;0;333
107;12;0;287;0;333
108;12;0;287;0;333
110;12;0;3259;0;333
139;12;0;3252;0;333
154;12;0;596;0;333
154;12;0;915;0;333
155;12;0;287;0;333
156;12;0;287;0;333
173;12;0;287;0;333
174;12;0;287;0;333
175;12;0;287;0;333
176;12;0;287;0;333
177;12;0;287;0;333
46;13;0;596;0;333
48;13;0;596;0;333
107;13;0;287;0;333
107;13;0;287;0;333
108;13;0;287;0;333
110;13;0;3259;0;333
139;13;0;3252;0;333
154;13;0;596;0;333
155;13;0;287;0;333
156;13;0;287;0;333
173;13;0;287;0;333
174;13;0;287;0;333
175;13;0;287;0;333
176;13;0;287;0;333
177;13;0;287;0;333
45;14;0;915;0;333
46;14;0;596;0;333
47;14;0;287;0;333
47;14;0;596;0;333
48;14;0;287;0;333
108;14;0;287;0;333
111;14;0;3259;0;333
139;14;0;3252;0;333
149;14;0;915;0;333
155;14;0;287;0;333
156;14;0;287;0;333
173;14;0;287;0;333
174;14;0;287;0;333
175;14;0;287;0;333
176;14;0;287;0;333
177;14;0;287;0;333
45;15;0;596;0;333
45;15;0;596;0;333
46;15;0;287;0;333
47;15;0;287;0;333
48;15;0;287;0;333
108;15;0;287;0;333
111;15;0;3259;0;333
139;15;0;3252;0;333
149;15;0;596;0;333
150;15;0;287;0;333
173;15;0;287;0;333
174;15;0;287;0;333
175;15;0;287;0;333
176;15;0;287;0;333
177;15;0;287;0;333
44;16;0;914;0;333
45;16;0;596;0;333
108;16;0;287;0;333
111;16;0;3259;0;333
139;16;0;3252;0;333
149;16;0;596;0;333
149;16;0;1246;0;333
150;16;0;287;0;333
173;16;0;287;0;333
174;16;0;287;0;333
175;16;0;287;0;333
176;16;0;287;0;333
177;16;0;287;0;333
177;16;0;287;0;333
178;16;0;287;0;333
179;16;0;287;0;333
180;16;0;287;0;333
181;16;0;287;0;333
43;17;0;1246;0;333
44;17;0;596;0;333
45;17;0;287;0;333
108;17;0;287;0;333
111;17;0;3259;0;333
139;17;0;3252;0;333
148;17;0;596;0;333
148;17;0;1254;0;333
149;17;0;287;0;333
150;17;0;287;0;333
181;17;0;287;0;333
44;18;0;596;0;333
45;18;0;287;0;333
108;18;0;287;0;333
111;18;0;3259;0;333
139;18;0;3252;0;333
148;18;0;596;0;333
149;18;0;287;0;333
150;18;0;287;0;333
181;18;0;287;0;333
45;19;0;597;0;333
45;19;0;232;0;333
108;19;0;287;0;333
111;19;0;3259;0;333
139;19;0;3252;0;333
148;19;0;914;0;333
149;19;0;596;0;333
150;19;0;287;0;333
181;19;0;287;0;333
45;20;0;596;0;333
108;20;0;287;0;333
111;20;0;3259;0;333
139;20;0;3252;0;333
149;20;0;596;0;333
149;20;0;625;0;333
150;20;0;287;0;333
181;20;0;287;0;333
45;21;0;596;0;333
46;21;0;287;0;333
107;21;0;287;0;333
108;21;0;287;0;333
111;21;0;3259;0;333
139;21;0;3252;0;333
149;21;0;596;0;333
150;21;0;287;0;333
181;21;0;287;0;333
46;22;0;596;0;333
46;22;0;914;0;333
102;22;0;287;0;333
102;22;0;287;0;333
103;22;0;287;0;333
103;22;0;287;0;333
104;22;0;287;0;333
105;22;0;287;0;333
106;22;0;287;0;333
107;22;0;287;0;333
108;22;0;622;0;333
109;22;0;1245;0;333
110;22;0;1251;0;333
111;22;0;3259;0;333
139;22;0;3252;0;333
147;22;0;596;0;333
148;22;0;287;0;333
149;22;0;287;0;333
149;22;0;596;0;333
150;22;0;287;0;333
181;22;0;287;0;333
46;23;0;596;0;333
47;23;0;287;0;333
48;23;0;287;0;333
102;23;0;287;0;333
102;23;0;287;0;333
103;23;0;287;0;333
104;23;0;622;0;333
105;23;0;622;0;333
105;23;0;624;0;333
106;23;0;622;0;333
107;23;0;622;0;333
108;23;0;1251;0;333
111;23;0;3259;0;333
139;23;0;3252;0;333
147;23;0;596;0;333
148;23;0;287;0;333
149;23;0;287;0;333
150;23;0;287;0;333
181;23;0;287;0;333
181;23;0;287;0;333
182;23;0;287;0;333
183;23;0;287;0;333
184;23;0;287;0;333
185;23;0;287;0;333
46;24;0;915;0;333
47;24;0;597;0;333
47;24;0;915;0;333
48;24;0;597;0;333
48;24;0;915;0;333
99;24;0;287;0;333
100;24;0;287;0;333
101;24;0;287;0;333
102;24;0;287;0;333
102;24;0;287;0;333
102;24;0;287;0;333
103;24;0;287;0;333
111;24;0;3259;0;333
139;24;0;3252;0;333
147;24;0;596;0;333
147;24;0;1276;0;333
148;24;0;287;0;333
149;24;0;287;0;333
150;24;0;287;0;333
185;24;0;287;0;333
48;25;0;596;0;333
99;25;0;287;0;333
100;25;0;287;0;333
101;25;0;287;0;333
102;25;0;287;0;333
102;25;0;287;0;333
102;25;0;287;0;333
102;25;0;287;0;333
103;25;0;287;0;333
111;25;0;3259;0;333
139;25;0;3252;0;333
146;25;0;232;0;333
147;25;0;596;0;333
185;25;0;287;0;333
48;26;0;596;0;333
86;26;0;287;0;333
87;26;0;287;0;333
88;26;0;287;0;333
89;26;0;287;0;333
90;26;0;287;0;333
91;26;0;287;0;333
92;26;0;287;0;333
93;26;0;287;0;333
94;26;0;287;0;333
95;26;0;287;0;333
96;26;0;287;0;333
97;26;0;287;0;333
98;26;0;287;0;333
99;26;0;287;0;333
100;26;0;287;0;333
101;26;0;622;0;333
102;26;0;622;0;333
103;26;0;622;0;333
111;26;0;3258;0;333
139;26;0;3252;0;333
147;26;0;596;0;333
148;26;0;287;0;333
185;26;0;287;0;333
48;27;0;596;0;333
48;27;0;1251;0;333
86;27;0;287;0;333
87;27;0;287;0;333
88;27;0;287;0;333
89;27;0;287;0;333
90;27;0;287;0;333
91;27;0;287;0;333
92;27;0;287;0;333
93;27;0;287;0;333
94;27;0;287;0;333
95;27;0;287;0;333
96;27;0;287;0;333
97;27;0;287;0;333
98;27;0;287;0;333
99;27;0;287;0;333
100;27;0;287;0;333
112;27;0;3259;0;333
139;27;0;3252;0;333
146;27;0;287;0;333
146;27;0;596;0;333
147;27;0;287;0;333
185;27;0;287;0;333
185;27;0;287;0;333
186;27;0;287;0;333
187;27;0;287;0;333
188;27;0;287;0;333
189;27;0;287;0;333
190;27;0;287;0;333
191;27;0;287;0;333
48;28;0;596;0;333
86;28;0;287;0;333
87;28;0;287;0;333
88;28;0;287;0;333
89;28;0;287;0;333
90;28;0;287;0;333
91;28;0;287;0;333
92;28;0;287;0;333
93;28;0;287;0;333
94;28;0;287;0;333
95;28;0;287;0;333
96;28;0;287;0;333
97;28;0;287;0;333
98;28;0;287;0;333
99;28;0;287;0;333
100;28;0;287;0;333
112;28;0;3259;0;333
139;28;0;3252;0;333
144;28;0;596;0;333
145;28;0;287;0;333
146;28;0;287;0;333
147;28;0;287;0;333
191;28;0;287;0;333
48;29;0;596;0;333
60;29;0;287;0;333
61;29;0;622;0;333
62;29;0;622;0;333
63;29;0;630;0;333
64;29;0;287;0;333
64;29;0;287;0;333
86;29;0;287;0;333
87;29;0;287;0;333
88;29;0;287;0;333
89;29;0;287;0;333
90;29;0;287;0;333
91;29;0;287;0;333
92;29;0;287;0;333
93;29;0;287;0;333
94;29;0;287;0;333
95;29;0;287;0;333
96;29;0;287;0;333
97;29;0;287;0;333
98;29;0;287;0;333
99;29;0;287;0;333
100;29;0;622;0;333
112;29;0;3259;0;333
139;29;0;3252;0;333
144;29;0;596;0;333
145;29;0;287;0;333
146;29;0;287;0;333
147;29;0;287;0;333
191;29;0;287;0;333
47;30;0;596;0;333
48;30;0;287;0;333
60;30;0;287;0;333
62;30;0;1245;0;333
63;30;0;623;0;333
64;30;0;287;0;333
64;30;0;287;0;333
86;30;0;287;0;333
87;30;0;287;0;333
88;30;0;287;0;333
89;30;0;287;0;333
90;30;0;287;0;333
91;30;0;287;0;333
92;30;0;287;0;333
93;30;0;287;0;333
94;30;0;287;0;333
95;30;0;287;0;333
96;30;0;287;0;333
97;30;0;287;0;333
98;30;0;287;0;333
99;30;0;287;0;333
110;30;0;3255;0;333
111;30;0;3253;0;333
119;30;0;432;0;333
119;30;0;3221;0;333
120;30;0;3246;0;333
121;30;0;3246;0;333
122;30;0;3246;0;333
123;30;0;432;0;333
123;30;0;3220;0;333
138;30;0;433;0;333
139;30;0;3252;0;333
139;30;0;3257;0;333
140;30;0;1276;0;333
144;30;0;596;0;333
145;30;0;287;0;333
146;30;0;287;0;333
147;30;0;287;0;333
191;30;0;287;0;333
46;31;0;232;0;333
46;31;0;233;0;333
47;31;0;596;0;333
58;31;0;287;0;333
58;31;0;287;0;333
59;31;0;287;0;333
60;31;0;622;0;333
61;31;0;628;0;333
62;31;0;1254;0;333
63;31;0;623;0;333
64;31;0;287;0;333
64;31;0;287;0;333
86;31;0;287;0;333
87;31;0;287;0;333
88;31;0;287;0;333
89;31;0;287;0;333
90;31;0;287;0;333
91;31;0;287;0;333
92;31;0;287;0;333
93;31;0;287;0;333
94;31;0;287;0;333
95;31;0;287;0;333
96;31;0;287;0;333
97;31;0;287;0;333
98;31;0;287;0;333
99;31;0;287;0;333
110;31;0;3259;0;333
119;31;0;3245;0;333
123;31;0;3247;0;333
138;31;0;433;0;333
138;31;0;3252;0;333
139;31;0;232;0;333
139;31;0;233;0;333
140;31;0;233;0;333
141;31;0;232;0;333
142;31;0;596;0;333
143;31;0;287;0;333
144;31;0;287;0;333
145;31;0;287;0;333
146;31;0;287;0;333
147;31;0;287;0;333
191;31;0;287;0;333
191;31;0;287;0;333
192;31;0;287;0;333
193;31;0;287;0;333
194;31;0;287;0;333
195;31;0;287;0;333
47;32;0;596;0;333
47;32;0;233;0;333
48;32;0;287;0;333
58;32;0;287;0;333
59;32;0;622;0;333
60;32;0;628;0;333
63;32;0;623;0;333
64;32;0;287;0;333
64;32;0;287;0;333
86;32;0;287;0;333
87;32;0;287;0;333
88;32;0;287;0;333
89;32;0;287;0;333
90;32;0;287;0;333
91;32;0;287;0;333
92;32;0;287;0;333
93;32;0;287;0;333
94;32;0;287;0;333
95;32;0;287;0;333
96;32;0;287;0;333
97;32;0;287;0;333
98;32;0;287;0;333
99;32;0;287;0;333
110;32;0;3259;0;333
119;32;0;3245;0;333
123;32;0;3247;0;333
138;32;0;3252;0;333
139;32;0;1276;0;333
140;32;0;1276;0;333
142;32;0;596;0;333
143;32;0;287;0;333
144;32;0;287;0;333
145;32;0;287;0;333
146;32;0;287;0;333
147;32;0;287;0;333
194;32;0;630;0;333
195;32;0;287;0;333
200;32;0;287;0;333
205;32;0;627;0;333
206;32;0;626;0;333
48;33;0;597;0;333
49;33;0;287;0;333
53;33;0;287;0;333
54;33;0;287;0;333
55;33;0;287;0;333
56;33;0;287;0;333
57;33;0;287;0;333
58;33;0;622;0;333
59;33;0;628;0;333
60;33;0;423;0;333
61;33;0;2937;0;333
62;33;0;408;0;333
63;33;0;623;0;333
64;33;0;287;0;333
64;33;0;287;0;333
86;33;0;287;0;333
87;33;0;287;0;333
88;33;0;287;0;333
89;33;0;287;0;333
90;33;0;287;0;333
91;33;0;287;0;333
92;33;0;287;0;333
93;33;0;287;0;333
94;33;0;287;0;333
95;33;0;287;0;333
96;33;0;287;0;333
97;33;0;287;0;333
98;33;0;622;0;333
99;33;0;622;0;333
110;33;0;3259;0;333
119;33;0;3245;0;333
123;33;0;3247;0;333
138;33;0;433;0;333
138;33;0;3252;0;333
139;33;0;596;0;333
140;33;0;287;0;333
141;33;0;287;0;333
142;33;0;287;0;333
143;33;0;287;0;333
144;33;0;287;0;333
145;33;0;287;0;333
146;33;0;287;0;333
147;33;0;287;0;333
194;33;0;623;0;333
195;33;0;287;0;333
197;33;0;287;0;333
198;33;0;287;0;333
199;33;0;287;0;333
199;33;0;287;0;333
200;33;0;287;0;333
202;33;0;629;0;333
203;33;0;628;0;333
205;33;0;629;0;333
206;33;0;628;0;333
48;34;0;232;0;333
49;34;0;597;0;333
49;34;0;596;0;333
53;34;0;287;0;333
54;34;0;622;0;333
55;34;0;622;0;333
56;34;0;622;0;333
57;34;0;622;0;333
58;34;0;1245;0;333
59;34;0;423;0;333
63;34;0;623;0;333
64;34;0;287;0;333
64;34;0;287;0;333
86;34;0;287;0;333
87;34;0;287;0;333
88;34;0;287;0;333
89;34;0;287;0;333
90;34;0;287;0;333
91;34;0;287;0;333
92;34;0;287;0;333
93;34;0;287;0;333
94;34;0;287;0;333
95;34;0;287;0;333
96;34;0;287;0;333
97;34;0;287;0;333
98;34;0;622;0;333
110;34;0;3259;0;333
119;34;0;3245;0;333
119;34;0;3243;0;333
120;34;0;3244;0;333
121;34;0;3244;0;333
122;34;0;3244;0;333
123;34;0;720;0;333
123;34;0;703;0;333
123;34;0;3247;0;333
123;34;0;3243;0;333
123;34;0;3242;0;333
138;34;0;433;0;333
138;34;0;3252;0;333
139;34;0;596;0;333
140;34;0;287;0;333
141;34;0;287;0;333
142;34;0;287;0;333
143;34;0;287;0;333
144;34;0;287;0;333
145;34;0;287;0;333
146;34;0;287;0;333
147;34;0;287;0;333
194;34;0;623;0;333
195;34;0;287;0;333
197;34;0;287;0;333
198;34;0;622;0;333
199;34;0;622;0;333
200;34;0;622;0;333
201;34;0;628;0;333
49;35;0;596;0;333
49;35;0;1251;0;333
50;35;0;287;0;333
51;35;0;287;0;333
51;35;0;287;0;333
51;35;0;287;0;333
53;35;0;287;0;333
56;35;0;418;0;333
56;35;0;525;0;333
60;35;0;3096;0;333
63;35;0;623;0;333
64;35;0;287;0;333
64;35;0;287;0;333
85;35;0;287;0;333
86;35;0;287;0;333
87;35;0;287;0;333
88;35;0;287;0;333
89;35;0;287;0;333
90;35;0;287;0;333
91;35;0;287;0;333
92;35;0;622;0;333
93;35;0;622;0;333
94;35;0;597;0;333
95;35;0;622;0;333
96;35;0;622;0;333
97;35;0;628;0;333
110;35;0;3258;0;333
111;35;0;3256;0;333
112;35;0;3256;0;333
113;35;0;3256;0;333
114;35;0;3256;0;333
115;35;0;3256;0;333
116;35;0;3256;0;333
117;35;0;3256;0;333
118;35;0;3256;0;333
119;35;0;3223;0;333
119;35;0;3222;0;333
119;35;0;3223;0;333
120;35;0;260;0;333
120;35;0;263;0;333
121;35;0;272;0;333
122;35;0;260;0;333
122;35;0;263;0;333
123;35;0;3223;0;333
123;35;0;3222;0;333
123;35;0;3223;0;333
124;35;0;3256;0;333
125;35;0;3256;0;333
126;35;0;3256;0;333
127;35;0;3256;0;333
128;35;0;3256;0;333
129;35;0;3256;0;333
130;35;0;3256;0;333
131;35;0;3256;0;333
132;35;0;3256;0;333
133;35;0;3256;0;333
134;35;0;3256;0;333
135;35;0;3256;0;333
136;35;0;3256;0;333
137;35;0;3256;0;333
138;35;0;433;0;333
138;35;0;3257;0;333
138;35;0;3256;0;333
139;35;0;596;0;333
139;35;0;233;0;333
140;35;0;287;0;333
141;35;0;287;0;333
142;35;0;287;0;333
143;35;0;287;0;333
144;35;0;287;0;333
145;35;0;287;0;333
146;35;0;287;0;333
147;35;0;287;0;333
194;35;0;623;0;333
195;35;0;287;0;333
196;35;0;287;0;333
197;35;0;287;0;333
48;36;0;1254;0;333
50;36;0;623;0;333
51;36;0;287;0;333
52;36;0;287;0;333
53;36;0;287;0;333
59;36;0;519;0;333
60;36;0;600;0;333
61;36;0;600;0;333
62;36;0;600;0;333
63;36;0;623;0;333
63;36;0;600;0;333
64;36;0;287;0;333
84;36;0;287;0;333
85;36;0;287;0;333
86;36;0;622;0;333
87;36;0;622;0;333
88;36;0;622;0;333
88;36;0;624;0;333
89;36;0;622;0;333
90;36;0;622;0;333
91;36;0;622;0;333
129;36;0;501;0;333
129;36;0;501;0;333
129;36;0;504;0;333
130;36;0;501;0;333
130;36;0;504;0;333
131;36;0;501;0;333
131;36;0;504;0;333
132;36;0;501;0;333
132;36;0;504;0;333
133;36;0;501;0;333
133;36;0;504;0;333
134;36;0;500;0;333
135;36;0;500;0;333
136;36;0;500;0;333
137;36;0;500;0;333
138;36;0;433;0;333
138;36;0;502;0;333
138;36;0;500;0;333
139;36;0;596;0;333
139;36;0;1254;0;333
140;36;0;287;0;333
141;36;0;287;0;333
142;36;0;287;0;333
143;36;0;287;0;333
144;36;0;287;0;333
145;36;0;287;0;333
146;36;0;287;0;333
147;36;0;287;0;333
190;36;0;627;0;333
191;36;0;626;0;333
192;36;0;629;0;333
193;36;0;629;0;333
194;36;0;629;0;333
195;36;0;622;0;333
196;36;0;622;0;333
197;36;0;622;0;333
198;36;0;628;0;333
48;37;0;233;0;333
49;37;0;1251;0;333
50;37;0;623;0;333
51;37;0;287;0;333
52;37;0;622;0;333
53;37;0;622;0;333
54;37;0;628;0;333
55;37;0;3100;0;333
56;37;0;2937;0;333
60;37;0;3095;0;333
61;37;0;411;0;333
62;37;0;425;0;333
62;37;0;1245;0;333
63;37;0;629;0;333
63;37;0;600;0;333
64;37;0;622;0;333
64;37;0;600;0;333
65;37;0;622;0;333
65;37;0;287;0;333
66;37;0;287;0;333
66;37;0;287;0;333
83;37;0;287;0;333
84;37;0;287;0;333
84;37;0;287;0;333
85;37;0;622;0;333
86;37;0;628;0;333
129;37;0;501;0;333
130;37;0;501;0;333
131;37;0;501;0;333
132;37;0;501;0;333
133;37;0;501;0;333
134;37;0;500;0;333
135;37;0;500;0;333
136;37;0;500;0;333
137;37;0;500;0;333
138;37;0;433;0;333
138;37;0;502;0;333
138;37;0;500;0;333
139;37;0;233;0;333
140;37;0;596;0;333
140;37;0;597;0;333
140;37;0;596;0;333
141;37;0;287;0;333
142;37;0;287;0;333
143;37;0;287;0;333
144;37;0;287;0;333
145;37;0;287;0;333
146;37;0;287;0;333
147;37;0;287;0;333
148;37;0;287;0;333
149;37;0;287;0;333
190;37;0;629;0;333
191;37;0;628;0;333
47;38;0;1245;0;333
48;38;0;233;0;333
50;38;0;623;0;333
51;38;0;287;0;333
63;38;0;2832;0;333
64;38;0;629;0;333
64;38;0;600;0;333
65;38;0;287;0;333
66;38;0;287;0;333
67;38;0;287;0;333
68;38;0;287;0;333
69;38;0;287;0;333
70;38;0;287;0;333
71;38;0;287;0;333
72;38;0;287;0;333
73;38;0;287;0;333
74;38;0;287;0;333
75;38;0;287;0;333
76;38;0;287;0;333
77;38;0;287;0;333
77;38;0;287;0;333
78;38;0;287;0;333
78;38;0;287;0;333
79;38;0;287;0;333
80;38;0;287;0;333
81;38;0;287;0;333
82;38;0;287;0;333
83;38;0;287;0;333
84;38;0;622;0;333
129;38;0;501;0;333
130;38;0;501;0;333
131;38;0;501;0;333
132;38;0;501;0;333
133;38;0;501;0;333
134;38;0;500;0;333
135;38;0;500;0;333
136;38;0;500;0;333
137;38;0;500;0;333
138;38;0;433;0;333
138;38;0;502;0;333
138;38;0;500;0;333
139;38;0;1254;0;333
140;38;0;232;0;333
140;38;0;233;0;333
141;38;0;596;0;333
141;38;0;597;0;333
141;38;0;596;0;333
142;38;0;287;0;333
143;38;0;287;0;333
144;38;0;287;0;333
145;38;0;287;0;333
146;38;0;287;0;333
147;38;0;287;0;333
148;38;0;287;0;333
149;38;0;287;0;333
189;38;0;629;0;333
190;38;0;628;0;333
49;39;0;233;0;333
50;39;0;623;0;333
51;39;0;287;0;333
60;39;0;2937;0;333
63;39;0;427;0;333
63;39;0;3099;0;333
64;39;0;629;0;333
64;39;0;600;0;333
65;39;0;622;0;333
66;39;0;622;0;333
67;39;0;622;0;333
68;39;0;630;0;333
69;39;0;287;0;333
71;39;0;622;0;333
72;39;0;622;0;333
73;39;0;622;0;333
74;39;0;622;0;333
75;39;0;622;0;333
76;39;0;622;0;333
77;39;0;622;0;333
78;39;0;622;0;333
78;39;0;624;0;333
79;39;0;622;0;333
80;39;0;622;0;333
81;39;0;622;0;333
82;39;0;622;0;333
83;39;0;622;0;333
84;39;0;915;0;333
84;39;0;628;0;333
101;39;0;504;0;333
101;39;0;501;0;333
102;39;0;432;0;333
103;39;0;432;0;333
104;39;0;432;0;333
105;39;0;432;0;333
106;39;0;432;0;333
107;39;0;432;0;333
108;39;0;433;0;333
108;39;0;432;0;333
129;39;0;501;0;333
130;39;0;501;0;333
131;39;0;501;0;333
132;39;0;501;0;333
133;39;0;501;0;333
134;39;0;500;0;333
135;39;0;500;0;333
136;39;0;500;0;333
137;39;0;500;0;333
138;39;0;500;0;333
139;39;0;432;0;333
139;39;0;500;0;333
140;39;0;433;0;333
140;39;0;432;0;333
140;39;0;502;0;333
140;39;0;500;0;333
141;39;0;596;0;333
142;39;0;287;0;333
143;39;0;287;0;333
144;39;0;287;0;333
145;39;0;287;0;333
146;39;0;287;0;333
147;39;0;287;0;333
148;39;0;287;0;333
149;39;0;287;0;333
188;39;0;629;0;333
189;39;0;628;0;333
48;40;0;623;0;333
49;40;0;287;0;333
50;40;0;287;0;333
51;40;0;287;0;333
57;40;0;600;0;333
63;40;0;424;0;333
63;40;0;519;0;333
64;40;0;600;0;333
67;40;0;3100;0;333
68;40;0;623;0;333
69;40;0;287;0;333
88;40;0;3127;0;333
88;40;0;3124;0;333
89;40;0;432;0;333
90;40;0;432;0;333
91;40;0;432;0;333
92;40;0;432;0;333
93;40;0;432;0;333
94;40;0;432;0;333
95;40;0;432;0;333
96;40;0;432;0;333
96;40;0;433;0;333
101;40;0;501;0;333
108;40;0;433;0;333
129;40;0;501;0;333
130;40;0;501;0;333
131;40;0;501;0;333
132;40;0;501;0;333
133;40;0;501;0;333
134;40;0;500;0;333
135;40;0;500;0;333
136;40;0;500;0;333
137;40;0;500;0;333
138;40;0;500;0;333
139;40;0;500;0;333
140;40;0;433;0;333
140;40;0;502;0;333
140;40;0;500;0;333
141;40;0;596;0;333
141;40;0;625;0;333
142;40;0;287;0;333
143;40;0;287;0;333
144;40;0;287;0;333
145;40;0;287;0;333
146;40;0;287;0;333
147;40;0;287;0;333
148;40;0;287;0;333
149;40;0;287;0;333
188;40;0;629;0;333
189;40;0;628;0;333
47;41;0;623;0;333
48;41;0;623;0;333
48;41;0;287;0;333
49;41;0;287;0;333
50;41;0;622;0;333
51;41;0;622;0;333
52;41;0;628;0;333
53;41;0;1254;0;333
55;41;0;3096;0;333
57;41;0;600;0;333
62;41;0;3093;0;333
63;41;0;424;0;333
63;41;0;600;0;333
64;41;0;600;0;333
67;41;0;427;0;333
67;41;0;1254;0;333
68;41;0;623;0;333
69;41;0;287;0;333
88;41;0;3124;0;333
96;41;0;433;0;333
101;41;0;501;0;333
108;41;0;433;0;333
129;41;0;501;0;333
130;41;0;501;0;333
131;41;0;501;0;333
132;41;0;501;0;333
133;41;0;503;0;333
134;41;0;500;0;333
135;41;0;500;0;333
136;41;0;500;0;333
137;41;0;500;0;333
138;41;0;500;0;333
139;41;0;500;0;333
140;41;0;433;0;333
140;41;0;502;0;333
140;41;0;500;0;333
141;41;0;596;0;333
142;41;0;287;0;333
143;41;0;287;0;333
144;41;0;287;0;333
145;41;0;287;0;333
146;41;0;287;0;333
147;41;0;287;0;333
148;41;0;287;0;333
149;41;0;287;0;333
189;41;0;627;0;333
190;41;0;626;0;333
47;42;0;623;0;333
48;42;0;287;0;333
49;42;0;622;0;333
50;42;0;417;0;333
51;42;0;423;0;333
52;42;0;2937;0;333
54;42;0;3093;0;333
55;42;0;600;0;333
56;42;0;600;0;333
57;42;0;600;0;333
61;42;0;2937;0;333
63;42;0;408;0;333
64;42;0;600;0;333
65;42;0;3094;0;333
67;42;0;415;0;333
68;42;0;623;0;333
69;42;0;287;0;333
88;42;0;3124;0;333
96;42;0;433;0;333
101;42;0;501;0;333
108;42;0;433;0;333
129;42;0;501;0;333
130;42;0;501;0;333
131;42;0;501;0;333
132;42;0;503;0;333
133;42;0;500;0;333
134;42;0;500;0;333
135;42;0;500;0;333
136;42;0;500;0;333
137;42;0;500;0;333
138;42;0;500;0;333
139;42;0;500;0;333
140;42;0;433;0;333
140;42;0;502;0;333
140;42;0;500;0;333
141;42;0;596;0;333
142;42;0;287;0;333
143;42;0;287;0;333
144;42;0;287;0;333
145;42;0;287;0;333
146;42;0;287;0;333
147;42;0;287;0;333
148;42;0;287;0;333
149;42;0;287;0;333
189;42;0;629;0;333
190;42;0;628;0;333
193;42;0;627;0;333
194;42;0;626;0;333
47;43;0;629;0;333
48;43;0;622;0;333
49;43;0;915;0;333
55;43;0;1245;0;333
56;43;0;520;0;333
57;43;0;600;0;333
68;43;0;623;0;333
69;43;0;287;0;333
88;43;0;3124;0;333
96;43;0;433;0;333
101;43;0;501;0;333
108;43;0;433;0;333
129;43;0;501;0;333
130;43;0;501;0;333
131;43;0;503;0;333
132;43;0;500;0;333
133;43;0;500;0;333
134;43;0;500;0;333
135;43;0;500;0;333
136;43;0;500;0;333
137;43;0;500;0;333
138;43;0;500;0;333
139;43;0;500;0;333
140;43;0;433;0;333
140;43;0;502;0;333
140;43;0;500;0;333
142;43;0;597;0;333
143;43;0;597;0;333
144;43;0;597;0;333
145;43;0;597;0;333
145;43;0;1254;0;333
146;43;0;287;0;333
147;43;0;287;0;333
148;43;0;287;0;333
149;43;0;287;0;333
190;43;0;629;0;333
191;43;0;628;0;333
192;43;0;629;0;333
193;43;0;629;0;333
194;43;0;628;0;333
48;44;0;2832;0;333
57;44;0;600;0;333
67;44;0;623;0;333
68;44;0;287;0;333
69;44;0;287;0;333
88;44;0;3124;0;333
96;44;0;433;0;333
101;44;0;501;0;333
108;44;0;433;0;333
129;44;0;501;0;333
130;44;0;503;0;333
131;44;0;500;0;333
132;44;0;500;0;333
133;44;0;500;0;333
134;44;0;500;0;333
135;44;0;500;0;333
136;44;0;500;0;333
137;44;0;500;0;333
138;44;0;500;0;333
139;44;0;500;0;333
140;44;0;433;0;333
140;44;0;502;0;333
140;44;0;500;0;333
145;44;0;596;0;333
146;44;0;287;0;333
147;44;0;287;0;333
148;44;0;287;0;333
149;44;0;287;0;333
194;44;0;629;0;333
48;45;0;915;0;333
56;45;0;415;0;333
57;45;0;600;0;333
66;45;0;623;0;333
67;45;0;287;0;333
68;45;0;287;0;333
88;45;0;3124;0;333
96;45;0;433;0;333
101;45;0;501;0;333
108;45;0;433;0;333
108;45;0;433;0;333
129;45;0;503;0;333
130;45;0;500;0;333
131;45;0;500;0;333
132;45;0;500;0;333
133;45;0;500;0;333
134;45;0;500;0;333
135;45;0;500;0;333
136;45;0;500;0;333
137;45;0;500;0;333
138;45;0;500;0;333
139;45;0;500;0;333
140;45;0;500;0;333
140;45;0;502;0;333
141;45;0;501;0;333
141;45;0;504;0;333
141;45;0;502;0;333
145;45;0;914;0;333
146;45;0;597;0;333
147;45;0;597;0;333
147;45;0;1245;0;333
148;45;0;596;0;333
149;45;0;287;0;333
194;45;0;627;0;333
47;46;0;623;0;333
48;46;0;287;0;333
57;46;0;600;0;333
59;46;0;623;0;333
60;46;0;287;0;333
61;46;0;287;0;333
62;46;0;287;0;333
63;46;0;287;0;333
64;46;0;287;0;333
65;46;0;287;0;333
66;46;0;287;0;333
67;46;0;287;0;333
68;46;0;622;0;333
88;46;0;3124;0;333
96;46;0;433;0;333
101;46;0;503;0;333
102;46;0;500;0;333
102;46;0;500;0;333
103;46;0;500;0;333
104;46;0;500;0;333
105;46;0;500;0;333
106;46;0;500;0;333
107;46;0;500;0;333
108;46;0;502;0;333
108;46;0;500;0;333
141;46;0;501;0;333
141;46;0;501;0;333
148;46;0;596;0;333
149;46;0;287;0;333
194;46;0;623;0;333
195;46;0;287;0;333
47;47;0;623;0;333
48;47;0;287;0;333
49;47;0;623;0;333
50;47;0;287;0;333
51;47;0;287;0;333
52;47;0;287;0;333
53;47;0;287;0;333
54;47;0;287;0;333
55;47;0;287;0;333
56;47;0;287;0;333
57;47;0;287;0;333
57;47;0;600;0;333
58;47;0;287;0;333
59;47;0;287;0;333
60;47;0;287;0;333
61;47;0;622;0;333
62;47;0;622;0;333
63;47;0;622;0;333
63;47;0;624;0;333
64;47;0;622;0;333
65;47;0;622;0;333
66;47;0;622;0;333
67;47;0;622;0;333
88;47;0;3124;0;333
96;47;0;433;0;333
141;47;0;501;0;333
148;47;0;596;0;333
148;47;0;1246;0;333
149;47;0;287;0;333
194;47;0;623;0;333
195;47;0;287;0;333
45;48;0;629;0;333
46;48;0;629;0;333
47;48;0;623;0;333
48;48;0;287;0;333
49;48;0;287;0;333
50;48;0;287;0;333
51;48;0;622;0;333
52;48;0;622;0;333
53;48;0;622;0;333
54;48;0;622;0;333
55;48;0;622;0;333
56;48;0;622;0;333
57;48;0;622;0;333
58;48;0;622;0;333
59;48;0;622;0;333
60;48;0;622;0;333
88;48;0;3126;0;333
89;48;0;3123;0;333
90;48;0;3123;0;333
91;48;0;3123;0;333
92;48;0;3123;0;333
93;48;0;3123;0;333
94;48;0;3123;0;333
95;48;0;3123;0;333
96;48;0;3125;0;333
96;48;0;3123;0;333
141;48;0;501;0;333
147;48;0;232;0;333
148;48;0;596;0;333
148;48;0;233;0;333
149;48;0;287;0;333
194;48;0;623;0;333
195;48;0;287;0;333
46;49;0;629;0;333
47;49;0;629;0;333
48;49;0;622;0;333
49;49;0;622;0;333
50;49;0;622;0;333
51;49;0;629;0;333
60;49;0;629;0;333
141;49;0;501;0;333
147;49;0;915;0;333
148;49;0;596;0;333
148;49;0;1245;0;333
191;49;0;287;0;333
191;49;0;287;0;333
192;49;0;287;0;333
193;49;0;287;0;333
194;49;0;287;0;333
195;49;0;287;0;333
40;50;0;629;0;333
41;50;0;629;0;333
42;50;0;629;0;333
43;50;0;629;0;333
44;50;0;629;0;333
45;50;0;629;0;333
46;50;0;629;0;333
141;50;0;501;0;333
148;50;0;596;0;333
148;50;0;1276;0;333
191;50;0;287;0;333
191;50;0;287;0;333
192;50;0;622;0;333
193;50;0;622;0;333
194;50;0;622;0;333
195;50;0;622;0;333
40;51;0;629;0;333
41;51;0;629;0;333
42;51;0;629;0;333
141;51;0;501;0;333
147;51;0;1251;0;333
148;51;0;596;0;333
191;51;0;287;0;333
141;52;0;501;0;333
148;52;0;596;0;333
148;52;0;232;0;333
148;52;0;233;0;333
191;52;0;287;0;333
141;53;0;501;0;333
147;53;0;1276;0;333
148;53;0;596;0;333
148;53;0;1278;0;333
191;53;0;287;0;333
141;54;0;501;0;333
147;54;0;1251;0;333
148;54;0;596;0;333
148;54;0;1251;0;333
191;54;0;287;0;333
141;55;0;501;0;333
147;55;0;233;0;333
148;55;0;596;0;333
148;55;0;915;0;333
191;55;0;287;0;333
191;55;0;287;0;333
192;55;0;287;0;333
193;55;0;287;0;333
141;56;0;501;0;333
147;56;0;914;0;333
148;56;0;596;0;333
193;56;0;287;0;333
141;57;0;501;0;333
146;57;0;1276;0;333
148;57;0;596;0;333
193;57;0;287;0;333
141;58;0;501;0;333
147;58;0;596;0;333
148;58;0;287;0;333
193;58;0;287;0;333
193;58;0;287;0;333
75;59;0;3132;0;333
75;59;0;3129;0;333
76;59;0;432;0;333
76;59;0;301;0;333
77;59;0;432;0;333
77;59;0;301;0;333
78;59;0;432;0;333
78;59;0;301;0;333
79;59;0;432;0;333
79;59;0;301;0;333
80;59;0;3221;0;333
81;59;0;3246;0;333
82;59;0;3246;0;333
83;59;0;3246;0;333
84;59;0;3246;0;333
84;59;0;3245;0;333
85;59;0;3246;0;333
86;59;0;3246;0;333
86;59;0;3245;0;333
87;59;0;3246;0;333
88;59;0;3246;0;333
89;59;0;3246;0;333
90;59;0;3220;0;333
90;59;0;396;0;333
90;59;0;1265;0;333
141;59;0;503;0;333
141;59;0;502;0;333
147;59;0;596;0;333
147;59;0;596;0;333
148;59;0;287;0;333
192;59;0;287;0;333
193;59;0;287;0;333
193;59;0;287;0;333
75;60;0;3129;0;333
76;60;0;301;0;333
80;60;0;3245;0;333
81;60;0;267;0;333
82;60;0;747;0;333
84;60;0;3245;0;333
86;60;0;3245;0;333
88;60;0;747;0;333
90;60;0;3247;0;333
130;60;0;501;0;333
130;60;0;504;0;333
131;60;0;432;0;333
132;60;0;432;0;333
133;60;0;432;0;333
134;60;0;432;0;333
135;60;0;432;0;333
136;60;0;432;0;333
137;60;0;432;0;333
138;60;0;432;0;333
138;60;0;432;0;333
139;60;0;432;0;333
143;60;0;1276;0;333
145;60;0;233;0;333
147;60;0;287;0;333
148;60;0;287;0;333
192;60;0;287;0;333
193;60;0;622;0;333
75;61;0;3129;0;333
76;61;0;301;0;333
78;61;0;218;0;333
79;61;0;396;0;333
79;61;0;42;0;333
80;61;0;3245;0;333
84;61;0;3245;0;333
86;61;0;3245;0;333
90;61;0;3251;0;333
99;61;0;3122;0;333
99;61;0;3119;0;333
100;61;0;432;0;333
101;61;0;432;0;333
102;61;0;432;0;333
103;61;0;432;0;333
104;61;0;432;0;333
105;61;0;432;0;333
106;61;0;432;0;333
107;61;0;432;0;333
108;61;0;432;0;333
109;61;0;432;0;333
110;61;0;432;0;333
111;61;0;432;0;333
112;61;0;432;0;333
113;61;0;432;0;333
114;61;0;432;0;333
115;61;0;432;0;333
116;61;0;432;0;333
116;61;0;433;0;333
130;61;0;501;0;333
140;61;0;433;0;333
142;61;0;1276;0;333
144;61;0;596;0;333
144;61;0;233;0;333
145;61;0;287;0;333
146;61;0;287;0;333
147;61;0;287;0;333
148;61;0;287;0;333
192;61;0;287;0;333
75;62;0;3129;0;333
76;62;0;301;0;333
77;62;0;217;0;333
78;62;0;2885;0;333
79;62;0;219;0;333
80;62;0;3245;0;333
84;62;0;3225;0;333
86;62;0;3225;0;333
88;62;0;218;0;333
90;62;0;3247;0;333
99;62;0;3119;0;333
116;62;0;433;0;333
130;62;0;501;0;333
140;62;0;433;0;333
141;62;0;914;0;333
142;62;0;232;0;333
144;62;0;596;0;333
144;62;0;596;0;333
145;62;0;287;0;333
192;62;0;287;0;333
75;63;0;3129;0;333
76;63;0;301;0;333
78;63;0;216;0;333
80;63;0;3245;0;333
83;63;0;396;0;333
83;63;0;42;0;333
84;63;0;3245;0;333
86;63;0;3245;0;333
87;63;0;217;0;333
88;63;0;2885;0;333
89;63;0;219;0;333
90;63;0;3247;0;333
90;63;0;267;0;333
99;63;0;3119;0;333
116;63;0;433;0;333
130;63;0;501;0;333
140;63;0;433;0;333
144;63;0;287;0;333
145;63;0;287;0;333
192;63;0;287;0;333
75;64;0;3129;0;333
76;64;0;301;0;333
80;64;0;3245;0;333
83;64;0;2874;0;333
84;64;0;3245;0;333
86;64;0;3245;0;333
88;64;0;216;0;333
90;64;0;3247;0;333
96;64;0;3269;0;333
99;64;0;3119;0;333
116;64;0;433;0;333
130;64;0;501;0;333
140;64;0;433;0;333
141;64;0;596;0;333
142;64;0;287;0;333
143;64;0;287;0;333
192;64;0;287;0;333
75;65;0;3129;0;333
76;65;0;301;0;333
79;65;0;464;0;333
80;65;0;702;0;333
80;65;0;700;0;333
80;65;0;3223;0;333
81;65;0;3244;0;333
82;65;0;3244;0;333
83;65;0;3244;0;333
84;65;0;3223;0;333
85;65;0;3224;0;333
86;65;0;3223;0;333
87;65;0;3244;0;333
88;65;0;3244;0;333
89;65;0;3244;0;333
90;65;0;3222;0;333
99;65;0;3119;0;333
116;65;0;433;0;333
130;65;0;501;0;333
140;65;0;433;0;333
141;65;0;596;0;333
192;65;0;287;0;333
75;66;0;3129;0;333
76;66;0;301;0;333
80;66;0;3245;0;333
83;66;0;2832;0;333
84;66;0;748;0;333
87;66;0;3278;0;333
89;66;0;2832;0;333
90;66;0;3247;0;333
90;66;0;396;0;333
90;66;0;1265;0;333
99;66;0;3119;0;333
116;66;0;433;0;333
130;66;0;501;0;333
140;66;0;433;0;333
141;66;0;596;0;333
141;66;0;914;0;333
189;66;0;287;0;333
190;66;0;287;0;333
191;66;0;287;0;333
192;66;0;287;0;333
75;67;0;3129;0;333
76;67;0;301;0;333
80;67;0;3245;0;333
90;67;0;3247;0;333
99;67;0;3121;0;333
100;67;0;3118;0;333
101;67;0;3118;0;333
102;67;0;3118;0;333
103;67;0;3118;0;333
104;67;0;3118;0;333
105;67;0;3118;0;333
106;67;0;3118;0;333
106;67;0;3118;0;333
107;67;0;3118;0;333
107;67;0;3119;0;333
107;67;0;3121;0;333
116;67;0;433;0;333
130;67;0;503;0;333
131;67;0;500;0;333
132;67;0;500;0;333
133;67;0;500;0;333
134;67;0;500;0;333
134;67;0;501;0;333
140;67;0;433;0;333
141;67;0;596;0;333
142;67;0;287;0;333
188;67;0;287;0;333
189;67;0;287;0;333
190;67;0;630;0;333
191;67;0;287;0;333
192;67;0;287;0;333
75;68;0;3129;0;333
76;68;0;301;0;333
78;68;0;218;0;333
79;68;0;396;0;333
79;68;0;42;0;333
80;68;0;3245;0;333
90;68;0;3247;0;333
107;68;0;3119;0;333
116;68;0;433;0;333
134;68;0;501;0;333
140;68;0;433;0;333
142;68;0;597;0;333
142;68;0;914;0;333
186;68;0;287;0;333
187;68;0;287;0;333
188;68;0;287;0;333
189;68;0;622;0;333
190;68;0;622;0;333
190;68;0;624;0;333
191;68;0;622;0;333
192;68;0;622;0;333
75;69;0;3129;0;333
76;69;0;301;0;333
77;69;0;217;0;333
78;69;0;2885;0;333
79;69;0;219;0;333
80;69;0;716;0;333
80;69;0;3223;0;333
81;69;0;3244;0;333
82;69;0;3224;0;333
83;69;0;3244;0;333
84;69;0;3242;0;333
87;69;0;217;0;333
88;69;0;2885;0;333
89;69;0;219;0;333
90;69;0;3247;0;333
90;69;0;265;0;333
107;69;0;3119;0;333
107;69;0;3119;0;333
116;69;0;433;0;333
134;69;0;501;0;333
141;69;0;432;0;333
141;69;0;433;0;333
142;69;0;596;0;333
142;69;0;1276;0;333
186;69;0;287;0;333
187;69;0;622;0;333
188;69;0;622;0;333
189;69;0;628;0;333
190;69;0;1251;0;333
191;69;0;274;0;333
192;69;0;1245;0;333
75;70;0;3129;0;333
76;70;0;301;0;333
78;70;0;216;0;333
84;70;0;3245;0;333
88;70;0;216;0;333
90;70;0;3247;0;333
107;70;0;3119;0;333
116;70;0;433;0;333
134;70;0;501;0;333
141;70;0;433;0;333
142;70;0;596;0;333
185;70;0;287;0;333
186;70;0;287;0;333
188;70;0;1812;0;333
75;71;0;3129;0;333
76;71;0;301;0;333
84;71;0;3245;0;333
90;71;0;3247;0;333
107;71;0;3119;0;333
116;71;0;433;0;333
134;71;0;501;0;333
141;71;0;433;0;333
142;71;0;596;0;333
184;71;0;287;0;333
185;71;0;287;0;333
185;71;0;287;0;333
186;71;0;622;0;333
187;71;0;914;0;333
190;71;0;1783;0;333
191;71;0;572;0;333
192;71;0;301;0;333
75;72;0;3129;0;333
76;72;0;301;0;333
77;72;0;301;0;333
78;72;0;301;0;333
79;72;0;301;0;333
80;72;0;301;0;333
81;72;0;301;0;333
82;72;0;301;0;333
83;72;0;301;0;333
84;72;0;3245;0;333
85;72;0;395;0;333
85;72;0;266;0;333
87;72;0;266;0;333
89;72;0;266;0;333
90;72;0;3247;0;333
107;72;0;3119;0;333
116;72;0;433;0;333
134;72;0;501;0;333
141;72;0;433;0;333
142;72;0;596;0;333
142;72;0;914;0;333
184;72;0;622;0;333
184;72;0;287;0;333
185;72;0;622;0;333
186;72;0;628;0;333
188;72;0;273;0;333
189;72;0;232;0;333
191;72;0;309;0;333
192;72;0;301;0;333
75;73;0;3131;0;333
76;73;0;3128;0;333
77;73;0;3128;0;333
78;73;0;3128;0;333
79;73;0;3128;0;333
80;73;0;3128;0;333
81;73;0;3128;0;333
82;73;0;3128;0;333
83;73;0;3130;0;333
83;73;0;3128;0;333
84;73;0;716;0;333
84;73;0;3223;0;333
85;73;0;3248;0;333
86;73;0;3244;0;333
87;73;0;3244;0;333
88;73;0;3248;0;333
89;73;0;3244;0;333
90;73;0;717;0;333
90;73;0;3222;0;333
107;73;0;3119;0;333
116;73;0;433;0;333
134;73;0;501;0;333
141;73;0;433;0;333
142;73;0;596;0;333
142;73;0;1276;0;333
184;73;0;287;0;333
84;74;0;260;0;333
86;74;0;260;0;333
89;74;0;260;0;333
90;74;0;3274;0;333
107;74;0;3121;0;333
108;74;0;3118;0;333
109;74;0;3118;0;333
110;74;0;3118;0;333
111;74;0;3118;0;333
112;74;0;3118;0;333
113;74;0;3118;0;333
114;74;0;3118;0;333
115;74;0;3118;0;333
116;74;0;3120;0;333
116;74;0;3118;0;333
134;74;0;501;0;333
140;74;0;433;0;333
141;74;0;432;0;333
142;74;0;596;0;333
184;74;0;287;0;333
131;75;0;3279;0;333
134;75;0;501;0;333
140;75;0;433;0;333
141;75;0;627;0;333
142;75;0;596;0;333
184;75;0;287;0;333
35;76;0;621;0;333
36;76;0;619;0;333
37;76;0;619;0;333
38;76;0;619;0;333
39;76;0;619;0;333
40;76;0;619;0;333
41;76;0;618;0;333
134;76;0;501;0;333
140;76;0;433;0;333
141;76;0;623;0;333
142;76;0;287;0;333
182;76;0;287;0;333
183;76;0;287;0;333
184;76;0;287;0;333
35;77;0;621;0;333
36;77;0;619;0;333
37;77;0;619;0;333
38;77;0;619;0;333
39;77;0;619;0;333
40;77;0;619;0;333
41;77;0;618;0;333
107;77;0;3270;0;333
112;77;0;3270;0;333
134;77;0;501;0;333
140;77;0;433;0;333
141;77;0;623;0;333
142;77;0;287;0;333
182;77;0;287;0;333
183;77;0;622;0;333
184;77;0;622;0;333
185;77;0;628;0;333
134;78;0;501;0;333
138;78;0;433;0;333
139;78;0;627;0;333
141;78;0;623;0;333
142;78;0;287;0;333
154;78;0;597;0;333
154;78;0;597;0;333
154;78;0;287;0;333
155;78;0;597;0;333
156;78;0;597;0;333
157;78;0;597;0;333
157;78;0;233;0;333
157;78;0;232;0;333
158;78;0;597;0;333
158;78;0;233;0;333
158;78;0;232;0;333
159;78;0;597;0;333
159;78;0;233;0;333
159;78;0;232;0;333
159;78;0;233;0;333
160;78;0;597;0;333
160;78;0;914;0;333
161;78;0;597;0;333
161;78;0;232;0;333
161;78;0;233;0;333
162;78;0;597;0;333
162;78;0;1251;0;333
163;78;0;597;0;333
164;78;0;597;0;333
165;78;0;597;0;333
165;78;0;914;0;333
166;78;0;597;0;333
167;78;0;597;0;333
168;78;0;597;0;333
168;78;0;1246;0;333
169;78;0;596;0;333
169;78;0;1246;0;333
182;78;0;287;0;333
134;79;0;501;0;333
138;79;0;433;0;333
139;79;0;623;0;333
140;79;0;287;0;333
141;79;0;287;0;333
142;79;0;287;0;333
154;79;0;597;0;333
154;79;0;287;0;333
158;79;0;914;0;333
160;79;0;1276;0;333
161;79;0;232;0;333
163;79;0;1276;0;333
165;79;0;1273;0;333
169;79;0;596;0;333
182;79;0;287;0;333
134;80;0;501;0;333
137;80;0;433;0;333
138;80;0;627;0;333
139;80;0;623;0;333
140;80;0;287;0;333
154;80;0;597;0;333
154;80;0;597;0;333
154;80;0;287;0;333
166;80;0;627;0;333
167;80;0;626;0;333
169;80;0;596;0;333
169;80;0;914;0;333
182;80;0;287;0;333
134;81;0;501;0;333
136;81;0;433;0;333
137;81;0;627;0;333
139;81;0;287;0;333
140;81;0;287;0;333
154;81;0;597;0;333
154;81;0;287;0;333
159;81;0;1273;0;333
160;81;0;627;0;333
161;81;0;628;0;333
161;81;0;628;0;333
166;81;0;1251;0;333
167;81;0;628;0;333
169;81;0;596;0;333
169;81;0;1251;0;333
179;81;0;287;0;333
180;81;0;597;0;333
181;81;0;597;0;333
182;81;0;597;0;333
130;82;0;3281;0;333
134;82;0;501;0;333
136;82;0;433;0;333
137;82;0;623;0;333
138;82;0;287;0;333
139;82;0;287;0;333
154;82;0;287;0;333
155;82;0;287;0;333
156;82;0;287;0;333
169;82;0;596;0;333
170;82;0;287;0;333
179;82;0;287;0;333
134;83;0;503;0;333
135;83;0;500;0;333
135;83;0;500;0;333
136;83;0;500;0;333
136;83;0;502;0;333
137;83;0;623;0;333
138;83;0;287;0;333
155;83;0;287;0;333
156;83;0;287;0;333
169;83;0;915;0;333
170;83;0;596;0;333
171;83;0;287;0;333
179;83;0;287;0;333
136;84;0;500;0;333
137;84;0;623;0;333
138;84;0;287;0;333
156;84;0;287;0;333
170;84;0;1246;0;333
171;84;0;597;0;333
172;84;0;596;0;333
172;84;0;915;0;333
179;84;0;287;0;333
85;85;0;504;0;333
85;85;0;501;0;333
85;85;0;301;0;333
86;85;0;432;0;333
86;85;0;301;0;333
87;85;0;1101;0;333
87;85;0;1103;0;333
87;85;0;1101;0;333
88;85;0;1103;0;333
89;85;0;1107;0;333
89;85;0;276;0;333
90;85;0;1103;0;333
91;85;0;1103;0;333
91;85;0;2873;0;333
92;85;0;1103;0;333
93;85;0;1107;0;333
93;85;0;276;0;333
94;85;0;1103;0;333
95;85;0;1102;0;333
95;85;0;1103;0;333
95;85;0;1102;0;333
95;85;0;1116;0;333
95;85;0;396;0;333
95;85;0;1265;0;333
135;85;0;623;0;333
136;85;0;287;0;333
137;85;0;287;0;333
138;85;0;287;0;333
156;85;0;287;0;333
172;85;0;596;0;333
172;85;0;1251;0;333
179;85;0;287;0;333
85;86;0;501;0;333
85;86;0;301;0;333
86;86;0;404;0;333
86;86;0;42;0;333
87;86;0;1101;0;333
88;86;0;2832;0;333
95;86;0;1106;0;333
95;86;0;36;0;333
95;86;0;1061;0;333
115;86;0;433;0;333
116;86;0;432;0;333
117;86;0;432;0;333
118;86;0;432;0;333
119;86;0;432;0;333
120;86;0;432;0;333
121;86;0;432;0;333
122;86;0;432;0;333
123;86;0;432;0;333
124;86;0;432;0;333
125;86;0;432;0;333
125;86;0;433;0;333
135;86;0;623;0;333
136;86;0;287;0;333
155;86;0;287;0;333
156;86;0;287;0;333
163;86;0;626;0;333
172;86;0;596;0;333
172;86;0;1273;0;333
179;86;0;287;0;333
85;87;0;501;0;333
85;87;0;301;0;333
87;87;0;1101;0;333
95;87;0;1102;0;333
95;87;0;265;0;333
115;87;0;433;0;333
125;87;0;433;0;333
135;87;0;623;0;333
136;87;0;287;0;333
155;87;0;287;0;333
155;87;0;287;0;333
156;87;0;287;0;333
171;87;0;233;0;333
172;87;0;596;0;333
179;87;0;287;0;333
85;88;0;501;0;333
85;88;0;301;0;333
87;88;0;1110;0;333
90;88;0;2877;0;333
91;88;0;2877;0;333
93;88;0;746;0;333
95;88;0;1102;0;333
95;88;0;265;0;333
115;88;0;433;0;333
125;88;0;433;0;333
135;88;0;623;0;333
136;88;0;287;0;333
137;88;0;287;0;333
138;88;0;287;0;333
139;88;0;287;0;333
140;88;0;287;0;333
141;88;0;287;0;333
142;88;0;287;0;333
143;88;0;287;0;333
144;88;0;287;0;333
145;88;0;287;0;333
155;88;0;287;0;333
155;88;0;287;0;333
156;88;0;287;0;333
170;88;0;1276;0;333
171;88;0;596;0;333
172;88;0;287;0;333
179;88;0;287;0;333
85;89;0;501;0;333
85;89;0;301;0;333
87;89;0;1101;0;333
89;89;0;2876;0;333
90;89;0;2880;0;333
92;89;0;2878;0;333
95;89;0;1106;0;333
95;89;0;36;0;333
95;89;0;2610;0;333
116;89;0;432;0;333
117;89;0;432;0;333
118;89;0;432;0;333
119;89;0;432;0;333
120;89;0;432;0;333
121;89;0;432;0;333
122;89;0;433;0;333
122;89;0;432;0;333
125;89;0;433;0;333
135;89;0;629;0;333
136;89;0;622;0;333
137;89;0;622;0;333
138;89;0;701;0;333
138;89;0;3221;0;333
139;89;0;3246;0;333
140;89;0;3246;0;333
140;89;0;3261;0;333
141;89;0;3246;0;333
142;89;0;3246;0;333
143;89;0;3246;0;333
143;89;0;3261;0;333
144;89;0;703;0;333
144;89;0;3220;0;333
144;89;0;396;0;333
144;89;0;1265;0;333
145;89;0;287;0;333
152;89;0;287;0;333
153;89;0;287;0;333
154;89;0;287;0;333
155;89;0;287;0;333
156;89;0;622;0;333
171;89;0;596;0;333
172;89;0;287;0;333
173;89;0;287;0;333
179;89;0;287;0;333
180;89;0;1251;0;333
85;90;0;501;0;333
85;90;0;301;0;333
87;90;0;1101;0;333
90;90;0;2875;0;333
91;90;0;2875;0;333
95;90;0;1102;0;333
122;90;0;433;0;333
125;90;0;433;0;333
136;90;0;433;0;333
137;90;0;432;0;333
138;90;0;3249;0;333
144;90;0;3247;0;333
145;90;0;287;0;333
152;90;0;287;0;333
153;90;0;622;0;333
153;90;0;622;0;333
153;90;0;622;0;333
154;90;0;622;0;333
155;90;0;622;0;333
172;90;0;597;0;333
173;90;0;596;0;333
173;90;0;233;0;333
178;90;0;597;0;333
179;90;0;597;0;333
180;90;0;1276;0;333
85;91;0;501;0;333
85;91;0;301;0;333
87;91;0;1101;0;333
87;91;0;1100;0;333
88;91;0;1104;0;333
89;91;0;1100;0;333
90;91;0;1100;0;333
91;91;0;1100;0;333
92;91;0;1100;0;333
93;91;0;1104;0;333
94;91;0;1100;0;333
95;91;0;1102;0;333
95;91;0;1100;0;333
122;91;0;433;0;333
125;91;0;433;0;333
130;91;0;3240;0;333
130;91;0;3241;0;333
130;91;0;3242;0;333
130;91;0;3243;0;333
138;91;0;3245;0;333
142;91;0;741;0;333
144;91;0;3247;0;333
144;91;0;265;0;333
145;91;0;287;0;333
152;91;0;287;0;333
165;91;0;627;0;333
166;91;0;626;0;333
172;91;0;914;0;333
173;91;0;596;0;333
173;91;0;1246;0;333
177;91;0;287;0;333
85;92;0;501;0;333
85;92;0;301;0;333
91;92;0;402;0;333
91;92;0;42;0;333
95;92;0;433;0;333
95;92;0;301;0;333
122;92;0;433;0;333
125;92;0;433;0;333
136;92;0;433;0;333
138;92;0;3225;0;333
144;92;0;3247;0;333
145;92;0;287;0;333
152;92;0;287;0;333
165;92;0;629;0;333
166;92;0;628;0;333
173;92;0;596;0;333
174;92;0;287;0;333
175;92;0;597;0;333
176;92;0;597;0;333
176;92;0;915;0;333
177;92;0;597;0;333
177;92;0;1273;0;333
85;93;0;503;0;333
85;93;0;301;0;333
86;93;0;500;0;333
86;93;0;301;0;333
87;93;0;500;0;333
87;93;0;301;0;333
88;93;0;500;0;333
88;93;0;301;0;333
89;93;0;500;0;333
89;93;0;301;0;333
90;93;0;500;0;333
90;93;0;301;0;333
91;93;0;500;0;333
91;93;0;301;0;333
92;93;0;500;0;333
92;93;0;301;0;333
93;93;0;500;0;333
93;93;0;301;0;333
94;93;0;500;0;333
94;93;0;301;0;333
95;93;0;502;0;333
95;93;0;500;0;333
95;93;0;301;0;333
122;93;0;433;0;333
125;93;0;433;0;333
136;93;0;433;0;333
137;93;0;404;0;333
138;93;0;3223;0;333
139;93;0;3244;0;333
140;93;0;3244;0;333
141;93;0;3244;0;333
142;93;0;3244;0;333
143;93;0;3244;0;333
144;93;0;703;0;333
144;93;0;3222;0;333
145;93;0;287;0;333
152;93;0;287;0;333
173;93;0;1246;0;333
174;93;0;597;0;333
175;93;0;914;0;333
122;94;0;433;0;333
125;94;0;433;0;333
136;94;0;433;0;333
137;94;0;42;0;333
138;94;0;3245;0;333
140;94;0;212;0;333
141;94;0;750;0;333
142;94;0;395;0;333
142;94;0;396;0;333
142;94;0;42;0;333
143;94;0;276;0;333
144;94;0;3247;0;333
145;94;0;287;0;333
152;94;0;287;0;333
153;94;0;287;0;333
173;94;0;915;0;333
174;94;0;1251;0;333
123;95;0;432;0;333
124;95;0;432;0;333
125;95;0;432;0;333
135;95;0;433;0;333
136;95;0;432;0;333
137;95;0;702;0;333
137;95;0;3221;0;333
138;95;0;3240;0;333
139;95;0;213;0;333
140;95;0;36;0;333
144;95;0;3247;0;333
145;95;0;287;0;333
152;95;0;287;0;333
153;95;0;287;0;333
169;95;0;1276;0;333
123;96;0;3275;0;333
137;96;0;3249;0;333
142;96;0;742;0;333
144;96;0;3247;0;333
145;96;0;287;0;333
153;96;0;287;0;333
170;96;0;1251;0;333
135;97;0;433;0;333
137;97;0;3245;0;333
144;97;0;3247;0;333
145;97;0;287;0;333
153;97;0;287;0;333
170;97;0;626;0;333
135;98;0;433;0;333
137;98;0;3225;0;333
143;98;0;3260;0;333
144;98;0;3247;0;333
145;98;0;287;0;333
153;98;0;287;0;333
169;98;0;1254;0;333
169;98;0;1254;0;333
93;99;0;3124;0;333
93;99;0;3127;0;333
93;99;0;301;0;333
94;99;0;432;0;333
94;99;0;301;0;333
95;99;0;1101;0;333
95;99;0;1103;0;333
95;99;0;1101;0;333
96;99;0;1103;0;333
96;99;0;2873;0;333
97;99;0;1107;0;333
98;99;0;1103;0;333
99;99;0;1103;0;333
99;99;0;264;0;333
100;99;0;1103;0;333
101;99;0;1107;0;333
102;99;0;1103;0;333
103;99;0;1102;0;333
103;99;0;1103;0;333
103;99;0;1116;0;333
103;99;0;276;0;333
135;99;0;433;0;333
136;99;0;404;0;333
136;99;0;42;0;333
137;99;0;3245;0;333
144;99;0;3247;0;333
145;99;0;287;0;333
153;99;0;287;0;333
169;99;0;1251;0;333
170;99;0;626;0;333
170;99;0;626;0;333
93;100;0;3124;0;333
93;100;0;301;0;333
95;100;0;1105;0;333
100;100;0;36;0;333
100;100;0;1060;0;333
102;100;0;2832;0;333
103;100;0;1102;0;333
135;100;0;433;0;333
137;100;0;3245;0;333
137;100;0;3244;0;333
138;100;0;3244;0;333
138;100;0;3244;0;333
139;100;0;3244;0;333
140;100;0;3244;0;333
141;100;0;3244;0;333
142;100;0;3244;0;333
143;100;0;3244;0;333
144;100;0;703;0;333
144;100;0;3222;0;333
145;100;0;287;0;333
146;100;0;287;0;333
147;100;0;287;0;333
153;100;0;287;0;333
171;100;0;1273;0;333
93;101;0;3124;0;333
93;101;0;301;0;333
94;101;0;404;0;333
94;101;0;42;0;333
95;101;0;1101;0;333
98;101;0;747;0;333
103;101;0;1106;0;333
134;101;0;433;0;333
135;101;0;432;0;333
136;101;0;3221;0;333
137;101;0;3240;0;333
138;101;0;276;0;333
140;101;0;264;0;333
143;101;0;395;0;333
143;101;0;396;0;333
143;101;0;42;0;333
144;101;0;3241;0;333
145;101;0;3246;0;333
146;101;0;3220;0;333
147;101;0;287;0;333
153;101;0;287;0;333
153;101;0;287;0;333
154;101;0;287;0;333
93;102;0;3124;0;333
93;102;0;301;0;333
95;102;0;1101;0;333
103;102;0;1102;0;333
103;102;0;396;0;333
103;102;0;1265;0;333
136;102;0;3249;0;333
139;102;0;740;0;333
141;102;0;740;0;333
146;102;0;3247;0;333
147;102;0;287;0;333
154;102;0;287;0;333
155;102;0;287;0;333
156;102;0;287;0;333
157;102;0;287;0;333
158;102;0;287;0;333
159;102;0;287;0;333
170;102;0;1245;0;333
170;102;0;1245;0;333
93;103;0;3124;0;333
93;103;0;301;0;333
95;103;0;1110;0;333
101;103;0;2877;0;333
102;103;0;2877;0;333
103;103;0;1102;0;333
134;103;0;433;0;333
136;103;0;3225;0;333
144;103;0;742;0;333
146;103;0;3247;0;333
147;103;0;287;0;333
159;103;0;287;0;333
163;103;0;233;0;333
164;103;0;914;0;333
166;103;0;914;0;333
93;104;0;3124;0;333
93;104;0;301;0;333
95;104;0;1101;0;333
100;104;0;2876;0;333
101;104;0;2880;0;333
103;104;0;1102;0;333
134;104;0;433;0;333
136;104;0;3245;0;333
140;104;0;212;0;333
141;104;0;212;0;333
146;104;0;3247;0;333
147;104;0;287;0;333
159;104;0;287;0;333
93;105;0;3124;0;333
93;105;0;301;0;333
94;105;0;404;0;333
94;105;0;42;0;333
95;105;0;1101;0;333
101;105;0;2875;0;333
102;105;0;2875;0;333
103;105;0;1102;0;333
134;105;0;433;0;333
135;105;0;404;0;333
135;105;0;42;0;333
136;105;0;3245;0;333
139;105;0;213;0;333
140;105;0;2880;0;333
142;105;0;215;0;333
145;105;0;3277;0;333
146;105;0;3247;0;333
147;105;0;287;0;333
159;105;0;287;0;333
161;105;0;915;0;333
161;105;0;915;0;333
161;105;0;627;0;333
93;106;0;3124;0;333
93;106;0;301;0;333
95;106;0;1105;0;333
103;106;0;1102;0;333
134;106;0;433;0;333
136;106;0;3245;0;333
146;106;0;3247;0;333
147;106;0;287;0;333
159;106;0;287;0;333
160;106;0;915;0;333
161;106;0;915;0;333
161;106;0;629;0;333
162;106;0;628;0;333
162;106;0;628;0;333
78;107;0;680;0;333
79;107;0;633;0;333
79;107;0;694;0;333
80;107;0;633;0;333
80;107;0;276;0;333
81;107;0;637;0;333
81;107;0;396;0;333
81;107;0;1265;0;333
82;107;0;633;0;333
82;107;0;276;0;333
83;107;0;681;0;333
83;107;0;694;0;333
93;107;0;3126;0;333
93;107;0;301;0;333
94;107;0;3125;0;333
94;107;0;3123;0;333
94;107;0;301;0;333
95;107;0;1101;0;333
95;107;0;1100;0;333
96;107;0;1100;0;333
97;107;0;1100;0;333
98;107;0;1100;0;333
99;107;0;1100;0;333
100;107;0;1100;0;333
101;107;0;1100;0;333
102;107;0;1100;0;333
103;107;0;1102;0;333
103;107;0;1100;0;333
127;107;0;433;0;333
128;107;0;432;0;333
128;107;0;695;0;333
129;107;0;680;0;333
129;107;0;432;0;333
129;107;0;680;0;333
130;107;0;633;0;333
131;107;0;633;0;333
131;107;0;442;0;333
132;107;0;633;0;333
133;107;0;633;0;333
133;107;0;395;0;333
133;107;0;396;0;333
133;107;0;1265;0;333
134;107;0;633;0;333
135;107;0;681;0;333
135;107;0;442;0;333
136;107;0;700;0;333
136;107;0;3223;0;333
137;107;0;3244;0;333
138;107;0;720;0;333
138;107;0;3244;0;333
139;107;0;700;0;333
139;107;0;3244;0;333
140;107;0;3244;0;333
141;107;0;3244;0;333
142;107;0;3244;0;333
143;107;0;3244;0;333
144;107;0;3244;0;333
145;107;0;3244;0;333
146;107;0;3222;0;333
147;107;0;287;0;333
159;107;0;287;0;333
161;107;0;915;0;333
162;107;0;915;0;333
78;108;0;634;0;333
81;108;0;2832;0;333
83;108;0;690;0;333
84;108;0;633;0;333
85;108;0;681;0;333
85;108;0;695;0;333
97;108;0;263;0;333
99;108;0;263;0;333
101;108;0;263;0;333
103;108;0;263;0;333
127;108;0;433;0;333
128;108;0;404;0;333
128;108;0;42;0;333
129;108;0;634;0;333
129;108;0;691;0;333
135;108;0;690;0;333
136;108;0;633;0;333
137;108;0;681;0;333
137;108;0;276;0;333
138;108;0;702;0;333
138;108;0;3245;0;333
139;108;0;266;0;333
142;108;0;3278;0;333
145;108;0;266;0;333
146;108;0;3247;0;333
147;108;0;287;0;333
154;108;0;287;0;333
155;108;0;287;0;333
156;108;0;287;0;333
157;108;0;287;0;333
158;108;0;287;0;333
159;108;0;287;0;333
78;109;0;638;0;333
79;109;0;218;0;333
82;109;0;218;0;333
83;109;0;218;0;333
85;109;0;635;0;333
85;109;0;396;0;333
85;109;0;1265;0;333
127;109;0;433;0;333
129;109;0;638;0;333
133;109;0;218;0;333
134;109;0;218;0;333
135;109;0;218;0;333
137;109;0;635;0;333
138;109;0;3245;0;333
146;109;0;3247;0;333
147;109;0;287;0;333
149;109;0;287;0;333
150;109;0;287;0;333
151;109;0;287;0;333
152;109;0;287;0;333
153;109;0;287;0;333
154;109;0;287;0;333
155;109;0;622;0;333
156;109;0;622;0;333
157;109;0;622;0;333
158;109;0;622;0;333
159;109;0;622;0;333
78;110;0;634;0;333
81;110;0;217;0;333
82;110;0;2880;0;333
84;110;0;219;0;333
85;110;0;635;0;333
85;110;0;276;0;333
127;110;0;433;0;333
129;110;0;634;0;333
129;110;0;691;0;333
133;110;0;320;0;333
134;110;0;320;0;333
135;110;0;320;0;333
137;110;0;635;0;333
138;110;0;3245;0;333
141;110;0;740;0;333
144;110;0;743;0;333
146;110;0;3247;0;333
146;110;0;265;0;333
147;110;0;287;0;333
149;110;0;287;0;333
150;110;0;622;0;333
151;110;0;622;0;333
152;110;0;622;0;333
153;110;0;622;0;333
153;110;0;624;0;333
154;110;0;622;0;333
155;110;0;628;0;333
78;111;0;634;0;333
79;111;0;216;0;333
82;111;0;216;0;333
83;111;0;216;0;333
85;111;0;635;0;333
85;111;0;695;0;333
86;111;0;672;0;333
87;111;0;672;0;333
88;111;0;672;0;333
89;111;0;672;0;333
90;111;0;672;0;333
90;111;0;396;0;333
90;111;0;1265;0;333
91;111;0;672;0;333
92;111;0;672;0;333
93;111;0;672;0;333
94;111;0;672;0;333
95;111;0;672;0;333
95;111;0;395;0;333
95;111;0;396;0;333
95;111;0;1265;0;333
96;111;0;672;0;333
97;111;0;672;0;333
98;111;0;672;0;333
99;111;0;672;0;333
99;111;0;395;0;333
99;111;0;396;0;333
99;111;0;1265;0;333
100;111;0;672;0;333
101;111;0;672;0;333
102;111;0;672;0;333
103;111;0;675;0;333
103;111;0;672;0;333
103;111;0;395;0;333
103;111;0;396;0;333
103;111;0;1265;0;333
127;111;0;433;0;333
129;111;0;654;0;333
137;111;0;635;0;333
137;111;0;395;0;333
137;111;0;396;0;333
137;111;0;1265;0;333
138;111;0;716;0;333
138;111;0;3223;0;333
139;111;0;720;0;333
139;111;0;3242;0;333
143;111;0;212;0;333
146;111;0;3247;0;333
147;111;0;287;0;333
147;111;0;287;0;333
148;111;0;287;0;333
149;111;0;287;0;333
149;111;0;287;0;333
78;112;0;638;0;333
84;112;0;688;0;333
85;112;0;683;0;333
104;112;0;672;0;333
105;112;0;675;0;333
105;112;0;672;0;333
127;112;0;433;0;333
129;112;0;658;0;333
137;112;0;690;0;333
138;112;0;681;0;333
138;112;0;276;0;333
139;112;0;3245;0;333
142;112;0;213;0;333
143;112;0;36;0;333
144;112;0;215;0;333
145;112;0;3243;0;333
145;112;0;396;0;333
145;112;0;1265;0;333
146;112;0;717;0;333
146;112;0;3222;0;333
147;112;0;622;0;333
148;112;0;622;0;333
149;112;0;622;0;333
78;113;0;634;0;333
83;113;0;688;0;333
84;113;0;683;0;333
106;113;0;675;0;333
106;113;0;672;0;333
127;113;0;433;0;333
129;113;0;634;0;333
129;113;0;691;0;333
138;113;0;635;0;333
139;113;0;3245;0;333
145;113;0;3247;0;333
78;114;0;682;0;333
78;114;0;677;0;333
79;114;0;632;0;333
80;114;0;652;0;333
81;114;0;656;0;333
82;114;0;632;0;333
83;114;0;683;0;333
86;114;0;673;0;333
87;114;0;673;0;333
88;114;0;673;0;333
89;114;0;673;0;333
90;114;0;673;0;333
91;114;0;673;0;333
92;114;0;673;0;333
93;114;0;673;0;333
94;114;0;673;0;333
95;114;0;673;0;333
96;114;0;673;0;333
97;114;0;673;0;333
98;114;0;673;0;333
99;114;0;673;0;333
100;114;0;673;0;333
101;114;0;673;0;333
102;114;0;673;0;333
107;114;0;675;0;333
107;114;0;672;0;333
107;114;0;395;0;333
107;114;0;396;0;333
107;114;0;1265;0;333
127;114;0;433;0;333
128;114;0;404;0;333
128;114;0;42;0;333
129;114;0;638;0;333
132;114;0;320;0;333
133;114;0;320;0;333
134;114;0;320;0;333
135;114;0;320;0;333
136;114;0;320;0;333
137;114;0;320;0;333
138;114;0;635;0;333
138;114;0;693;0;333
139;114;0;3245;0;333
145;114;0;3247;0;333
78;115;0;674;0;333
79;115;0;395;0;333
79;115;0;396;0;333
79;115;0;42;0;333
85;115;0;675;0;333
85;115;0;396;0;333
85;115;0;1265;0;333
103;115;0;674;0;333
103;115;0;674;0;333
108;115;0;675;0;333
108;115;0;672;0;333
129;115;0;634;0;333
129;115;0;691;0;333
132;115;0;2875;0;333
133;115;0;2875;0;333
134;115;0;2875;0;333
135;115;0;2875;0;333
136;115;0;2875;0;333
137;115;0;2875;0;333
138;115;0;635;0;333
139;115;0;700;0;333
139;115;0;3223;0;333
140;115;0;3248;0;333
141;115;0;3244;0;333
142;115;0;3244;0;333
143;115;0;3224;0;333
144;115;0;3244;0;333
145;115;0;3222;0;333
78;116;0;678;0;333
79;116;0;673;0;333
80;116;0;673;0;333
81;116;0;673;0;333
82;116;0;673;0;333
83;116;0;673;0;333
84;116;0;673;0;333
85;116;0;675;0;333
85;116;0;673;0;333
103;116;0;674;0;333
109;116;0;675;0;333
109;116;0;672;0;333
127;116;0;433;0;333
128;116;0;695;0;333
129;116;0;634;0;333
138;116;0;635;0;333
138;116;0;395;0;333
138;116;0;396;0;333
138;116;0;1265;0;333
138;116;0;1265;0;333
145;116;0;675;0;333
145;116;0;395;0;333
145;116;0;42;0;333
145;116;0;396;0;333
145;116;0;1265;0;333
103;117;0;674;0;333
103;117;0;674;0;333
110;117;0;672;0;333
111;117;0;672;0;333
111;117;0;395;0;333
111;117;0;396;0;333
111;117;0;1265;0;333
112;117;0;672;0;333
113;117;0;672;0;333
114;117;0;672;0;333
115;117;0;672;0;333
116;117;0;672;0;333
116;117;0;395;0;333
116;117;0;396;0;333
116;117;0;1265;0;333
117;117;0;672;0;333
118;117;0;672;0;333
119;117;0;672;0;333
120;117;0;672;0;333
121;117;0;672;0;333
121;117;0;395;0;333
121;117;0;396;0;333
121;117;0;1265;0;333
122;117;0;672;0;333
123;117;0;672;0;333
124;117;0;672;0;333
125;117;0;672;0;333
126;117;0;672;0;333
127;117;0;676;0;333
127;117;0;395;0;333
127;117;0;396;0;333
127;117;0;1265;0;333
128;117;0;680;0;333
129;117;0;691;0;333
132;117;0;320;0;333
133;117;0;320;0;333
134;117;0;320;0;333
135;117;0;320;0;333
136;117;0;320;0;333
137;117;0;320;0;333
138;117;0;635;0;333
138;117;0;693;0;333
145;117;0;675;0;333
103;118;0;674;0;333
103;118;0;674;0;333
128;118;0;634;0;333
132;118;0;2875;0;333
133;118;0;2875;0;333
134;118;0;2875;0;333
135;118;0;2875;0;333
136;118;0;2875;0;333
137;118;0;2875;0;333
138;118;0;635;0;333
145;118;0;675;0;333
103;119;0;674;0;333
128;119;0;634;0;333
128;119;0;691;0;333
138;119;0;639;0;333
145;119;0;675;0;333
103;120;0;678;0;333
104;120;0;673;0;333
105;120;0;673;0;333
106;120;0;673;0;333
106;120;0;673;0;333
107;120;0;673;0;333
107;120;0;673;0;333
108;120;0;673;0;333
109;120;0;673;0;333
128;120;0;654;0;333
132;120;0;320;0;333
133;120;0;320;0;333
134;120;0;320;0;333
135;120;0;320;0;333
136;120;0;320;0;333
137;120;0;320;0;333
138;120;0;635;0;333
138;120;0;693;0;333
139;120;0;672;0;333
145;120;0;675;0;333
110;121;0;678;0;333
111;121;0;673;0;333
112;121;0;673;0;333
113;121;0;673;0;333
114;121;0;673;0;333
115;121;0;673;0;333
116;121;0;673;0;333
117;121;0;673;0;333
118;121;0;673;0;333
119;121;0;673;0;333
120;121;0;673;0;333
128;121;0;658;0;333
132;121;0;214;0;333
133;121;0;214;0;333
134;121;0;214;0;333
135;121;0;214;0;333
136;121;0;214;0;333
137;121;0;214;0;333
138;121;0;635;0;333
145;121;0;675;0;333
121;122;0;674;0;333
127;122;0;395;0;333
127;122;0;396;0;333
127;122;0;42;0;333
128;122;0;634;0;333
128;122;0;691;0;333
128;122;0;1265;0;333
138;122;0;635;0;333
145;122;0;675;0;333
121;123;0;674;0;333
128;123;0;682;0;333
128;123;0;688;0;333
129;123;0;636;0;333
130;123;0;632;0;333
131;123;0;632;0;333
132;123;0;632;0;333
133;123;0;632;0;333
134;123;0;632;0;333
135;123;0;632;0;333
136;123;0;652;0;333
137;123;0;656;0;333
138;123;0;683;0;333
145;123;0;675;0;333
145;123;0;688;0;333
145;123;0;689;0;333
145;123;0;690;0;333
145;123;0;691;0;333
121;124;0;674;0;333
130;124;0;675;0;333
130;124;0;395;0;333
130;124;0;42;0;333
131;124;0;673;0;333
131;124;0;690;0;333
131;124;0;691;0;333
132;124;0;673;0;333
132;124;0;3075;0;333
133;124;0;673;0;333
134;124;0;3075;0;333
135;124;0;690;0;333
135;124;0;691;0;333
135;124;0;694;0;333
138;124;0;691;0;333
138;124;0;694;0;333
145;124;0;675;0;333
107;125;0;1862;0;333
107;125;0;694;0;333
116;125;0;1862;0;333
116;125;0;694;0;333
121;125;0;678;0;333
122;125;0;673;0;333
123;125;0;673;0;333
124;125;0;673;0;333
125;125;0;673;0;333
126;125;0;673;0;333
127;125;0;673;0;333
128;125;0;673;0;333
129;125;0;673;0;333
130;125;0;675;0;333
130;125;0;673;0;333
134;125;0;674;0;333
145;125;0;675;0;333
134;126;0;674;0;333
145;126;0;675;0;333
164;126;0;1862;0;333
164;126;0;695;0;333
134;127;0;674;0;333
134;127;0;674;0;333
145;127;0;675;0;333
189;127;0;504;0;333
189;127;0;501;0;333
190;127;0;432;0;333
191;127;0;432;0;333
192;127;0;432;0;333
193;127;0;432;0;333
194;127;0;432;0;333
195;127;0;432;0;333
196;127;0;432;0;333
197;127;0;432;0;333
198;127;0;432;0;333
199;127;0;432;0;333
199;127;0;433;0;333
134;128;0;674;0;333
135;128;0;395;0;333
135;128;0;42;0;333
135;128;0;396;0;333
135;128;0;42;0;333
135;128;0;42;0;333
145;128;0;675;0;333
145;128;0;395;0;333
145;128;0;42;0;333
145;128;0;396;0;333
145;128;0;1265;0;333
189;128;0;501;0;333
199;128;0;433;0;333
34;129;0;677;0;333
35;129;0;672;0;333
35;129;0;233;0;333
36;129;0;672;0;333
36;129;0;675;0;333
134;129;0;678;0;333
135;129;0;673;0;333
136;129;0;673;0;333
137;129;0;673;0;333
138;129;0;673;0;333
139;129;0;673;0;333
140;129;0;673;0;333
141;129;0;673;0;333
142;129;0;673;0;333
143;129;0;673;0;333
144;129;0;673;0;333
145;129;0;679;0;333
189;129;0;501;0;333
199;129;0;433;0;333
34;130;0;674;0;333
37;130;0;672;0;333
37;130;0;233;0;333
38;130;0;672;0;333
39;130;0;672;0;333
40;130;0;672;0;333
40;130;0;676;0;333
164;130;0;1862;0;333
164;130;0;695;0;333
189;130;0;501;0;333
199;130;0;433;0;333
34;131;0;232;0;333
40;131;0;232;0;333
40;131;0;233;0;333
189;131;0;501;0;333
199;131;0;433;0;333
34;132;0;674;0;333
189;132;0;503;0;333
190;132;0;500;0;333
191;132;0;500;0;333
192;132;0;500;0;333
193;132;0;500;0;333
194;132;0;500;0;333
195;132;0;500;0;333
196;132;0;500;0;333
197;132;0;500;0;333
198;132;0;500;0;333
199;132;0;500;0;333
199;132;0;502;0;333
34;133;0;674;0;333
34;134;0;674;0;333
40;134;0;675;0;333
40;134;0;232;0;333
40;134;0;233;0;333
34;135;0;674;0;333
34;135;0;678;0;333
40;135;0;679;0;333
35;137;0;674;0;333
35;137;0;233;0;333
35;138;0;678;0;333
38;138;0;233;0;333
