L: -5
X: 407
Y: 208
W: 31
H: 39
0;0;0;0;0
1;0;0;0;0
2;0;0;0;0
3;0;0;0;0
4;0;0;0;0
5;0;34;0;0
6;0;18;0;0
7;0;18;0;0
8;0;18;0;0
9;0;18;0;0
10;0;18;0;0
11;0;18;0;0
12;0;18;0;0
13;0;18;0;0
14;0;0;0;0
15;0;0;0;0
16;0;0;0;0
17;0;0;0;0
18;0;0;0;0
19;0;0;0;0
20;0;0;0;0
21;0;0;0;0
22;0;0;0;0
23;0;0;0;0
24;0;0;0;0
25;0;0;0;0
26;0;0;0;0
27;0;0;0;0
28;0;0;0;0
29;0;0;0;0
30;0;0;0;0
0;1;0;0;0
1;1;0;0;0
2;1;0;0;0
3;1;0;0;0
4;1;0;0;0
5;1;18;0;0
6;1;18;0;0
7;1;18;0;0
8;1;18;0;0
9;1;18;0;0
10;1;18;0;0
11;1;18;0;0
12;1;18;0;0
13;1;18;0;0
14;1;18;0;0
15;1;18;0;0
16;1;0;0;0
17;1;0;0;0
18;1;0;0;0
19;1;0;0;0
20;1;0;0;0
21;1;0;0;0
22;1;0;0;0
23;1;0;0;0
24;1;0;0;0
25;1;0;0;0
26;1;0;0;0
27;1;0;0;0
28;1;0;0;0
29;1;0;0;0
30;1;0;0;0
0;2;0;0;0
1;2;0;0;0
2;2;0;0;0
3;2;0;0;0
4;2;0;0;0
5;2;18;0;0
6;2;18;0;0
7;2;18;0;0
8;2;18;0;0
9;2;18;0;0
10;2;18;0;0
11;2;18;0;0
12;2;18;0;0
13;2;18;0;0
14;2;18;0;0
15;2;18;0;0
16;2;0;0;0
17;2;0;0;0
18;2;0;0;0
19;2;0;0;0
20;2;0;0;0
21;2;0;0;0
22;2;0;0;0
23;2;0;0;0
24;2;0;0;0
25;2;0;0;0
26;2;0;0;0
27;2;0;0;0
28;2;0;0;0
29;2;0;0;0
30;2;0;0;0
0;3;0;0;0
1;3;0;0;0
2;3;0;0;0
3;3;0;0;0
4;3;0;0;0
5;3;18;0;0
6;3;18;0;0
7;3;18;0;0
8;3;18;0;0
9;3;18;0;0
10;3;18;0;0
11;3;18;0;0
12;3;18;0;0
13;3;18;0;0
14;3;18;0;0
15;3;18;0;0
16;3;18;0;0
17;3;0;0;0
18;3;0;0;0
19;3;0;0;0
20;3;0;0;0
21;3;0;0;0
22;3;0;0;0
23;3;0;0;0
24;3;0;0;0
25;3;0;0;0
26;3;0;0;0
27;3;0;0;0
28;3;0;0;0
29;3;0;0;0
30;3;0;0;0
0;4;0;0;0
1;4;0;0;0
2;4;0;0;0
3;4;0;0;0
4;4;0;0;0
5;4;18;0;0
6;4;18;0;0
7;4;18;0;0
8;4;18;0;0
9;4;18;0;0
10;4;18;0;0
11;4;18;0;0
12;4;18;0;0
13;4;18;0;0
14;4;18;0;0
15;4;18;0;0
16;4;18;0;0
17;4;18;0;0
18;4;0;0;0
19;4;0;0;0
20;4;0;0;0
21;4;0;0;0
22;4;0;0;0
23;4;0;0;0
24;4;0;0;0
25;4;0;0;0
26;4;0;0;0
27;4;0;0;0
28;4;0;0;0
29;4;0;0;0
30;4;0;0;0
0;5;0;0;0
1;5;0;0;0
2;5;0;0;0
3;5;0;0;0
4;5;0;0;0
5;5;18;0;0
6;5;18;0;0
7;5;18;0;0
8;5;18;0;0
9;5;18;0;0
10;5;18;0;0
11;5;18;0;0
12;5;18;0;0
13;5;18;0;0
14;5;18;0;0
15;5;18;0;0
16;5;18;0;0
17;5;18;0;0
18;5;18;0;0
19;5;18;0;0
20;5;0;0;0
21;5;0;0;0
22;5;0;0;0
23;5;0;0;0
24;5;0;0;0
25;5;0;0;0
26;5;0;0;0
27;5;0;0;0
28;5;0;0;0
29;5;0;0;0
30;5;0;0;0
0;6;0;0;0
1;6;0;0;0
2;6;0;0;0
3;6;0;0;0
4;6;0;0;0
5;6;18;0;0
6;6;18;0;0
7;6;18;0;0
8;6;18;0;0
9;6;18;0;0
10;6;18;0;0
11;6;18;0;0
12;6;18;0;0
13;6;18;0;0
14;6;18;0;0
15;6;18;0;0
16;6;18;0;0
17;6;18;0;0
18;6;18;0;0
19;6;18;0;0
20;6;18;0;0
21;6;0;0;0
22;6;0;0;0
23;6;0;0;0
24;6;0;0;0
25;6;0;0;0
26;6;0;0;0
27;6;0;0;0
28;6;0;0;0
29;6;0;0;0
30;6;0;0;0
0;7;0;0;0
1;7;0;0;0
2;7;0;0;0
3;7;0;0;0
4;7;0;0;0
5;7;18;0;0
6;7;18;0;0
7;7;18;0;0
8;7;18;0;0
9;7;18;0;0
10;7;18;0;0
11;7;18;0;0
12;7;18;0;0
13;7;18;0;0
14;7;18;0;0
15;7;18;0;0
16;7;18;0;0
17;7;18;0;0
18;7;18;0;0
19;7;18;0;0
20;7;18;0;0
21;7;18;0;0
22;7;0;0;0
23;7;0;0;0
24;7;0;0;0
25;7;0;0;0
26;7;0;0;0
27;7;0;0;0
28;7;0;0;0
29;7;0;0;0
30;7;0;0;0
0;8;55;0;0
1;8;0;0;0
2;8;0;0;0
3;8;0;0;0
4;8;0;0;0
5;8;18;0;0
6;8;18;0;0
7;8;18;0;0
8;8;18;0;0
9;8;18;0;0
10;8;18;0;0
11;8;18;0;0
12;8;18;0;0
13;8;18;0;0
14;8;18;0;0
15;8;18;0;0
16;8;18;0;0
17;8;18;0;0
18;8;18;0;0
19;8;18;0;0
20;8;18;0;0
21;8;18;0;0
22;8;18;0;0
23;8;18;0;0
24;8;18;0;0
25;8;0;0;0
26;8;0;0;0
27;8;0;0;0
28;8;0;0;0
29;8;0;0;0
30;8;0;0;0
0;9;0;0;0
1;9;0;0;0
2;9;0;0;0
3;9;0;0;0
4;9;34;0;0
5;9;18;0;0
6;9;18;0;0
7;9;18;0;0
8;9;18;0;0
9;9;18;0;0
10;9;18;0;0
11;9;18;0;0
12;9;18;0;0
13;9;18;0;0
14;9;18;0;0
15;9;18;0;0
16;9;18;0;0
17;9;18;0;0
18;9;18;0;0
19;9;18;0;0
20;9;18;0;0
21;9;18;0;0
22;9;18;0;0
23;9;18;0;0
24;9;18;0;0
25;9;0;0;0
26;9;0;0;0
27;9;0;0;0
28;9;0;0;0
29;9;0;0;0
30;9;0;0;0
0;10;0;0;0
1;10;0;0;0
2;10;0;0;0
3;10;0;0;0
4;10;0;0;0
5;10;34;0;0
6;10;34;0;0
7;10;34;0;0
8;10;34;0;0
9;10;34;0;0
10;10;34;0;0
11;10;34;0;0
12;10;34;0;0
13;10;34;0;0
14;10;34;0;0
15;10;34;0;0
16;10;34;0;0
17;10;34;0;0
18;10;34;0;0
19;10;18;0;0
20;10;18;0;0
21;10;18;0;0
22;10;18;0;0
23;10;18;0;0
24;10;18;0;0
25;10;18;0;0
26;10;18;0;0
27;10;0;0;0
28;10;0;0;0
29;10;0;0;0
30;10;0;0;0
0;11;0;0;0
1;11;0;0;0
2;11;0;0;0
3;11;0;0;0
4;11;0;0;0
5;11;0;0;0
6;11;0;0;0
7;11;0;0;0
8;11;0;0;0
9;11;0;0;0
10;11;0;0;0
11;11;0;0;0
12;11;0;0;0
13;11;0;0;0
14;11;0;0;0
15;11;0;0;0
16;11;0;0;0
17;11;0;0;0
18;11;34;0;0
19;11;18;0;0
20;11;18;0;0
21;11;18;0;0
22;11;18;0;0
23;11;18;0;0
24;11;18;0;0
25;11;18;0;0
26;11;18;0;0
27;11;18;0;0
28;11;18;0;0
29;11;0;0;0
30;11;0;0;0
0;12;0;0;0
1;12;0;0;0
2;12;0;0;0
3;12;0;0;0
4;12;0;0;0
5;12;0;0;0
6;12;0;0;0
7;12;0;0;0
8;12;0;0;0
9;12;0;0;0
10;12;0;0;0
11;12;0;0;0
12;12;0;0;0
13;12;0;0;0
14;12;0;0;0
15;12;0;0;0
16;12;0;0;0
17;12;0;0;0
18;12;34;0;0
19;12;18;0;0
20;12;18;0;0
21;12;18;0;0
22;12;18;0;0
23;12;18;0;0
24;12;18;0;0
25;12;18;0;0
26;12;18;0;0
27;12;18;0;0
28;12;18;0;0
29;12;18;0;0
30;12;18;0;0
0;13;0;0;0
1;13;0;0;0
2;13;0;0;0
3;13;0;0;0
4;13;0;0;0
5;13;0;0;0
6;13;0;0;0
7;13;0;0;0
8;13;0;0;0
9;13;0;0;0
10;13;0;0;0
11;13;0;0;0
12;13;0;0;0
13;13;0;0;0
14;13;0;0;0
15;13;0;0;0
16;13;0;0;0
17;13;0;0;0
18;13;34;0;0
19;13;18;0;0
20;13;18;0;0
21;13;18;0;0
22;13;18;0;0
23;13;18;0;0
24;13;18;0;0
25;13;18;0;0
26;13;18;0;0
27;13;18;0;0
28;13;18;0;0
29;13;18;0;0
30;13;18;0;0
0;14;0;0;0
1;14;55;0;0
2;14;0;0;0
3;14;0;0;0
4;14;0;0;0
5;14;0;0;0
6;14;0;0;0
7;14;0;0;0
8;14;0;0;0
9;14;0;0;0
10;14;0;0;0
11;14;0;0;0
12;14;0;0;0
13;14;0;0;0
14;14;0;0;0
15;14;0;0;0
16;14;0;0;0
17;14;0;0;0
18;14;34;0;0
19;14;18;0;0
20;14;18;0;0
21;14;18;0;0
22;14;18;0;0
23;14;18;0;0
24;14;18;0;0
25;14;18;0;0
26;14;18;0;0
27;14;18;0;0
28;14;18;0;0
29;14;18;0;0
30;14;18;0;0
0;15;0;0;0
1;15;0;0;0
2;15;0;0;0
3;15;0;0;0
4;15;0;0;0
5;15;0;0;0
6;15;0;0;0
7;15;0;0;0
8;15;0;0;0
9;15;0;0;0
10;15;0;0;0
11;15;0;0;0
12;15;0;0;0
13;15;0;0;0
14;15;0;0;0
15;15;0;0;0
16;15;0;0;0
17;15;0;0;0
18;15;34;0;0
19;15;18;0;0
20;15;18;0;0
21;15;18;0;0
22;15;18;0;0
23;15;18;0;0
24;15;18;0;0
25;15;18;0;0
26;15;18;0;0
27;15;18;0;0
28;15;18;0;0
29;15;18;0;0
30;15;18;0;0
0;16;0;0;0
1;16;0;0;0
2;16;0;0;0
3;16;0;0;0
4;16;0;0;0
5;16;0;0;0
6;16;0;0;0
7;16;0;0;0
8;16;0;0;0
9;16;0;0;0
10;16;0;0;0
11;16;0;0;0
12;16;0;0;0
13;16;0;0;0
14;16;0;0;0
15;16;0;0;0
16;16;0;0;0
17;16;0;0;0
18;16;34;0;0
19;16;18;0;0
20;16;18;0;0
21;16;18;0;0
22;16;18;0;0
23;16;18;0;0
24;16;18;0;0
25;16;18;0;0
26;16;18;0;0
27;16;18;0;0
28;16;18;0;0
29;16;18;0;0
30;16;18;0;0
0;17;0;0;0
1;17;0;0;0
2;17;0;0;0
3;17;0;0;0
4;17;0;0;0
5;17;0;0;0
6;17;0;0;0
7;17;0;0;0
8;17;0;0;0
9;17;0;0;0
10;17;0;0;0
11;17;0;0;0
12;17;0;0;0
13;17;0;0;0
14;17;0;0;0
15;17;0;0;0
16;17;0;0;0
17;17;0;0;0
18;17;34;0;0
19;17;18;0;0
20;17;18;0;0
21;17;18;0;0
22;17;18;0;0
23;17;18;0;0
24;17;18;0;0
25;17;18;0;0
26;17;18;0;0
27;17;18;0;0
28;17;18;0;0
29;17;18;0;0
30;17;0;0;0
0;18;0;0;0
1;18;0;0;0
2;18;0;0;0
3;18;0;0;0
4;18;0;0;0
5;18;0;0;0
6;18;0;0;0
7;18;0;0;0
8;18;0;0;0
9;18;0;0;0
10;18;0;0;0
11;18;0;0;0
12;18;0;0;0
13;18;0;0;0
14;18;0;0;0
15;18;0;0;0
16;18;0;0;0
17;18;0;0;0
18;18;34;0;0
19;18;18;0;0
20;18;18;0;0
21;18;18;0;0
22;18;18;0;0
23;18;18;0;0
24;18;18;0;0
25;18;18;0;0
26;18;18;0;0
27;18;18;0;0
28;18;18;0;0
29;18;18;0;0
30;18;0;0;0
0;19;0;0;0
1;19;0;0;0
2;19;18;0;0
3;19;18;0;0
4;19;18;0;0
5;19;18;0;0
6;19;18;0;0
7;19;18;0;0
8;19;18;0;0
9;19;18;0;0
10;19;18;0;0
11;19;0;0;0
12;19;0;0;0
13;19;0;0;0
14;19;0;0;0
15;19;0;0;0
16;19;0;0;0
17;19;34;0;0
18;19;18;0;0
19;19;18;0;0
20;19;18;0;0
21;19;18;0;0
22;19;18;0;0
23;19;18;0;0
24;19;18;0;0
25;19;18;0;0
26;19;18;0;0
27;19;18;0;0
28;19;18;0;0
29;19;0;0;0
30;19;0;0;0
0;20;0;0;0
1;20;0;0;0
2;20;18;0;0
3;20;18;0;0
4;20;18;0;0
5;20;18;0;0
6;20;18;0;0
7;20;18;0;0
8;20;18;0;0
9;20;18;0;0
10;20;18;0;0
11;20;0;0;0
12;20;0;0;0
13;20;0;0;0
14;20;0;0;0
15;20;0;0;0
16;20;0;0;0
17;20;34;0;0
18;20;18;0;0
19;20;18;0;0
20;20;18;0;0
21;20;18;0;0
22;20;18;0;0
23;20;18;0;0
24;20;18;0;0
25;20;18;0;0
26;20;18;0;0
27;20;0;0;0
28;20;0;0;0
29;20;0;0;0
30;20;0;0;0
0;21;0;0;0
1;21;0;0;0
2;21;18;0;0
3;21;18;0;0
4;21;18;0;0
5;21;18;0;0
6;21;18;0;0
7;21;18;0;0
8;21;18;0;0
9;21;18;0;0
10;21;18;0;0
11;21;0;0;0
12;21;0;0;0
13;21;0;0;0
14;21;0;0;0
15;21;0;0;0
16;21;0;0;0
17;21;34;0;0
18;21;18;0;0
19;21;18;0;0
20;21;18;0;0
21;21;18;0;0
22;21;18;0;0
23;21;18;0;0
24;21;18;0;0
25;21;18;0;0
26;21;18;0;0
27;21;0;0;0
28;21;0;0;0
29;21;0;0;0
30;21;0;0;0
0;22;0;0;0
1;22;0;0;0
2;22;18;0;0
3;22;18;0;0
4;22;18;0;0
5;22;18;0;0
6;22;18;0;0
7;22;18;0;0
8;22;18;0;0
9;22;18;0;0
10;22;18;0;0
11;22;0;0;0
12;22;0;0;0
13;22;0;0;0
14;22;0;0;0
15;22;0;0;0
16;22;0;0;0
17;22;34;0;0
18;22;18;0;0
19;22;18;0;0
20;22;18;0;0
21;22;18;0;0
22;22;18;0;0
23;22;18;0;0
24;22;18;0;0
25;22;18;0;0
26;22;18;0;0
27;22;18;0;0
28;22;0;0;0
29;22;0;0;0
30;22;0;0;0
0;23;0;0;0
1;23;0;0;0
2;23;18;0;0
3;23;18;0;0
4;23;18;0;0
5;23;18;0;0
6;23;18;0;0
7;23;18;0;0
8;23;18;0;0
9;23;18;0;0
10;23;18;0;0
11;23;0;0;0
12;23;0;0;0
13;23;0;0;0
14;23;0;0;0
15;23;0;0;0
16;23;0;0;0
17;23;34;0;0
18;23;18;0;0
19;23;18;0;0
20;23;18;0;0
21;23;18;0;0
22;23;18;0;0
23;23;18;0;0
24;23;18;0;0
25;23;18;0;0
26;23;18;0;0
27;23;18;0;0
28;23;0;0;0
29;23;0;0;0
30;23;0;0;0
0;24;0;0;0
1;24;0;0;0
2;24;18;0;0
3;24;18;0;0
4;24;18;0;0
5;24;18;0;0
6;24;18;0;0
7;24;18;0;0
8;24;18;0;0
9;24;18;0;0
10;24;18;0;0
11;24;0;0;0
12;24;0;0;0
13;24;0;0;0
14;24;0;0;0
15;24;0;0;0
16;24;0;0;0
17;24;34;0;0
18;24;18;0;0
19;24;18;0;0
20;24;18;0;0
21;24;18;0;0
22;24;18;0;0
23;24;18;0;0
24;24;18;0;0
25;24;18;0;0
26;24;18;0;0
27;24;18;0;0
28;24;18;0;0
29;24;0;0;0
30;24;0;0;0
0;25;0;0;0
1;25;0;0;0
2;25;0;0;0
3;25;18;0;0
4;25;18;0;0
5;25;18;0;0
6;25;18;0;0
7;25;18;0;0
8;25;18;0;0
9;25;18;0;0
10;25;18;0;0
11;25;0;0;0
12;25;0;0;0
13;25;0;0;0
14;25;0;0;0
15;25;0;0;0
16;25;0;0;0
17;25;34;0;0
18;25;18;0;0
19;25;18;0;0
20;25;18;0;0
21;25;18;0;0
22;25;18;0;0
23;25;18;0;0
24;25;18;0;0
25;25;18;0;0
26;25;18;0;0
27;25;18;0;0
28;25;18;0;0
29;25;18;0;0
30;25;0;0;0
0;26;0;0;0
1;26;0;0;0
2;26;0;0;0
3;26;18;0;0
4;26;18;0;0
5;26;18;0;0
6;26;18;0;0
7;26;18;0;0
8;26;18;0;0
9;26;18;0;0
10;26;18;0;0
11;26;0;0;0
12;26;0;0;0
13;26;0;0;0
14;26;0;0;0
15;26;0;0;0
16;26;0;0;0
17;26;34;0;0
18;26;18;0;0
19;26;18;0;0
20;26;18;0;0
21;26;18;0;0
22;26;18;0;0
23;26;18;0;0
24;26;18;0;0
25;26;18;0;0
26;26;18;0;0
27;26;18;0;0
28;26;18;0;0
29;26;18;0;0
30;26;0;0;0
0;27;0;0;0
1;27;0;0;0
2;27;0;0;0
3;27;18;0;0
4;27;18;0;0
5;27;18;0;0
6;27;18;0;0
7;27;18;0;0
8;27;18;0;0
9;27;18;0;0
10;27;18;0;0
11;27;0;0;0
12;27;0;0;0
13;27;0;0;0
14;27;0;0;0
15;27;0;0;0
16;27;0;0;0
17;27;34;0;0
18;27;18;0;0
19;27;18;0;0
20;27;18;0;0
21;27;18;0;0
22;27;18;0;0
23;27;18;0;0
24;27;18;0;0
25;27;18;0;0
26;27;18;0;0
27;27;18;0;0
28;27;18;0;0
29;27;18;0;0
30;27;0;0;0
0;28;0;0;0
1;28;0;0;0
2;28;0;0;0
3;28;0;0;0
4;28;18;0;0
5;28;18;0;0
6;28;18;0;0
7;28;18;0;0
8;28;18;0;0
9;28;18;0;0
10;28;18;0;0
11;28;0;0;0
12;28;0;0;0
13;28;0;0;0
14;28;0;0;0
15;28;0;0;0
16;28;34;0;0
17;28;18;0;0
18;28;18;0;0
19;28;18;0;0
20;28;18;0;0
21;28;18;0;0
22;28;18;0;0
23;28;18;0;0
24;28;18;0;0
25;28;18;0;0
26;28;18;0;0
27;28;18;0;0
28;28;18;0;0
29;28;18;0;0
30;28;0;0;0
0;29;0;0;0
1;29;0;0;0
2;29;0;0;0
3;29;0;0;0
4;29;18;0;0
5;29;18;0;0
6;29;18;0;0
7;29;18;0;0
8;29;18;0;0
9;29;18;0;0
10;29;18;0;0
11;29;0;0;0
12;29;0;0;0
13;29;0;0;0
14;29;0;0;0
15;29;0;0;0
16;29;34;0;0
17;29;18;0;0
18;29;18;0;0
19;29;18;0;0
20;29;18;0;0
21;29;18;0;0
22;29;18;0;0
23;29;18;0;0
24;29;18;0;0
25;29;18;0;0
26;29;18;0;0
27;29;18;0;0
28;29;18;0;0
29;29;18;0;0
30;29;0;0;0
0;30;0;0;0
1;30;0;0;0
2;30;0;0;0
3;30;0;0;0
4;30;18;0;0
5;30;18;0;0
6;30;18;0;0
7;30;18;0;0
8;30;18;0;0
9;30;18;0;0
10;30;18;0;0
11;30;0;0;0
12;30;0;0;0
13;30;0;0;0
14;30;0;0;0
15;30;0;0;0
16;30;34;0;0
17;30;18;0;0
18;30;18;0;0
19;30;18;0;0
20;30;18;0;0
21;30;18;0;0
22;30;18;0;0
23;30;18;0;0
24;30;18;0;0
25;30;18;0;0
26;30;18;0;0
27;30;18;0;0
28;30;18;0;0
29;30;18;0;0
30;30;0;0;0
0;31;0;0;0
1;31;0;0;0
2;31;0;0;0
3;31;0;0;0
4;31;34;0;0
5;31;18;0;0
6;31;18;0;0
7;31;18;0;0
8;31;18;0;0
9;31;18;0;0
10;31;18;0;0
11;31;0;0;0
12;31;0;0;0
13;31;0;0;0
14;31;0;0;0
15;31;0;0;0
16;31;34;0;0
17;31;18;0;0
18;31;18;0;0
19;31;18;0;0
20;31;18;0;0
21;31;18;0;0
22;31;18;0;0
23;31;18;0;0
24;31;18;0;0
25;31;18;0;0
26;31;18;0;0
27;31;18;0;0
28;31;18;0;0
29;31;18;0;0
30;31;0;0;0
0;32;0;0;0
1;32;0;0;0
2;32;0;0;0
3;32;0;0;0
4;32;34;0;0
5;32;0;0;0
6;32;0;0;0
7;32;34;0;0
8;32;0;0;0
9;32;34;0;0
10;32;34;0;0
11;32;0;0;0
12;32;0;0;0
13;32;0;0;0
14;32;0;0;0
15;32;0;0;0
16;32;34;0;0
17;32;18;0;0
18;32;18;0;0
19;32;18;0;0
20;32;18;0;0
21;32;18;0;0
22;32;18;0;0
23;32;18;0;0
24;32;18;0;0
25;32;18;0;0
26;32;18;0;0
27;32;18;0;0
28;32;18;0;0
29;32;18;0;0
30;32;0;0;0
0;33;0;0;0
1;33;0;0;0
2;33;0;0;0
3;33;0;0;0
4;33;0;0;0
5;33;0;0;0
6;33;0;0;0
7;33;0;0;0
8;33;0;0;0
9;33;0;0;0
10;33;0;0;0
11;33;0;0;0
12;33;0;0;0
13;33;0;0;0
14;33;0;0;0
15;33;0;0;0
16;33;34;0;0
17;33;18;0;0
18;33;18;0;0
19;33;18;0;0
20;33;18;0;0
21;33;18;0;0
22;33;18;0;0
23;33;18;0;0
24;33;18;0;0
25;33;18;0;0
26;33;18;0;0
27;33;18;0;0
28;33;18;0;0
29;33;18;0;0
30;33;0;0;0
0;34;0;0;0
1;34;0;0;0
2;34;0;0;0
3;34;0;0;0
4;34;0;0;0
5;34;0;0;0
6;34;0;0;0
7;34;0;0;0
8;34;0;0;0
9;34;0;0;0
10;34;0;0;0
11;34;0;0;0
12;34;0;0;0
13;34;0;0;0
14;34;0;0;0
15;34;0;0;0
16;34;34;0;0
17;34;18;0;0
18;34;18;0;0
19;34;18;0;0
20;34;18;0;0
21;34;18;0;0
22;34;18;0;0
23;34;18;0;0
24;34;18;0;0
25;34;18;0;0
26;34;18;0;0
27;34;18;0;0
28;34;55;0;0
29;34;0;0;0
30;34;0;0;0
0;35;0;0;0
1;35;0;0;0
2;35;0;0;0
3;35;0;0;0
4;35;0;0;0
5;35;0;0;0
6;35;0;0;0
7;35;0;0;0
8;35;0;0;0
9;35;0;0;0
10;35;0;0;0
11;35;0;0;0
12;35;0;0;0
13;35;0;0;0
14;35;0;0;0
15;35;0;0;0
16;35;34;0;0
17;35;18;0;0
18;35;18;0;0
19;35;18;0;0
20;35;18;0;0
21;35;18;0;0
22;35;18;0;0
23;35;18;0;0
24;35;18;0;0
25;35;18;0;0
26;35;18;0;0
27;35;18;0;0
28;35;0;0;0
29;35;0;0;0
30;35;0;0;0
0;36;0;0;0
1;36;0;0;0
2;36;0;0;0
3;36;0;0;0
4;36;0;0;0
5;36;0;0;0
6;36;0;0;0
7;36;0;0;0
8;36;0;0;0
9;36;0;0;0
10;36;0;0;0
11;36;0;0;0
12;36;0;0;0
13;36;0;0;0
14;36;0;0;0
15;36;0;0;0
16;36;34;0;0
17;36;18;0;0
18;36;18;0;0
19;36;18;0;0
20;36;18;0;0
21;36;18;0;0
22;36;18;0;0
23;36;18;0;0
24;36;18;0;0
25;36;18;0;0
26;36;0;0;0
27;36;0;0;0
28;36;0;0;0
29;36;0;0;0
30;36;0;0;0
0;37;0;0;0
1;37;0;0;0
2;37;0;0;0
3;37;0;0;0
4;37;0;0;0
5;37;0;0;0
6;37;0;0;0
7;37;0;0;0
8;37;0;0;0
9;37;0;0;0
10;37;0;0;0
11;37;0;0;0
12;37;0;0;0
13;37;0;0;0
14;37;0;0;0
15;37;0;0;0
16;37;34;0;0
17;37;18;0;0
18;37;18;0;0
19;37;18;0;0
20;37;18;0;0
21;37;18;0;0
22;37;18;0;0
23;37;0;0;0
24;37;0;0;0
25;37;0;0;0
26;37;0;0;0
27;37;0;0;0
28;37;0;0;0
29;37;0;0;0
30;37;0;0;0
0;38;0;0;0
1;38;0;0;0
2;38;0;0;0
3;38;0;0;0
4;38;0;0;0
5;38;0;0;0
6;38;0;0;0
7;38;0;0;0
8;38;0;0;0
9;38;0;0;0
10;38;0;0;0
11;38;0;0;0
12;38;0;0;0
13;38;0;0;0
14;38;0;0;0
15;38;0;0;0
16;38;34;0;0
17;38;18;0;0
18;38;18;0;0
19;38;18;0;0
20;38;18;0;0
21;38;0;0;0
22;38;0;0;0
23;38;0;0;0
24;38;0;0;0
25;38;0;0;0
26;38;0;0;0
27;38;0;0;0
28;38;0;0;0
29;38;0;0;0
30;38;0;0;0
