0;0;0;274;0;333
3;0;0;308;0;333
7;1;0;1783;0;333
12;1;0;1276;0;333
21;1;0;1257;0;333
34;1;0;1266;0;333
37;1;0;1813;0;333
40;1;0;203;0;333
0;2;0;1265;0;333
1;2;0;308;0;333
4;2;0;308;0;333
5;2;0;273;0;333
14;2;0;203;0;333
16;2;0;1276;0;333
26;2;0;203;0;333
35;2;0;274;0;333
38;2;0;914;0;333
39;2;0;274;0;333
2;3;0;1272;0;333
8;3;0;1783;0;333
12;3;0;1257;0;333
35;3;0;1265;0;333
1;4;0;273;0;333
3;4;0;1265;0;333
4;4;0;1251;0;333
5;4;0;1804;0;333
7;4;0;273;0;333
26;4;0;274;0;333
28;4;0;1246;0;333
30;4;0;914;0;333
32;4;0;1812;0;333
12;5;0;274;0;333
13;5;0;1257;0;333
20;5;0;203;0;333
0;6;0;308;0;333
14;6;0;203;0;333
32;6;0;274;0;333
4;7;0;1783;0;333
17;7;0;274;0;333
26;7;0;1812;0;333
29;7;0;1813;0;333
31;7;0;1265;0;333
33;7;0;1246;0;333
34;7;0;1812;0;333
0;8;0;1783;0;333
2;8;0;1804;0;333
16;8;0;1246;0;333
20;8;0;203;0;333
34;8;0;1265;0;333
1;9;0;273;0;333
2;9;0;1782;0;333
5;9;0;1782;0;333
23;9;0;274;0;333
24;9;0;1265;0;333
3;10;0;1783;0;333
8;10;0;1782;0;333
12;10;0;274;0;333
17;10;0;203;0;333
25;10;0;203;0;333
29;10;0;274;0;333
31;10;0;1813;0;333
3;11;0;1783;0;333
9;11;0;203;0;333
15;11;0;274;0;333
18;11;0;1257;0;333
22;11;0;1265;0;333
24;11;0;1782;0;333
27;11;0;1265;0;333
32;11;0;203;0;333
34;11;0;1783;0;333
31;12;0;1782;0;333
35;12;0;1266;0;333
0;13;0;1804;0;333
9;13;0;1276;0;333
14;13;0;1246;0;333
22;13;0;914;0;333
34;13;0;274;0;333
1;14;0;308;0;333
4;14;0;1265;0;333
14;14;0;1782;0;333
1;15;0;308;0;333
2;16;0;273;0;333
2;16;0;274;0;333
4;16;0;1783;0;333
37;16;0;338;0;333
39;16;0;1809;0;333
40;16;0;420;0;333
41;16;0;300;0;333
42;16;0;1783;0;333
44;16;0;300;0;333
46;16;0;586;0;333
48;16;0;1809;0;333
50;16;0;300;0;333
3;17;0;1251;0;333
40;17;0;300;0;333
47;17;0;422;0;333
49;17;0;586;0;333
0;18;0;308;0;333
24;18;0;338;0;333
36;18;0;338;0;333
38;18;0;540;0;333
40;18;0;273;0;333
42;18;0;1266;0;333
45;18;0;1782;0;333
47;18;0;300;0;333
51;18;0;1783;0;333
5;19;0;273;0;333
25;19;0;579;0;333
27;19;0;584;0;333
31;19;0;616;0;333
32;19;0;616;0;333
37;19;0;1782;0;333
40;19;0;1783;0;333
0;20;0;1782;0;333
2;20;0;1804;0;333
5;20;0;1783;0;333
6;20;0;308;0;333
11;20;0;274;0;333
13;20;0;1783;0;333
19;20;0;301;0;333
22;20;0;1245;0;333
31;20;0;615;0;333
32;20;0;615;0;333
36;20;0;220;0;333
36;20;0;1862;0;333
48;20;0;1266;0;333
49;20;0;420;0;333
53;20;0;1809;0;333
0;21;0;1265;0;333
8;21;0;308;0;333
15;21;0;308;0;333
20;21;0;1272;0;333
24;21;0;338;0;333
25;21;0;1266;0;333
31;21;0;616;0;333
32;21;0;616;0;333
33;21;0;619;0;333
34;21;0;620;0;333
35;21;0;618;0;333
45;21;0;1783;0;333
50;21;0;300;0;333
6;22;0;1783;0;333
11;22;0;273;0;333
12;22;0;1273;0;333
21;22;0;1804;0;333
24;22;0;273;0;333
31;22;0;616;0;333
32;22;0;616;0;333
33;22;0;619;0;333
34;22;0;620;0;333
35;22;0;618;0;333
52;22;0;586;0;333
1;23;0;308;0;333
2;23;0;1782;0;333
5;23;0;273;0;333
19;23;0;273;0;333
22;23;0;274;0;333
23;23;0;1783;0;333
25;23;0;308;0;333
31;23;0;615;0;333
32;23;0;615;0;333
35;23;0;1782;0;333
36;23;0;273;0;333
50;23;0;3082;0;333
52;23;0;421;0;333
53;23;0;1783;0;333
1;24;0;273;0;333
3;24;0;308;0;333
7;24;0;308;0;333
11;24;0;308;0;333
14;24;0;1783;0;333
15;24;0;308;0;333
16;24;0;308;0;333
20;24;0;301;0;333
31;24;0;616;0;333
32;24;0;616;0;333
37;24;0;420;0;333
46;24;0;273;0;333
47;24;0;1783;0;333
53;24;0;1807;0;333
54;24;0;274;0;333
5;25;0;308;0;333
8;25;0;308;0;333
10;25;0;308;0;333
12;25;0;301;0;333
19;25;0;1272;0;333
25;25;0;1783;0;333
26;25;0;2170;0;333
27;25;0;273;0;333
35;25;0;338;0;333
37;25;0;586;0;333
38;25;0;586;0;333
40;25;0;422;0;333
50;25;0;1266;0;333
52;25;0;422;0;333
54;25;0;14;0;333
56;25;0;14;0;333
2;26;0;308;0;333
7;26;0;1265;0;333
10;26;0;274;0;333
15;26;0;273;0;333
20;26;0;1245;0;333
27;26;0;1265;0;333
27;26;0;1783;0;333
37;26;0;338;0;333
40;26;0;1783;0;333
41;26;0;300;0;333
44;26;0;420;0;333
52;26;0;1782;0;333
55;26;0;1782;0;333
0;27;0;1804;0;333
1;27;0;1783;0;333
3;27;0;308;0;333
6;27;0;274;0;333
14;27;0;1273;0;333
16;27;0;308;0;333
22;27;0;1272;0;333
25;27;0;1817;0;333
27;27;0;1272;0;333
38;27;0;273;0;333
39;27;0;592;0;333
5;28;0;1782;0;333
6;28;0;273;0;333
7;28;0;308;0;333
11;28;0;308;0;333
12;28;0;308;0;333
20;28;0;1804;0;333
25;28;0;273;0;333
38;28;0;1783;0;333
39;28;0;542;0;333
53;28;0;1807;0;333
54;28;0;273;0;333
54;28;0;1809;0;333
55;28;0;274;0;333
1;29;0;308;0;333
16;29;0;1783;0;333
18;29;0;273;0;333
21;29;0;1783;0;333
42;29;0;586;0;333
43;29;0;422;0;333
51;29;0;586;0;333
54;29;0;1783;0;333
57;29;0;627;0;333
1;30;0;308;0;333
9;30;0;274;0;333
19;30;0;273;0;333
40;30;0;1809;0;333
46;30;0;421;0;333
53;30;0;14;0;333
55;30;0;627;0;333
57;30;0;623;0;333
58;30;0;630;0;333
59;30;0;630;0;333
60;30;0;630;0;333
61;30;0;630;0;333
62;30;0;630;0;333
63;30;0;630;0;333
64;30;0;630;0;333
65;30;0;630;0;333
66;30;0;630;0;333
67;30;0;630;0;333
68;30;0;630;0;333
69;30;0;630;0;333
70;30;0;630;0;333
71;30;0;630;0;333
72;30;0;630;0;333
73;30;0;630;0;333
74;30;0;630;0;333
0;31;0;1783;0;333
2;31;0;308;0;333
15;31;0;274;0;333
19;31;0;1251;0;333
21;31;0;1783;0;333
41;31;0;338;0;333
51;31;0;405;0;333
55;31;0;629;0;333
56;31;0;630;0;333
57;31;0;630;0;333
58;31;0;630;0;333
59;31;0;630;0;333
60;31;0;630;0;333
61;31;0;630;0;333
62;31;0;630;0;333
63;31;0;630;0;333
64;31;0;630;0;333
65;31;0;630;0;333
66;31;0;630;0;333
67;31;0;630;0;333
68;31;0;630;0;333
69;31;0;630;0;333
70;31;0;630;0;333
71;31;0;630;0;333
72;31;0;630;0;333
73;31;0;630;0;333
74;31;0;630;0;333
3;32;0;308;0;333
11;32;0;1804;0;333
42;32;0;14;0;333
52;32;0;627;0;333
55;32;0;629;0;333
56;32;0;630;0;333
57;32;0;630;0;333
58;32;0;630;0;333
59;32;0;630;0;333
60;32;0;630;0;333
61;32;0;630;0;333
62;32;0;630;0;333
63;32;0;630;0;333
64;32;0;630;0;333
65;32;0;630;0;333
66;32;0;630;0;333
67;32;0;630;0;333
68;32;0;630;0;333
69;32;0;630;0;333
70;32;0;630;0;333
71;32;0;630;0;333
72;32;0;630;0;333
73;32;0;630;0;333
74;32;0;630;0;333
0;33;0;274;0;333
5;33;0;1804;0;333
27;33;0;1783;0;333
28;33;0;1807;0;333
29;33;0;274;0;333
42;33;0;1809;0;333
50;33;0;627;0;333
52;33;0;629;0;333
53;33;0;630;0;333
54;33;0;630;0;333
55;33;0;630;0;333
56;33;0;630;0;333
57;33;0;630;0;333
58;33;0;630;0;333
59;33;0;630;0;333
60;33;0;630;0;333
61;33;0;630;0;333
62;33;0;630;0;333
63;33;0;630;0;333
64;33;0;630;0;333
65;33;0;630;0;333
66;33;0;630;0;333
67;33;0;630;0;333
68;33;0;630;0;333
69;33;0;630;0;333
70;33;0;630;0;333
71;33;0;630;0;333
72;33;0;630;0;333
73;33;0;630;0;333
74;33;0;630;0;333
7;34;0;1782;0;333
9;34;0;274;0;333
11;34;0;1783;0;333
27;34;0;1247;0;333
49;34;0;627;0;333
50;34;0;629;0;333
51;34;0;630;0;333
52;34;0;630;0;333
53;34;0;630;0;333
54;34;0;630;0;333
55;34;0;630;0;333
56;34;0;630;0;333
57;34;0;630;0;333
58;34;0;630;0;333
59;34;0;630;0;333
60;34;0;630;0;333
61;34;0;630;0;333
62;34;0;630;0;333
63;34;0;630;0;333
64;34;0;630;0;333
65;34;0;630;0;333
66;34;0;630;0;333
67;34;0;630;0;333
68;34;0;630;0;333
69;34;0;630;0;333
70;34;0;630;0;333
71;34;0;630;0;333
72;34;0;630;0;333
73;34;0;630;0;333
74;34;0;630;0;333
2;35;0;1782;0;333
5;35;0;273;0;333
27;35;0;410;0;333
28;35;0;627;0;333
49;35;0;623;0;333
50;35;0;630;0;333
51;35;0;630;0;333
52;35;0;630;0;333
53;35;0;630;0;333
54;35;0;630;0;333
55;35;0;622;0;333
55;35;0;622;0;333
56;35;0;630;0;333
57;35;0;630;0;333
58;35;0;630;0;333
59;35;0;630;0;333
60;35;0;630;0;333
61;35;0;630;0;333
62;35;0;630;0;333
63;35;0;630;0;333
64;35;0;630;0;333
65;35;0;630;0;333
66;35;0;630;0;333
67;35;0;630;0;333
68;35;0;630;0;333
69;35;0;630;0;333
70;35;0;630;0;333
71;35;0;630;0;333
72;35;0;630;0;333
73;35;0;630;0;333
74;35;0;630;0;333
1;36;0;273;0;333
3;36;0;1265;0;333
4;36;0;1783;0;333
22;36;0;338;0;333
24;36;0;584;0;333
25;36;0;577;0;333
28;36;0;623;0;333
29;36;0;630;0;333
30;36;0;630;0;333
49;36;0;627;0;333
50;36;0;629;0;333
51;36;0;630;0;333
52;36;0;630;0;333
53;36;0;630;0;333
54;36;0;630;0;333
56;36;0;629;0;333
57;36;0;622;0;333
57;36;0;624;0;333
58;36;0;622;0;333
59;36;0;622;0;333
60;36;0;630;0;333
61;36;0;630;0;333
62;36;0;630;0;333
63;36;0;622;0;333
64;36;0;622;0;333
65;36;0;629;0;333
66;36;0;630;0;333
67;36;0;630;0;333
68;36;0;630;0;333
69;36;0;630;0;333
70;36;0;630;0;333
71;36;0;630;0;333
72;36;0;630;0;333
73;36;0;630;0;333
74;36;0;630;0;333
2;37;0;274;0;333
22;37;0;420;0;333
23;37;0;274;0;333
28;37;0;623;0;333
29;37;0;630;0;333
30;37;0;630;0;333
31;37;0;627;0;333
40;37;0;405;0;333
48;37;0;627;0;333
49;37;0;629;0;333
50;37;0;630;0;333
51;37;0;630;0;333
52;37;0;630;0;333
53;37;0;630;0;333
54;37;0;630;0;333
59;37;0;1254;0;333
60;37;0;623;0;333
61;37;0;630;0;333
62;37;0;622;0;333
64;37;0;1254;0;333
65;37;0;1250;0;333
66;37;0;629;0;333
67;37;0;630;0;333
68;37;0;630;0;333
69;37;0;630;0;333
70;37;0;630;0;333
71;37;0;630;0;333
72;37;0;630;0;333
73;37;0;630;0;333
74;37;0;630;0;333
1;38;0;274;0;333
27;38;0;627;0;333
28;38;0;623;0;333
29;38;0;630;0;333
30;38;0;630;0;333
31;38;0;630;0;333
32;38;0;628;0;333
40;38;0;586;0;333
47;38;0;586;0;333
48;38;0;623;0;333
49;38;0;630;0;333
50;38;0;630;0;333
51;38;0;630;0;333
52;38;0;630;0;333
53;38;0;630;0;333
54;38;0;622;0;333
55;38;0;628;0;333
57;38;0;338;0;333
59;38;0;1254;0;333
59;38;0;414;0;333
60;38;0;623;0;333
60;38;0;627;0;333
61;38;0;630;0;333
65;38;0;220;0;333
65;38;0;394;0;333
65;38;0;42;0;333
66;38;0;1278;0;333
67;38;0;629;0;333
68;38;0;630;0;333
69;38;0;630;0;333
70;38;0;630;0;333
71;38;0;630;0;333
72;38;0;630;0;333
73;38;0;630;0;333
74;38;0;630;0;333
26;39;0;415;0;333
27;39;0;629;0;333
28;39;0;630;0;333
29;39;0;630;0;333
30;39;0;630;0;333
31;39;0;630;0;333
32;39;0;630;0;333
33;39;0;630;0;333
34;39;0;630;0;333
45;39;0;1257;0;333
46;39;0;1251;0;333
47;39;0;1251;0;333
48;39;0;623;0;333
49;39;0;630;0;333
50;39;0;630;0;333
51;39;0;630;0;333
52;39;0;630;0;333
53;39;0;622;0;333
54;39;0;1254;0;333
55;39;0;1254;0;333
58;39;0;627;0;333
59;39;0;623;0;333
60;39;0;630;0;333
61;39;0;622;0;333
63;39;0;1272;0;333
66;39;0;1278;0;333
67;39;0;623;0;333
68;39;0;630;0;333
69;39;0;630;0;333
70;39;0;630;0;333
71;39;0;630;0;333
72;39;0;630;0;333
73;39;0;630;0;333
74;39;0;630;0;333
27;40;0;301;0;333
28;40;0;629;0;333
29;40;0;630;0;333
30;40;0;630;0;333
31;40;0;630;0;333
32;40;0;630;0;333
33;40;0;630;0;333
34;40;0;630;0;333
35;40;0;630;0;333
36;40;0;630;0;333
44;40;0;1245;0;333
45;40;0;1245;0;333
46;40;0;1245;0;333
46;40;0;1245;0;333
47;40;0;627;0;333
48;40;0;629;0;333
49;40;0;630;0;333
50;40;0;630;0;333
51;40;0;622;0;333
52;40;0;622;0;333
53;40;0;628;0;333
59;40;0;623;0;333
60;40;0;630;0;333
61;40;0;628;0;333
63;40;0;1783;0;333
65;40;0;1250;0;333
66;40;0;1250;0;333
67;40;0;623;0;333
68;40;0;630;0;333
69;40;0;630;0;333
70;40;0;630;0;333
71;40;0;630;0;333
72;40;0;630;0;333
73;40;0;630;0;333
74;40;0;630;0;333
28;41;0;274;0;333
29;41;0;626;0;333
30;41;0;622;0;333
31;41;0;630;0;333
32;41;0;630;0;333
33;41;0;630;0;333
34;41;0;630;0;333
35;41;0;630;0;333
36;41;0;630;0;333
38;41;0;273;0;333
42;41;0;1782;0;333
44;41;0;627;0;333
46;41;0;1245;0;333
47;41;0;623;0;333
48;41;0;630;0;333
49;41;0;630;0;333
50;41;0;630;0;333
53;41;0;1254;0;333
55;41;0;1783;0;333
56;41;0;627;0;333
57;41;0;623;0;333
58;41;0;630;0;333
59;41;0;630;0;333
59;41;0;630;0;333
60;41;0;622;0;333
64;41;0;915;0;333
64;41;0;915;0;333
65;41;0;627;0;333
67;41;0;630;0;333
68;41;0;630;0;333
69;41;0;630;0;333
70;41;0;630;0;333
71;41;0;630;0;333
72;41;0;630;0;333
73;41;0;630;0;333
74;41;0;630;0;333
27;42;0;914;0;333
29;42;0;1812;0;333
31;42;0;629;0;333
32;42;0;622;0;333
33;42;0;629;0;333
34;42;0;630;0;333
35;42;0;630;0;333
36;42;0;630;0;333
44;42;0;629;0;333
45;42;0;628;0;333
46;42;0;1245;0;333
47;42;0;623;0;333
48;42;0;630;0;333
49;42;0;630;0;333
50;42;0;622;0;333
55;42;0;1245;0;333
56;42;0;623;0;333
57;42;0;630;0;333
58;42;0;630;0;333
59;42;0;622;0;333
60;42;0;628;0;333
63;42;0;1247;0;333
64;42;0;915;0;333
65;42;0;623;0;333
66;42;0;630;0;333
67;42;0;630;0;333
68;42;0;630;0;333
69;42;0;630;0;333
70;42;0;630;0;333
71;42;0;630;0;333
72;42;0;630;0;333
73;42;0;630;0;333
74;42;0;630;0;333
24;43;0;274;0;333
29;43;0;273;0;333
32;43;0;419;0;333
34;43;0;629;0;333
35;43;0;630;0;333
36;43;0;629;0;333
37;43;0;628;0;333
38;43;0;301;0;333
39;43;0;1783;0;333
43;43;0;1245;0;333
44;43;0;1245;0;333
45;43;0;1245;0;333
46;43;0;1245;0;333
46;43;0;1245;0;333
47;43;0;623;0;333
48;43;0;630;0;333
49;43;0;630;0;333
55;43;0;1245;0;333
56;43;0;623;0;333
57;43;0;630;0;333
58;43;0;630;0;333
64;43;0;915;0;333
65;43;0;623;0;333
65;43;0;625;0;333
66;43;0;630;0;333
67;43;0;630;0;333
68;43;0;630;0;333
69;43;0;630;0;333
70;43;0;630;0;333
71;43;0;630;0;333
72;43;0;630;0;333
73;43;0;630;0;333
74;43;0;630;0;333
23;44;0;338;0;333
29;44;0;338;0;333
34;44;0;386;0;333
35;44;0;622;0;333
36;44;0;628;0;333
37;44;0;1783;0;333
38;44;0;1257;0;333
42;44;0;274;0;333
43;44;0;627;0;333
46;44;0;630;0;333
47;44;0;630;0;333
48;44;0;630;0;333
49;44;0;622;0;333
50;44;0;628;0;333
51;44;0;914;0;333
55;44;0;1276;0;333
56;44;0;629;0;333
57;44;0;622;0;333
58;44;0;622;0;333
59;44;0;628;0;333
64;44;0;623;0;333
65;44;0;630;0;333
66;44;0;630;0;333
67;44;0;630;0;333
68;44;0;630;0;333
69;44;0;630;0;333
70;44;0;630;0;333
71;44;0;630;0;333
72;44;0;630;0;333
73;44;0;630;0;333
74;44;0;630;0;333
22;45;0;1817;0;333
25;45;0;1783;0;333
36;45;0;273;0;333
43;45;0;623;0;333
44;45;0;630;0;333
45;45;0;630;0;333
46;45;0;630;0;333
47;45;0;622;0;333
48;45;0;622;0;333
49;45;0;233;0;333
50;45;0;220;0;333
50;45;0;2855;0;333
50;45;0;42;0;333
55;45;0;1251;0;333
56;45;0;220;0;333
56;45;0;394;0;333
56;45;0;42;0;333
57;45;0;1276;0;333
62;45;0;420;0;333
63;45;0;623;0;333
64;45;0;630;0;333
65;45;0;630;0;333
66;45;0;630;0;333
67;45;0;630;0;333
68;45;0;630;0;333
69;45;0;630;0;333
70;45;0;630;0;333
71;45;0;630;0;333
72;45;0;630;0;333
73;45;0;630;0;333
74;45;0;630;0;333
26;46;0;274;0;333
29;46;0;2169;0;333
33;46;0;274;0;333
35;46;0;338;0;333
36;46;0;422;0;333
38;46;0;274;0;333
43;46;0;623;0;333
44;46;0;630;0;333
45;46;0;622;0;333
46;46;0;622;0;333
47;46;0;1273;0;333
48;46;0;915;0;333
51;46;0;1783;0;333
59;46;0;1783;0;333
60;46;0;627;0;333
62;46;0;623;0;333
63;46;0;630;0;333
64;46;0;630;0;333
65;46;0;630;0;333
66;46;0;630;0;333
67;46;0;630;0;333
68;46;0;630;0;333
69;46;0;630;0;333
70;46;0;630;0;333
71;46;0;630;0;333
72;46;0;630;0;333
73;46;0;630;0;333
74;46;0;630;0;333
42;47;0;914;0;333
42;47;0;12;0;333
43;47;0;273;0;333
43;47;0;623;0;333
44;47;0;630;0;333
55;47;0;1783;0;333
56;47;0;1272;0;333
59;47;0;914;0;333
60;47;0;623;0;333
61;47;0;630;0;333
62;47;0;630;0;333
63;47;0;630;0;333
65;47;0;629;0;333
66;47;0;630;0;333
67;47;0;630;0;333
68;47;0;630;0;333
69;47;0;630;0;333
70;47;0;630;0;333
71;47;0;630;0;333
72;47;0;630;0;333
73;47;0;630;0;333
74;47;0;630;0;333
22;48;0;421;0;333
23;48;0;338;0;333
29;48;0;407;0;333
37;48;0;2170;0;333
39;48;0;338;0;333
43;48;0;1783;0;333
43;48;0;629;0;333
44;48;0;597;0;333
51;48;0;1247;0;333
52;48;0;1250;0;333
59;48;0;914;0;333
60;48;0;629;0;333
61;48;0;622;0;333
61;48;0;624;0;333
62;48;0;622;0;333
63;48;0;622;0;333
65;48;0;338;0;333
65;48;0;408;0;333
66;48;0;629;0;333
67;48;0;630;0;333
68;48;0;630;0;333
69;48;0;630;0;333
70;48;0;630;0;333
71;48;0;630;0;333
72;48;0;630;0;333
73;48;0;630;0;333
74;48;0;630;0;333
20;49;0;301;0;333
21;49;0;274;0;333
28;49;0;301;0;333
29;49;0;301;0;333
30;49;0;1817;0;333
32;49;0;1783;0;333
41;49;0;1783;0;333
48;49;0;1272;0;333
50;49;0;232;0;333
51;49;0;232;0;333
52;49;0;1250;0;333
60;49;0;412;0;333
62;49;0;1246;0;333
66;49;0;623;0;333
67;49;0;630;0;333
68;49;0;630;0;333
69;49;0;630;0;333
70;49;0;630;0;333
71;49;0;630;0;333
72;49;0;630;0;333
73;49;0;630;0;333
74;49;0;630;0;333
33;50;0;338;0;333
37;50;0;301;0;333
38;50;0;301;0;333
48;50;0;1783;0;333
50;50;0;232;0;333
51;50;0;627;0;333
56;50;0;1257;0;333
57;50;0;1273;0;333
65;50;0;629;0;333
66;50;0;630;0;333
67;50;0;630;0;333
68;50;0;630;0;333
69;50;0;630;0;333
70;50;0;630;0;333
71;50;0;630;0;333
72;50;0;630;0;333
73;50;0;630;0;333
74;50;0;630;0;333
20;51;0;1783;0;333
34;51;0;273;0;333
36;51;0;1782;0;333
43;51;0;627;0;333
44;51;0;598;0;333
50;51;0;233;0;333
51;51;0;596;0;333
52;51;0;630;0;333
56;51;0;1257;0;333
56;51;0;1257;0;333
57;51;0;1257;0;333
59;51;0;1783;0;333
60;51;0;1246;0;333
64;51;0;629;0;333
65;51;0;630;0;333
66;51;0;630;0;333
67;51;0;630;0;333
68;51;0;630;0;333
69;51;0;630;0;333
70;51;0;630;0;333
71;51;0;630;0;333
72;51;0;630;0;333
73;51;0;630;0;333
74;51;0;630;0;333
30;52;0;274;0;333
43;52;0;623;0;333
44;52;0;630;0;333
51;52;0;220;0;333
51;52;0;2855;0;333
51;52;0;42;0;333
52;52;0;597;0;333
53;52;0;628;0;333
54;52;0;1246;0;333
59;52;0;1251;0;333
60;52;0;627;0;333
64;52;0;629;0;333
65;52;0;630;0;333
66;52;0;630;0;333
67;52;0;630;0;333
68;52;0;630;0;333
69;52;0;630;0;333
70;52;0;630;0;333
71;52;0;630;0;333
72;52;0;630;0;333
73;52;0;630;0;333
74;52;0;630;0;333
27;53;0;273;0;333
29;53;0;421;0;333
36;53;0;274;0;333
42;53;0;914;0;333
42;53;0;12;0;333
43;53;0;623;0;333
44;53;0;630;0;333
53;53;0;1250;0;333
54;53;0;1250;0;333
56;53;0;1783;0;333
57;53;0;1272;0;333
58;53;0;1278;0;333
59;53;0;1251;0;333
60;53;0;623;0;333
61;53;0;630;0;333
62;53;0;630;0;333
63;53;0;630;0;333
64;53;0;630;0;333
65;53;0;630;0;333
66;53;0;630;0;333
67;53;0;630;0;333
68;53;0;630;0;333
69;53;0;630;0;333
70;53;0;630;0;333
71;53;0;630;0;333
72;53;0;630;0;333
73;53;0;630;0;333
74;53;0;630;0;333
22;54;0;273;0;333
24;54;0;301;0;333
28;54;0;233;0;333
32;54;0;1817;0;333
41;54;0;273;0;333
43;54;0;1783;0;333
43;54;0;623;0;333
43;54;0;625;0;333
44;54;0;630;0;333
58;54;0;410;0;333
59;54;0;623;0;333
60;54;0;630;0;333
61;54;0;630;0;333
62;54;0;630;0;333
62;54;0;630;0;333
63;54;0;630;0;333
64;54;0;630;0;333
65;54;0;630;0;333
66;54;0;630;0;333
67;54;0;630;0;333
68;54;0;630;0;333
69;54;0;630;0;333
70;54;0;622;0;333
70;54;0;630;0;333
71;54;0;622;0;333
71;54;0;630;0;333
72;54;0;630;0;333
72;54;0;630;0;333
73;54;0;630;0;333
73;54;0;630;0;333
74;54;0;630;0;333
21;55;0;580;0;333
22;55;0;338;0;333
24;55;0;301;0;333
29;55;0;338;0;333
30;55;0;308;0;333
31;55;0;1782;0;333
32;55;0;308;0;333
34;55;0;1783;0;333
34;55;0;1782;0;333
40;55;0;1782;0;333
43;55;0;623;0;333
44;55;0;630;0;333
45;55;0;630;0;333
49;55;0;627;0;333
59;55;0;623;0;333
60;55;0;630;0;333
61;55;0;630;0;333
62;55;0;630;0;333
63;55;0;630;0;333
64;55;0;630;0;333
65;55;0;630;0;333
66;55;0;630;0;333
67;55;0;630;0;333
68;55;0;630;0;333
69;55;0;630;0;333
70;55;0;630;0;333
71;55;0;630;0;333
72;55;0;629;0;333
72;55;0;630;0;333
73;55;0;630;0;333
73;55;0;630;0;333
74;55;0;630;0;333
20;56;0;422;0;333
21;56;0;585;0;333
24;56;0;1783;0;333
43;56;0;629;0;333
44;56;0;622;0;333
45;56;0;630;0;333
46;56;0;630;0;333
47;56;0;630;0;333
48;56;0;630;0;333
49;56;0;630;0;333
52;56;0;627;0;333
57;56;0;623;0;333
58;56;0;630;0;333
59;56;0;630;0;333
60;56;0;630;0;333
61;56;0;630;0;333
62;56;0;630;0;333
63;56;0;630;0;333
64;56;0;630;0;333
65;56;0;630;0;333
66;56;0;630;0;333
67;56;0;630;0;333
68;56;0;630;0;333
69;56;0;630;0;333
70;56;0;630;0;333
71;56;0;630;0;333
72;56;0;630;0;333
73;56;0;630;0;333
74;56;0;630;0;333
20;57;0;1276;0;333
28;57;0;338;0;333
29;57;0;1783;0;333
31;57;0;308;0;333
40;57;0;3082;0;333
41;57;0;274;0;333
42;57;0;1783;0;333
45;57;0;629;0;333
46;57;0;622;0;333
47;57;0;622;0;333
48;57;0;622;0;333
49;57;0;630;0;333
50;57;0;630;0;333
52;57;0;623;0;333
53;57;0;630;0;333
54;57;0;630;0;333
57;57;0;623;0;333
58;57;0;630;0;333
59;57;0;630;0;333
60;57;0;630;0;333
60;57;0;630;0;333
61;57;0;630;0;333
61;57;0;630;0;333
62;57;0;630;0;333
62;57;0;630;0;333
63;57;0;630;0;333
63;57;0;630;0;333
64;57;0;630;0;333
64;57;0;630;0;333
65;57;0;630;0;333
66;57;0;630;0;333
67;57;0;630;0;333
68;57;0;630;0;333
69;57;0;630;0;333
70;57;0;630;0;333
71;57;0;630;0;333
72;57;0;630;0;333
73;57;0;630;0;333
74;57;0;630;0;333
20;58;0;274;0;333
32;58;0;420;0;333
34;58;0;273;0;333
47;58;0;623;0;333
48;58;0;630;0;333
49;58;0;630;0;333
50;58;0;630;0;333
51;58;0;630;0;333
52;58;0;630;0;333
53;58;0;630;0;333
54;58;0;630;0;333
55;58;0;630;0;333
56;58;0;630;0;333
57;58;0;630;0;333
58;58;0;630;0;333
59;58;0;630;0;333
60;58;0;630;0;333
60;58;0;630;0;333
61;58;0;630;0;333
61;58;0;630;0;333
62;58;0;630;0;333
62;58;0;630;0;333
63;58;0;630;0;333
63;58;0;630;0;333
64;58;0;630;0;333
64;58;0;630;0;333
65;58;0;630;0;333
66;58;0;630;0;333
67;58;0;630;0;333
68;58;0;630;0;333
69;58;0;630;0;333
70;58;0;630;0;333
71;58;0;630;0;333
72;58;0;630;0;333
73;58;0;630;0;333
74;58;0;630;0;333
38;59;0;1782;0;333
42;59;0;308;0;333
43;59;0;1782;0;333
44;59;0;308;0;333
46;59;0;301;0;333
47;59;0;629;0;333
48;59;0;630;0;333
49;59;0;630;0;333
50;59;0;630;0;333
51;59;0;630;0;333
52;59;0;630;0;333
53;59;0;630;0;333
54;59;0;630;0;333
55;59;0;630;0;333
56;59;0;630;0;333
57;59;0;630;0;333
58;59;0;630;0;333
59;59;0;630;0;333
60;59;0;630;0;333
60;59;0;630;0;333
61;59;0;630;0;333
62;59;0;630;0;333
62;59;0;630;0;333
63;59;0;630;0;333
63;59;0;630;0;333
64;59;0;630;0;333
64;59;0;630;0;333
65;59;0;630;0;333
66;59;0;630;0;333
67;59;0;630;0;333
68;59;0;630;0;333
69;59;0;630;0;333
70;59;0;630;0;333
71;59;0;630;0;333
72;59;0;630;0;333
73;59;0;630;0;333
74;59;0;630;0;333
28;60;0;308;0;333
29;60;0;1817;0;333
35;60;0;1783;0;333
40;60;0;387;0;333
43;60;0;273;0;333
46;60;0;301;0;333
47;60;0;627;0;333
48;60;0;630;0;333
49;60;0;630;0;333
50;60;0;630;0;333
51;60;0;630;0;333
52;60;0;630;0;333
53;60;0;630;0;333
54;60;0;630;0;333
55;60;0;630;0;333
56;60;0;630;0;333
57;60;0;630;0;333
58;60;0;630;0;333
59;60;0;630;0;333
60;60;0;630;0;333
60;60;0;630;0;333
61;60;0;630;0;333
62;60;0;630;0;333
62;60;0;630;0;333
63;60;0;630;0;333
63;60;0;630;0;333
64;60;0;630;0;333
64;60;0;630;0;333
65;60;0;630;0;333
66;60;0;630;0;333
67;60;0;630;0;333
68;60;0;630;0;333
69;60;0;630;0;333
70;60;0;630;0;333
71;60;0;630;0;333
72;60;0;630;0;333
73;60;0;630;0;333
74;60;0;630;0;333
28;61;0;1782;0;333
29;61;0;308;0;333
30;61;0;308;0;333
40;61;0;387;0;333
42;61;0;1783;0;333
47;61;0;623;0;333
48;61;0;630;0;333
49;61;0;630;0;333
50;61;0;630;0;333
51;61;0;630;0;333
52;61;0;630;0;333
53;61;0;630;0;333
54;61;0;630;0;333
55;61;0;630;0;333
56;61;0;630;0;333
57;61;0;630;0;333
57;61;0;630;0;333
58;61;0;630;0;333
58;61;0;630;0;333
59;61;0;630;0;333
60;61;0;630;0;333
60;61;0;630;0;333
61;61;0;630;0;333
61;61;0;630;0;333
62;61;0;630;0;333
62;61;0;630;0;333
62;61;0;630;0;333
63;61;0;630;0;333
63;61;0;630;0;333
63;61;0;630;0;333
64;61;0;630;0;333
64;61;0;630;0;333
64;61;0;630;0;333
65;61;0;630;0;333
65;61;0;630;0;333
66;61;0;630;0;333
66;61;0;630;0;333
67;61;0;630;0;333
68;61;0;630;0;333
69;61;0;630;0;333
70;61;0;630;0;333
71;61;0;630;0;333
72;61;0;630;0;333
73;61;0;630;0;333
74;61;0;630;0;333
31;62;0;308;0;333
33;62;0;301;0;333
36;62;0;273;0;333
41;62;0;420;0;333
47;62;0;623;0;333
48;62;0;630;0;333
49;62;0;630;0;333
50;62;0;630;0;333
51;62;0;630;0;333
52;62;0;630;0;333
53;62;0;630;0;333
54;62;0;630;0;333
55;62;0;630;0;333
56;62;0;630;0;333
57;62;0;630;0;333
57;62;0;630;0;333
58;62;0;630;0;333
58;62;0;630;0;333
59;62;0;630;0;333
60;62;0;630;0;333
61;62;0;630;0;333
62;62;0;630;0;333
62;62;0;630;0;333
63;62;0;630;0;333
63;62;0;630;0;333
64;62;0;630;0;333
64;62;0;630;0;333
65;62;0;630;0;333
65;62;0;630;0;333
66;62;0;630;0;333
66;62;0;630;0;333
67;62;0;630;0;333
68;62;0;630;0;333
69;62;0;630;0;333
70;62;0;630;0;333
71;62;0;630;0;333
72;62;0;630;0;333
73;62;0;630;0;333
74;62;0;630;0;333
28;63;0;1783;0;333
29;63;0;308;0;333
33;63;0;301;0;333
44;63;0;308;0;333
45;63;0;1782;0;333
47;63;0;626;0;333
48;63;0;630;0;333
49;63;0;630;0;333
50;63;0;630;0;333
51;63;0;630;0;333
52;63;0;630;0;333
53;63;0;630;0;333
54;63;0;630;0;333
55;63;0;630;0;333
56;63;0;630;0;333
57;63;0;630;0;333
57;63;0;630;0;333
58;63;0;630;0;333
59;63;0;630;0;333
60;63;0;630;0;333
61;63;0;630;0;333
62;63;0;630;0;333
62;63;0;630;0;333
63;63;0;630;0;333
63;63;0;630;0;333
64;63;0;630;0;333
64;63;0;630;0;333
65;63;0;630;0;333
65;63;0;630;0;333
66;63;0;630;0;333
66;63;0;630;0;333
67;63;0;630;0;333
68;63;0;630;0;333
69;63;0;630;0;333
70;63;0;630;0;333
71;63;0;630;0;333
72;63;0;630;0;333
73;63;0;630;0;333
74;63;0;630;0;333
31;64;0;274;0;333
41;64;0;308;0;333
44;64;0;273;0;333
45;64;0;1817;0;333
47;64;0;629;0;333
48;64;0;630;0;333
49;64;0;630;0;333
50;64;0;630;0;333
51;64;0;630;0;333
52;64;0;630;0;333
53;64;0;630;0;333
54;64;0;630;0;333
55;64;0;630;0;333
56;64;0;630;0;333
57;64;0;630;0;333
57;64;0;630;0;333
58;64;0;630;0;333
59;64;0;630;0;333
60;64;0;630;0;333
61;64;0;630;0;333
62;64;0;630;0;333
62;64;0;630;0;333
63;64;0;630;0;333
63;64;0;630;0;333
64;64;0;630;0;333
64;64;0;630;0;333
65;64;0;630;0;333
65;64;0;630;0;333
66;64;0;630;0;333
66;64;0;630;0;333
66;64;0;630;0;333
67;64;0;630;0;333
67;64;0;630;0;333
68;64;0;630;0;333
68;64;0;630;0;333
68;64;0;630;0;333
69;64;0;630;0;333
69;64;0;630;0;333
70;64;0;630;0;333
70;64;0;630;0;333
71;64;0;630;0;333
71;64;0;630;0;333
72;64;0;630;0;333
72;64;0;630;0;333
73;64;0;630;0;333
73;64;0;630;0;333
74;64;0;630;0;333
27;65;0;1272;0;333
28;65;0;1817;0;333
29;65;0;273;0;333
31;65;0;308;0;333
33;65;0;420;0;333
46;65;0;387;0;333
48;65;0;629;0;333
49;65;0;630;0;333
50;65;0;630;0;333
51;65;0;630;0;333
52;65;0;630;0;333
53;65;0;630;0;333
54;65;0;630;0;333
55;65;0;630;0;333
56;65;0;630;0;333
57;65;0;630;0;333
57;65;0;630;0;333
58;65;0;630;0;333
59;65;0;630;0;333
60;65;0;630;0;333
61;65;0;630;0;333
62;65;0;630;0;333
63;65;0;630;0;333
64;65;0;630;0;333
65;65;0;630;0;333
66;65;0;630;0;333
66;65;0;630;0;333
67;65;0;630;0;333
68;65;0;630;0;333
68;65;0;630;0;333
69;65;0;630;0;333
70;65;0;630;0;333
71;65;0;630;0;333
72;65;0;630;0;333
73;65;0;626;0;333
73;65;0;630;0;333
74;65;0;630;0;333
31;66;0;1783;0;333
35;66;0;308;0;333
41;66;0;274;0;333
44;66;0;1783;0;333
46;66;0;308;0;333
48;66;0;301;0;333
49;66;0;629;0;333
50;66;0;630;0;333
51;66;0;630;0;333
52;66;0;630;0;333
53;66;0;630;0;333
54;66;0;630;0;333
55;66;0;630;0;333
56;66;0;630;0;333
57;66;0;630;0;333
57;66;0;630;0;333
58;66;0;630;0;333
59;66;0;630;0;333
60;66;0;630;0;333
61;66;0;630;0;333
62;66;0;630;0;333
63;66;0;630;0;333
64;66;0;630;0;333
65;66;0;630;0;333
66;66;0;630;0;333
66;66;0;630;0;333
67;66;0;630;0;333
68;66;0;630;0;333
68;66;0;630;0;333
69;66;0;630;0;333
70;66;0;630;0;333
71;66;0;630;0;333
72;66;0;630;0;333
73;66;0;630;0;333
74;66;0;630;0;333
45;67;0;420;0;333
47;67;0;1782;0;333
49;67;0;301;0;333
50;67;0;629;0;333
51;67;0;630;0;333
52;67;0;630;0;333
53;67;0;630;0;333
54;67;0;630;0;333
55;67;0;630;0;333
56;67;0;630;0;333
57;67;0;630;0;333
58;67;0;630;0;333
59;67;0;630;0;333
60;67;0;630;0;333
61;67;0;630;0;333
62;67;0;630;0;333
63;67;0;630;0;333
64;67;0;630;0;333
65;67;0;630;0;333
66;67;0;630;0;333
66;67;0;630;0;333
66;67;0;630;0;333
67;67;0;630;0;333
67;67;0;630;0;333
68;67;0;630;0;333
68;67;0;630;0;333
69;67;0;630;0;333
70;67;0;630;0;333
71;67;0;630;0;333
72;67;0;630;0;333
73;67;0;630;0;333
74;67;0;630;0;333
74;67;0;630;0;333
32;68;0;308;0;333
33;68;0;387;0;333
34;68;0;387;0;333
37;68;0;1266;0;333
42;68;0;274;0;333
51;68;0;623;0;333
52;68;0;630;0;333
53;68;0;630;0;333
54;68;0;630;0;333
55;68;0;630;0;333
56;68;0;630;0;333
57;68;0;630;0;333
58;68;0;630;0;333
59;68;0;630;0;333
60;68;0;630;0;333
61;68;0;630;0;333
62;68;0;630;0;333
63;68;0;630;0;333
64;68;0;630;0;333
65;68;0;630;0;333
66;68;0;630;0;333
66;68;0;630;0;333
67;68;0;630;0;333
68;68;0;630;0;333
69;68;0;630;0;333
70;68;0;630;0;333
71;68;0;630;0;333
72;68;0;630;0;333
73;68;0;630;0;333
74;68;0;630;0;333
30;69;0;1266;0;333
44;69;0;1783;0;333
47;69;0;273;0;333
50;69;0;625;0;333
51;69;0;630;0;333
52;69;0;630;0;333
53;69;0;630;0;333
54;69;0;630;0;333
55;69;0;630;0;333
56;69;0;630;0;333
57;69;0;630;0;333
58;69;0;630;0;333
58;69;0;630;0;333
59;69;0;630;0;333
59;69;0;630;0;333
60;69;0;630;0;333
60;69;0;630;0;333
61;69;0;630;0;333
61;69;0;630;0;333
62;69;0;630;0;333
62;69;0;630;0;333
63;69;0;629;0;333
63;69;0;630;0;333
63;69;0;630;0;333
64;69;0;630;0;333
64;69;0;630;0;333
65;69;0;630;0;333
65;69;0;630;0;333
65;69;0;630;0;333
65;69;0;630;0;333
66;69;0;630;0;333
66;69;0;630;0;333
67;69;0;630;0;333
68;69;0;630;0;333
69;69;0;630;0;333
70;69;0;630;0;333
71;69;0;630;0;333
71;69;0;630;0;333
72;69;0;630;0;333
73;69;0;630;0;333
73;69;0;630;0;333
74;69;0;630;0;333
29;70;0;273;0;333
32;70;0;1783;0;333
40;70;0;1782;0;333
51;70;0;630;0;333
52;70;0;630;0;333
53;70;0;622;0;333
53;70;0;630;0;333
54;70;0;626;0;333
54;70;0;630;0;333
55;70;0;630;0;333
56;70;0;630;0;333
57;70;0;630;0;333
58;70;0;630;0;333
58;70;0;630;0;333
59;70;0;630;0;333
59;70;0;630;0;333
60;70;0;630;0;333
60;70;0;630;0;333
61;70;0;630;0;333
61;70;0;630;0;333
62;70;0;630;0;333
62;70;0;630;0;333
63;70;0;629;0;333
63;70;0;630;0;333
63;70;0;630;0;333
64;70;0;630;0;333
64;70;0;630;0;333
64;70;0;630;0;333
64;70;0;630;0;333
64;70;0;630;0;333
64;70;0;630;0;333
64;70;0;630;0;333
65;70;0;630;0;333
65;70;0;630;0;333
65;70;0;630;0;333
65;70;0;630;0;333
66;70;0;630;0;333
66;70;0;630;0;333
67;70;0;626;0;333
68;70;0;626;0;333
69;70;0;629;0;333
70;70;0;630;0;333
70;70;0;630;0;333
71;70;0;599;0;333
71;70;0;630;0;333
71;70;0;630;0;333
72;70;0;596;0;333
72;70;0;630;0;333
73;70;0;630;0;333
73;70;0;630;0;333
74;70;0;630;0;333
37;71;0;1783;0;333
50;71;0;301;0;333
51;71;0;629;0;333
52;71;0;630;0;333
53;71;0;630;0;333
54;71;0;630;0;333
55;71;0;629;0;333
56;71;0;630;0;333
56;71;0;630;0;333
57;71;0;630;0;333
58;71;0;630;0;333
59;71;0;630;0;333
60;71;0;630;0;333
61;71;0;630;0;333
62;71;0;630;0;333
63;71;0;630;0;333
63;71;0;630;0;333
64;71;0;630;0;333
65;71;0;630;0;333
65;71;0;630;0;333
65;71;0;630;0;333
73;71;0;629;0;333
74;71;0;628;0;333
29;72;0;273;0;333
38;72;0;614;0;333
39;72;0;614;0;333
41;72;0;273;0;333
51;72;0;274;0;333
52;72;0;629;0;333
53;72;0;622;0;333
54;72;0;622;0;333
55;72;0;626;0;333
56;72;0;629;0;333
57;72;0;630;0;333
57;72;0;630;0;333
57;72;0;630;0;333
57;72;0;630;0;333
58;72;0;630;0;333
58;72;0;630;0;333
59;72;0;630;0;333
59;72;0;630;0;333
60;72;0;630;0;333
60;72;0;630;0;333
61;72;0;630;0;333
61;72;0;630;0;333
62;72;0;630;0;333
62;72;0;630;0;333
63;72;0;630;0;333
63;72;0;630;0;333
27;73;0;1782;0;333
38;73;0;616;0;333
39;73;0;616;0;333
40;73;0;1782;0;333
55;73;0;273;0;333
56;73;0;301;0;333
57;73;0;629;0;333
58;73;0;630;0;333
59;73;0;630;0;333
60;73;0;630;0;333
61;73;0;630;0;333
62;73;0;630;0;333
63;73;0;630;0;333
38;74;0;615;0;333
39;74;0;615;0;333
56;74;0;301;0;333
57;74;0;629;0;333
58;74;0;630;0;333
59;74;0;630;0;333
60;74;0;630;0;333
61;74;0;630;0;333
62;74;0;630;0;333
63;74;0;628;0;333
38;75;0;615;0;333
39;75;0;615;0;333
54;75;0;1783;0;333
56;75;0;629;0;333
57;75;0;630;0;333
58;75;0;630;0;333
59;75;0;630;0;333
60;75;0;630;0;333
61;75;0;630;0;333
62;75;0;628;0;333
33;76;0;274;0;333
38;76;0;616;0;333
39;76;0;616;0;333
40;76;0;338;0;333
43;76;0;338;0;333
56;76;0;273;0;333
57;76;0;629;0;333
58;76;0;629;0;333
59;76;0;630;0;333
60;76;0;630;0;333
31;77;0;338;0;333
38;77;0;617;0;333
39;77;0;617;0;333
40;77;0;1808;0;333
43;77;0;301;0;333
44;77;0;301;0;333
59;77;0;629;0;333
60;77;0;628;0;333
42;78;0;387;0;333
43;78;0;871;0;333
44;78;0;853;0;333
45;78;0;853;0;333
45;78;0;210;0;333
46;78;0;857;0;333
47;78;0;853;0;333
48;78;0;872;0;333
48;78;0;276;0;333
29;79;0;273;0;333
36;79;0;273;0;333
42;79;0;387;0;333
43;79;0;856;0;333
48;79;0;854;0;333
31;80;0;1809;0;333
41;80;0;1782;0;333
42;80;0;404;0;333
42;80;0;42;0;333
43;80;0;856;0;333
46;80;0;320;0;333
47;80;0;320;0;333
47;80;0;2852;0;333
47;80;0;42;0;333
48;80;0;854;0;333
48;80;0;320;0;333
48;80;0;516;0;333
43;81;0;856;0;333
46;81;0;320;0;333
47;81;0;215;0;333
48;81;0;858;0;333
48;81;0;515;0;333
32;82;0;396;0;333
32;82;0;42;0;333
37;82;0;396;0;333
37;82;0;42;0;333
43;82;0;868;0;333
46;82;0;320;0;333
47;82;0;215;0;333
48;82;0;854;0;333
48;82;0;513;0;333
30;83;0;1783;0;333
32;83;0;433;0;333
33;83;0;432;0;333
33;83;0;433;0;333
33;83;0;1812;0;333
35;83;0;433;0;333
36;83;0;432;0;333
36;83;0;433;0;333
36;83;0;1812;0;333
43;83;0;856;0;333
46;83;0;320;0;333
47;83;0;320;0;333
47;83;0;2852;0;333
47;83;0;42;0;333
48;83;0;854;0;333
48;83;0;320;0;333
27;84;0;1817;0;333
33;84;0;432;0;333
35;84;0;2079;0;333
36;84;0;432;0;333
40;84;0;274;0;333
42;84;0;404;0;333
42;84;0;42;0;333
43;84;0;856;0;333
48;84;0;854;0;333
42;85;0;301;0;333
43;85;0;860;0;333
44;85;0;266;0;333
46;85;0;266;0;333
48;85;0;854;0;333
32;86;0;433;0;333
33;86;0;432;0;333
33;86;0;433;0;333
33;86;0;1812;0;333
35;86;0;433;0;333
36;86;0;432;0;333
36;86;0;433;0;333
36;86;0;1812;0;333
42;86;0;301;0;333
43;86;0;869;0;333
44;86;0;855;0;333
45;86;0;855;0;333
46;86;0;859;0;333
47;86;0;855;0;333
48;86;0;870;0;333
49;86;0;386;0;333
28;87;0;308;0;333
32;87;0;396;0;333
32;87;0;42;0;333
33;87;0;432;0;333
36;87;0;432;0;333
37;87;0;396;0;333
37;87;0;42;0;333
44;87;0;506;0;333
45;87;0;386;0;333
46;87;0;386;0;333
47;87;0;1254;0;333
48;87;0;1245;0;333
49;87;0;274;0;333
51;87;0;1782;0;333
27;88;0;2170;0;333
28;88;0;273;0;333
33;88;0;1782;0;333
38;88;0;273;0;333
43;88;0;338;0;333
45;88;0;273;0;333
46;88;0;914;0;333
47;88;0;1251;0;333
48;88;0;1246;0;333
28;89;0;1790;0;333
38;89;0;586;0;333
45;89;0;915;0;333
46;89;0;232;0;333
47;89;0;1257;0;333
48;89;0;1247;0;333
29;90;0;308;0;333
33;90;0;614;0;333
34;90;0;614;0;333
35;90;0;614;0;333
36;90;0;614;0;333
27;91;0;274;0;333
29;91;0;1360;0;333
30;91;0;1360;0;333
31;91;0;507;0;333
33;91;0;616;0;333
34;91;0;616;0;333
35;91;0;616;0;333
36;91;0;616;0;333
36;91;0;513;0;333
29;92;0;1360;0;333
30;92;0;1360;0;333
32;92;0;273;0;333
33;92;0;615;0;333
34;92;0;615;0;333
35;92;0;615;0;333
35;92;0;513;0;333
36;92;0;615;0;333
36;92;0;513;0;333
33;93;0;615;0;333
34;93;0;615;0;333
35;93;0;615;0;333
35;93;0;513;0;333
36;93;0;615;0;333
36;93;0;513;0;333
39;93;0;509;0;333
33;94;0;615;0;333
34;94;0;615;0;333
35;94;0;615;0;333
36;94;0;615;0;333
33;95;0;615;0;333
34;95;0;615;0;333
35;95;0;615;0;333
36;95;0;615;0;333
36;95;0;8;0;333
33;96;0;615;0;333
34;96;0;615;0;333
35;96;0;615;0;333
36;96;0;615;0;333
36;96;0;8;0;333
33;97;0;615;0;333
34;97;0;615;0;333
35;97;0;615;0;333
36;97;0;615;0;333
33;98;0;615;0;333
34;98;0;615;0;333
35;98;0;615;0;333
36;98;0;615;0;333
33;99;0;615;0;333
34;99;0;615;0;333
35;99;0;615;0;333
36;99;0;615;0;333
