# Illarion Server
# 
# This program is free software: you can redistribute it and/or modify it under
# the terms of the GNU Affero General Public License as published by the Free
# Software Foundation, either version 3 of the License, or (at your option) any
# later version.
# 
# This program is distributed in the hope that it will be useful, but WITHOUT
# ANY WARRANTY; without even the implied warranty of MERCHANTABILITY or FITNESS
# FOR A PARTICULAR PURPOSE.  See the GNU Affero General Public License for more
# details.
# 
# You should have received a copy of the GNU Affero General Public License along
# with this program.  If not, see <http://www.gnu.org/licenses/>.
47;0;3626;333
48;0;3622;333
49;0;3622;333
50;0;3622;333
51;0;3622;333
52;0;3622;333
53;0;3614;333
55;0;3617;333
56;0;3622;333
57;0;3622;333
58;0;3622;333
59;0;3622;333
60;0;3622;333
61;0;3622;333
62;0;3622;333
63;0;3622;333
64;0;3622;333
65;0;3622;333
66;0;3622;333
67;0;3622;333
68;0;3622;333
69;0;3622;333
70;0;3622;333
71;0;3622;333
72;0;3622;333
73;0;3622;333
74;0;3622;333
75;0;3622;333
76;0;3622;333
77;0;3622;333
78;0;3622;333
79;0;3622;333
80;0;3622;333
81;0;3622;333
82;0;3622;333
83;0;3622;333
84;0;3622;333
85;0;3622;333
86;0;3622;333
87;0;3622;333
88;0;3622;333
89;0;3622;333
90;0;3622;333
91;0;3622;333
92;0;3622;333
93;0;3622;333
94;0;3622;333
95;0;3622;333
96;0;3622;333
97;0;3622;333
98;0;3622;333
99;0;3622;333
47;1;3621;333
48;1;3624;333
49;1;3624;333
50;1;3622;333
51;1;3622;333
52;1;3622;333
53;1;3614;333
55;1;3617;333
56;1;3622;333
57;1;3622;333
58;1;3622;333
59;1;3624;333
59;1;3625;333
60;1;3624;333
61;1;3624;333
62;1;3624;333
62;1;3626;333
63;1;3622;333
64;1;3622;333
65;1;3622;333
66;1;3622;333
67;1;3622;333
68;1;3622;333
69;1;3622;333
70;1;3622;333
71;1;3622;333
72;1;3622;333
73;1;3624;333
74;1;3619;333
74;1;3619;333
79;1;3621;333
80;1;3624;333
81;1;3624;333
82;1;3624;333
83;1;3624;333
84;1;3624;333
85;1;3624;333
86;1;3624;333
87;1;3624;333
88;1;3619;333
90;1;3626;333
91;1;3622;333
92;1;3622;333
93;1;3622;333
94;1;3622;333
95;1;3622;333
96;1;3622;333
97;1;3622;333
98;1;3622;333
99;1;3622;333
49;2;3621;333
50;2;3624;333
51;2;3624;333
52;2;3624;333
53;2;3619;333
54;2;359;333
55;2;3621;333
56;2;3624;333
56;2;3626;333
57;2;3622;333
58;2;3625;333
59;2;3619;333
62;2;3621;333
63;2;3624;333
64;2;3622;333
65;2;3622;333
66;2;3622;333
67;2;3622;333
68;2;3622;333
69;2;3622;333
70;2;3622;333
71;2;3622;333
72;2;3625;333
72;2;3624;333
73;2;3619;333
90;2;3621;333
91;2;3624;333
92;2;3624;333
93;2;3624;333
94;2;3626;333
94;2;3624;333
95;2;3622;333
96;2;3622;333
97;2;3622;333
98;2;3622;333
99;2;3622;333
50;3;359;333
56;3;3621;333
57;3;3624;333
58;3;3619;333
64;3;3624;333
64;3;3626;333
65;3;3622;333
66;3;3622;333
67;3;3622;333
68;3;3622;333
69;3;3622;333
70;3;3625;333
70;3;3624;333
71;3;3624;333
72;3;3619;333
94;3;3621;333
95;3;3626;333
95;3;3624;333
96;3;3622;333
97;3;3622;333
98;3;3622;333
99;3;3622;333
64;4;3626;333
65;4;3622;333
66;4;3622;333
67;4;3622;333
68;4;3622;333
69;4;3625;333
69;4;3624;333
70;4;3619;333
95;4;3621;333
96;4;3626;333
96;4;3624;333
97;4;3622;333
98;4;3622;333
99;4;3622;333
63;5;3620;333
64;5;3626;333
64;5;3623;333
65;5;3622;333
66;5;3622;333
67;5;3622;333
68;5;3625;333
68;5;3624;333
69;5;3619;333
96;5;3621;333
97;5;3626;333
97;5;3624;333
98;5;3622;333
99;5;3622;333
62;6;3620;333
63;6;3623;333
64;6;3622;333
65;6;3622;333
66;6;3622;333
67;6;3622;333
68;6;3625;333
97;6;3626;333
98;6;3622;333
99;6;3622;333
62;7;3626;333
63;7;3622;333
64;7;3622;333
65;7;3625;333
65;7;3624;333
66;7;3624;333
67;7;3624;333
68;7;3619;333
73;7;3620;333
74;7;3618;333
97;7;3626;333
98;7;3622;333
99;7;3622;333
61;8;3620;333
62;8;3626;333
62;8;3623;333
63;8;3622;333
64;8;3622;333
65;8;3625;333
73;8;3621;333
74;8;3619;333
97;8;3626;333
98;8;3622;333
99;8;3622;333
60;9;3620;333
61;9;3626;333
61;9;3623;333
62;9;3622;333
63;9;3622;333
64;9;3625;333
64;9;3624;333
65;9;3619;333
96;9;1003;333
96;9;1003;333
97;9;3626;333
98;9;3622;333
99;9;3622;333
60;10;3626;333
61;10;3622;333
62;10;3622;333
63;10;3622;333
64;10;3625;333
68;10;3621;333
69;10;3624;333
70;10;3624;333
71;10;3624;333
72;10;3619;333
82;10;3620;333
83;10;3623;333
84;10;3623;333
85;10;3623;333
86;10;3623;333
87;10;3623;333
88;10;3618;333
97;10;3626;333
98;10;3622;333
99;10;3622;333
60;11;3626;333
61;11;3622;333
62;11;3622;333
63;11;3625;333
63;11;3624;333
64;11;3619;333
82;11;3621;333
83;11;3624;333
84;11;3624;333
85;11;3624;333
86;11;3624;333
87;11;3624;333
88;11;3625;333
88;11;3626;333
89;11;3618;333
97;11;3626;333
98;11;3622;333
99;11;3622;333
49;12;3620;333
50;12;3623;333
51;12;3623;333
52;12;3618;333
60;12;3626;333
61;12;3622;333
62;12;3625;333
62;12;3624;333
63;12;3619;333
88;12;3626;333
89;12;3625;333
97;12;3621;333
98;12;3626;333
98;12;3624;333
99;12;3622;333
49;13;3626;333
50;13;3622;333
51;13;3622;333
52;13;3623;333
52;13;3625;333
53;13;3623;333
54;13;3618;333
60;13;3621;333
61;13;3624;333
62;13;3619;333
88;13;3626;333
89;13;3625;333
98;13;3626;333
99;13;3622;333
49;14;3621;333
50;14;3624;333
51;14;3624;333
51;14;3626;333
52;14;3622;333
53;14;3622;333
54;14;3625;333
88;14;3621;333
98;14;3626;333
99;14;3622;333
51;15;3626;333
52;15;3622;333
53;15;3622;333
54;15;3625;333
98;15;3621;333
99;15;3622;333
51;16;3626;333
52;16;3622;333
53;16;3622;333
54;16;3625;333
98;16;3621;333
99;16;3624;333
51;17;3626;333
52;17;3622;333
53;17;3622;333
54;17;3625;333
51;18;3621;333
52;18;3624;333
53;18;3624;333
54;18;3619;333
0;22;3623;333
0;23;3622;333
0;24;3622;333
0;25;3622;333
1;25;3618;333
86;25;3632;333
0;26;3622;333
1;26;3625;333
0;27;3622;333
1;27;3625;333
0;28;3622;333
1;28;3625;333
0;29;3622;333
1;29;3625;333
1;29;3625;333
26;29;3632;333
0;30;3622;333
1;30;3625;333
0;31;3622;333
1;31;3619;333
0;32;3622;333
0;33;3622;333
0;34;3622;333
0;35;3622;333
0;36;3622;333
0;37;3622;333
0;38;3622;333
98;38;3620;333
99;38;3618;333
0;39;3622;333
98;39;3626;333
99;39;3625;333
0;40;3622;333
98;40;3626;333
99;40;3625;333
0;41;3622;333
98;41;3626;333
99;41;3625;333
0;42;3622;333
98;42;3626;333
99;42;3625;333
0;43;3622;333
98;43;3626;333
99;43;3625;333
0;44;3622;333
98;44;3626;333
99;44;3625;333
0;45;3622;333
98;45;3626;333
99;45;3625;333
0;46;3622;333
84;46;3620;333
85;46;3618;333
98;46;3626;333
99;46;3625;333
0;47;3622;333
84;47;3621;333
85;47;3619;333
98;47;3621;333
99;47;3626;333
99;47;3624;333
0;48;3622;333
99;48;3626;333
0;49;3622;333
99;49;3626;333
0;50;3622;333
99;50;3626;333
0;51;3622;333
99;51;3626;333
0;52;3622;333
99;52;3626;333
0;53;3622;333
0;53;3622;333
99;53;3626;333
0;54;3622;333
99;54;3626;333
0;55;3622;333
99;55;3626;333
0;56;3622;333
99;56;3626;333
0;57;3622;333
99;57;3626;333
0;58;3622;333
99;58;3626;333
0;59;3622;333
99;59;3626;333
0;60;3622;333
99;60;3626;333
0;61;3622;333
99;61;3626;333
0;62;3622;333
99;62;3626;333
0;63;3622;333
99;63;3626;333
0;64;3622;333
99;64;3626;333
0;65;3622;333
99;65;3626;333
0;66;3622;333
98;66;3620;333
99;66;3626;333
99;66;3623;333
0;67;3622;333
98;67;3626;333
99;67;3622;333
0;68;3622;333
98;68;3626;333
99;68;3622;333
0;69;3622;333
98;69;3626;333
99;69;3622;333
0;70;3622;333
98;70;3626;333
99;70;3622;333
0;71;3622;333
98;71;3626;333
99;71;3622;333
0;72;3622;333
98;72;3626;333
99;72;3622;333
0;73;3622;333
98;73;3626;333
99;73;3622;333
0;74;3622;333
97;74;3620;333
98;74;3626;333
98;74;3623;333
99;74;3622;333
0;75;3622;333
90;75;3620;333
91;75;3623;333
92;75;3618;333
97;75;3626;333
98;75;3622;333
99;75;3622;333
0;76;3622;333
90;76;3626;333
91;76;3622;333
92;76;3625;333
97;76;3626;333
98;76;3622;333
99;76;3622;333
0;77;3622;333
90;77;3621;333
91;77;3624;333
92;77;3619;333
97;77;3626;333
98;77;3622;333
99;77;3622;333
0;78;3622;333
90;78;1251;333
97;78;3626;333
98;78;3622;333
99;78;3622;333
0;79;3622;333
90;79;1250;333
97;79;3621;333
98;79;3626;333
98;79;3624;333
99;79;3622;333
0;80;3622;333
1;80;3618;333
90;80;1246;333
91;80;2832;333
98;80;3626;333
99;80;3622;333
0;81;3622;333
1;81;3625;333
89;81;3620;333
89;81;1245;333
90;81;3623;333
98;81;3626;333
99;81;3622;333
0;82;3622;333
1;82;3625;333
88;82;3620;333
89;82;3626;333
89;82;3623;333
90;82;3622;333
91;82;3625;333
98;82;3626;333
99;82;3622;333
0;83;3622;333
1;83;3625;333
86;83;3620;333
87;83;3623;333
88;83;3626;333
88;83;3623;333
89;83;3622;333
90;83;3624;333
90;83;3625;333
91;83;3619;333
96;83;3620;333
97;83;3623;333
98;83;3626;333
98;83;3623;333
99;83;3622;333
0;84;3622;333
1;84;3625;333
72;84;3626;333
73;84;3625;333
85;84;1250;333
86;84;3626;333
87;84;3622;333
88;84;3622;333
89;84;3622;333
90;84;3625;333
95;84;3620;333
96;84;3626;333
96;84;3623;333
96;84;3620;333
97;84;3622;333
98;84;3622;333
99;84;3622;333
0;85;3622;333
1;85;3625;333
86;85;3621;333
87;85;3624;333
88;85;3624;333
89;85;3624;333
90;85;3619;333
93;85;3620;333
94;85;3623;333
95;85;3626;333
95;85;3623;333
95;85;3623;333
95;85;3620;333
96;85;3622;333
97;85;3622;333
98;85;3622;333
99;85;3622;333
0;86;3624;333
1;86;3619;333
93;86;3626;333
94;86;3622;333
95;86;3622;333
96;86;3622;333
97;86;3624;333
98;86;3626;333
98;86;3624;333
99;86;3622;333
93;87;3626;333
94;87;3622;333
95;87;3622;333
96;87;3624;333
97;87;3619;333
98;87;3626;333
99;87;3622;333
93;88;3621;333
94;88;3624;333
95;88;3624;333
96;88;3619;333
97;88;649;333
98;88;3626;333
99;88;3622;333
98;89;3626;333
99;89;3622;333
98;90;3626;333
99;90;3622;333
98;91;3626;333
99;91;3622;333
98;92;3626;333
99;92;3622;333
98;93;3626;333
99;93;3622;333
70;94;359;333
96;94;3620;333
97;94;3623;333
98;94;3626;333
98;94;3623;333
99;94;3622;333
65;95;3623;333
66;95;3623;333
67;95;3618;333
70;95;359;333
72;95;359;333
96;95;3626;333
97;95;3622;333
98;95;3622;333
99;95;3622;333
63;96;3620;333
64;96;3623;333
64;96;3626;333
65;96;3622;333
66;96;3622;333
67;96;3625;333
67;96;3619;333
68;96;359;333
70;96;359;333
71;96;359;333
92;96;3620;333
93;96;3623;333
94;96;3623;333
95;96;3623;333
96;96;3626;333
96;96;3623;333
96;96;3623;333
97;96;3622;333
98;96;3622;333
99;96;3622;333
63;97;3626;333
64;97;3622;333
65;97;3625;333
65;97;3624;333
66;97;3624;333
67;97;3619;333
69;97;359;333
86;97;3620;333
87;97;3623;333
88;97;3623;333
89;97;3623;333
90;97;3623;333
91;97;3623;333
92;97;3626;333
92;97;3623;333
93;97;3622;333
94;97;3622;333
95;97;3622;333
96;97;3622;333
97;97;3622;333
98;97;3622;333
99;97;3622;333
63;98;3626;333
64;98;3622;333
65;98;3623;333
65;98;3625;333
66;98;3623;333
67;98;3623;333
68;98;3623;333
69;98;3623;333
70;98;3623;333
71;98;3623;333
72;98;3623;333
73;98;3623;333
73;98;3623;333
74;98;3623;333
75;98;3623;333
76;98;3623;333
77;98;3623;333
78;98;3623;333
79;98;3623;333
80;98;3623;333
81;98;3623;333
82;98;3623;333
83;98;3623;333
84;98;3623;333
85;98;3623;333
86;98;3626;333
86;98;3623;333
87;98;3622;333
88;98;3622;333
89;98;3622;333
90;98;3622;333
91;98;3622;333
92;98;3622;333
93;98;3622;333
94;98;3622;333
95;98;3622;333
96;98;3622;333
97;98;3622;333
98;98;3622;333
99;98;3622;333
63;99;3626;333
64;99;3622;333
65;99;3622;333
66;99;3622;333
67;99;3622;333
68;99;3622;333
69;99;3622;333
70;99;3622;333
71;99;3622;333
72;99;3622;333
73;99;3622;333
74;99;3622;333
75;99;3622;333
76;99;3622;333
77;99;3622;333
78;99;3622;333
79;99;3622;333
80;99;3622;333
81;99;3622;333
82;99;3622;333
83;99;3622;333
84;99;3622;333
85;99;3622;333
86;99;3622;333
87;99;3622;333
88;99;3622;333
89;99;3622;333
90;99;3622;333
91;99;3622;333
92;99;3622;333
93;99;3622;333
94;99;3622;333
95;99;3622;333
96;99;3622;333
97;99;3622;333
98;99;3622;333
99;99;3622;333
