# Illarion Server
# 
# This program is free software: you can redistribute it and/or modify it under
# the terms of the GNU Affero General Public License as published by the Free
# Software Foundation, either version 3 of the License, or (at your option) any
# later version.
# 
# This program is distributed in the hope that it will be useful, but WITHOUT
# ANY WARRANTY; without even the implied warranty of MERCHANTABILITY or FITNESS
# FOR A PARTICULAR PURPOSE.  See the GNU Affero General Public License for more
# details.
# 
# You should have received a copy of the GNU Affero General Public License along
# with this program.  If not, see <http://www.gnu.org/licenses/>.
V: 2
L: 0
X: 512
Y: -15
W: 512
H: 15
0;0;6;0
1;0;6;0
2;0;6;0
3;0;6;0
4;0;6;0
5;0;6;0
6;0;6;0
7;0;6;0
8;0;6;0
9;0;6;0
10;0;6;0
11;0;6;0
12;0;6;0
13;0;6;0
14;0;6;0
15;0;6;0
16;0;6;0
17;0;6;0
18;0;6;0
19;0;6;0
20;0;6;0
21;0;6;0
22;0;6;0
23;0;6;0
24;0;6;0
25;0;6;0
26;0;6;0
27;0;6;0
28;0;6;0
29;0;6;0
30;0;6;0
31;0;6;0
32;0;6;0
33;0;6;0
34;0;6;0
35;0;6;0
36;0;6;0
37;0;6;0
38;0;6;0
39;0;6;0
40;0;6;0
41;0;6;0
42;0;6;0
43;0;6;0
44;0;6;0
45;0;6;0
46;0;6;0
47;0;6;0
48;0;6;0
49;0;6;0
50;0;6;0
51;0;6;0
52;0;6;0
53;0;6;0
54;0;6;0
55;0;6;0
56;0;6;0
57;0;6;0
58;0;6;0
59;0;6;0
60;0;6;0
61;0;6;0
62;0;6;0
63;0;6;0
64;0;6;0
65;0;6;0
66;0;6;0
67;0;6;0
68;0;6;0
69;0;6;0
70;0;6;0
71;0;6;0
72;0;6;0
73;0;6;0
74;0;6;0
75;0;6;0
76;0;6;0
77;0;6;0
78;0;6;0
79;0;6;0
80;0;6;0
81;0;6;0
82;0;6;0
83;0;6;0
84;0;6;0
85;0;6;0
86;0;6;0
87;0;6;0
88;0;6;0
89;0;6;0
90;0;6;0
91;0;6;0
92;0;6;0
93;0;6;0
94;0;6;0
95;0;6;0
96;0;6;0
97;0;6;0
98;0;6;0
99;0;6;0
100;0;6;0
101;0;6;0
102;0;6;0
103;0;6;0
104;0;6;0
105;0;6;0
106;0;6;0
107;0;6;0
108;0;6;0
109;0;6;0
110;0;6;0
111;0;6;0
112;0;6;0
113;0;6;0
114;0;6;0
115;0;6;0
116;0;6;0
117;0;6;0
118;0;6;0
119;0;6;0
120;0;6;0
121;0;6;0
122;0;6;0
123;0;6;0
124;0;6;0
125;0;6;0
126;0;6;0
127;0;6;0
128;0;6;0
129;0;6;0
130;0;6;0
131;0;6;0
132;0;6;0
133;0;6;0
134;0;6;0
135;0;6;0
136;0;6;0
137;0;6;0
138;0;6;0
139;0;6;0
140;0;6;0
141;0;6;0
142;0;6;0
143;0;6;0
144;0;6;0
145;0;6;0
146;0;6;0
147;0;6;0
148;0;6;0
149;0;6;0
150;0;6;0
151;0;6;0
152;0;6;0
153;0;6;0
154;0;6;0
155;0;6;0
156;0;6;0
157;0;6;0
158;0;6;0
159;0;6;0
160;0;6;0
161;0;6;0
162;0;6;0
163;0;6;0
164;0;6;0
165;0;6;0
166;0;6;0
167;0;6;0
168;0;6;0
169;0;6;0
170;0;6;0
171;0;6;0
172;0;6;0
173;0;6;0
174;0;6;0
175;0;6;0
176;0;6;0
177;0;6;0
178;0;6;0
179;0;6;0
180;0;6;0
181;0;6;0
182;0;6;0
183;0;6;0
184;0;6;0
185;0;6;0
186;0;6;0
187;0;6;0
188;0;6;0
189;0;6;0
190;0;6;0
191;0;6;0
192;0;6;0
193;0;6;0
194;0;6;0
195;0;6;0
196;0;6;0
197;0;8262;0
198;0;2;0
199;0;2;0
200;0;2;0
201;0;2;0
202;0;2;0
203;0;2;0
204;0;2;0
205;0;2;0
206;0;2;0
207;0;2;0
208;0;2;0
209;0;2;0
210;0;2;0
211;0;2;0
212;0;2;0
213;0;2;0
214;0;2;0
215;0;2;0
216;0;2;0
217;0;2;0
218;0;2;0
219;0;2;0
220;0;2;0
221;0;2;0
222;0;2;0
223;0;2;0
224;0;2;0
225;0;2;0
226;0;2;0
227;0;2;0
228;0;2;0
229;0;2;0
230;0;2;0
231;0;2;0
232;0;2;0
233;0;2;0
234;0;2;0
235;0;2;0
236;0;2;0
237;0;2;0
238;0;2;0
239;0;2;0
240;0;2;0
241;0;2;0
242;0;2;0
243;0;2;0
244;0;2;0
245;0;2;0
246;0;2;0
247;0;2;0
248;0;2;0
249;0;2;0
250;0;2;0
251;0;2;0
252;0;2;0
253;0;2;0
254;0;2;0
255;0;2;0
256;0;2;0
257;0;2;0
258;0;2;0
259;0;2;0
260;0;2;0
261;0;2;0
262;0;2;0
263;0;2;0
264;0;2;0
265;0;2;0
266;0;2;0
267;0;2;0
268;0;2;0
269;0;2;0
270;0;2;0
271;0;2;0
272;0;2;0
273;0;2;0
274;0;2;0
275;0;2;0
276;0;2;0
277;0;2;0
278;0;2;0
279;0;2;0
280;0;2;0
281;0;2;0
282;0;2;0
283;0;2;0
284;0;2;0
285;0;2;0
286;0;2;0
287;0;2;0
288;0;2;0
289;0;2;0
290;0;2;0
291;0;2;0
292;0;2;0
293;0;2;0
294;0;2;0
295;0;2;0
296;0;2;0
297;0;2;0
298;0;2;0
299;0;2;0
300;0;2;0
301;0;2;0
302;0;2;0
303;0;2;0
304;0;2;0
305;0;2;0
306;0;2;0
307;0;2;0
308;0;2;0
309;0;2;0
310;0;2;0
311;0;2;0
312;0;2;0
313;0;2;0
314;0;2;0
315;0;2;0
316;0;2;0
317;0;2;0
318;0;2;0
319;0;2;0
320;0;2;0
321;0;2;0
322;0;2;0
323;0;2;0
324;0;2;0
325;0;2;0
326;0;2;0
327;0;2;0
328;0;2;0
329;0;2;0
330;0;2;0
331;0;2;0
332;0;2;0
333;0;2;0
334;0;2;0
335;0;2;0
336;0;2;0
337;0;2;0
338;0;2;0
339;0;2;0
340;0;2;0
341;0;2;0
342;0;2;0
343;0;2;0
344;0;2;0
345;0;2;0
346;0;2;0
347;0;2;0
348;0;2;0
349;0;2;0
350;0;2;0
351;0;2;0
352;0;2;0
353;0;2;0
354;0;2;0
355;0;2;0
356;0;2;0
357;0;2;0
358;0;2;0
359;0;2;0
360;0;2;0
361;0;2;0
362;0;2;0
363;0;2;0
364;0;2;0
365;0;2;0
366;0;2;0
367;0;2;0
368;0;2;0
369;0;2;0
370;0;2;0
371;0;2;0
372;0;2;0
373;0;2;0
374;0;2;0
375;0;2;0
376;0;2;0
377;0;2;0
378;0;2;0
379;0;2;0
380;0;2;0
381;0;2;0
382;0;2;0
383;0;2;0
384;0;2;0
385;0;2;0
386;0;2;0
387;0;2;0
388;0;2;0
389;0;2;0
390;0;2;0
391;0;2;0
392;0;2;0
393;0;2;0
394;0;2;0
395;0;2;0
396;0;2;0
397;0;2;0
398;0;2;0
399;0;2;0
400;0;2;0
401;0;2;0
402;0;2;0
403;0;2;0
404;0;2;0
405;0;2;0
406;0;2;0
407;0;2;0
408;0;2;0
409;0;2;0
410;0;2;0
411;0;2;0
412;0;2;0
413;0;2;0
414;0;2;0
415;0;2;0
416;0;2;0
417;0;2;0
418;0;2;0
419;0;2;0
420;0;2;0
421;0;2;0
422;0;2;0
423;0;2;0
424;0;2;0
425;0;2;0
426;0;2;0
427;0;2;0
428;0;2;0
429;0;2;0
430;0;2;0
431;0;2;0
432;0;2;0
433;0;2;0
434;0;2;0
435;0;2;0
436;0;2;0
437;0;2;0
438;0;2;0
439;0;2;0
440;0;2;0
441;0;2;0
442;0;2;0
443;0;2;0
444;0;2;0
445;0;2;0
446;0;2;0
447;0;2;0
448;0;2;0
449;0;2;0
450;0;2;0
451;0;2;0
452;0;2;0
453;0;2;0
454;0;2;0
455;0;2;0
456;0;2;0
457;0;2;0
458;0;2;0
459;0;2;0
460;0;2;0
461;0;2;0
462;0;2;0
463;0;2;0
464;0;2;0
465;0;2;0
466;0;2;0
467;0;2;0
468;0;2;0
469;0;2;0
470;0;2;0
471;0;2;0
472;0;2;0
473;0;2;0
474;0;2;0
475;0;2;0
476;0;2;0
477;0;2;0
478;0;2;0
479;0;2;0
480;0;2;0
481;0;2;0
482;0;2;0
483;0;2;0
484;0;2;0
485;0;2;0
486;0;2;0
487;0;2;0
488;0;2;0
489;0;2;0
490;0;2;0
491;0;2;0
492;0;2;0
493;0;2;0
494;0;2;0
495;0;2;0
496;0;2;0
497;0;2;0
498;0;2;0
499;0;2;0
500;0;2;0
501;0;2;0
502;0;2;0
503;0;2;0
504;0;2;0
505;0;2;0
506;0;2;0
507;0;2;0
508;0;2;0
509;0;2;0
510;0;2;0
511;0;2;0
0;1;6;0
1;1;6;0
2;1;6;0
3;1;6;0
4;1;6;0
5;1;6;0
6;1;6;0
7;1;6;0
8;1;6;0
9;1;6;0
10;1;6;0
11;1;6;0
12;1;6;0
13;1;6;0
14;1;6;0
15;1;6;0
16;1;6;0
17;1;6;0
18;1;6;0
19;1;6;0
20;1;6;0
21;1;6;0
22;1;6;0
23;1;6;0
24;1;6;0
25;1;6;0
26;1;6;0
27;1;6;0
28;1;6;0
29;1;6;0
30;1;6;0
31;1;6;0
32;1;6;0
33;1;6;0
34;1;6;0
35;1;6;0
36;1;6;0
37;1;6;0
38;1;6;0
39;1;6;0
40;1;6;0
41;1;6;0
42;1;6;0
43;1;6;0
44;1;6;0
45;1;6;0
46;1;6;0
47;1;6;0
48;1;6;0
49;1;6;0
50;1;6;0
51;1;6;0
52;1;6;0
53;1;6;0
54;1;6;0
55;1;6;0
56;1;6;0
57;1;6;0
58;1;6;0
59;1;6;0
60;1;6;0
61;1;6;0
62;1;6;0
63;1;6;0
64;1;6;0
65;1;6;0
66;1;6;0
67;1;6;0
68;1;6;0
69;1;6;0
70;1;6;0
71;1;6;0
72;1;6;0
73;1;6;0
74;1;6;0
75;1;6;0
76;1;6;0
77;1;6;0
78;1;6;0
79;1;6;0
80;1;6;0
81;1;6;0
82;1;6;0
83;1;6;0
84;1;6;0
85;1;6;0
86;1;6;0
87;1;6;0
88;1;6;0
89;1;6;0
90;1;6;0
91;1;6;0
92;1;6;0
93;1;6;0
94;1;6;0
95;1;6;0
96;1;6;0
97;1;6;0
98;1;6;0
99;1;6;0
100;1;6;0
101;1;6;0
102;1;6;0
103;1;6;0
104;1;6;0
105;1;6;0
106;1;6;0
107;1;6;0
108;1;6;0
109;1;6;0
110;1;6;0
111;1;6;0
112;1;6;0
113;1;6;0
114;1;6;0
115;1;6;0
116;1;6;0
117;1;6;0
118;1;6;0
119;1;6;0
120;1;6;0
121;1;6;0
122;1;6;0
123;1;6;0
124;1;6;0
125;1;6;0
126;1;6;0
127;1;6;0
128;1;6;0
129;1;6;0
130;1;6;0
131;1;6;0
132;1;6;0
133;1;6;0
134;1;6;0
135;1;6;0
136;1;6;0
137;1;6;0
138;1;6;0
139;1;6;0
140;1;6;0
141;1;6;0
142;1;6;0
143;1;6;0
144;1;6;0
145;1;6;0
146;1;6;0
147;1;6;0
148;1;6;0
149;1;6;0
150;1;6;0
151;1;6;0
152;1;6;0
153;1;6;0
154;1;6;0
155;1;6;0
156;1;6;0
157;1;6;0
158;1;6;0
159;1;6;0
160;1;6;0
161;1;6;0
162;1;6;0
163;1;6;0
164;1;6;0
165;1;6;0
166;1;6;0
167;1;6;0
168;1;6;0
169;1;6;0
170;1;6;0
171;1;6;0
172;1;6;0
173;1;6;0
174;1;6;0
175;1;6;0
176;1;6;0
177;1;6;0
178;1;6;0
179;1;6;0
180;1;6;0
181;1;6;0
182;1;6;0
183;1;6;0
184;1;6;0
185;1;6;0
186;1;6;0
187;1;6;0
188;1;6;0
189;1;6;0
190;1;6;0
191;1;6;0
192;1;6;0
193;1;6;0
194;1;6;0
195;1;6;0
196;1;6;0
197;1;12358;0
198;1;2;0
199;1;2;0
200;1;2;0
201;1;2;0
202;1;2;0
203;1;2;0
204;1;2;0
205;1;2;0
206;1;2;0
207;1;2;0
208;1;2;0
209;1;2;0
210;1;2;0
211;1;2;0
212;1;2;0
213;1;2;0
214;1;2;0
215;1;2;0
216;1;2;0
217;1;2;0
218;1;2;0
219;1;2;0
220;1;2;0
221;1;2;0
222;1;2;0
223;1;2;0
224;1;2;0
225;1;2;0
226;1;2;0
227;1;2;0
228;1;2;0
229;1;2;0
230;1;2;0
231;1;2;0
232;1;2;0
233;1;2;0
234;1;2;0
235;1;2;0
236;1;2;0
237;1;2;0
238;1;2;0
239;1;2;0
240;1;2;0
241;1;2;0
242;1;2;0
243;1;2;0
244;1;2;0
245;1;2;0
246;1;2;0
247;1;2;0
248;1;2;0
249;1;2;0
250;1;2;0
251;1;2;0
252;1;2;0
253;1;2;0
254;1;2;0
255;1;2;0
256;1;2;0
257;1;2;0
258;1;2;0
259;1;2;0
260;1;2;0
261;1;2;0
262;1;2;0
263;1;2;0
264;1;2;0
265;1;2;0
266;1;2;0
267;1;2;0
268;1;2;0
269;1;2;0
270;1;2;0
271;1;2;0
272;1;2;0
273;1;2;0
274;1;2;0
275;1;2;0
276;1;2;0
277;1;2;0
278;1;2;0
279;1;2;0
280;1;2;0
281;1;2;0
282;1;2;0
283;1;2;0
284;1;2;0
285;1;2;0
286;1;2;0
287;1;2;0
288;1;2;0
289;1;2;0
290;1;2;0
291;1;2;0
292;1;2;0
293;1;2;0
294;1;2;0
295;1;2;0
296;1;2;0
297;1;2;0
298;1;2;0
299;1;2;0
300;1;2;0
301;1;2;0
302;1;2;0
303;1;2;0
304;1;2;0
305;1;2;0
306;1;2;0
307;1;2;0
308;1;2;0
309;1;2;0
310;1;2;0
311;1;2;0
312;1;2;0
313;1;2;0
314;1;2;0
315;1;2;0
316;1;2;0
317;1;2;0
318;1;2;0
319;1;2;0
320;1;2;0
321;1;2;0
322;1;2;0
323;1;2;0
324;1;2;0
325;1;2;0
326;1;2;0
327;1;2;0
328;1;2;0
329;1;2;0
330;1;2;0
331;1;2;0
332;1;2;0
333;1;2;0
334;1;2;0
335;1;2;0
336;1;2;0
337;1;2;0
338;1;2;0
339;1;2;0
340;1;2;0
341;1;2;0
342;1;2;0
343;1;2;0
344;1;2;0
345;1;2;0
346;1;2;0
347;1;2;0
348;1;2;0
349;1;2;0
350;1;2;0
351;1;2;0
352;1;2;0
353;1;2;0
354;1;2;0
355;1;2;0
356;1;2;0
357;1;2;0
358;1;2;0
359;1;2;0
360;1;2;0
361;1;2;0
362;1;2;0
363;1;2;0
364;1;2;0
365;1;2;0
366;1;2;0
367;1;2;0
368;1;2;0
369;1;2;0
370;1;2;0
371;1;2;0
372;1;2;0
373;1;2;0
374;1;2;0
375;1;2;0
376;1;2;0
377;1;2;0
378;1;2;0
379;1;2;0
380;1;2;0
381;1;2;0
382;1;2;0
383;1;2;0
384;1;2;0
385;1;2;0
386;1;2;0
387;1;2;0
388;1;2;0
389;1;2;0
390;1;2;0
391;1;2;0
392;1;2;0
393;1;2;0
394;1;2;0
395;1;2;0
396;1;2;0
397;1;2;0
398;1;2;0
399;1;2;0
400;1;2;0
401;1;2;0
402;1;2;0
403;1;2;0
404;1;2;0
405;1;2;0
406;1;2;0
407;1;2;0
408;1;2;0
409;1;2;0
410;1;2;0
411;1;2;0
412;1;2;0
413;1;2;0
414;1;2;0
415;1;2;0
416;1;2;0
417;1;2;0
418;1;2;0
419;1;2;0
420;1;2;0
421;1;2;0
422;1;2;0
423;1;2;0
424;1;2;0
425;1;2;0
426;1;2;0
427;1;2;0
428;1;2;0
429;1;2;0
430;1;2;0
431;1;2;0
432;1;2;0
433;1;2;0
434;1;2;0
435;1;2;0
436;1;2;0
437;1;2;0
438;1;2;0
439;1;2;0
440;1;2;0
441;1;2;0
442;1;2;0
443;1;2;0
444;1;2;0
445;1;2;0
446;1;2;0
447;1;2;0
448;1;2;0
449;1;2;0
450;1;2;0
451;1;2;0
452;1;2;0
453;1;2;0
454;1;2;0
455;1;2;0
456;1;2;0
457;1;2;0
458;1;2;0
459;1;2;0
460;1;2;0
461;1;2;0
462;1;2;0
463;1;2;0
464;1;2;0
465;1;2;0
466;1;2;0
467;1;2;0
468;1;2;0
469;1;2;0
470;1;2;0
471;1;2;0
472;1;2;0
473;1;2;0
474;1;2;0
475;1;2;0
476;1;2;0
477;1;2;0
478;1;2;0
479;1;2;0
480;1;2;0
481;1;2;0
482;1;2;0
483;1;2;0
484;1;2;0
485;1;2;0
486;1;2;0
487;1;2;0
488;1;2;0
489;1;2;0
490;1;2;0
491;1;2;0
492;1;2;0
493;1;2;0
494;1;2;0
495;1;2;0
496;1;2;0
497;1;2;0
498;1;2;0
499;1;2;0
500;1;2;0
501;1;2;0
502;1;2;0
503;1;2;0
504;1;2;0
505;1;2;0
506;1;2;0
507;1;2;0
508;1;2;0
509;1;2;0
510;1;2;0
511;1;2;0
0;2;6;0
1;2;6;0
2;2;6;0
3;2;6;0
4;2;6;0
5;2;6;0
6;2;6;0
7;2;6;0
8;2;6;0
9;2;6;0
10;2;6;0
11;2;6;0
12;2;6;0
13;2;6;0
14;2;6;0
15;2;6;0
16;2;6;0
17;2;6;0
18;2;6;0
19;2;6;0
20;2;6;0
21;2;6;0
22;2;6;0
23;2;6;0
24;2;6;0
25;2;6;0
26;2;6;0
27;2;6;0
28;2;6;0
29;2;6;0
30;2;6;0
31;2;6;0
32;2;6;0
33;2;6;0
34;2;6;0
35;2;6;0
36;2;6;0
37;2;6;0
38;2;6;0
39;2;6;0
40;2;6;0
41;2;6;0
42;2;6;0
43;2;6;0
44;2;6;0
45;2;6;0
46;2;6;0
47;2;6;0
48;2;6;0
49;2;6;0
50;2;6;0
51;2;6;0
52;2;6;0
53;2;6;0
54;2;6;0
55;2;6;0
56;2;6;0
57;2;6;0
58;2;6;0
59;2;6;0
60;2;6;0
61;2;6;0
62;2;6;0
63;2;6;0
64;2;6;0
65;2;6;0
66;2;6;0
67;2;6;0
68;2;6;0
69;2;6;0
70;2;6;0
71;2;6;0
72;2;6;0
73;2;6;0
74;2;6;0
75;2;6;0
76;2;6;0
77;2;6;0
78;2;6;0
79;2;6;0
80;2;6;0
81;2;6;0
82;2;6;0
83;2;6;0
84;2;6;0
85;2;6;0
86;2;6;0
87;2;6;0
88;2;6;0
89;2;6;0
90;2;6;0
91;2;6;0
92;2;6;0
93;2;6;0
94;2;6;0
95;2;6;0
96;2;6;0
97;2;6;0
98;2;6;0
99;2;6;0
100;2;6;0
101;2;6;0
102;2;6;0
103;2;6;0
104;2;6;0
105;2;6;0
106;2;6;0
107;2;6;0
108;2;6;0
109;2;6;0
110;2;6;0
111;2;6;0
112;2;6;0
113;2;6;0
114;2;6;0
115;2;6;0
116;2;6;0
117;2;6;0
118;2;6;0
119;2;6;0
120;2;6;0
121;2;6;0
122;2;6;0
123;2;6;0
124;2;6;0
125;2;6;0
126;2;6;0
127;2;6;0
128;2;6;0
129;2;6;0
130;2;6;0
131;2;6;0
132;2;6;0
133;2;6;0
134;2;6;0
135;2;6;0
136;2;6;0
137;2;6;0
138;2;6;0
139;2;6;0
140;2;6;0
141;2;6;0
142;2;6;0
143;2;6;0
144;2;6;0
145;2;6;0
146;2;6;0
147;2;6;0
148;2;6;0
149;2;6;0
150;2;6;0
151;2;6;0
152;2;6;0
153;2;6;0
154;2;6;0
155;2;6;0
156;2;6;0
157;2;6;0
158;2;6;0
159;2;6;0
160;2;6;0
161;2;6;0
162;2;6;0
163;2;6;0
164;2;6;0
165;2;6;0
166;2;6;0
167;2;6;0
168;2;6;0
169;2;6;0
170;2;6;0
171;2;6;0
172;2;6;0
173;2;6;0
174;2;6;0
175;2;6;0
176;2;6;0
177;2;6;0
178;2;6;0
179;2;6;0
180;2;6;0
181;2;6;0
182;2;6;0
183;2;6;0
184;2;6;0
185;2;6;0
186;2;6;0
187;2;6;0
188;2;6;0
189;2;6;0
190;2;6;0
191;2;6;0
192;2;6;0
193;2;6;0
194;2;6;0
195;2;6;0
196;2;6;0
197;2;12358;0
198;2;2;0
199;2;2;0
200;2;2;0
201;2;2;0
202;2;2;0
203;2;2;0
204;2;2;0
205;2;2;0
206;2;2;0
207;2;2;0
208;2;2;0
209;2;2;0
210;2;2;0
211;2;2;0
212;2;2;0
213;2;2;0
214;2;2;0
215;2;2;0
216;2;2;0
217;2;2;0
218;2;2;0
219;2;2;0
220;2;2;0
221;2;2;0
222;2;2;0
223;2;2;0
224;2;2;0
225;2;2;0
226;2;2;0
227;2;2;0
228;2;2;0
229;2;2;0
230;2;2;0
231;2;2;0
232;2;2;0
233;2;2;0
234;2;2;0
235;2;2;0
236;2;2;0
237;2;2;0
238;2;2;0
239;2;2;0
240;2;2;0
241;2;2;0
242;2;2;0
243;2;2;0
244;2;2;0
245;2;2;0
246;2;2;0
247;2;2;0
248;2;2;0
249;2;2;0
250;2;2;0
251;2;2;0
252;2;2;0
253;2;2;0
254;2;2;0
255;2;2;0
256;2;2;0
257;2;2;0
258;2;2;0
259;2;2;0
260;2;2;0
261;2;2;0
262;2;2;0
263;2;2;0
264;2;2;0
265;2;2;0
266;2;2;0
267;2;2;0
268;2;2;0
269;2;2;0
270;2;2;0
271;2;2;0
272;2;2;0
273;2;2;0
274;2;2;0
275;2;2;0
276;2;2;0
277;2;2;0
278;2;2;0
279;2;2;0
280;2;2;0
281;2;2;0
282;2;2;0
283;2;2;0
284;2;2;0
285;2;2;0
286;2;2;0
287;2;2;0
288;2;2;0
289;2;2;0
290;2;2;0
291;2;2;0
292;2;2;0
293;2;2;0
294;2;2;0
295;2;2;0
296;2;2;0
297;2;2;0
298;2;2;0
299;2;2;0
300;2;2;0
301;2;2;0
302;2;2;0
303;2;2;0
304;2;2;0
305;2;2;0
306;2;2;0
307;2;2;0
308;2;2;0
309;2;2;0
310;2;2;0
311;2;2;0
312;2;2;0
313;2;2;0
314;2;2;0
315;2;2;0
316;2;2;0
317;2;2;0
318;2;2;0
319;2;2;0
320;2;2;0
321;2;2;0
322;2;2;0
323;2;2;0
324;2;2;0
325;2;2;0
326;2;2;0
327;2;2;0
328;2;2;0
329;2;2;0
330;2;2;0
331;2;2;0
332;2;2;0
333;2;2;0
334;2;2;0
335;2;2;0
336;2;2;0
337;2;2;0
338;2;2;0
339;2;2;0
340;2;2;0
341;2;2;0
342;2;2;0
343;2;2;0
344;2;2;0
345;2;2;0
346;2;2;0
347;2;2;0
348;2;2;0
349;2;2;0
350;2;2;0
351;2;2;0
352;2;2;0
353;2;2;0
354;2;2;0
355;2;2;0
356;2;2;0
357;2;2;0
358;2;2;0
359;2;2;0
360;2;2;0
361;2;2;0
362;2;2;0
363;2;2;0
364;2;2;0
365;2;2;0
366;2;2;0
367;2;2;0
368;2;2;0
369;2;2;0
370;2;2;0
371;2;2;0
372;2;2;0
373;2;2;0
374;2;2;0
375;2;2;0
376;2;2;0
377;2;2;0
378;2;2;0
379;2;2;0
380;2;2;0
381;2;2;0
382;2;2;0
383;2;2;0
384;2;2;0
385;2;2;0
386;2;2;0
387;2;2;0
388;2;2;0
389;2;2;0
390;2;2;0
391;2;2;0
392;2;2;0
393;2;2;0
394;2;2;0
395;2;2;0
396;2;2;0
397;2;2;0
398;2;2;0
399;2;2;0
400;2;2;0
401;2;2;0
402;2;2;0
403;2;2;0
404;2;2;0
405;2;2;0
406;2;2;0
407;2;2;0
408;2;2;0
409;2;2;0
410;2;2;0
411;2;2;0
412;2;2;0
413;2;2;0
414;2;2;0
415;2;2;0
416;2;2;0
417;2;2;0
418;2;2;0
419;2;2;0
420;2;2;0
421;2;2;0
422;2;2;0
423;2;2;0
424;2;2;0
425;2;2;0
426;2;2;0
427;2;2;0
428;2;2;0
429;2;2;0
430;2;2;0
431;2;2;0
432;2;2;0
433;2;2;0
434;2;2;0
435;2;2;0
436;2;2;0
437;2;2;0
438;2;2;0
439;2;2;0
440;2;2;0
441;2;2;0
442;2;2;0
443;2;2;0
444;2;2;0
445;2;2;0
446;2;2;0
447;2;2;0
448;2;2;0
449;2;2;0
450;2;2;0
451;2;2;0
452;2;2;0
453;2;2;0
454;2;2;0
455;2;2;0
456;2;2;0
457;2;2;0
458;2;2;0
459;2;2;0
460;2;2;0
461;2;2;0
462;2;2;0
463;2;2;0
464;2;2;0
465;2;2;0
466;2;2;0
467;2;2;0
468;2;2;0
469;2;2;0
470;2;2;0
471;2;2;0
472;2;2;0
473;2;2;0
474;2;2;0
475;2;2;0
476;2;2;0
477;2;2;0
478;2;2;0
479;2;2;0
480;2;2;0
481;2;2;0
482;2;2;0
483;2;2;0
484;2;2;0
485;2;2;0
486;2;2;0
487;2;2;0
488;2;2;0
489;2;2;0
490;2;2;0
491;2;2;0
492;2;2;0
493;2;2;0
494;2;2;0
495;2;2;0
496;2;2;0
497;2;2;0
498;2;2;0
499;2;2;0
500;2;2;0
501;2;2;0
502;2;2;0
503;2;2;0
504;2;2;0
505;2;2;0
506;2;2;0
507;2;2;0
508;2;2;0
509;2;2;0
510;2;2;0
511;2;2;0
0;3;6;0
1;3;6;0
2;3;6;0
3;3;6;0
4;3;6;0
5;3;6;0
6;3;6;0
7;3;6;0
8;3;6;0
9;3;6;0
10;3;6;0
11;3;6;0
12;3;6;0
13;3;6;0
14;3;6;0
15;3;6;0
16;3;6;0
17;3;6;0
18;3;6;0
19;3;6;0
20;3;6;0
21;3;6;0
22;3;6;0
23;3;6;0
24;3;6;0
25;3;6;0
26;3;6;0
27;3;6;0
28;3;6;0
29;3;6;0
30;3;6;0
31;3;6;0
32;3;6;0
33;3;6;0
34;3;6;0
35;3;6;0
36;3;6;0
37;3;6;0
38;3;6;0
39;3;6;0
40;3;6;0
41;3;6;0
42;3;6;0
43;3;6;0
44;3;6;0
45;3;6;0
46;3;6;0
47;3;6;0
48;3;6;0
49;3;6;0
50;3;6;0
51;3;6;0
52;3;6;0
53;3;6;0
54;3;6;0
55;3;6;0
56;3;6;0
57;3;6;0
58;3;6;0
59;3;6;0
60;3;6;0
61;3;6;0
62;3;6;0
63;3;6;0
64;3;6;0
65;3;6;0
66;3;6;0
67;3;6;0
68;3;6;0
69;3;6;0
70;3;6;0
71;3;6;0
72;3;6;0
73;3;6;0
74;3;6;0
75;3;6;0
76;3;6;0
77;3;6;0
78;3;6;0
79;3;6;0
80;3;6;0
81;3;6;0
82;3;6;0
83;3;6;0
84;3;6;0
85;3;6;0
86;3;6;0
87;3;6;0
88;3;6;0
89;3;6;0
90;3;6;0
91;3;6;0
92;3;6;0
93;3;6;0
94;3;6;0
95;3;6;0
96;3;6;0
97;3;6;0
98;3;6;0
99;3;6;0
100;3;6;0
101;3;6;0
102;3;6;0
103;3;6;0
104;3;6;0
105;3;6;0
106;3;6;0
107;3;6;0
108;3;6;0
109;3;6;0
110;3;6;0
111;3;6;0
112;3;6;0
113;3;6;0
114;3;6;0
115;3;6;0
116;3;6;0
117;3;6;0
118;3;6;0
119;3;6;0
120;3;6;0
121;3;6;0
122;3;6;0
123;3;6;0
124;3;6;0
125;3;6;0
126;3;6;0
127;3;6;0
128;3;6;0
129;3;6;0
130;3;6;0
131;3;6;0
132;3;6;0
133;3;6;0
134;3;6;0
135;3;6;0
136;3;6;0
137;3;6;0
138;3;6;0
139;3;6;0
140;3;6;0
141;3;6;0
142;3;6;0
143;3;6;0
144;3;6;0
145;3;6;0
146;3;6;0
147;3;6;0
148;3;6;0
149;3;6;0
150;3;6;0
151;3;6;0
152;3;6;0
153;3;6;0
154;3;6;0
155;3;6;0
156;3;6;0
157;3;6;0
158;3;6;0
159;3;6;0
160;3;6;0
161;3;6;0
162;3;6;0
163;3;6;0
164;3;6;0
165;3;6;0
166;3;6;0
167;3;6;0
168;3;6;0
169;3;6;0
170;3;6;0
171;3;6;0
172;3;6;0
173;3;6;0
174;3;6;0
175;3;6;0
176;3;6;0
177;3;6;0
178;3;6;0
179;3;6;0
180;3;6;0
181;3;6;0
182;3;6;0
183;3;6;0
184;3;6;0
185;3;6;0
186;3;6;0
187;3;6;0
188;3;6;0
189;3;6;0
190;3;6;0
191;3;6;0
192;3;6;0
193;3;6;0
194;3;6;0
195;3;6;0
196;3;6;0
197;3;12358;0
198;3;2;0
199;3;2;0
200;3;2;0
201;3;2;0
202;3;2;0
203;3;2;0
204;3;2;0
205;3;2;0
206;3;2;0
207;3;2;0
208;3;2;0
209;3;2;0
210;3;2;0
211;3;2;0
212;3;2;0
213;3;2;0
214;3;2;0
215;3;2;0
216;3;2;0
217;3;2;0
218;3;2;0
219;3;2;0
220;3;2;0
221;3;2;0
222;3;2;0
223;3;2;0
224;3;2;0
225;3;2;0
226;3;2;0
227;3;2;0
228;3;2;0
229;3;2;0
230;3;2;0
231;3;2;0
232;3;2;0
233;3;2;0
234;3;2;0
235;3;2;0
236;3;2;0
237;3;2;0
238;3;2;0
239;3;2;0
240;3;2;0
241;3;2;0
242;3;2;0
243;3;2;0
244;3;2;0
245;3;2;0
246;3;2;0
247;3;2;0
248;3;2;0
249;3;2;0
250;3;2;0
251;3;2;0
252;3;2;0
253;3;2;0
254;3;2;0
255;3;2;0
256;3;2;0
257;3;2;0
258;3;2;0
259;3;2;0
260;3;2;0
261;3;2;0
262;3;2;0
263;3;2;0
264;3;2;0
265;3;2;0
266;3;2;0
267;3;2;0
268;3;2;0
269;3;2;0
270;3;2;0
271;3;2;0
272;3;2;0
273;3;2;0
274;3;2;0
275;3;2;0
276;3;2;0
277;3;2;0
278;3;2;0
279;3;2;0
280;3;2;0
281;3;2;0
282;3;2;0
283;3;2;0
284;3;2;0
285;3;2;0
286;3;2;0
287;3;2;0
288;3;2;0
289;3;2;0
290;3;2;0
291;3;2;0
292;3;2;0
293;3;2;0
294;3;2;0
295;3;2;0
296;3;2;0
297;3;2;0
298;3;2;0
299;3;2;0
300;3;2;0
301;3;2;0
302;3;2;0
303;3;2;0
304;3;2;0
305;3;2;0
306;3;2;0
307;3;2;0
308;3;2;0
309;3;2;0
310;3;2;0
311;3;2;0
312;3;2;0
313;3;2;0
314;3;2;0
315;3;2;0
316;3;2;0
317;3;2;0
318;3;2;0
319;3;2;0
320;3;2;0
321;3;2;0
322;3;2;0
323;3;2;0
324;3;2;0
325;3;2;0
326;3;2;0
327;3;2;0
328;3;2;0
329;3;2;0
330;3;2;0
331;3;2;0
332;3;2;0
333;3;2;0
334;3;2;0
335;3;2;0
336;3;2;0
337;3;2;0
338;3;2;0
339;3;2;0
340;3;2;0
341;3;2;0
342;3;2;0
343;3;2;0
344;3;2;0
345;3;2;0
346;3;2;0
347;3;2;0
348;3;2;0
349;3;2;0
350;3;2;0
351;3;2;0
352;3;2;0
353;3;2;0
354;3;2;0
355;3;2;0
356;3;2;0
357;3;2;0
358;3;2;0
359;3;2;0
360;3;2;0
361;3;2;0
362;3;2;0
363;3;2;0
364;3;2;0
365;3;2;0
366;3;2;0
367;3;2;0
368;3;2;0
369;3;2;0
370;3;2;0
371;3;2;0
372;3;2;0
373;3;2;0
374;3;2;0
375;3;2;0
376;3;2;0
377;3;2;0
378;3;2;0
379;3;2;0
380;3;2;0
381;3;2;0
382;3;2;0
383;3;2;0
384;3;2;0
385;3;2;0
386;3;2;0
387;3;2;0
388;3;2;0
389;3;2;0
390;3;2;0
391;3;2;0
392;3;2;0
393;3;2;0
394;3;2;0
395;3;2;0
396;3;2;0
397;3;2;0
398;3;2;0
399;3;2;0
400;3;2;0
401;3;2;0
402;3;2;0
403;3;2;0
404;3;2;0
405;3;2;0
406;3;2;0
407;3;2;0
408;3;2;0
409;3;2;0
410;3;2;0
411;3;2;0
412;3;2;0
413;3;2;0
414;3;2;0
415;3;2;0
416;3;2;0
417;3;2;0
418;3;2;0
419;3;2;0
420;3;2;0
421;3;2;0
422;3;2;0
423;3;2;0
424;3;2;0
425;3;2;0
426;3;2;0
427;3;2;0
428;3;2;0
429;3;2;0
430;3;2;0
431;3;2;0
432;3;2;0
433;3;2;0
434;3;2;0
435;3;2;0
436;3;2;0
437;3;2;0
438;3;2;0
439;3;2;0
440;3;2;0
441;3;2;0
442;3;2;0
443;3;2;0
444;3;2;0
445;3;2;0
446;3;2;0
447;3;2;0
448;3;2;0
449;3;2;0
450;3;2;0
451;3;2;0
452;3;2;0
453;3;2;0
454;3;2;0
455;3;2;0
456;3;2;0
457;3;2;0
458;3;2;0
459;3;2;0
460;3;2;0
461;3;2;0
462;3;2;0
463;3;2;0
464;3;2;0
465;3;2;0
466;3;2;0
467;3;2;0
468;3;2;0
469;3;2;0
470;3;2;0
471;3;2;0
472;3;2;0
473;3;2;0
474;3;2;0
475;3;2;0
476;3;2;0
477;3;2;0
478;3;2;0
479;3;2;0
480;3;2;0
481;3;2;0
482;3;2;0
483;3;2;0
484;3;2;0
485;3;2;0
486;3;2;0
487;3;2;0
488;3;2;0
489;3;2;0
490;3;2;0
491;3;2;0
492;3;2;0
493;3;2;0
494;3;2;0
495;3;2;0
496;3;2;0
497;3;2;0
498;3;2;0
499;3;2;0
500;3;2;0
501;3;2;0
502;3;2;0
503;3;2;0
504;3;2;0
505;3;2;0
506;3;2;0
507;3;2;0
508;3;2;0
509;3;2;0
510;3;2;0
511;3;2;0
0;4;6;0
1;4;6;0
2;4;6;0
3;4;6;0
4;4;6;0
5;4;6;0
6;4;6;0
7;4;6;0
8;4;6;0
9;4;6;0
10;4;6;0
11;4;6;0
12;4;6;0
13;4;6;0
14;4;6;0
15;4;6;0
16;4;6;0
17;4;6;0
18;4;6;0
19;4;6;0
20;4;6;0
21;4;6;0
22;4;6;0
23;4;6;0
24;4;6;0
25;4;6;0
26;4;6;0
27;4;6;0
28;4;6;0
29;4;6;0
30;4;6;0
31;4;6;0
32;4;6;0
33;4;6;0
34;4;6;0
35;4;6;0
36;4;6;0
37;4;6;0
38;4;6;0
39;4;6;0
40;4;6;0
41;4;6;0
42;4;6;0
43;4;6;0
44;4;6;0
45;4;6;0
46;4;6;0
47;4;6;0
48;4;6;0
49;4;6;0
50;4;6;0
51;4;6;0
52;4;6;0
53;4;6;0
54;4;6;0
55;4;6;0
56;4;6;0
57;4;6;0
58;4;6;0
59;4;6;0
60;4;6;0
61;4;6;0
62;4;6;0
63;4;6;0
64;4;6;0
65;4;6;0
66;4;6;0
67;4;6;0
68;4;6;0
69;4;6;0
70;4;6;0
71;4;6;0
72;4;6;0
73;4;6;0
74;4;6;0
75;4;6;0
76;4;6;0
77;4;6;0
78;4;6;0
79;4;6;0
80;4;6;0
81;4;6;0
82;4;6;0
83;4;6;0
84;4;6;0
85;4;6;0
86;4;6;0
87;4;6;0
88;4;6;0
89;4;6;0
90;4;6;0
91;4;6;0
92;4;6;0
93;4;6;0
94;4;6;0
95;4;6;0
96;4;6;0
97;4;6;0
98;4;6;0
99;4;6;0
100;4;6;0
101;4;6;0
102;4;6;0
103;4;6;0
104;4;6;0
105;4;6;0
106;4;6;0
107;4;6;0
108;4;6;0
109;4;6;0
110;4;6;0
111;4;6;0
112;4;6;0
113;4;6;0
114;4;6;0
115;4;6;0
116;4;6;0
117;4;6;0
118;4;6;0
119;4;6;0
120;4;6;0
121;4;6;0
122;4;6;0
123;4;6;0
124;4;6;0
125;4;6;0
126;4;6;0
127;4;6;0
128;4;6;0
129;4;6;0
130;4;6;0
131;4;6;0
132;4;6;0
133;4;6;0
134;4;6;0
135;4;6;0
136;4;6;0
137;4;6;0
138;4;6;0
139;4;6;0
140;4;6;0
141;4;6;0
142;4;6;0
143;4;6;0
144;4;6;0
145;4;6;0
146;4;6;0
147;4;6;0
148;4;6;0
149;4;6;0
150;4;6;0
151;4;6;0
152;4;6;0
153;4;6;0
154;4;6;0
155;4;6;0
156;4;6;0
157;4;6;0
158;4;6;0
159;4;6;0
160;4;6;0
161;4;6;0
162;4;6;0
163;4;6;0
164;4;6;0
165;4;6;0
166;4;6;0
167;4;6;0
168;4;6;0
169;4;6;0
170;4;6;0
171;4;6;0
172;4;6;0
173;4;6;0
174;4;6;0
175;4;6;0
176;4;6;0
177;4;6;0
178;4;6;0
179;4;6;0
180;4;6;0
181;4;6;0
182;4;6;0
183;4;6;0
184;4;6;0
185;4;6;0
186;4;6;0
187;4;6;0
188;4;6;0
189;4;6;0
190;4;6;0
191;4;6;0
192;4;6;0
193;4;6;0
194;4;6;0
195;4;6;0
196;4;6;0
197;4;12358;0
198;4;2;0
199;4;2;0
200;4;2;0
201;4;2;0
202;4;2;0
203;4;2;0
204;4;2;0
205;4;2;0
206;4;2;0
207;4;2;0
208;4;2;0
209;4;2;0
210;4;2;0
211;4;2;0
212;4;2;0
213;4;2;0
214;4;2;0
215;4;2;0
216;4;2;0
217;4;2;0
218;4;2;0
219;4;2;0
220;4;2;0
221;4;2;0
222;4;2;0
223;4;2;0
224;4;2;0
225;4;2;0
226;4;2;0
227;4;2;0
228;4;2;0
229;4;2;0
230;4;2;0
231;4;2;0
232;4;2;0
233;4;2;0
234;4;2;0
235;4;2;0
236;4;2;0
237;4;2;0
238;4;2;0
239;4;2;0
240;4;2;0
241;4;2;0
242;4;2;0
243;4;2;0
244;4;2;0
245;4;2;0
246;4;2;0
247;4;2;0
248;4;2;0
249;4;2;0
250;4;2;0
251;4;2;0
252;4;2;0
253;4;2;0
254;4;2;0
255;4;2;0
256;4;2;0
257;4;2;0
258;4;2;0
259;4;2;0
260;4;2;0
261;4;2;0
262;4;2;0
263;4;2;0
264;4;2;0
265;4;2;0
266;4;2;0
267;4;2;0
268;4;2;0
269;4;2;0
270;4;2;0
271;4;2;0
272;4;2;0
273;4;2;0
274;4;2;0
275;4;2;0
276;4;2;0
277;4;2;0
278;4;2;0
279;4;2;0
280;4;2;0
281;4;2;0
282;4;2;0
283;4;2;0
284;4;2;0
285;4;2;0
286;4;2;0
287;4;2;0
288;4;2;0
289;4;2;0
290;4;2;0
291;4;2;0
292;4;2;0
293;4;2;0
294;4;2;0
295;4;2;0
296;4;2;0
297;4;2;0
298;4;2;0
299;4;2;0
300;4;2;0
301;4;2;0
302;4;2;0
303;4;2;0
304;4;2;0
305;4;2;0
306;4;2;0
307;4;2;0
308;4;2;0
309;4;2;0
310;4;2;0
311;4;2;0
312;4;2;0
313;4;2;0
314;4;2;0
315;4;2;0
316;4;2;0
317;4;2;0
318;4;2;0
319;4;2;0
320;4;2;0
321;4;2;0
322;4;2;0
323;4;2;0
324;4;2;0
325;4;2;0
326;4;2;0
327;4;2;0
328;4;2;0
329;4;2;0
330;4;2;0
331;4;2;0
332;4;2;0
333;4;2;0
334;4;2;0
335;4;2;0
336;4;2;0
337;4;2;0
338;4;2;0
339;4;2;0
340;4;2;0
341;4;2;0
342;4;2;0
343;4;2;0
344;4;2;0
345;4;2;0
346;4;2;0
347;4;2;0
348;4;2;0
349;4;2;0
350;4;2;0
351;4;2;0
352;4;2;0
353;4;2;0
354;4;2;0
355;4;2;0
356;4;2;0
357;4;2;0
358;4;2;0
359;4;2;0
360;4;2;0
361;4;2;0
362;4;2;0
363;4;2;0
364;4;2;0
365;4;2;0
366;4;2;0
367;4;2;0
368;4;2;0
369;4;2;0
370;4;2;0
371;4;2;0
372;4;2;0
373;4;2;0
374;4;2;0
375;4;2;0
376;4;2;0
377;4;2;0
378;4;2;0
379;4;2;0
380;4;2;0
381;4;2;0
382;4;2;0
383;4;2;0
384;4;2;0
385;4;2;0
386;4;2;0
387;4;2;0
388;4;2;0
389;4;2;0
390;4;2;0
391;4;2;0
392;4;2;0
393;4;2;0
394;4;2;0
395;4;2;0
396;4;2;0
397;4;2;0
398;4;2;0
399;4;2;0
400;4;2;0
401;4;2;0
402;4;2;0
403;4;2;0
404;4;2;0
405;4;2;0
406;4;2;0
407;4;2;0
408;4;2;0
409;4;2;0
410;4;2;0
411;4;2;0
412;4;2;0
413;4;2;0
414;4;2;0
415;4;2;0
416;4;2;0
417;4;2;0
418;4;2;0
419;4;2;0
420;4;2;0
421;4;2;0
422;4;2;0
423;4;2;0
424;4;2;0
425;4;2;0
426;4;2;0
427;4;2;0
428;4;2;0
429;4;2;0
430;4;2;0
431;4;2;0
432;4;2;0
433;4;2;0
434;4;2;0
435;4;2;0
436;4;2;0
437;4;2;0
438;4;2;0
439;4;2;0
440;4;2;0
441;4;2;0
442;4;2;0
443;4;2;0
444;4;2;0
445;4;2;0
446;4;2;0
447;4;2;0
448;4;2;0
449;4;2;0
450;4;2;0
451;4;2;0
452;4;2;0
453;4;2;0
454;4;2;0
455;4;2;0
456;4;2;0
457;4;2;0
458;4;2;0
459;4;2;0
460;4;2;0
461;4;2;0
462;4;2;0
463;4;2;0
464;4;2;0
465;4;2;0
466;4;2;0
467;4;2;0
468;4;2;0
469;4;2;0
470;4;2;0
471;4;2;0
472;4;2;0
473;4;2;0
474;4;2;0
475;4;2;0
476;4;2;0
477;4;2;0
478;4;2;0
479;4;2;0
480;4;2;0
481;4;2;0
482;4;2;0
483;4;2;0
484;4;2;0
485;4;2;0
486;4;2;0
487;4;2;0
488;4;2;0
489;4;2;0
490;4;2;0
491;4;2;0
492;4;2;0
493;4;2;0
494;4;2;0
495;4;2;0
496;4;2;0
497;4;2;0
498;4;2;0
499;4;2;0
500;4;2;0
501;4;2;0
502;4;2;0
503;4;2;0
504;4;2;0
505;4;2;0
506;4;2;0
507;4;2;0
508;4;2;0
509;4;2;0
510;4;2;0
511;4;2;0
0;5;6;0
1;5;6;0
2;5;6;0
3;5;6;0
4;5;6;0
5;5;6;0
6;5;6;0
7;5;6;0
8;5;6;0
9;5;6;0
10;5;6;0
11;5;6;0
12;5;6;0
13;5;6;0
14;5;6;0
15;5;6;0
16;5;6;0
17;5;6;0
18;5;6;0
19;5;6;0
20;5;6;0
21;5;6;0
22;5;6;0
23;5;6;0
24;5;6;0
25;5;6;0
26;5;6;0
27;5;6;0
28;5;6;0
29;5;6;0
30;5;6;0
31;5;6;0
32;5;6;0
33;5;6;0
34;5;6;0
35;5;6;0
36;5;6;0
37;5;6;0
38;5;6;0
39;5;6;0
40;5;6;0
41;5;6;0
42;5;6;0
43;5;6;0
44;5;6;0
45;5;6;0
46;5;6;0
47;5;6;0
48;5;6;0
49;5;6;0
50;5;6;0
51;5;6;0
52;5;6;0
53;5;6;0
54;5;6;0
55;5;6;0
56;5;6;0
57;5;6;0
58;5;6;0
59;5;6;0
60;5;6;0
61;5;6;0
62;5;6;0
63;5;6;0
64;5;6;0
65;5;6;0
66;5;6;0
67;5;6;0
68;5;6;0
69;5;6;0
70;5;6;0
71;5;6;0
72;5;6;0
73;5;6;0
74;5;6;0
75;5;6;0
76;5;6;0
77;5;6;0
78;5;6;0
79;5;6;0
80;5;6;0
81;5;6;0
82;5;6;0
83;5;6;0
84;5;6;0
85;5;6;0
86;5;6;0
87;5;6;0
88;5;6;0
89;5;6;0
90;5;6;0
91;5;6;0
92;5;6;0
93;5;6;0
94;5;6;0
95;5;6;0
96;5;6;0
97;5;6;0
98;5;6;0
99;5;6;0
100;5;6;0
101;5;6;0
102;5;6;0
103;5;6;0
104;5;6;0
105;5;6;0
106;5;6;0
107;5;6;0
108;5;6;0
109;5;6;0
110;5;6;0
111;5;6;0
112;5;6;0
113;5;6;0
114;5;6;0
115;5;6;0
116;5;6;0
117;5;6;0
118;5;6;0
119;5;6;0
120;5;6;0
121;5;6;0
122;5;6;0
123;5;6;0
124;5;6;0
125;5;6;0
126;5;6;0
127;5;6;0
128;5;6;0
129;5;6;0
130;5;6;0
131;5;6;0
132;5;6;0
133;5;6;0
134;5;6;0
135;5;6;0
136;5;6;0
137;5;6;0
138;5;6;0
139;5;6;0
140;5;6;0
141;5;6;0
142;5;6;0
143;5;6;0
144;5;6;0
145;5;6;0
146;5;6;0
147;5;6;0
148;5;6;0
149;5;6;0
150;5;6;0
151;5;6;0
152;5;6;0
153;5;6;0
154;5;6;0
155;5;6;0
156;5;6;0
157;5;6;0
158;5;6;0
159;5;6;0
160;5;6;0
161;5;6;0
162;5;6;0
163;5;6;0
164;5;6;0
165;5;6;0
166;5;6;0
167;5;6;0
168;5;6;0
169;5;6;0
170;5;6;0
171;5;6;0
172;5;6;0
173;5;6;0
174;5;6;0
175;5;6;0
176;5;6;0
177;5;6;0
178;5;6;0
179;5;6;0
180;5;6;0
181;5;6;0
182;5;6;0
183;5;6;0
184;5;6;0
185;5;6;0
186;5;6;0
187;5;6;0
188;5;6;0
189;5;6;0
190;5;6;0
191;5;6;0
192;5;6;0
193;5;6;0
194;5;6;0
195;5;6;0
196;5;6;0
197;5;12358;0
198;5;2;0
199;5;2;0
200;5;2;0
201;5;2;0
202;5;2;0
203;5;2;0
204;5;2;0
205;5;2;0
206;5;2;0
207;5;2;0
208;5;2;0
209;5;2;0
210;5;2;0
211;5;2;0
212;5;2;0
213;5;2;0
214;5;2;0
215;5;2;0
216;5;2;0
217;5;2;0
218;5;2;0
219;5;2;0
220;5;2;0
221;5;2;0
222;5;2;0
223;5;2;0
224;5;2;0
225;5;2;0
226;5;2;0
227;5;2;0
228;5;2;0
229;5;2;0
230;5;2;0
231;5;2;0
232;5;2;0
233;5;2;0
234;5;2;0
235;5;2;0
236;5;2;0
237;5;2;0
238;5;2;0
239;5;2;0
240;5;2;0
241;5;2;0
242;5;2;0
243;5;2;0
244;5;2;0
245;5;2;0
246;5;2;0
247;5;2;0
248;5;2;0
249;5;2;0
250;5;2;0
251;5;2;0
252;5;2;0
253;5;2;0
254;5;2;0
255;5;2;0
256;5;2;0
257;5;2;0
258;5;2;0
259;5;2;0
260;5;2;0
261;5;2;0
262;5;2;0
263;5;2;0
264;5;2;0
265;5;2;0
266;5;2;0
267;5;2;0
268;5;2;0
269;5;2;0
270;5;2;0
271;5;2;0
272;5;2;0
273;5;2;0
274;5;2;0
275;5;2;0
276;5;2;0
277;5;2;0
278;5;2;0
279;5;2;0
280;5;2;0
281;5;2;0
282;5;2;0
283;5;2;0
284;5;2;0
285;5;2;0
286;5;2;0
287;5;2;0
288;5;2;0
289;5;2;0
290;5;2;0
291;5;2;0
292;5;2;0
293;5;2;0
294;5;2;0
295;5;2;0
296;5;2;0
297;5;2;0
298;5;2;0
299;5;2;0
300;5;2;0
301;5;2;0
302;5;2;0
303;5;2;0
304;5;2;0
305;5;2;0
306;5;2;0
307;5;2;0
308;5;2;0
309;5;2;0
310;5;2;0
311;5;2;0
312;5;2;0
313;5;2;0
314;5;2;0
315;5;2;0
316;5;2;0
317;5;2;0
318;5;2;0
319;5;2;0
320;5;2;0
321;5;2;0
322;5;2;0
323;5;2;0
324;5;2;0
325;5;2;0
326;5;2;0
327;5;2;0
328;5;2;0
329;5;2;0
330;5;2;0
331;5;2;0
332;5;2;0
333;5;2;0
334;5;2;0
335;5;2;0
336;5;2;0
337;5;2;0
338;5;2;0
339;5;2;0
340;5;2;0
341;5;2;0
342;5;2;0
343;5;2;0
344;5;2;0
345;5;2;0
346;5;2;0
347;5;2;0
348;5;2;0
349;5;2;0
350;5;2;0
351;5;2;0
352;5;2;0
353;5;2;0
354;5;2;0
355;5;2;0
356;5;2;0
357;5;2;0
358;5;2;0
359;5;2;0
360;5;2;0
361;5;2;0
362;5;2;0
363;5;2;0
364;5;2;0
365;5;2;0
366;5;2;0
367;5;2;0
368;5;2;0
369;5;2;0
370;5;2;0
371;5;2;0
372;5;2;0
373;5;2;0
374;5;2;0
375;5;2;0
376;5;2;0
377;5;2;0
378;5;2;0
379;5;2;0
380;5;2;0
381;5;2;0
382;5;2;0
383;5;2;0
384;5;2;0
385;5;2;0
386;5;2;0
387;5;2;0
388;5;2;0
389;5;2;0
390;5;2;0
391;5;2;0
392;5;2;0
393;5;2;0
394;5;2;0
395;5;2;0
396;5;2;0
397;5;2;0
398;5;2;0
399;5;2;0
400;5;2;0
401;5;2;0
402;5;2;0
403;5;2;0
404;5;2;0
405;5;2;0
406;5;2;0
407;5;2;0
408;5;2;0
409;5;2;0
410;5;2;0
411;5;2;0
412;5;2;0
413;5;2;0
414;5;2;0
415;5;2;0
416;5;2;0
417;5;2;0
418;5;2;0
419;5;2;0
420;5;2;0
421;5;2;0
422;5;2;0
423;5;2;0
424;5;2;0
425;5;2;0
426;5;2;0
427;5;2;0
428;5;2;0
429;5;2;0
430;5;2;0
431;5;2;0
432;5;2;0
433;5;2;0
434;5;2;0
435;5;2;0
436;5;2;0
437;5;2;0
438;5;2;0
439;5;2;0
440;5;2;0
441;5;2;0
442;5;2;0
443;5;2;0
444;5;2;0
445;5;2;0
446;5;2;0
447;5;2;0
448;5;2;0
449;5;2;0
450;5;2;0
451;5;2;0
452;5;2;0
453;5;2;0
454;5;2;0
455;5;2;0
456;5;2;0
457;5;2;0
458;5;2;0
459;5;2;0
460;5;2;0
461;5;2;0
462;5;2;0
463;5;2;0
464;5;2;0
465;5;2;0
466;5;2;0
467;5;2;0
468;5;2;0
469;5;2;0
470;5;2;0
471;5;2;0
472;5;2;0
473;5;2;0
474;5;2;0
475;5;2;0
476;5;2;0
477;5;2;0
478;5;2;0
479;5;2;0
480;5;2;0
481;5;2;0
482;5;2;0
483;5;2;0
484;5;2;0
485;5;2;0
486;5;2;0
487;5;2;0
488;5;2;0
489;5;2;0
490;5;2;0
491;5;2;0
492;5;2;0
493;5;2;0
494;5;2;0
495;5;2;0
496;5;2;0
497;5;2;0
498;5;2;0
499;5;2;0
500;5;2;0
501;5;2;0
502;5;2;0
503;5;2;0
504;5;2;0
505;5;2;0
506;5;2;0
507;5;2;0
508;5;2;0
509;5;2;0
510;5;2;0
511;5;2;0
0;6;6;0
1;6;6;0
2;6;6;0
3;6;6;0
4;6;6;0
5;6;6;0
6;6;6;0
7;6;6;0
8;6;6;0
9;6;6;0
10;6;6;0
11;6;6;0
12;6;6;0
13;6;6;0
14;6;6;0
15;6;6;0
16;6;6;0
17;6;6;0
18;6;6;0
19;6;6;0
20;6;6;0
21;6;6;0
22;6;6;0
23;6;6;0
24;6;6;0
25;6;6;0
26;6;6;0
27;6;6;0
28;6;6;0
29;6;6;0
30;6;6;0
31;6;6;0
32;6;6;0
33;6;6;0
34;6;6;0
35;6;6;0
36;6;6;0
37;6;6;0
38;6;6;0
39;6;6;0
40;6;6;0
41;6;6;0
42;6;6;0
43;6;6;0
44;6;6;0
45;6;6;0
46;6;6;0
47;6;6;0
48;6;6;0
49;6;6;0
50;6;6;0
51;6;6;0
52;6;6;0
53;6;6;0
54;6;6;0
55;6;6;0
56;6;6;0
57;6;6;0
58;6;6;0
59;6;6;0
60;6;6;0
61;6;6;0
62;6;6;0
63;6;6;0
64;6;6;0
65;6;6;0
66;6;6;0
67;6;6;0
68;6;6;0
69;6;6;0
70;6;6;0
71;6;6;0
72;6;6;0
73;6;6;0
74;6;6;0
75;6;6;0
76;6;6;0
77;6;6;0
78;6;6;0
79;6;6;0
80;6;6;0
81;6;6;0
82;6;6;0
83;6;6;0
84;6;6;0
85;6;6;0
86;6;6;0
87;6;6;0
88;6;6;0
89;6;6;0
90;6;6;0
91;6;6;0
92;6;6;0
93;6;6;0
94;6;6;0
95;6;6;0
96;6;6;0
97;6;6;0
98;6;6;0
99;6;6;0
100;6;6;0
101;6;6;0
102;6;6;0
103;6;6;0
104;6;6;0
105;6;6;0
106;6;6;0
107;6;6;0
108;6;6;0
109;6;6;0
110;6;6;0
111;6;6;0
112;6;6;0
113;6;6;0
114;6;6;0
115;6;6;0
116;6;6;0
117;6;6;0
118;6;6;0
119;6;6;0
120;6;6;0
121;6;6;0
122;6;6;0
123;6;6;0
124;6;6;0
125;6;6;0
126;6;6;0
127;6;6;0
128;6;6;0
129;6;6;0
130;6;6;0
131;6;6;0
132;6;6;0
133;6;6;0
134;6;6;0
135;6;6;0
136;6;6;0
137;6;6;0
138;6;6;0
139;6;6;0
140;6;6;0
141;6;6;0
142;6;6;0
143;6;6;0
144;6;6;0
145;6;6;0
146;6;6;0
147;6;6;0
148;6;6;0
149;6;6;0
150;6;6;0
151;6;6;0
152;6;6;0
153;6;6;0
154;6;6;0
155;6;6;0
156;6;6;0
157;6;6;0
158;6;6;0
159;6;6;0
160;6;6;0
161;6;6;0
162;6;6;0
163;6;6;0
164;6;6;0
165;6;6;0
166;6;6;0
167;6;6;0
168;6;6;0
169;6;6;0
170;6;6;0
171;6;6;0
172;6;6;0
173;6;6;0
174;6;6;0
175;6;6;0
176;6;6;0
177;6;6;0
178;6;6;0
179;6;6;0
180;6;6;0
181;6;6;0
182;6;6;0
183;6;6;0
184;6;6;0
185;6;6;0
186;6;6;0
187;6;6;0
188;6;6;0
189;6;6;0
190;6;6;0
191;6;6;0
192;6;6;0
193;6;6;0
194;6;6;0
195;6;6;0
196;6;6;0
197;6;12358;0
198;6;2;0
199;6;2;0
200;6;2;0
201;6;2;0
202;6;2;0
203;6;2;0
204;6;2;0
205;6;2;0
206;6;2;0
207;6;2;0
208;6;2;0
209;6;2;0
210;6;2;0
211;6;2;0
212;6;2;0
213;6;2;0
214;6;2;0
215;6;2;0
216;6;2;0
217;6;2;0
218;6;2;0
219;6;2;0
220;6;2;0
221;6;2;0
222;6;2;0
223;6;2;0
224;6;2;0
225;6;2;0
226;6;2;0
227;6;2;0
228;6;2;0
229;6;2;0
230;6;2;0
231;6;2;0
232;6;2;0
233;6;2;0
234;6;2;0
235;6;2;0
236;6;2;0
237;6;2;0
238;6;2;0
239;6;2;0
240;6;2;0
241;6;2;0
242;6;2;0
243;6;2;0
244;6;2;0
245;6;2;0
246;6;2;0
247;6;2;0
248;6;2;0
249;6;2;0
250;6;2;0
251;6;2;0
252;6;2;0
253;6;2;0
254;6;2;0
255;6;2;0
256;6;2;0
257;6;2;0
258;6;2;0
259;6;2;0
260;6;2;0
261;6;2;0
262;6;2;0
263;6;2;0
264;6;2;0
265;6;2;0
266;6;2;0
267;6;2;0
268;6;2;0
269;6;2;0
270;6;2;0
271;6;2;0
272;6;2;0
273;6;2;0
274;6;2;0
275;6;2;0
276;6;2;0
277;6;2;0
278;6;2;0
279;6;2;0
280;6;2;0
281;6;2;0
282;6;2;0
283;6;2;0
284;6;2;0
285;6;2;0
286;6;2;0
287;6;2;0
288;6;2;0
289;6;2;0
290;6;2;0
291;6;2;0
292;6;2;0
293;6;2;0
294;6;2;0
295;6;2;0
296;6;2;0
297;6;2;0
298;6;2;0
299;6;2;0
300;6;2;0
301;6;2;0
302;6;2;0
303;6;2;0
304;6;2;0
305;6;2;0
306;6;2;0
307;6;2;0
308;6;2;0
309;6;2;0
310;6;2;0
311;6;2;0
312;6;2;0
313;6;2;0
314;6;2;0
315;6;2;0
316;6;2;0
317;6;2;0
318;6;2;0
319;6;2;0
320;6;2;0
321;6;2;0
322;6;2;0
323;6;2;0
324;6;2;0
325;6;2;0
326;6;2;0
327;6;2;0
328;6;2;0
329;6;2;0
330;6;2;0
331;6;2;0
332;6;2;0
333;6;2;0
334;6;2;0
335;6;2;0
336;6;2;0
337;6;2;0
338;6;2;0
339;6;2;0
340;6;2;0
341;6;2;0
342;6;2;0
343;6;2;0
344;6;2;0
345;6;2;0
346;6;2;0
347;6;2;0
348;6;2;0
349;6;2;0
350;6;2;0
351;6;2;0
352;6;2;0
353;6;2;0
354;6;2;0
355;6;2;0
356;6;2;0
357;6;2;0
358;6;2;0
359;6;2;0
360;6;2;0
361;6;2;0
362;6;2;0
363;6;2;0
364;6;2;0
365;6;2;0
366;6;2;0
367;6;2;0
368;6;2;0
369;6;2;0
370;6;2;0
371;6;2;0
372;6;2;0
373;6;2;0
374;6;2;0
375;6;2;0
376;6;2;0
377;6;2;0
378;6;2;0
379;6;2;0
380;6;2;0
381;6;2;0
382;6;2;0
383;6;2;0
384;6;2;0
385;6;2;0
386;6;2;0
387;6;2;0
388;6;2;0
389;6;2;0
390;6;2;0
391;6;2;0
392;6;2;0
393;6;2;0
394;6;2;0
395;6;2;0
396;6;2;0
397;6;2;0
398;6;2;0
399;6;2;0
400;6;2;0
401;6;2;0
402;6;2;0
403;6;2;0
404;6;2;0
405;6;2;0
406;6;2;0
407;6;2;0
408;6;2;0
409;6;2;0
410;6;2;0
411;6;2;0
412;6;2;0
413;6;2;0
414;6;2;0
415;6;2;0
416;6;2;0
417;6;2;0
418;6;2;0
419;6;2;0
420;6;2;0
421;6;2;0
422;6;2;0
423;6;2;0
424;6;2;0
425;6;2;0
426;6;2;0
427;6;2;0
428;6;2;0
429;6;2;0
430;6;2;0
431;6;2;0
432;6;2;0
433;6;2;0
434;6;2;0
435;6;2;0
436;6;2;0
437;6;2;0
438;6;2;0
439;6;2;0
440;6;2;0
441;6;2;0
442;6;2;0
443;6;2;0
444;6;2;0
445;6;2;0
446;6;2;0
447;6;2;0
448;6;2;0
449;6;2;0
450;6;2;0
451;6;2;0
452;6;2;0
453;6;2;0
454;6;2;0
455;6;2;0
456;6;2;0
457;6;2;0
458;6;2;0
459;6;2;0
460;6;2;0
461;6;2;0
462;6;2;0
463;6;2;0
464;6;2;0
465;6;2;0
466;6;2;0
467;6;2;0
468;6;2;0
469;6;2;0
470;6;2;0
471;6;2;0
472;6;2;0
473;6;2;0
474;6;2;0
475;6;2;0
476;6;2;0
477;6;2;0
478;6;2;0
479;6;2;0
480;6;2;0
481;6;2;0
482;6;2;0
483;6;2;0
484;6;2;0
485;6;2;0
486;6;2;0
487;6;2;0
488;6;2;0
489;6;2;0
490;6;2;0
491;6;2;0
492;6;2;0
493;6;2;0
494;6;2;0
495;6;2;0
496;6;2;0
497;6;2;0
498;6;2;0
499;6;2;0
500;6;2;0
501;6;2;0
502;6;2;0
503;6;2;0
504;6;2;0
505;6;2;0
506;6;2;0
507;6;2;0
508;6;2;0
509;6;2;0
510;6;2;0
511;6;2;0
0;7;6;0
1;7;6;0
2;7;6;0
3;7;6;0
4;7;6;0
5;7;6;0
6;7;6;0
7;7;6;0
8;7;6;0
9;7;6;0
10;7;6;0
11;7;6;0
12;7;6;0
13;7;6;0
14;7;6;0
15;7;6;0
16;7;6;0
17;7;6;0
18;7;6;0
19;7;6;0
20;7;6;0
21;7;6;0
22;7;6;0
23;7;6;0
24;7;6;0
25;7;6;0
26;7;6;0
27;7;6;0
28;7;6;0
29;7;6;0
30;7;6;0
31;7;6;0
32;7;6;0
33;7;6;0
34;7;6;0
35;7;6;0
36;7;6;0
37;7;6;0
38;7;6;0
39;7;6;0
40;7;6;0
41;7;6;0
42;7;6;0
43;7;6;0
44;7;6;0
45;7;6;0
46;7;6;0
47;7;6;0
48;7;6;0
49;7;6;0
50;7;6;0
51;7;6;0
52;7;6;0
53;7;6;0
54;7;6;0
55;7;6;0
56;7;6;0
57;7;6;0
58;7;6;0
59;7;6;0
60;7;6;0
61;7;6;0
62;7;6;0
63;7;6;0
64;7;6;0
65;7;6;0
66;7;6;0
67;7;6;0
68;7;6;0
69;7;6;0
70;7;6;0
71;7;6;0
72;7;6;0
73;7;6;0
74;7;6;0
75;7;6;0
76;7;6;0
77;7;6;0
78;7;6;0
79;7;6;0
80;7;6;0
81;7;6;0
82;7;6;0
83;7;6;0
84;7;6;0
85;7;6;0
86;7;6;0
87;7;6;0
88;7;6;0
89;7;6;0
90;7;6;0
91;7;6;0
92;7;6;0
93;7;6;0
94;7;6;0
95;7;6;0
96;7;6;0
97;7;6;0
98;7;6;0
99;7;6;0
100;7;6;0
101;7;6;0
102;7;6;0
103;7;6;0
104;7;6;0
105;7;6;0
106;7;6;0
107;7;6;0
108;7;6;0
109;7;6;0
110;7;6;0
111;7;6;0
112;7;6;0
113;7;6;0
114;7;6;0
115;7;6;0
116;7;6;0
117;7;6;0
118;7;6;0
119;7;6;0
120;7;6;0
121;7;6;0
122;7;6;0
123;7;6;0
124;7;6;0
125;7;6;0
126;7;6;0
127;7;6;0
128;7;6;0
129;7;6;0
130;7;6;0
131;7;6;0
132;7;6;0
133;7;6;0
134;7;6;0
135;7;6;0
136;7;6;0
137;7;6;0
138;7;6;0
139;7;6;0
140;7;6;0
141;7;6;0
142;7;6;0
143;7;6;0
144;7;6;0
145;7;6;0
146;7;6;0
147;7;6;0
148;7;6;0
149;7;6;0
150;7;6;0
151;7;6;0
152;7;6;0
153;7;6;0
154;7;6;0
155;7;6;0
156;7;6;0
157;7;6;0
158;7;6;0
159;7;6;0
160;7;6;0
161;7;6;0
162;7;6;0
163;7;6;0
164;7;6;0
165;7;6;0
166;7;6;0
167;7;6;0
168;7;6;0
169;7;6;0
170;7;6;0
171;7;6;0
172;7;6;0
173;7;6;0
174;7;6;0
175;7;6;0
176;7;6;0
177;7;6;0
178;7;6;0
179;7;6;0
180;7;6;0
181;7;6;0
182;7;6;0
183;7;6;0
184;7;6;0
185;7;6;0
186;7;6;0
187;7;6;0
188;7;6;0
189;7;6;0
190;7;6;0
191;7;6;0
192;7;6;0
193;7;6;0
194;7;6;0
195;7;6;0
196;7;6;0
197;7;12358;0
198;7;2;0
199;7;2;0
200;7;2;0
201;7;2;0
202;7;2;0
203;7;2;0
204;7;2;0
205;7;2;0
206;7;2;0
207;7;2;0
208;7;2;0
209;7;2;0
210;7;2;0
211;7;2;0
212;7;2;0
213;7;2;0
214;7;2;0
215;7;2;0
216;7;2;0
217;7;2;0
218;7;2;0
219;7;2;0
220;7;2;0
221;7;2;0
222;7;2;0
223;7;2;0
224;7;2;0
225;7;2;0
226;7;2;0
227;7;2;0
228;7;2;0
229;7;2;0
230;7;2;0
231;7;2;0
232;7;2;0
233;7;2;0
234;7;2;0
235;7;2;0
236;7;2;0
237;7;2;0
238;7;2;0
239;7;2;0
240;7;2;0
241;7;2;0
242;7;2;0
243;7;2;0
244;7;2;0
245;7;2;0
246;7;2;0
247;7;2;0
248;7;2;0
249;7;2;0
250;7;2;0
251;7;2;0
252;7;2;0
253;7;2;0
254;7;2;0
255;7;2;0
256;7;2;0
257;7;2;0
258;7;2;0
259;7;2;0
260;7;2;0
261;7;2;0
262;7;2;0
263;7;2;0
264;7;2;0
265;7;2;0
266;7;2;0
267;7;2;0
268;7;2;0
269;7;2;0
270;7;2;0
271;7;2;0
272;7;2;0
273;7;2;0
274;7;2;0
275;7;2;0
276;7;2;0
277;7;2;0
278;7;2;0
279;7;2;0
280;7;2;0
281;7;2;0
282;7;2;0
283;7;2;0
284;7;2;0
285;7;2;0
286;7;2;0
287;7;2;0
288;7;2;0
289;7;2;0
290;7;2;0
291;7;2;0
292;7;2;0
293;7;2;0
294;7;2;0
295;7;2;0
296;7;2;0
297;7;2;0
298;7;2;0
299;7;2;0
300;7;2;0
301;7;2;0
302;7;2;0
303;7;2;0
304;7;2;0
305;7;2;0
306;7;2;0
307;7;2;0
308;7;2;0
309;7;2;0
310;7;2;0
311;7;2;0
312;7;2;0
313;7;2;0
314;7;2;0
315;7;2;0
316;7;2;0
317;7;2;0
318;7;2;0
319;7;2;0
320;7;2;0
321;7;2;0
322;7;2;0
323;7;2;0
324;7;2;0
325;7;2;0
326;7;2;0
327;7;2;0
328;7;2;0
329;7;2;0
330;7;2;0
331;7;2;0
332;7;2;0
333;7;2;0
334;7;2;0
335;7;2;0
336;7;2;0
337;7;2;0
338;7;2;0
339;7;2;0
340;7;2;0
341;7;2;0
342;7;2;0
343;7;2;0
344;7;2;0
345;7;2;0
346;7;2;0
347;7;2;0
348;7;2;0
349;7;2;0
350;7;2;0
351;7;2;0
352;7;2;0
353;7;2;0
354;7;2;0
355;7;2;0
356;7;2;0
357;7;2;0
358;7;2;0
359;7;2;0
360;7;2;0
361;7;2;0
362;7;2;0
363;7;2;0
364;7;2;0
365;7;2;0
366;7;2;0
367;7;2;0
368;7;2;0
369;7;2;0
370;7;2;0
371;7;2;0
372;7;2;0
373;7;2;0
374;7;2;0
375;7;2;0
376;7;2;0
377;7;2;0
378;7;2;0
379;7;2;0
380;7;2;0
381;7;2;0
382;7;2;0
383;7;2;0
384;7;2;0
385;7;2;0
386;7;2;0
387;7;2;0
388;7;2;0
389;7;2;0
390;7;2;0
391;7;2;0
392;7;2;0
393;7;2;0
394;7;2;0
395;7;2;0
396;7;2;0
397;7;2;0
398;7;2;0
399;7;2;0
400;7;2;0
401;7;2;0
402;7;2;0
403;7;2;0
404;7;2;0
405;7;2;0
406;7;2;0
407;7;2;0
408;7;2;0
409;7;2;0
410;7;2;0
411;7;2;0
412;7;2;0
413;7;2;0
414;7;2;0
415;7;2;0
416;7;2;0
417;7;2;0
418;7;2;0
419;7;2;0
420;7;2;0
421;7;2;0
422;7;2;0
423;7;2;0
424;7;2;0
425;7;2;0
426;7;2;0
427;7;2;0
428;7;2;0
429;7;2;0
430;7;2;0
431;7;2;0
432;7;2;0
433;7;2;0
434;7;2;0
435;7;2;0
436;7;2;0
437;7;2;0
438;7;2;0
439;7;2;0
440;7;2;0
441;7;2;0
442;7;2;0
443;7;2;0
444;7;2;0
445;7;2;0
446;7;2;0
447;7;2;0
448;7;2;0
449;7;2;0
450;7;2;0
451;7;2;0
452;7;2;0
453;7;2;0
454;7;2;0
455;7;2;0
456;7;2;0
457;7;2;0
458;7;2;0
459;7;2;0
460;7;2;0
461;7;2;0
462;7;2;0
463;7;2;0
464;7;2;0
465;7;2;0
466;7;2;0
467;7;2;0
468;7;2;0
469;7;2;0
470;7;2;0
471;7;2;0
472;7;2;0
473;7;2;0
474;7;2;0
475;7;2;0
476;7;2;0
477;7;2;0
478;7;2;0
479;7;2;0
480;7;2;0
481;7;2;0
482;7;2;0
483;7;2;0
484;7;2;0
485;7;2;0
486;7;2;0
487;7;2;0
488;7;2;0
489;7;2;0
490;7;2;0
491;7;2;0
492;7;2;0
493;7;2;0
494;7;2;0
495;7;2;0
496;7;2;0
497;7;2;0
498;7;2;0
499;7;2;0
500;7;2;0
501;7;2;0
502;7;2;0
503;7;2;0
504;7;2;0
505;7;2;0
506;7;2;0
507;7;2;0
508;7;2;0
509;7;2;0
510;7;2;0
511;7;2;0
0;8;6;0
1;8;6;0
2;8;6;0
3;8;6;0
4;8;6;0
5;8;6;0
6;8;6;0
7;8;6;0
8;8;6;0
9;8;6;0
10;8;6;0
11;8;6;0
12;8;6;0
13;8;6;0
14;8;6;0
15;8;6;0
16;8;6;0
17;8;6;0
18;8;6;0
19;8;6;0
20;8;6;0
21;8;6;0
22;8;6;0
23;8;6;0
24;8;6;0
25;8;6;0
26;8;6;0
27;8;6;0
28;8;6;0
29;8;6;0
30;8;6;0
31;8;6;0
32;8;6;0
33;8;6;0
34;8;6;0
35;8;6;0
36;8;6;0
37;8;6;0
38;8;6;0
39;8;6;0
40;8;6;0
41;8;6;0
42;8;6;0
43;8;6;0
44;8;6;0
45;8;6;0
46;8;6;0
47;8;6;0
48;8;6;0
49;8;6;0
50;8;6;0
51;8;6;0
52;8;6;0
53;8;6;0
54;8;6;0
55;8;6;0
56;8;6;0
57;8;6;0
58;8;6;0
59;8;6;0
60;8;6;0
61;8;6;0
62;8;6;0
63;8;6;0
64;8;6;0
65;8;6;0
66;8;6;0
67;8;6;0
68;8;6;0
69;8;6;0
70;8;6;0
71;8;6;0
72;8;6;0
73;8;6;0
74;8;6;0
75;8;6;0
76;8;6;0
77;8;6;0
78;8;6;0
79;8;6;0
80;8;6;0
81;8;6;0
82;8;6;0
83;8;6;0
84;8;6;0
85;8;6;0
86;8;6;0
87;8;6;0
88;8;6;0
89;8;6;0
90;8;6;0
91;8;6;0
92;8;6;0
93;8;6;0
94;8;6;0
95;8;6;0
96;8;6;0
97;8;6;0
98;8;6;0
99;8;6;0
100;8;6;0
101;8;6;0
102;8;6;0
103;8;6;0
104;8;6;0
105;8;6;0
106;8;6;0
107;8;6;0
108;8;6;0
109;8;6;0
110;8;6;0
111;8;6;0
112;8;6;0
113;8;6;0
114;8;6;0
115;8;6;0
116;8;6;0
117;8;6;0
118;8;6;0
119;8;6;0
120;8;6;0
121;8;6;0
122;8;6;0
123;8;6;0
124;8;6;0
125;8;6;0
126;8;6;0
127;8;6;0
128;8;6;0
129;8;6;0
130;8;6;0
131;8;6;0
132;8;6;0
133;8;6;0
134;8;6;0
135;8;6;0
136;8;6;0
137;8;6;0
138;8;6;0
139;8;6;0
140;8;6;0
141;8;6;0
142;8;6;0
143;8;6;0
144;8;6;0
145;8;6;0
146;8;6;0
147;8;6;0
148;8;6;0
149;8;6;0
150;8;6;0
151;8;6;0
152;8;6;0
153;8;6;0
154;8;6;0
155;8;6;0
156;8;6;0
157;8;6;0
158;8;6;0
159;8;6;0
160;8;6;0
161;8;6;0
162;8;6;0
163;8;6;0
164;8;6;0
165;8;6;0
166;8;6;0
167;8;6;0
168;8;6;0
169;8;6;0
170;8;6;0
171;8;6;0
172;8;6;0
173;8;6;0
174;8;6;0
175;8;6;0
176;8;6;0
177;8;6;0
178;8;6;0
179;8;6;0
180;8;6;0
181;8;6;0
182;8;6;0
183;8;6;0
184;8;6;0
185;8;6;0
186;8;6;0
187;8;6;0
188;8;6;0
189;8;6;0
190;8;6;0
191;8;6;0
192;8;6;0
193;8;6;0
194;8;6;0
195;8;6;0
196;8;6;0
197;8;12358;0
198;8;2;0
199;8;2;0
200;8;2;0
201;8;2;0
202;8;2;0
203;8;2;0
204;8;2;0
205;8;2;0
206;8;2;0
207;8;2;0
208;8;2;0
209;8;2;0
210;8;2;0
211;8;2;0
212;8;2;0
213;8;2;0
214;8;2;0
215;8;2;0
216;8;2;0
217;8;2;0
218;8;2;0
219;8;2;0
220;8;2;0
221;8;2;0
222;8;2;0
223;8;2;0
224;8;2;0
225;8;2;0
226;8;2;0
227;8;2;0
228;8;2;0
229;8;2;0
230;8;2;0
231;8;2;0
232;8;2;0
233;8;2;0
234;8;2;0
235;8;2;0
236;8;2;0
237;8;2;0
238;8;2;0
239;8;2;0
240;8;2;0
241;8;2;0
242;8;2;0
243;8;2;0
244;8;2;0
245;8;2;0
246;8;2;0
247;8;2;0
248;8;2;0
249;8;2;0
250;8;2;0
251;8;2;0
252;8;2;0
253;8;2;0
254;8;2;0
255;8;2;0
256;8;2;0
257;8;2;0
258;8;2;0
259;8;2;0
260;8;2;0
261;8;2;0
262;8;2;0
263;8;2;0
264;8;2;0
265;8;2;0
266;8;2;0
267;8;2;0
268;8;2;0
269;8;2;0
270;8;2;0
271;8;2;0
272;8;2;0
273;8;2;0
274;8;2;0
275;8;2;0
276;8;2;0
277;8;2;0
278;8;2;0
279;8;2;0
280;8;2;0
281;8;2;0
282;8;2;0
283;8;2;0
284;8;2;0
285;8;2;0
286;8;2;0
287;8;2;0
288;8;2;0
289;8;2;0
290;8;2;0
291;8;2;0
292;8;2;0
293;8;2;0
294;8;2;0
295;8;2;0
296;8;2;0
297;8;2;0
298;8;2;0
299;8;2;0
300;8;2;0
301;8;2;0
302;8;2;0
303;8;2;0
304;8;2;0
305;8;2;0
306;8;2;0
307;8;2;0
308;8;2;0
309;8;2;0
310;8;2;0
311;8;2;0
312;8;2;0
313;8;2;0
314;8;2;0
315;8;2;0
316;8;2;0
317;8;2;0
318;8;2;0
319;8;2;0
320;8;2;0
321;8;2;0
322;8;2;0
323;8;2;0
324;8;2;0
325;8;2;0
326;8;2;0
327;8;2;0
328;8;2;0
329;8;2;0
330;8;2;0
331;8;2;0
332;8;2;0
333;8;2;0
334;8;2;0
335;8;2;0
336;8;2;0
337;8;2;0
338;8;2;0
339;8;2;0
340;8;2;0
341;8;2;0
342;8;2;0
343;8;2;0
344;8;2;0
345;8;2;0
346;8;2;0
347;8;2;0
348;8;2;0
349;8;2;0
350;8;2;0
351;8;2;0
352;8;2;0
353;8;2;0
354;8;2;0
355;8;2;0
356;8;2;0
357;8;2;0
358;8;2;0
359;8;2;0
360;8;2;0
361;8;2;0
362;8;2;0
363;8;2;0
364;8;2;0
365;8;2;0
366;8;2;0
367;8;2;0
368;8;2;0
369;8;2;0
370;8;2;0
371;8;2;0
372;8;2;0
373;8;2;0
374;8;2;0
375;8;2;0
376;8;2;0
377;8;2;0
378;8;2;0
379;8;2;0
380;8;2;0
381;8;2;0
382;8;2;0
383;8;2;0
384;8;2;0
385;8;2;0
386;8;2;0
387;8;2;0
388;8;2;0
389;8;2;0
390;8;2;0
391;8;2;0
392;8;2;0
393;8;2;0
394;8;2;0
395;8;2;0
396;8;2;0
397;8;2;0
398;8;2;0
399;8;2;0
400;8;2;0
401;8;2;0
402;8;2;0
403;8;2;0
404;8;2;0
405;8;2;0
406;8;2;0
407;8;2;0
408;8;2;0
409;8;2;0
410;8;2;0
411;8;2;0
412;8;2;0
413;8;2;0
414;8;2;0
415;8;2;0
416;8;2;0
417;8;2;0
418;8;2;0
419;8;2;0
420;8;2;0
421;8;2;0
422;8;2;0
423;8;2;0
424;8;2;0
425;8;2;0
426;8;2;0
427;8;2;0
428;8;2;0
429;8;2;0
430;8;2;0
431;8;2;0
432;8;2;0
433;8;2;0
434;8;2;0
435;8;2;0
436;8;2;0
437;8;2;0
438;8;2;0
439;8;2;0
440;8;2;0
441;8;2;0
442;8;2;0
443;8;2;0
444;8;2;0
445;8;2;0
446;8;2;0
447;8;2;0
448;8;2;0
449;8;2;0
450;8;2;0
451;8;2;0
452;8;2;0
453;8;2;0
454;8;2;0
455;8;2;0
456;8;2;0
457;8;2;0
458;8;2;0
459;8;2;0
460;8;2;0
461;8;2;0
462;8;2;0
463;8;2;0
464;8;2;0
465;8;2;0
466;8;2;0
467;8;2;0
468;8;2;0
469;8;2;0
470;8;2;0
471;8;2;0
472;8;2;0
473;8;2;0
474;8;2;0
475;8;2;0
476;8;2;0
477;8;2;0
478;8;2;0
479;8;2;0
480;8;2;0
481;8;2;0
482;8;2;0
483;8;2;0
484;8;2;0
485;8;2;0
486;8;2;0
487;8;2;0
488;8;2;0
489;8;2;0
490;8;2;0
491;8;2;0
492;8;2;0
493;8;2;0
494;8;2;0
495;8;2;0
496;8;2;0
497;8;2;0
498;8;2;0
499;8;2;0
500;8;2;0
501;8;2;0
502;8;2;0
503;8;2;0
504;8;2;0
505;8;2;0
506;8;2;0
507;8;2;0
508;8;2;0
509;8;2;0
510;8;2;0
511;8;2;0
0;9;6;0
1;9;6;0
2;9;6;0
3;9;6;0
4;9;6;0
5;9;6;0
6;9;6;0
7;9;6;0
8;9;6;0
9;9;6;0
10;9;6;0
11;9;6;0
12;9;6;0
13;9;6;0
14;9;6;0
15;9;6;0
16;9;6;0
17;9;6;0
18;9;6;0
19;9;6;0
20;9;6;0
21;9;6;0
22;9;6;0
23;9;6;0
24;9;6;0
25;9;6;0
26;9;6;0
27;9;6;0
28;9;6;0
29;9;6;0
30;9;6;0
31;9;6;0
32;9;6;0
33;9;6;0
34;9;6;0
35;9;6;0
36;9;6;0
37;9;6;0
38;9;6;0
39;9;6;0
40;9;6;0
41;9;6;0
42;9;6;0
43;9;6;0
44;9;6;0
45;9;6;0
46;9;6;0
47;9;6;0
48;9;6;0
49;9;6;0
50;9;6;0
51;9;6;0
52;9;6;0
53;9;6;0
54;9;6;0
55;9;6;0
56;9;6;0
57;9;6;0
58;9;6;0
59;9;6;0
60;9;6;0
61;9;6;0
62;9;6;0
63;9;6;0
64;9;6;0
65;9;6;0
66;9;6;0
67;9;6;0
68;9;6;0
69;9;6;0
70;9;6;0
71;9;6;0
72;9;6;0
73;9;6;0
74;9;6;0
75;9;6;0
76;9;6;0
77;9;6;0
78;9;6;0
79;9;6;0
80;9;6;0
81;9;6;0
82;9;6;0
83;9;6;0
84;9;6;0
85;9;6;0
86;9;6;0
87;9;6;0
88;9;6;0
89;9;6;0
90;9;6;0
91;9;6;0
92;9;6;0
93;9;6;0
94;9;6;0
95;9;6;0
96;9;6;0
97;9;6;0
98;9;6;0
99;9;6;0
100;9;6;0
101;9;6;0
102;9;6;0
103;9;6;0
104;9;6;0
105;9;6;0
106;9;6;0
107;9;6;0
108;9;6;0
109;9;6;0
110;9;6;0
111;9;6;0
112;9;6;0
113;9;6;0
114;9;6;0
115;9;6;0
116;9;6;0
117;9;6;0
118;9;6;0
119;9;6;0
120;9;6;0
121;9;6;0
122;9;6;0
123;9;6;0
124;9;6;0
125;9;6;0
126;9;6;0
127;9;6;0
128;9;6;0
129;9;6;0
130;9;6;0
131;9;6;0
132;9;6;0
133;9;6;0
134;9;6;0
135;9;6;0
136;9;6;0
137;9;6;0
138;9;6;0
139;9;6;0
140;9;6;0
141;9;6;0
142;9;6;0
143;9;6;0
144;9;6;0
145;9;6;0
146;9;6;0
147;9;6;0
148;9;6;0
149;9;6;0
150;9;6;0
151;9;6;0
152;9;6;0
153;9;6;0
154;9;6;0
155;9;6;0
156;9;6;0
157;9;6;0
158;9;6;0
159;9;6;0
160;9;6;0
161;9;6;0
162;9;6;0
163;9;6;0
164;9;6;0
165;9;6;0
166;9;6;0
167;9;6;0
168;9;6;0
169;9;6;0
170;9;6;0
171;9;6;0
172;9;6;0
173;9;6;0
174;9;6;0
175;9;6;0
176;9;6;0
177;9;6;0
178;9;6;0
179;9;6;0
180;9;6;0
181;9;6;0
182;9;6;0
183;9;6;0
184;9;6;0
185;9;6;0
186;9;6;0
187;9;6;0
188;9;6;0
189;9;6;0
190;9;6;0
191;9;6;0
192;9;6;0
193;9;6;0
194;9;6;0
195;9;6;0
196;9;6;0
197;9;12358;0
198;9;2;0
199;9;2;0
200;9;2;0
201;9;2;0
202;9;2;0
203;9;2;0
204;9;2;0
205;9;2;0
206;9;2;0
207;9;2;0
208;9;2;0
209;9;2;0
210;9;2;0
211;9;2;0
212;9;2;0
213;9;2;0
214;9;2;0
215;9;2;0
216;9;2;0
217;9;2;0
218;9;2;0
219;9;2;0
220;9;2;0
221;9;2;0
222;9;2;0
223;9;2;0
224;9;2;0
225;9;2;0
226;9;2;0
227;9;2;0
228;9;2;0
229;9;2;0
230;9;2;0
231;9;2;0
232;9;2;0
233;9;2;0
234;9;2;0
235;9;2;0
236;9;2;0
237;9;2;0
238;9;2;0
239;9;2;0
240;9;2;0
241;9;2;0
242;9;2;0
243;9;2;0
244;9;2;0
245;9;2;0
246;9;2;0
247;9;2;0
248;9;2;0
249;9;2;0
250;9;2;0
251;9;2;0
252;9;2;0
253;9;2;0
254;9;2;0
255;9;2;0
256;9;2;0
257;9;2;0
258;9;2;0
259;9;2;0
260;9;2;0
261;9;2;0
262;9;2;0
263;9;2;0
264;9;2;0
265;9;2;0
266;9;2;0
267;9;2;0
268;9;2;0
269;9;2;0
270;9;2;0
271;9;2;0
272;9;2;0
273;9;2;0
274;9;2;0
275;9;2;0
276;9;2;0
277;9;2;0
278;9;2;0
279;9;2;0
280;9;2;0
281;9;2;0
282;9;2;0
283;9;2;0
284;9;2;0
285;9;2;0
286;9;2;0
287;9;2;0
288;9;2;0
289;9;2;0
290;9;2;0
291;9;2;0
292;9;2;0
293;9;2;0
294;9;2;0
295;9;2;0
296;9;2;0
297;9;2;0
298;9;2;0
299;9;2;0
300;9;2;0
301;9;2;0
302;9;2;0
303;9;2;0
304;9;2;0
305;9;2;0
306;9;2;0
307;9;2;0
308;9;2;0
309;9;2;0
310;9;2;0
311;9;2;0
312;9;2;0
313;9;2;0
314;9;2;0
315;9;2;0
316;9;2;0
317;9;2;0
318;9;2;0
319;9;2;0
320;9;2;0
321;9;2;0
322;9;2;0
323;9;2;0
324;9;2;0
325;9;2;0
326;9;2;0
327;9;2;0
328;9;2;0
329;9;2;0
330;9;2;0
331;9;2;0
332;9;2;0
333;9;2;0
334;9;2;0
335;9;2;0
336;9;2;0
337;9;2;0
338;9;2;0
339;9;2;0
340;9;2;0
341;9;2;0
342;9;2;0
343;9;2;0
344;9;2;0
345;9;2;0
346;9;2;0
347;9;2;0
348;9;2;0
349;9;2;0
350;9;2;0
351;9;2;0
352;9;2;0
353;9;2;0
354;9;2;0
355;9;2;0
356;9;2;0
357;9;2;0
358;9;2;0
359;9;2;0
360;9;2;0
361;9;2;0
362;9;2;0
363;9;2;0
364;9;2;0
365;9;2;0
366;9;2;0
367;9;2;0
368;9;2;0
369;9;2;0
370;9;2;0
371;9;2;0
372;9;2;0
373;9;2;0
374;9;2;0
375;9;2;0
376;9;2;0
377;9;2;0
378;9;2;0
379;9;2;0
380;9;2;0
381;9;2;0
382;9;2;0
383;9;2;0
384;9;2;0
385;9;2;0
386;9;2;0
387;9;2;0
388;9;2;0
389;9;2;0
390;9;2;0
391;9;2;0
392;9;2;0
393;9;2;0
394;9;2;0
395;9;2;0
396;9;2;0
397;9;2;0
398;9;2;0
399;9;2;0
400;9;2;0
401;9;2;0
402;9;2;0
403;9;2;0
404;9;2;0
405;9;2;0
406;9;2;0
407;9;2;0
408;9;2;0
409;9;2;0
410;9;2;0
411;9;2;0
412;9;2;0
413;9;2;0
414;9;2;0
415;9;2;0
416;9;2;0
417;9;2;0
418;9;2;0
419;9;2;0
420;9;2;0
421;9;2;0
422;9;2;0
423;9;2;0
424;9;2;0
425;9;2;0
426;9;2;0
427;9;2;0
428;9;2;0
429;9;2;0
430;9;2;0
431;9;2;0
432;9;2;0
433;9;2;0
434;9;2;0
435;9;2;0
436;9;2;0
437;9;2;0
438;9;2;0
439;9;2;0
440;9;2;0
441;9;2;0
442;9;2;0
443;9;2;0
444;9;2;0
445;9;2;0
446;9;2;0
447;9;2;0
448;9;2;0
449;9;2;0
450;9;2;0
451;9;2;0
452;9;2;0
453;9;2;0
454;9;2;0
455;9;2;0
456;9;2;0
457;9;2;0
458;9;2;0
459;9;2;0
460;9;2;0
461;9;2;0
462;9;2;0
463;9;2;0
464;9;2;0
465;9;2;0
466;9;2;0
467;9;2;0
468;9;2;0
469;9;2;0
470;9;2;0
471;9;2;0
472;9;2;0
473;9;2;0
474;9;2;0
475;9;2;0
476;9;2;0
477;9;2;0
478;9;2;0
479;9;2;0
480;9;2;0
481;9;2;0
482;9;2;0
483;9;2;0
484;9;2;0
485;9;2;0
486;9;2;0
487;9;2;0
488;9;2;0
489;9;2;0
490;9;2;0
491;9;2;0
492;9;2;0
493;9;2;0
494;9;2;0
495;9;2;0
496;9;2;0
497;9;2;0
498;9;2;0
499;9;2;0
500;9;2;0
501;9;2;0
502;9;2;0
503;9;2;0
504;9;2;0
505;9;2;0
506;9;2;0
507;9;2;0
508;9;2;0
509;9;2;0
510;9;2;0
511;9;2;0
0;10;6;0
1;10;6;0
2;10;6;0
3;10;6;0
4;10;6;0
5;10;6;0
6;10;6;0
7;10;6;0
8;10;6;0
9;10;6;0
10;10;6;0
11;10;6;0
12;10;6;0
13;10;6;0
14;10;6;0
15;10;6;0
16;10;6;0
17;10;6;0
18;10;6;0
19;10;6;0
20;10;6;0
21;10;6;0
22;10;6;0
23;10;6;0
24;10;6;0
25;10;6;0
26;10;6;0
27;10;6;0
28;10;6;0
29;10;6;0
30;10;6;0
31;10;6;0
32;10;6;0
33;10;6;0
34;10;6;0
35;10;6;0
36;10;6;0
37;10;6;0
38;10;6;0
39;10;6;0
40;10;6;0
41;10;6;0
42;10;6;0
43;10;6;0
44;10;6;0
45;10;6;0
46;10;6;0
47;10;6;0
48;10;6;0
49;10;6;0
50;10;6;0
51;10;6;0
52;10;6;0
53;10;6;0
54;10;6;0
55;10;6;0
56;10;6;0
57;10;6;0
58;10;6;0
59;10;6;0
60;10;6;0
61;10;6;0
62;10;6;0
63;10;6;0
64;10;6;0
65;10;6;0
66;10;6;0
67;10;6;0
68;10;6;0
69;10;6;0
70;10;6;0
71;10;6;0
72;10;6;0
73;10;6;0
74;10;6;0
75;10;6;0
76;10;6;0
77;10;6;0
78;10;6;0
79;10;6;0
80;10;6;0
81;10;6;0
82;10;6;0
83;10;6;0
84;10;6;0
85;10;6;0
86;10;6;0
87;10;6;0
88;10;6;0
89;10;6;0
90;10;6;0
91;10;6;0
92;10;6;0
93;10;6;0
94;10;6;0
95;10;6;0
96;10;6;0
97;10;6;0
98;10;6;0
99;10;6;0
100;10;6;0
101;10;6;0
102;10;6;0
103;10;6;0
104;10;6;0
105;10;6;0
106;10;6;0
107;10;6;0
108;10;6;0
109;10;6;0
110;10;6;0
111;10;6;0
112;10;6;0
113;10;6;0
114;10;6;0
115;10;6;0
116;10;6;0
117;10;6;0
118;10;6;0
119;10;6;0
120;10;6;0
121;10;6;0
122;10;6;0
123;10;6;0
124;10;6;0
125;10;6;0
126;10;6;0
127;10;6;0
128;10;6;0
129;10;6;0
130;10;6;0
131;10;6;0
132;10;6;0
133;10;6;0
134;10;6;0
135;10;6;0
136;10;6;0
137;10;6;0
138;10;6;0
139;10;6;0
140;10;6;0
141;10;6;0
142;10;6;0
143;10;6;0
144;10;6;0
145;10;6;0
146;10;6;0
147;10;6;0
148;10;6;0
149;10;6;0
150;10;6;0
151;10;6;0
152;10;6;0
153;10;6;0
154;10;6;0
155;10;6;0
156;10;6;0
157;10;6;0
158;10;6;0
159;10;6;0
160;10;6;0
161;10;6;0
162;10;6;0
163;10;6;0
164;10;6;0
165;10;6;0
166;10;6;0
167;10;6;0
168;10;6;0
169;10;6;0
170;10;6;0
171;10;6;0
172;10;6;0
173;10;6;0
174;10;6;0
175;10;6;0
176;10;6;0
177;10;6;0
178;10;6;0
179;10;6;0
180;10;6;0
181;10;6;0
182;10;6;0
183;10;6;0
184;10;6;0
185;10;6;0
186;10;6;0
187;10;6;0
188;10;6;0
189;10;6;0
190;10;6;0
191;10;6;0
192;10;6;0
193;10;6;0
194;10;6;0
195;10;6;0
196;10;6;0
197;10;12358;0
198;10;2;0
199;10;2;0
200;10;2;0
201;10;2;0
202;10;2;0
203;10;2;0
204;10;2;0
205;10;2;0
206;10;2;0
207;10;2;0
208;10;2;0
209;10;2;0
210;10;2;0
211;10;2;0
212;10;2;0
213;10;2;0
214;10;2;0
215;10;2;0
216;10;2;0
217;10;2;0
218;10;2;0
219;10;2;0
220;10;2;0
221;10;2;0
222;10;2;0
223;10;2;0
224;10;2;0
225;10;2;0
226;10;2;0
227;10;2;0
228;10;2;0
229;10;2;0
230;10;2;0
231;10;2;0
232;10;2;0
233;10;2;0
234;10;2;0
235;10;2;0
236;10;2;0
237;10;2;0
238;10;2;0
239;10;2;0
240;10;2;0
241;10;2;0
242;10;2;0
243;10;2;0
244;10;2;0
245;10;2;0
246;10;2;0
247;10;2;0
248;10;2;0
249;10;2;0
250;10;2;0
251;10;2;0
252;10;2;0
253;10;2;0
254;10;2;0
255;10;2;0
256;10;2;0
257;10;2;0
258;10;2;0
259;10;2;0
260;10;2;0
261;10;2;0
262;10;2;0
263;10;2;0
264;10;2;0
265;10;2;0
266;10;2;0
267;10;2;0
268;10;2;0
269;10;2;0
270;10;2;0
271;10;2;0
272;10;2;0
273;10;2;0
274;10;2;0
275;10;2;0
276;10;2;0
277;10;2;0
278;10;2;0
279;10;2;0
280;10;2;0
281;10;2;0
282;10;2;0
283;10;2;0
284;10;2;0
285;10;2;0
286;10;2;0
287;10;2;0
288;10;2;0
289;10;2;0
290;10;2;0
291;10;2;0
292;10;2;0
293;10;2;0
294;10;2;0
295;10;2;0
296;10;2;0
297;10;2;0
298;10;2;0
299;10;2;0
300;10;2;0
301;10;2;0
302;10;2;0
303;10;2;0
304;10;2;0
305;10;2;0
306;10;2;0
307;10;2;0
308;10;2;0
309;10;2;0
310;10;2;0
311;10;2;0
312;10;2;0
313;10;2;0
314;10;2;0
315;10;2;0
316;10;2;0
317;10;2;0
318;10;2;0
319;10;2;0
320;10;2;0
321;10;2;0
322;10;2;0
323;10;2;0
324;10;2;0
325;10;2;0
326;10;2;0
327;10;2;0
328;10;2;0
329;10;2;0
330;10;2;0
331;10;2;0
332;10;2;0
333;10;2;0
334;10;2;0
335;10;2;0
336;10;2;0
337;10;2;0
338;10;2;0
339;10;2;0
340;10;2;0
341;10;2;0
342;10;2;0
343;10;2;0
344;10;2;0
345;10;2;0
346;10;2;0
347;10;2;0
348;10;2;0
349;10;2;0
350;10;2;0
351;10;2;0
352;10;2;0
353;10;2;0
354;10;2;0
355;10;2;0
356;10;2;0
357;10;2;0
358;10;2;0
359;10;2;0
360;10;2;0
361;10;2;0
362;10;2;0
363;10;2;0
364;10;2;0
365;10;2;0
366;10;2;0
367;10;2;0
368;10;2;0
369;10;2;0
370;10;2;0
371;10;2;0
372;10;2;0
373;10;2;0
374;10;2;0
375;10;2;0
376;10;2;0
377;10;2;0
378;10;2;0
379;10;2;0
380;10;2;0
381;10;2;0
382;10;2;0
383;10;2;0
384;10;2;0
385;10;2;0
386;10;2;0
387;10;2;0
388;10;2;0
389;10;2;0
390;10;2;0
391;10;2;0
392;10;2;0
393;10;2;0
394;10;2;0
395;10;2;0
396;10;2;0
397;10;2;0
398;10;2;0
399;10;2;0
400;10;2;0
401;10;2;0
402;10;2;0
403;10;2;0
404;10;2;0
405;10;2;0
406;10;2;0
407;10;2;0
408;10;2;0
409;10;2;0
410;10;2;0
411;10;2;0
412;10;2;0
413;10;2;0
414;10;2;0
415;10;2;0
416;10;2;0
417;10;2;0
418;10;2;0
419;10;2;0
420;10;2;0
421;10;2;0
422;10;2;0
423;10;2;0
424;10;2;0
425;10;2;0
426;10;2;0
427;10;2;0
428;10;2;0
429;10;2;0
430;10;2;0
431;10;2;0
432;10;2;0
433;10;2;0
434;10;2;0
435;10;2;0
436;10;2;0
437;10;2;0
438;10;2;0
439;10;2;0
440;10;2;0
441;10;2;0
442;10;2;0
443;10;2;0
444;10;2;0
445;10;2;0
446;10;2;0
447;10;2;0
448;10;2;0
449;10;2;0
450;10;2;0
451;10;2;0
452;10;2;0
453;10;2;0
454;10;2;0
455;10;2;0
456;10;2;0
457;10;2;0
458;10;2;0
459;10;2;0
460;10;2;0
461;10;2;0
462;10;2;0
463;10;2;0
464;10;2;0
465;10;2;0
466;10;2;0
467;10;2;0
468;10;2;0
469;10;2;0
470;10;2;0
471;10;2;0
472;10;2;0
473;10;2;0
474;10;2;0
475;10;2;0
476;10;2;0
477;10;2;0
478;10;2;0
479;10;2;0
480;10;2;0
481;10;2;0
482;10;2;0
483;10;2;0
484;10;2;0
485;10;2;0
486;10;2;0
487;10;2;0
488;10;2;0
489;10;2;0
490;10;2;0
491;10;2;0
492;10;2;0
493;10;2;0
494;10;2;0
495;10;2;0
496;10;2;0
497;10;2;0
498;10;2;0
499;10;2;0
500;10;2;0
501;10;2;0
502;10;2;0
503;10;2;0
504;10;2;0
505;10;2;0
506;10;2;0
507;10;2;0
508;10;2;0
509;10;2;0
510;10;2;0
511;10;2;0
0;11;6;0
1;11;6;0
2;11;6;0
3;11;6;0
4;11;6;0
5;11;6;0
6;11;6;0
7;11;6;0
8;11;6;0
9;11;6;0
10;11;6;0
11;11;6;0
12;11;6;0
13;11;6;0
14;11;6;0
15;11;6;0
16;11;6;0
17;11;6;0
18;11;6;0
19;11;6;0
20;11;6;0
21;11;6;0
22;11;6;0
23;11;6;0
24;11;6;0
25;11;6;0
26;11;6;0
27;11;6;0
28;11;6;0
29;11;6;0
30;11;6;0
31;11;6;0
32;11;6;0
33;11;6;0
34;11;6;0
35;11;6;0
36;11;6;0
37;11;6;0
38;11;6;0
39;11;6;0
40;11;6;0
41;11;6;0
42;11;6;0
43;11;6;0
44;11;6;0
45;11;6;0
46;11;6;0
47;11;6;0
48;11;6;0
49;11;6;0
50;11;6;0
51;11;6;0
52;11;6;0
53;11;6;0
54;11;6;0
55;11;6;0
56;11;6;0
57;11;6;0
58;11;6;0
59;11;6;0
60;11;6;0
61;11;6;0
62;11;6;0
63;11;6;0
64;11;6;0
65;11;6;0
66;11;6;0
67;11;6;0
68;11;6;0
69;11;6;0
70;11;6;0
71;11;6;0
72;11;6;0
73;11;6;0
74;11;6;0
75;11;6;0
76;11;6;0
77;11;6;0
78;11;6;0
79;11;6;0
80;11;6;0
81;11;6;0
82;11;6;0
83;11;6;0
84;11;6;0
85;11;6;0
86;11;6;0
87;11;6;0
88;11;6;0
89;11;6;0
90;11;6;0
91;11;6;0
92;11;6;0
93;11;6;0
94;11;6;0
95;11;6;0
96;11;6;0
97;11;6;0
98;11;6;0
99;11;6;0
100;11;6;0
101;11;6;0
102;11;6;0
103;11;6;0
104;11;6;0
105;11;6;0
106;11;6;0
107;11;6;0
108;11;6;0
109;11;6;0
110;11;6;0
111;11;6;0
112;11;6;0
113;11;6;0
114;11;6;0
115;11;6;0
116;11;6;0
117;11;6;0
118;11;6;0
119;11;6;0
120;11;6;0
121;11;6;0
122;11;6;0
123;11;6;0
124;11;6;0
125;11;6;0
126;11;6;0
127;11;6;0
128;11;6;0
129;11;6;0
130;11;6;0
131;11;6;0
132;11;6;0
133;11;6;0
134;11;6;0
135;11;6;0
136;11;6;0
137;11;6;0
138;11;6;0
139;11;6;0
140;11;6;0
141;11;6;0
142;11;6;0
143;11;6;0
144;11;6;0
145;11;6;0
146;11;6;0
147;11;6;0
148;11;6;0
149;11;6;0
150;11;6;0
151;11;6;0
152;11;6;0
153;11;6;0
154;11;6;0
155;11;6;0
156;11;6;0
157;11;6;0
158;11;6;0
159;11;6;0
160;11;6;0
161;11;6;0
162;11;6;0
163;11;6;0
164;11;6;0
165;11;6;0
166;11;6;0
167;11;6;0
168;11;6;0
169;11;6;0
170;11;6;0
171;11;6;0
172;11;6;0
173;11;6;0
174;11;6;0
175;11;6;0
176;11;6;0
177;11;6;0
178;11;6;0
179;11;6;0
180;11;6;0
181;11;6;0
182;11;6;0
183;11;6;0
184;11;6;0
185;11;6;0
186;11;6;0
187;11;6;0
188;11;6;0
189;11;6;0
190;11;6;0
191;11;6;0
192;11;6;0
193;11;6;0
194;11;6;0
195;11;6;0
196;11;6;0
197;11;12358;0
198;11;2;0
199;11;2;0
200;11;2;0
201;11;2;0
202;11;2;0
203;11;2;0
204;11;2;0
205;11;2;0
206;11;2;0
207;11;2;0
208;11;2;0
209;11;2;0
210;11;2;0
211;11;2;0
212;11;2;0
213;11;2;0
214;11;2;0
215;11;2;0
216;11;2;0
217;11;2;0
218;11;2;0
219;11;2;0
220;11;2;0
221;11;2;0
222;11;2;0
223;11;2;0
224;11;2;0
225;11;2;0
226;11;2;0
227;11;2;0
228;11;2;0
229;11;2;0
230;11;2;0
231;11;2;0
232;11;2;0
233;11;2;0
234;11;2;0
235;11;2;0
236;11;2;0
237;11;2;0
238;11;2;0
239;11;2;0
240;11;2;0
241;11;2;0
242;11;2;0
243;11;2;0
244;11;2;0
245;11;2;0
246;11;2;0
247;11;2;0
248;11;2;0
249;11;2;0
250;11;2;0
251;11;2;0
252;11;2;0
253;11;2;0
254;11;2;0
255;11;2;0
256;11;2;0
257;11;2;0
258;11;2;0
259;11;2;0
260;11;2;0
261;11;2;0
262;11;2;0
263;11;2;0
264;11;2;0
265;11;2;0
266;11;2;0
267;11;2;0
268;11;2;0
269;11;2;0
270;11;2;0
271;11;2;0
272;11;2;0
273;11;2;0
274;11;2;0
275;11;2;0
276;11;2;0
277;11;2;0
278;11;2;0
279;11;2;0
280;11;2;0
281;11;2;0
282;11;2;0
283;11;2;0
284;11;2;0
285;11;2;0
286;11;2;0
287;11;2;0
288;11;2;0
289;11;2;0
290;11;2;0
291;11;2;0
292;11;2;0
293;11;2;0
294;11;2;0
295;11;2;0
296;11;2;0
297;11;2;0
298;11;2;0
299;11;2;0
300;11;2;0
301;11;2;0
302;11;2;0
303;11;2;0
304;11;2;0
305;11;2;0
306;11;2;0
307;11;2;0
308;11;2;0
309;11;2;0
310;11;2;0
311;11;2;0
312;11;2;0
313;11;2;0
314;11;2;0
315;11;2;0
316;11;2;0
317;11;2;0
318;11;2;0
319;11;2;0
320;11;2;0
321;11;2;0
322;11;2;0
323;11;2;0
324;11;2;0
325;11;2;0
326;11;2;0
327;11;2;0
328;11;2;0
329;11;2;0
330;11;2;0
331;11;2;0
332;11;2;0
333;11;2;0
334;11;2;0
335;11;2;0
336;11;2;0
337;11;2;0
338;11;2;0
339;11;2;0
340;11;2;0
341;11;2;0
342;11;2;0
343;11;2;0
344;11;2;0
345;11;2;0
346;11;2;0
347;11;2;0
348;11;2;0
349;11;2;0
350;11;2;0
351;11;2;0
352;11;2;0
353;11;2;0
354;11;2;0
355;11;2;0
356;11;2;0
357;11;2;0
358;11;2;0
359;11;2;0
360;11;2;0
361;11;2;0
362;11;2;0
363;11;2;0
364;11;2;0
365;11;2;0
366;11;2;0
367;11;2;0
368;11;2;0
369;11;2;0
370;11;2;0
371;11;2;0
372;11;2;0
373;11;2;0
374;11;2;0
375;11;2;0
376;11;2;0
377;11;2;0
378;11;2;0
379;11;2;0
380;11;2;0
381;11;2;0
382;11;2;0
383;11;2;0
384;11;2;0
385;11;2;0
386;11;2;0
387;11;2;0
388;11;2;0
389;11;2;0
390;11;2;0
391;11;2;0
392;11;2;0
393;11;2;0
394;11;2;0
395;11;2;0
396;11;2;0
397;11;2;0
398;11;2;0
399;11;2;0
400;11;2;0
401;11;2;0
402;11;2;0
403;11;2;0
404;11;2;0
405;11;2;0
406;11;2;0
407;11;2;0
408;11;2;0
409;11;2;0
410;11;2;0
411;11;2;0
412;11;2;0
413;11;2;0
414;11;2;0
415;11;2;0
416;11;2;0
417;11;2;0
418;11;2;0
419;11;2;0
420;11;2;0
421;11;2;0
422;11;2;0
423;11;2;0
424;11;2;0
425;11;2;0
426;11;2;0
427;11;2;0
428;11;2;0
429;11;2;0
430;11;2;0
431;11;2;0
432;11;2;0
433;11;2;0
434;11;2;0
435;11;2;0
436;11;2;0
437;11;2;0
438;11;2;0
439;11;2;0
440;11;2;0
441;11;2;0
442;11;2;0
443;11;2;0
444;11;2;0
445;11;2;0
446;11;2;0
447;11;2;0
448;11;2;0
449;11;2;0
450;11;2;0
451;11;2;0
452;11;2;0
453;11;2;0
454;11;2;0
455;11;2;0
456;11;2;0
457;11;2;0
458;11;2;0
459;11;2;0
460;11;2;0
461;11;2;0
462;11;2;0
463;11;2;0
464;11;2;0
465;11;2;0
466;11;2;0
467;11;2;0
468;11;2;0
469;11;2;0
470;11;2;0
471;11;2;0
472;11;2;0
473;11;2;0
474;11;2;0
475;11;2;0
476;11;2;0
477;11;2;0
478;11;2;0
479;11;2;0
480;11;2;0
481;11;2;0
482;11;2;0
483;11;2;0
484;11;2;0
485;11;2;0
486;11;2;0
487;11;2;0
488;11;2;0
489;11;2;0
490;11;2;0
491;11;2;0
492;11;2;0
493;11;2;0
494;11;2;0
495;11;2;0
496;11;2;0
497;11;2;0
498;11;2;0
499;11;2;0
500;11;2;0
501;11;2;0
502;11;2;0
503;11;2;0
504;11;2;0
505;11;2;0
506;11;2;0
507;11;2;0
508;11;2;0
509;11;2;0
510;11;2;0
511;11;2;0
0;12;6;0
1;12;6;0
2;12;6;0
3;12;6;0
4;12;6;0
5;12;6;0
6;12;6;0
7;12;6;0
8;12;6;0
9;12;6;0
10;12;6;0
11;12;6;0
12;12;6;0
13;12;6;0
14;12;6;0
15;12;6;0
16;12;6;0
17;12;6;0
18;12;6;0
19;12;6;0
20;12;6;0
21;12;6;0
22;12;6;0
23;12;6;0
24;12;6;0
25;12;6;0
26;12;6;0
27;12;6;0
28;12;6;0
29;12;6;0
30;12;6;0
31;12;6;0
32;12;6;0
33;12;6;0
34;12;6;0
35;12;6;0
36;12;6;0
37;12;6;0
38;12;6;0
39;12;6;0
40;12;6;0
41;12;6;0
42;12;6;0
43;12;6;0
44;12;6;0
45;12;6;0
46;12;6;0
47;12;6;0
48;12;6;0
49;12;6;0
50;12;6;0
51;12;6;0
52;12;6;0
53;12;6;0
54;12;6;0
55;12;6;0
56;12;6;0
57;12;6;0
58;12;6;0
59;12;6;0
60;12;6;0
61;12;6;0
62;12;6;0
63;12;6;0
64;12;6;0
65;12;6;0
66;12;6;0
67;12;6;0
68;12;6;0
69;12;6;0
70;12;6;0
71;12;6;0
72;12;6;0
73;12;6;0
74;12;6;0
75;12;6;0
76;12;6;0
77;12;6;0
78;12;6;0
79;12;6;0
80;12;6;0
81;12;6;0
82;12;6;0
83;12;6;0
84;12;6;0
85;12;6;0
86;12;6;0
87;12;6;0
88;12;6;0
89;12;6;0
90;12;6;0
91;12;6;0
92;12;6;0
93;12;6;0
94;12;6;0
95;12;6;0
96;12;6;0
97;12;6;0
98;12;6;0
99;12;6;0
100;12;6;0
101;12;6;0
102;12;6;0
103;12;6;0
104;12;6;0
105;12;6;0
106;12;6;0
107;12;6;0
108;12;6;0
109;12;6;0
110;12;6;0
111;12;6;0
112;12;6;0
113;12;6;0
114;12;6;0
115;12;6;0
116;12;6;0
117;12;6;0
118;12;6;0
119;12;6;0
120;12;6;0
121;12;6;0
122;12;6;0
123;12;6;0
124;12;6;0
125;12;6;0
126;12;6;0
127;12;6;0
128;12;6;0
129;12;6;0
130;12;6;0
131;12;6;0
132;12;6;0
133;12;6;0
134;12;6;0
135;12;6;0
136;12;6;0
137;12;6;0
138;12;6;0
139;12;6;0
140;12;6;0
141;12;6;0
142;12;6;0
143;12;6;0
144;12;6;0
145;12;6;0
146;12;6;0
147;12;6;0
148;12;6;0
149;12;6;0
150;12;6;0
151;12;6;0
152;12;6;0
153;12;6;0
154;12;6;0
155;12;6;0
156;12;6;0
157;12;6;0
158;12;6;0
159;12;6;0
160;12;6;0
161;12;6;0
162;12;6;0
163;12;6;0
164;12;6;0
165;12;6;0
166;12;6;0
167;12;6;0
168;12;6;0
169;12;6;0
170;12;6;0
171;12;6;0
172;12;6;0
173;12;6;0
174;12;6;0
175;12;6;0
176;12;6;0
177;12;6;0
178;12;6;0
179;12;6;0
180;12;6;0
181;12;6;0
182;12;6;0
183;12;6;0
184;12;6;0
185;12;6;0
186;12;6;0
187;12;6;0
188;12;6;0
189;12;6;0
190;12;6;0
191;12;6;0
192;12;6;0
193;12;6;0
194;12;6;0
195;12;6;0
196;12;6;0
197;12;12358;0
198;12;2;0
199;12;2;0
200;12;2;0
201;12;2;0
202;12;2;0
203;12;2;0
204;12;2;0
205;12;2;0
206;12;2;0
207;12;2;0
208;12;2;0
209;12;2;0
210;12;2;0
211;12;2;0
212;12;2;0
213;12;2;0
214;12;2;0
215;12;2;0
216;12;2;0
217;12;2;0
218;12;2;0
219;12;2;0
220;12;2;0
221;12;2;0
222;12;2;0
223;12;2;0
224;12;2;0
225;12;2;0
226;12;2;0
227;12;2;0
228;12;2;0
229;12;2;0
230;12;2;0
231;12;2;0
232;12;2;0
233;12;2;0
234;12;2;0
235;12;2;0
236;12;2;0
237;12;2;0
238;12;2;0
239;12;2;0
240;12;2;0
241;12;2;0
242;12;2;0
243;12;2;0
244;12;2;0
245;12;2;0
246;12;2;0
247;12;2;0
248;12;2;0
249;12;2;0
250;12;2;0
251;12;2;0
252;12;2;0
253;12;2;0
254;12;2;0
255;12;2;0
256;12;2;0
257;12;2;0
258;12;2;0
259;12;2;0
260;12;2;0
261;12;2;0
262;12;2;0
263;12;2;0
264;12;2;0
265;12;2;0
266;12;2;0
267;12;2;0
268;12;2;0
269;12;2;0
270;12;2;0
271;12;2;0
272;12;2;0
273;12;2;0
274;12;2;0
275;12;2;0
276;12;2;0
277;12;2;0
278;12;2;0
279;12;2;0
280;12;2;0
281;12;2;0
282;12;2;0
283;12;2;0
284;12;2;0
285;12;2;0
286;12;2;0
287;12;2;0
288;12;2;0
289;12;2;0
290;12;2;0
291;12;2;0
292;12;2;0
293;12;2;0
294;12;2;0
295;12;2;0
296;12;2;0
297;12;2;0
298;12;2;0
299;12;2;0
300;12;2;0
301;12;2;0
302;12;2;0
303;12;2;0
304;12;2;0
305;12;2;0
306;12;2;0
307;12;2;0
308;12;2;0
309;12;2;0
310;12;2;0
311;12;2;0
312;12;2;0
313;12;2;0
314;12;2;0
315;12;2;0
316;12;2;0
317;12;2;0
318;12;2;0
319;12;2;0
320;12;2;0
321;12;2;0
322;12;2;0
323;12;2;0
324;12;2;0
325;12;2;0
326;12;2;0
327;12;2;0
328;12;2;0
329;12;2;0
330;12;2;0
331;12;2;0
332;12;2;0
333;12;2;0
334;12;2;0
335;12;2;0
336;12;2;0
337;12;2;0
338;12;2;0
339;12;2;0
340;12;2;0
341;12;2;0
342;12;2;0
343;12;2;0
344;12;2;0
345;12;2;0
346;12;2;0
347;12;2;0
348;12;2;0
349;12;2;0
350;12;2;0
351;12;2;0
352;12;2;0
353;12;2;0
354;12;2;0
355;12;2;0
356;12;2;0
357;12;2;0
358;12;2;0
359;12;2;0
360;12;2;0
361;12;2;0
362;12;2;0
363;12;2;0
364;12;2;0
365;12;2;0
366;12;2;0
367;12;2;0
368;12;2;0
369;12;2;0
370;12;2;0
371;12;2;0
372;12;2;0
373;12;2;0
374;12;2;0
375;12;2;0
376;12;2;0
377;12;2;0
378;12;2;0
379;12;2;0
380;12;2;0
381;12;2;0
382;12;2;0
383;12;2;0
384;12;2;0
385;12;2;0
386;12;2;0
387;12;2;0
388;12;2;0
389;12;2;0
390;12;2;0
391;12;2;0
392;12;2;0
393;12;2;0
394;12;2;0
395;12;2;0
396;12;2;0
397;12;2;0
398;12;2;0
399;12;2;0
400;12;2;0
401;12;2;0
402;12;2;0
403;12;2;0
404;12;2;0
405;12;2;0
406;12;2;0
407;12;2;0
408;12;2;0
409;12;2;0
410;12;2;0
411;12;2;0
412;12;2;0
413;12;2;0
414;12;2;0
415;12;2;0
416;12;2;0
417;12;2;0
418;12;2;0
419;12;2;0
420;12;2;0
421;12;2;0
422;12;2;0
423;12;2;0
424;12;2;0
425;12;2;0
426;12;2;0
427;12;2;0
428;12;2;0
429;12;2;0
430;12;2;0
431;12;2;0
432;12;2;0
433;12;2;0
434;12;2;0
435;12;2;0
436;12;2;0
437;12;2;0
438;12;2;0
439;12;2;0
440;12;2;0
441;12;2;0
442;12;2;0
443;12;2;0
444;12;2;0
445;12;2;0
446;12;2;0
447;12;2;0
448;12;2;0
449;12;2;0
450;12;2;0
451;12;2;0
452;12;2;0
453;12;2;0
454;12;2;0
455;12;2;0
456;12;2;0
457;12;2;0
458;12;2;0
459;12;2;0
460;12;2;0
461;12;2;0
462;12;2;0
463;12;2;0
464;12;2;0
465;12;2;0
466;12;2;0
467;12;2;0
468;12;2;0
469;12;2;0
470;12;2;0
471;12;2;0
472;12;2;0
473;12;2;0
474;12;2;0
475;12;2;0
476;12;2;0
477;12;2;0
478;12;2;0
479;12;2;0
480;12;2;0
481;12;2;0
482;12;2;0
483;12;2;0
484;12;2;0
485;12;2;0
486;12;2;0
487;12;2;0
488;12;2;0
489;12;2;0
490;12;2;0
491;12;2;0
492;12;2;0
493;12;2;0
494;12;2;0
495;12;2;0
496;12;2;0
497;12;2;0
498;12;2;0
499;12;2;0
500;12;2;0
501;12;2;0
502;12;2;0
503;12;2;0
504;12;2;0
505;12;2;0
506;12;2;0
507;12;2;0
508;12;2;0
509;12;2;0
510;12;2;0
511;12;2;0
0;13;6;0
1;13;6;0
2;13;6;0
3;13;6;0
4;13;6;0
5;13;6;0
6;13;6;0
7;13;6;0
8;13;6;0
9;13;6;0
10;13;6;0
11;13;6;0
12;13;6;0
13;13;6;0
14;13;6;0
15;13;6;0
16;13;6;0
17;13;6;0
18;13;6;0
19;13;6;0
20;13;6;0
21;13;6;0
22;13;6;0
23;13;6;0
24;13;6;0
25;13;6;0
26;13;6;0
27;13;6;0
28;13;6;0
29;13;6;0
30;13;6;0
31;13;6;0
32;13;6;0
33;13;6;0
34;13;6;0
35;13;6;0
36;13;6;0
37;13;6;0
38;13;6;0
39;13;6;0
40;13;6;0
41;13;6;0
42;13;6;0
43;13;6;0
44;13;6;0
45;13;6;0
46;13;6;0
47;13;6;0
48;13;6;0
49;13;6;0
50;13;6;0
51;13;6;0
52;13;6;0
53;13;6;0
54;13;6;0
55;13;6;0
56;13;6;0
57;13;6;0
58;13;6;0
59;13;6;0
60;13;6;0
61;13;6;0
62;13;6;0
63;13;6;0
64;13;6;0
65;13;6;0
66;13;6;0
67;13;6;0
68;13;6;0
69;13;6;0
70;13;6;0
71;13;6;0
72;13;6;0
73;13;6;0
74;13;6;0
75;13;6;0
76;13;6;0
77;13;6;0
78;13;6;0
79;13;6;0
80;13;6;0
81;13;6;0
82;13;6;0
83;13;6;0
84;13;6;0
85;13;6;0
86;13;6;0
87;13;6;0
88;13;6;0
89;13;6;0
90;13;6;0
91;13;6;0
92;13;6;0
93;13;6;0
94;13;6;0
95;13;6;0
96;13;6;0
97;13;6;0
98;13;6;0
99;13;6;0
100;13;6;0
101;13;6;0
102;13;6;0
103;13;6;0
104;13;6;0
105;13;6;0
106;13;6;0
107;13;6;0
108;13;6;0
109;13;6;0
110;13;6;0
111;13;6;0
112;13;6;0
113;13;6;0
114;13;6;0
115;13;6;0
116;13;6;0
117;13;6;0
118;13;6;0
119;13;6;0
120;13;6;0
121;13;6;0
122;13;6;0
123;13;6;0
124;13;6;0
125;13;6;0
126;13;6;0
127;13;6;0
128;13;6;0
129;13;6;0
130;13;6;0
131;13;6;0
132;13;6;0
133;13;6;0
134;13;6;0
135;13;6;0
136;13;6;0
137;13;6;0
138;13;6;0
139;13;6;0
140;13;6;0
141;13;6;0
142;13;6;0
143;13;6;0
144;13;6;0
145;13;6;0
146;13;6;0
147;13;6;0
148;13;6;0
149;13;6;0
150;13;6;0
151;13;6;0
152;13;6;0
153;13;6;0
154;13;6;0
155;13;6;0
156;13;6;0
157;13;6;0
158;13;6;0
159;13;6;0
160;13;6;0
161;13;6;0
162;13;6;0
163;13;6;0
164;13;6;0
165;13;6;0
166;13;6;0
167;13;6;0
168;13;6;0
169;13;6;0
170;13;6;0
171;13;6;0
172;13;6;0
173;13;6;0
174;13;6;0
175;13;6;0
176;13;6;0
177;13;6;0
178;13;6;0
179;13;6;0
180;13;6;0
181;13;6;0
182;13;6;0
183;13;6;0
184;13;6;0
185;13;6;0
186;13;6;0
187;13;6;0
188;13;6;0
189;13;6;0
190;13;6;0
191;13;6;0
192;13;6;0
193;13;6;0
194;13;6;0
195;13;6;0
196;13;6;0
197;13;7238;0
198;13;2;0
199;13;2;0
200;13;2;0
201;13;2;0
202;13;2;0
203;13;2;0
204;13;2;0
205;13;2;0
206;13;2;0
207;13;2;0
208;13;2;0
209;13;2;0
210;13;2;0
211;13;2;0
212;13;2;0
213;13;2;0
214;13;2;0
215;13;2;0
216;13;2;0
217;13;2;0
218;13;2;0
219;13;2;0
220;13;2;0
221;13;2;0
222;13;2;0
223;13;2;0
224;13;2;0
225;13;2;0
226;13;2;0
227;13;2;0
228;13;2;0
229;13;2;0
230;13;2;0
231;13;2;0
232;13;2;0
233;13;2;0
234;13;2;0
235;13;2;0
236;13;2;0
237;13;2;0
238;13;2;0
239;13;2;0
240;13;2;0
241;13;2;0
242;13;2;0
243;13;2;0
244;13;2;0
245;13;2;0
246;13;2;0
247;13;2;0
248;13;2;0
249;13;2;0
250;13;2;0
251;13;2;0
252;13;2;0
253;13;2;0
254;13;2;0
255;13;2;0
256;13;2;0
257;13;2;0
258;13;2;0
259;13;2;0
260;13;2;0
261;13;2;0
262;13;2;0
263;13;2;0
264;13;2;0
265;13;2;0
266;13;2;0
267;13;2;0
268;13;2;0
269;13;2;0
270;13;2;0
271;13;2;0
272;13;2;0
273;13;2;0
274;13;2;0
275;13;2;0
276;13;2;0
277;13;2;0
278;13;2;0
279;13;2;0
280;13;2;0
281;13;2;0
282;13;2;0
283;13;2;0
284;13;2;0
285;13;2;0
286;13;2;0
287;13;2;0
288;13;2;0
289;13;2;0
290;13;2;0
291;13;2;0
292;13;2;0
293;13;2;0
294;13;2;0
295;13;2;0
296;13;2;0
297;13;2;0
298;13;2;0
299;13;2;0
300;13;2;0
301;13;2;0
302;13;2;0
303;13;2;0
304;13;2;0
305;13;2;0
306;13;2;0
307;13;2;0
308;13;2;0
309;13;2;0
310;13;2;0
311;13;2;0
312;13;2;0
313;13;2;0
314;13;2;0
315;13;2;0
316;13;2;0
317;13;2;0
318;13;2;0
319;13;2;0
320;13;2;0
321;13;2;0
322;13;2;0
323;13;2;0
324;13;2;0
325;13;2;0
326;13;2;0
327;13;2;0
328;13;2;0
329;13;2;0
330;13;2;0
331;13;2;0
332;13;2;0
333;13;2;0
334;13;2;0
335;13;2;0
336;13;2;0
337;13;2;0
338;13;2;0
339;13;2;0
340;13;2;0
341;13;2;0
342;13;2;0
343;13;2;0
344;13;2;0
345;13;2;0
346;13;2;0
347;13;2;0
348;13;2;0
349;13;2;0
350;13;2;0
351;13;2;0
352;13;2;0
353;13;2;0
354;13;2;0
355;13;2;0
356;13;2;0
357;13;2;0
358;13;2;0
359;13;2;0
360;13;2;0
361;13;2;0
362;13;2;0
363;13;2;0
364;13;2;0
365;13;2;0
366;13;2;0
367;13;2;0
368;13;2;0
369;13;2;0
370;13;2;0
371;13;2;0
372;13;2;0
373;13;2;0
374;13;2;0
375;13;2;0
376;13;2;0
377;13;2;0
378;13;2;0
379;13;2;0
380;13;2;0
381;13;2;0
382;13;2;0
383;13;2;0
384;13;2;0
385;13;2;0
386;13;2;0
387;13;2;0
388;13;2;0
389;13;2;0
390;13;2;0
391;13;2;0
392;13;2;0
393;13;2;0
394;13;2;0
395;13;2;0
396;13;2;0
397;13;2;0
398;13;2;0
399;13;2;0
400;13;2;0
401;13;2;0
402;13;2;0
403;13;2;0
404;13;2;0
405;13;2;0
406;13;2;0
407;13;2;0
408;13;2;0
409;13;2;0
410;13;2;0
411;13;2;0
412;13;2;0
413;13;2;0
414;13;2;0
415;13;2;0
416;13;2;0
417;13;2;0
418;13;2;0
419;13;2;0
420;13;2;0
421;13;2;0
422;13;2;0
423;13;2;0
424;13;2;0
425;13;2;0
426;13;2;0
427;13;2;0
428;13;2;0
429;13;2;0
430;13;2;0
431;13;2;0
432;13;2;0
433;13;2;0
434;13;2;0
435;13;2;0
436;13;2;0
437;13;2;0
438;13;2;0
439;13;2;0
440;13;2;0
441;13;2;0
442;13;2;0
443;13;2;0
444;13;2;0
445;13;2;0
446;13;2;0
447;13;2;0
448;13;2;0
449;13;2;0
450;13;2;0
451;13;2;0
452;13;2;0
453;13;2;0
454;13;2;0
455;13;2;0
456;13;2;0
457;13;2;0
458;13;2;0
459;13;2;0
460;13;2;0
461;13;2;0
462;13;2;0
463;13;2;0
464;13;2;0
465;13;2;0
466;13;2;0
467;13;2;0
468;13;2;0
469;13;2;0
470;13;2;0
471;13;2;0
472;13;2;0
473;13;2;0
474;13;2;0
475;13;2;0
476;13;2;0
477;13;2;0
478;13;2;0
479;13;2;0
480;13;2;0
481;13;2;0
482;13;2;0
483;13;2;0
484;13;2;0
485;13;2;0
486;13;2;0
487;13;2;0
488;13;2;0
489;13;2;0
490;13;2;0
491;13;2;0
492;13;2;0
493;13;2;0
494;13;2;0
495;13;2;0
496;13;2;0
497;13;2;0
498;13;2;0
499;13;2;0
500;13;2;0
501;13;2;0
502;13;2;0
503;13;2;0
504;13;2;0
505;13;2;0
506;13;2;0
507;13;2;0
508;13;2;0
509;13;2;0
510;13;2;0
511;13;2;0
0;14;6;0
1;14;6;0
2;14;6;0
3;14;6;0
4;14;6;0
5;14;6;0
6;14;6;0
7;14;6;0
8;14;6;0
9;14;6;0
10;14;6;0
11;14;6;0
12;14;6;0
13;14;6;0
14;14;6;0
15;14;6;0
16;14;6;0
17;14;6;0
18;14;6;0
19;14;6;0
20;14;6;0
21;14;6;0
22;14;6;0
23;14;6;0
24;14;6;0
25;14;6;0
26;14;6;0
27;14;6;0
28;14;6;0
29;14;6;0
30;14;6;0
31;14;6;0
32;14;6;0
33;14;6;0
34;14;6;0
35;14;6;0
36;14;6;0
37;14;6;0
38;14;6;0
39;14;6;0
40;14;6;0
41;14;6;0
42;14;6;0
43;14;6;0
44;14;6;0
45;14;6;0
46;14;6;0
47;14;6;0
48;14;6;0
49;14;6;0
50;14;6;0
51;14;6;0
52;14;6;0
53;14;6;0
54;14;6;0
55;14;6;0
56;14;6;0
57;14;6;0
58;14;6;0
59;14;6;0
60;14;6;0
61;14;6;0
62;14;6;0
63;14;6;0
64;14;6;0
65;14;6;0
66;14;6;0
67;14;6;0
68;14;6;0
69;14;6;0
70;14;6;0
71;14;6;0
72;14;6;0
73;14;6;0
74;14;6;0
75;14;6;0
76;14;6;0
77;14;6;0
78;14;6;0
79;14;6;0
80;14;6;0
81;14;6;0
82;14;6;0
83;14;6;0
84;14;6;0
85;14;6;0
86;14;6;0
87;14;6;0
88;14;6;0
89;14;6;0
90;14;6;0
91;14;6;0
92;14;6;0
93;14;6;0
94;14;6;0
95;14;6;0
96;14;6;0
97;14;6;0
98;14;6;0
99;14;6;0
100;14;6;0
101;14;6;0
102;14;6;0
103;14;6;0
104;14;6;0
105;14;6;0
106;14;6;0
107;14;6;0
108;14;6;0
109;14;6;0
110;14;6;0
111;14;6;0
112;14;6;0
113;14;6;0
114;14;6;0
115;14;6;0
116;14;6;0
117;14;6;0
118;14;6;0
119;14;6;0
120;14;6;0
121;14;6;0
122;14;6;0
123;14;6;0
124;14;6;0
125;14;6;0
126;14;6;0
127;14;6;0
128;14;6;0
129;14;6;0
130;14;6;0
131;14;6;0
132;14;6;0
133;14;6;0
134;14;6;0
135;14;6;0
136;14;6;0
137;14;6;0
138;14;6;0
139;14;6;0
140;14;6;0
141;14;6;0
142;14;6;0
143;14;6;0
144;14;6;0
145;14;6;0
146;14;6;0
147;14;6;0
148;14;6;0
149;14;6;0
150;14;6;0
151;14;6;0
152;14;6;0
153;14;6;0
154;14;6;0
155;14;6;0
156;14;6;0
157;14;6;0
158;14;6;0
159;14;6;0
160;14;6;0
161;14;6;0
162;14;6;0
163;14;6;0
164;14;6;0
165;14;6;0
166;14;6;0
167;14;6;0
168;14;6;0
169;14;6;0
170;14;6;0
171;14;6;0
172;14;6;0
173;14;6;0
174;14;6;0
175;14;6;0
176;14;6;0
177;14;6;0
178;14;6;0
179;14;6;0
180;14;6;0
181;14;6;0
182;14;6;0
183;14;6;0
184;14;6;0
185;14;6;0
186;14;6;0
187;14;6;0
188;14;6;0
189;14;6;0
190;14;6;0
191;14;6;0
192;14;6;0
193;14;6;0
194;14;6;0
195;14;6;0
196;14;6;0
197;14;6;0
198;14;14406;0
199;14;2;0
200;14;2;0
201;14;2;0
202;14;2;0
203;14;2;0
204;14;2;0
205;14;2;0
206;14;2;0
207;14;2;0
208;14;2;0
209;14;2;0
210;14;2;0
211;14;2;0
212;14;2;0
213;14;2;0
214;14;2;0
215;14;2;0
216;14;2;0
217;14;2;0
218;14;2;0
219;14;2;0
220;14;2;0
221;14;2;0
222;14;2;0
223;14;2;0
224;14;2;0
225;14;2;0
226;14;2;0
227;14;2;0
228;14;2;0
229;14;2;0
230;14;2;0
231;14;2;0
232;14;2;0
233;14;2;0
234;14;2;0
235;14;2;0
236;14;2;0
237;14;2;0
238;14;2;0
239;14;2;0
240;14;2;0
241;14;2;0
242;14;2;0
243;14;2;0
244;14;2;0
245;14;2;0
246;14;2;0
247;14;2;0
248;14;2;0
249;14;2;0
250;14;2;0
251;14;2;0
252;14;2;0
253;14;2;0
254;14;2;0
255;14;2;0
256;14;2;0
257;14;2;0
258;14;2;0
259;14;2;0
260;14;2;0
261;14;2;0
262;14;2;0
263;14;2;0
264;14;2;0
265;14;2;0
266;14;2;0
267;14;2;0
268;14;2;0
269;14;2;0
270;14;2;0
271;14;2;0
272;14;2;0
273;14;2;0
274;14;2;0
275;14;2;0
276;14;2;0
277;14;2;0
278;14;2;0
279;14;2;0
280;14;2;0
281;14;2;0
282;14;2;0
283;14;2;0
284;14;2;0
285;14;2;0
286;14;2;0
287;14;2;0
288;14;2;0
289;14;2;0
290;14;2;0
291;14;2;0
292;14;2;0
293;14;2;0
294;14;2;0
295;14;2;0
296;14;2;0
297;14;2;0
298;14;2;0
299;14;2;0
300;14;2;0
301;14;2;0
302;14;2;0
303;14;2;0
304;14;2;0
305;14;2;0
306;14;2;0
307;14;2;0
308;14;2;0
309;14;2;0
310;14;2;0
311;14;2;0
312;14;2;0
313;14;2;0
314;14;2;0
315;14;2;0
316;14;2;0
317;14;2;0
318;14;2;0
319;14;2;0
320;14;2;0
321;14;2;0
322;14;2;0
323;14;2;0
324;14;2;0
325;14;2;0
326;14;2;0
327;14;2;0
328;14;2;0
329;14;2;0
330;14;2;0
331;14;2;0
332;14;2;0
333;14;2;0
334;14;2;0
335;14;2;0
336;14;2;0
337;14;2;0
338;14;2;0
339;14;2;0
340;14;2;0
341;14;2;0
342;14;2;0
343;14;2;0
344;14;2;0
345;14;2;0
346;14;2;0
347;14;2;0
348;14;2;0
349;14;2;0
350;14;2;0
351;14;2;0
352;14;2;0
353;14;2;0
354;14;2;0
355;14;2;0
356;14;2;0
357;14;2;0
358;14;2;0
359;14;2;0
360;14;2;0
361;14;2;0
362;14;2;0
363;14;2;0
364;14;2;0
365;14;2;0
366;14;2;0
367;14;2;0
368;14;2;0
369;14;2;0
370;14;2;0
371;14;2;0
372;14;2;0
373;14;2;0
374;14;2;0
375;14;2;0
376;14;2;0
377;14;2;0
378;14;2;0
379;14;2;0
380;14;2;0
381;14;2;0
382;14;2;0
383;14;2;0
384;14;2;0
385;14;2;0
386;14;2;0
387;14;2;0
388;14;2;0
389;14;2;0
390;14;2;0
391;14;2;0
392;14;2;0
393;14;2;0
394;14;2;0
395;14;2;0
396;14;2;0
397;14;2;0
398;14;2;0
399;14;2;0
400;14;2;0
401;14;2;0
402;14;2;0
403;14;2;0
404;14;2;0
405;14;2;0
406;14;2;0
407;14;2;0
408;14;2;0
409;14;2;0
410;14;2;0
411;14;2;0
412;14;2;0
413;14;2;0
414;14;2;0
415;14;2;0
416;14;2;0
417;14;2;0
418;14;2;0
419;14;2;0
420;14;2;0
421;14;2;0
422;14;2;0
423;14;2;0
424;14;2;0
425;14;2;0
426;14;2;0
427;14;2;0
428;14;2;0
429;14;2;0
430;14;2;0
431;14;2;0
432;14;2;0
433;14;2;0
434;14;2;0
435;14;2;0
436;14;2;0
437;14;2;0
438;14;2;0
439;14;2;0
440;14;2;0
441;14;2;0
442;14;2;0
443;14;2;0
444;14;2;0
445;14;2;0
446;14;2;0
447;14;2;0
448;14;2;0
449;14;2;0
450;14;2;0
451;14;2;0
452;14;2;0
453;14;2;0
454;14;2;0
455;14;2;0
456;14;2;0
457;14;2;0
458;14;2;0
459;14;2;0
460;14;2;0
461;14;2;0
462;14;2;0
463;14;2;0
464;14;2;0
465;14;2;0
466;14;2;0
467;14;2;0
468;14;2;0
469;14;2;0
470;14;2;0
471;14;2;0
472;14;2;0
473;14;2;0
474;14;2;0
475;14;2;0
476;14;2;0
477;14;2;0
478;14;2;0
479;14;2;0
480;14;2;0
481;14;2;0
482;14;2;0
483;14;2;0
484;14;2;0
485;14;2;0
486;14;2;0
487;14;2;0
488;14;2;0
489;14;2;0
490;14;2;0
491;14;2;0
492;14;2;0
493;14;2;0
494;14;2;0
495;14;2;0
496;14;2;0
497;14;2;0
498;14;2;0
499;14;2;0
500;14;2;0
501;14;2;0
502;14;2;0
503;14;2;0
504;14;2;0
505;14;2;0
506;14;2;0
507;14;2;0
508;14;2;0
509;14;2;0
510;14;2;0
511;14;2;0
