# Illarion Server
# 
# This program is free software: you can redistribute it and/or modify it under
# the terms of the GNU Affero General Public License as published by the Free
# Software Foundation, either version 3 of the License, or (at your option) any
# later version.
# 
# This program is distributed in the hope that it will be useful, but WITHOUT
# ANY WARRANTY; without even the implied warranty of MERCHANTABILITY or FITNESS
# FOR A PARTICULAR PURPOSE.  See the GNU Affero General Public License for more
# details.
# 
# You should have received a copy of the GNU Affero General Public License along
# with this program.  If not, see <http://www.gnu.org/licenses/>.
153;0;623;333
154;0;287;333
155;0;287;333
156;0;287;333
157;0;287;333
158;0;287;333
159;0;287;333
159;0;287;333
160;0;287;333
160;0;287;333
161;0;287;333
161;0;287;333
162;0;287;333
162;0;287;333
163;0;287;333
163;0;287;333
164;0;287;333
164;0;287;333
165;0;287;333
165;0;287;333
166;0;287;333
166;0;287;333
167;0;287;333
167;0;287;333
168;0;287;333
168;0;287;333
169;0;287;333
169;0;287;333
170;0;287;333
170;0;287;333
171;0;287;333
171;0;287;333
172;0;287;333
172;0;287;333
173;0;287;333
173;0;287;333
174;0;287;333
174;0;287;333
175;0;287;333
175;0;287;333
176;0;287;333
176;0;287;333
177;0;287;333
177;0;287;333
178;0;287;333
178;0;287;333
179;0;287;333
179;0;287;333
180;0;287;333
180;0;287;333
181;0;287;333
181;0;287;333
182;0;287;333
182;0;287;333
183;0;287;333
183;0;287;333
184;0;287;333
184;0;287;333
185;0;287;333
185;0;287;333
186;0;287;333
186;0;287;333
187;0;287;333
187;0;287;333
188;0;287;333
188;0;287;333
189;0;287;333
189;0;287;333
190;0;287;333
190;0;287;333
191;0;287;333
191;0;287;333
192;0;287;333
192;0;287;333
193;0;287;333
193;0;287;333
194;0;287;333
194;0;287;333
195;0;287;333
195;0;287;333
196;0;287;333
196;0;287;333
197;0;287;333
197;0;287;333
198;0;287;333
198;0;287;333
199;0;287;333
199;0;287;333
200;0;287;333
200;0;287;333
201;0;287;333
201;0;287;333
202;0;287;333
202;0;287;333
203;0;287;333
203;0;287;333
204;0;287;333
204;0;287;333
205;0;287;333
205;0;287;333
206;0;287;333
206;0;287;333
207;0;287;333
207;0;287;333
208;0;287;333
208;0;287;333
209;0;287;333
209;0;287;333
210;0;287;333
210;0;287;333
211;0;287;333
211;0;287;333
212;0;287;333
212;0;287;333
213;0;287;333
213;0;287;333
214;0;287;333
214;0;287;333
215;0;287;333
215;0;287;333
216;0;287;333
216;0;287;333
217;0;287;333
217;0;287;333
218;0;287;333
218;0;287;333
219;0;287;333
219;0;287;333
220;0;287;333
220;0;287;333
221;0;287;333
221;0;287;333
222;0;287;333
222;0;287;333
223;0;287;333
223;0;287;333
224;0;287;333
224;0;287;333
225;0;287;333
225;0;287;333
226;0;287;333
226;0;287;333
227;0;287;333
227;0;287;333
228;0;287;333
228;0;287;333
229;0;287;333
229;0;287;333
230;0;287;333
230;0;287;333
231;0;287;333
231;0;287;333
232;0;287;333
232;0;287;333
233;0;287;333
233;0;287;333
234;0;287;333
234;0;287;333
235;0;287;333
235;0;287;333
236;0;287;333
236;0;287;333
237;0;287;333
237;0;287;333
238;0;287;333
238;0;287;333
239;0;287;333
239;0;287;333
240;0;287;333
240;0;287;333
241;0;287;333
241;0;287;333
242;0;287;333
242;0;287;333
243;0;287;333
243;0;287;333
244;0;287;333
244;0;287;333
245;0;287;333
245;0;287;333
246;0;287;333
246;0;287;333
247;0;287;333
247;0;287;333
248;0;287;333
248;0;287;333
249;0;287;333
249;0;287;333
250;0;287;333
250;0;287;333
251;0;287;333
251;0;287;333
252;0;287;333
252;0;287;333
253;0;287;333
253;0;287;333
254;0;287;333
255;0;287;333
256;0;287;333
257;0;287;333
258;0;287;333
259;0;287;333
260;0;287;333
261;0;287;333
262;0;287;333
263;0;287;333
264;0;287;333
265;0;287;333
266;0;287;333
267;0;287;333
268;0;287;333
269;0;287;333
270;0;287;333
271;0;287;333
272;0;287;333
273;0;287;333
274;0;287;333
275;0;287;333
276;0;287;333
277;0;287;333
278;0;287;333
279;0;287;333
280;0;287;333
281;0;287;333
282;0;287;333
283;0;287;333
283;0;287;333
284;0;287;333
284;0;287;333
285;0;287;333
285;0;287;333
286;0;287;333
286;0;287;333
287;0;287;333
287;0;287;333
288;0;287;333
288;0;287;333
289;0;287;333
290;0;287;333
291;0;287;333
292;0;287;333
293;0;287;333
294;0;287;333
295;0;287;333
296;0;287;333
297;0;287;333
298;0;287;333
299;0;287;333
300;0;287;333
301;0;287;333
302;0;287;333
303;0;287;333
304;0;287;333
305;0;287;333
306;0;287;333
307;0;287;333
308;0;287;333
309;0;287;333
310;0;287;333
311;0;287;333
312;0;287;333
313;0;287;333
314;0;287;333
315;0;287;333
316;0;287;333
317;0;287;333
318;0;287;333
318;0;287;333
319;0;287;333
319;0;287;333
320;0;287;333
320;0;287;333
321;0;287;333
321;0;287;333
322;0;287;333
322;0;287;333
323;0;287;333
323;0;287;333
324;0;287;333
324;0;287;333
325;0;287;333
326;0;287;333
327;0;287;333
328;0;287;333
329;0;287;333
330;0;287;333
331;0;287;333
332;0;287;333
333;0;287;333
334;0;287;333
335;0;287;333
336;0;287;333
337;0;287;333
338;0;287;333
339;0;287;333
340;0;287;333
341;0;287;333
342;0;287;333
343;0;287;333
344;0;287;333
345;0;287;333
346;0;287;333
347;0;287;333
348;0;287;333
349;0;287;333
350;0;287;333
351;0;287;333
352;0;287;333
353;0;287;333
354;0;287;333
355;0;287;333
356;0;287;333
357;0;287;333
358;0;287;333
359;0;287;333
360;0;287;333
361;0;287;333
362;0;287;333
363;0;287;333
364;0;287;333
365;0;287;333
366;0;287;333
367;0;287;333
368;0;287;333
369;0;287;333
370;0;287;333
371;0;287;333
372;0;287;333
373;0;287;333
374;0;287;333
375;0;287;333
376;0;287;333
377;0;287;333
378;0;287;333
379;0;287;333
380;0;287;333
381;0;287;333
382;0;287;333
383;0;287;333
384;0;287;333
385;0;287;333
386;0;287;333
387;0;287;333
388;0;287;333
389;0;287;333
390;0;287;333
391;0;287;333
392;0;287;333
393;0;287;333
394;0;287;333
395;0;287;333
396;0;287;333
397;0;287;333
397;0;287;333
398;0;287;333
399;0;287;333
400;0;287;333
401;0;287;333
402;0;287;333
403;0;287;333
404;0;287;333
405;0;287;333
406;0;287;333
407;0;287;333
408;0;287;333
409;0;287;333
410;0;287;333
411;0;287;333
412;0;287;333
413;0;287;333
414;0;287;333
415;0;287;333
416;0;287;333
417;0;287;333
418;0;287;333
419;0;287;333
420;0;287;333
421;0;287;333
422;0;287;333
423;0;287;333
424;0;287;333
425;0;287;333
426;0;287;333
427;0;287;333
428;0;287;333
429;0;287;333
430;0;287;333
431;0;287;333
432;0;287;333
433;0;287;333
434;0;287;333
435;0;287;333
436;0;287;333
437;0;287;333
438;0;287;333
439;0;287;333
440;0;287;333
441;0;287;333
442;0;287;333
443;0;287;333
444;0;287;333
444;0;287;333
445;0;287;333
446;0;287;333
447;0;287;333
448;0;287;333
449;0;287;333
450;0;287;333
451;0;287;333
452;0;287;333
453;0;287;333
454;0;287;333
455;0;287;333
456;0;287;333
457;0;287;333
458;0;287;333
459;0;287;333
460;0;287;333
461;0;287;333
462;0;287;333
463;0;287;333
464;0;287;333
465;0;287;333
466;0;287;333
467;0;287;333
468;0;287;333
469;0;287;333
470;0;287;333
471;0;287;333
472;0;287;333
472;0;287;333
473;0;287;333
473;0;287;333
474;0;287;333
474;0;287;333
475;0;287;333
475;0;287;333
476;0;287;333
476;0;287;333
477;0;287;333
477;0;287;333
478;0;287;333
478;0;287;333
479;0;287;333
479;0;287;333
480;0;287;333
480;0;287;333
481;0;287;333
481;0;287;333
482;0;287;333
482;0;287;333
483;0;287;333
483;0;287;333
484;0;287;333
484;0;287;333
485;0;287;333
485;0;287;333
486;0;287;333
486;0;287;333
487;0;287;333
487;0;287;333
488;0;287;333
489;0;287;333
490;0;287;333
491;0;287;333
492;0;287;333
493;0;287;333
494;0;287;333
495;0;287;333
496;0;287;333
497;0;287;333
498;0;287;333
499;0;287;333
500;0;287;333
501;0;287;333
502;0;287;333
503;0;287;333
504;0;287;333
505;0;287;333
506;0;287;333
507;0;287;333
508;0;287;333
509;0;287;333
510;0;287;333
511;0;287;333
153;1;623;333
154;1;287;333
155;1;287;333
156;1;287;333
157;1;287;333
158;1;287;333
159;1;287;333
160;1;287;333
161;1;287;333
162;1;287;333
163;1;287;333
164;1;287;333
165;1;287;333
166;1;287;333
167;1;287;333
168;1;287;333
169;1;287;333
170;1;287;333
171;1;287;333
172;1;287;333
173;1;287;333
174;1;287;333
175;1;287;333
176;1;287;333
177;1;287;333
178;1;287;333
179;1;287;333
180;1;287;333
181;1;287;333
182;1;287;333
183;1;287;333
184;1;287;333
185;1;287;333
186;1;287;333
187;1;287;333
188;1;287;333
189;1;287;333
190;1;287;333
191;1;287;333
192;1;287;333
193;1;287;333
194;1;287;333
195;1;287;333
196;1;287;333
197;1;287;333
198;1;287;333
199;1;287;333
200;1;287;333
201;1;287;333
202;1;287;333
203;1;287;333
204;1;287;333
205;1;287;333
206;1;287;333
207;1;287;333
208;1;287;333
209;1;287;333
210;1;287;333
211;1;287;333
212;1;287;333
213;1;287;333
214;1;287;333
215;1;287;333
216;1;287;333
217;1;287;333
218;1;287;333
219;1;287;333
220;1;287;333
221;1;287;333
222;1;287;333
223;1;287;333
224;1;287;333
225;1;287;333
226;1;287;333
227;1;287;333
228;1;287;333
229;1;287;333
230;1;287;333
231;1;287;333
232;1;287;333
233;1;287;333
234;1;287;333
235;1;287;333
236;1;287;333
237;1;287;333
238;1;287;333
239;1;287;333
240;1;287;333
241;1;287;333
242;1;287;333
243;1;287;333
244;1;287;333
245;1;287;333
246;1;287;333
247;1;287;333
248;1;287;333
249;1;287;333
250;1;287;333
251;1;287;333
252;1;287;333
253;1;287;333
254;1;287;333
255;1;287;333
256;1;287;333
257;1;287;333
258;1;287;333
259;1;287;333
260;1;287;333
261;1;287;333
262;1;287;333
263;1;287;333
264;1;287;333
265;1;287;333
266;1;287;333
267;1;287;333
268;1;287;333
269;1;287;333
270;1;287;333
271;1;287;333
272;1;287;333
273;1;287;333
274;1;287;333
275;1;287;333
276;1;287;333
277;1;287;333
278;1;287;333
279;1;287;333
280;1;287;333
281;1;287;333
282;1;287;333
283;1;287;333
284;1;287;333
285;1;287;333
286;1;287;333
287;1;287;333
288;1;287;333
289;1;287;333
290;1;287;333
291;1;287;333
292;1;287;333
293;1;287;333
294;1;287;333
295;1;287;333
296;1;287;333
297;1;287;333
298;1;287;333
299;1;287;333
300;1;287;333
301;1;287;333
302;1;287;333
303;1;287;333
304;1;287;333
305;1;287;333
306;1;287;333
307;1;287;333
308;1;287;333
309;1;287;333
310;1;287;333
311;1;287;333
312;1;287;333
313;1;287;333
314;1;287;333
315;1;287;333
316;1;287;333
317;1;287;333
318;1;287;333
319;1;287;333
320;1;287;333
321;1;287;333
322;1;287;333
323;1;287;333
324;1;287;333
325;1;287;333
326;1;287;333
327;1;287;333
328;1;287;333
329;1;287;333
330;1;287;333
331;1;287;333
332;1;287;333
333;1;287;333
334;1;287;333
335;1;287;333
336;1;287;333
337;1;287;333
338;1;287;333
339;1;287;333
340;1;287;333
341;1;287;333
342;1;287;333
343;1;287;333
344;1;287;333
345;1;287;333
346;1;287;333
347;1;287;333
348;1;287;333
349;1;287;333
350;1;287;333
351;1;287;333
352;1;287;333
353;1;287;333
354;1;287;333
355;1;287;333
356;1;287;333
357;1;287;333
358;1;287;333
359;1;287;333
360;1;287;333
361;1;287;333
362;1;287;333
363;1;287;333
364;1;287;333
365;1;287;333
366;1;287;333
367;1;287;333
368;1;287;333
369;1;287;333
370;1;287;333
371;1;287;333
372;1;287;333
373;1;287;333
374;1;287;333
375;1;287;333
376;1;287;333
377;1;287;333
378;1;287;333
379;1;287;333
380;1;287;333
381;1;287;333
382;1;287;333
383;1;287;333
384;1;287;333
385;1;287;333
386;1;287;333
387;1;287;333
388;1;287;333
389;1;287;333
390;1;287;333
391;1;287;333
392;1;287;333
393;1;287;333
394;1;287;333
395;1;287;333
396;1;287;333
397;1;287;333
397;1;287;333
398;1;287;333
399;1;287;333
400;1;287;333
401;1;287;333
402;1;287;333
403;1;287;333
404;1;287;333
405;1;287;333
406;1;287;333
407;1;287;333
408;1;287;333
409;1;287;333
410;1;287;333
411;1;287;333
412;1;287;333
413;1;287;333
414;1;287;333
415;1;287;333
416;1;287;333
417;1;287;333
418;1;287;333
419;1;287;333
420;1;287;333
421;1;287;333
422;1;287;333
423;1;287;333
424;1;287;333
425;1;287;333
426;1;287;333
427;1;287;333
428;1;287;333
429;1;287;333
430;1;287;333
431;1;287;333
432;1;287;333
433;1;287;333
434;1;287;333
435;1;287;333
436;1;287;333
437;1;287;333
438;1;287;333
439;1;287;333
440;1;287;333
441;1;287;333
442;1;287;333
443;1;287;333
444;1;287;333
444;1;287;333
445;1;287;333
446;1;287;333
447;1;287;333
448;1;287;333
449;1;287;333
450;1;287;333
451;1;287;333
452;1;287;333
453;1;287;333
454;1;287;333
455;1;287;333
456;1;287;333
457;1;287;333
458;1;287;333
459;1;287;333
460;1;287;333
461;1;287;333
462;1;287;333
463;1;287;333
464;1;287;333
465;1;287;333
466;1;287;333
467;1;287;333
468;1;287;333
469;1;287;333
470;1;287;333
471;1;287;333
472;1;287;333
472;1;287;333
473;1;287;333
473;1;287;333
474;1;287;333
474;1;287;333
475;1;287;333
475;1;287;333
476;1;287;333
476;1;287;333
477;1;287;333
477;1;287;333
478;1;287;333
478;1;287;333
479;1;287;333
479;1;287;333
480;1;287;333
480;1;287;333
481;1;287;333
481;1;287;333
482;1;287;333
482;1;287;333
483;1;287;333
483;1;287;333
484;1;287;333
484;1;287;333
485;1;287;333
485;1;287;333
486;1;287;333
486;1;287;333
487;1;287;333
487;1;287;333
488;1;287;333
489;1;287;333
490;1;287;333
491;1;287;333
492;1;287;333
493;1;287;333
494;1;287;333
495;1;287;333
496;1;287;333
497;1;287;333
498;1;287;333
499;1;287;333
500;1;287;333
501;1;287;333
502;1;287;333
503;1;287;333
504;1;287;333
505;1;287;333
506;1;287;333
507;1;287;333
508;1;287;333
509;1;287;333
510;1;287;333
511;1;287;333
153;2;623;333
154;2;287;333
155;2;287;333
156;2;287;333
157;2;287;333
158;2;287;333
159;2;287;333
160;2;287;333
161;2;287;333
162;2;287;333
163;2;287;333
164;2;287;333
165;2;287;333
166;2;287;333
167;2;287;333
168;2;287;333
169;2;287;333
170;2;287;333
171;2;287;333
172;2;287;333
173;2;287;333
174;2;287;333
175;2;287;333
176;2;287;333
177;2;287;333
178;2;287;333
179;2;287;333
180;2;287;333
181;2;287;333
182;2;287;333
183;2;287;333
184;2;287;333
185;2;287;333
186;2;287;333
187;2;287;333
188;2;287;333
189;2;287;333
190;2;287;333
191;2;287;333
192;2;287;333
193;2;287;333
194;2;287;333
195;2;287;333
196;2;287;333
197;2;287;333
198;2;287;333
199;2;287;333
200;2;287;333
201;2;287;333
202;2;287;333
203;2;287;333
204;2;287;333
205;2;287;333
206;2;287;333
207;2;287;333
208;2;287;333
209;2;287;333
210;2;287;333
211;2;287;333
212;2;287;333
213;2;287;333
214;2;287;333
215;2;287;333
216;2;287;333
217;2;287;333
218;2;287;333
219;2;287;333
220;2;287;333
221;2;287;333
222;2;287;333
223;2;287;333
224;2;287;333
225;2;287;333
226;2;287;333
227;2;287;333
228;2;287;333
229;2;287;333
230;2;287;333
231;2;287;333
232;2;287;333
233;2;287;333
234;2;287;333
235;2;287;333
236;2;287;333
237;2;287;333
238;2;287;333
239;2;287;333
240;2;287;333
241;2;287;333
242;2;287;333
243;2;287;333
244;2;287;333
245;2;287;333
246;2;287;333
247;2;287;333
248;2;287;333
249;2;287;333
250;2;287;333
251;2;287;333
252;2;287;333
253;2;287;333
254;2;287;333
255;2;287;333
256;2;287;333
257;2;287;333
258;2;287;333
259;2;287;333
260;2;287;333
261;2;287;333
262;2;287;333
263;2;287;333
264;2;287;333
265;2;287;333
266;2;287;333
267;2;287;333
268;2;287;333
269;2;287;333
270;2;287;333
271;2;287;333
272;2;287;333
273;2;287;333
274;2;287;333
275;2;287;333
276;2;287;333
277;2;287;333
278;2;287;333
279;2;287;333
280;2;287;333
281;2;287;333
282;2;287;333
283;2;287;333
284;2;287;333
285;2;287;333
286;2;287;333
287;2;287;333
288;2;287;333
289;2;287;333
290;2;287;333
291;2;287;333
292;2;287;333
293;2;287;333
294;2;287;333
295;2;287;333
296;2;287;333
297;2;287;333
298;2;287;333
299;2;287;333
300;2;287;333
301;2;287;333
302;2;287;333
303;2;287;333
304;2;287;333
305;2;287;333
306;2;287;333
307;2;287;333
308;2;287;333
309;2;287;333
310;2;287;333
311;2;287;333
312;2;287;333
313;2;287;333
314;2;287;333
315;2;287;333
316;2;287;333
317;2;287;333
318;2;287;333
319;2;287;333
320;2;287;333
321;2;287;333
322;2;287;333
323;2;287;333
324;2;287;333
325;2;287;333
326;2;287;333
327;2;287;333
328;2;287;333
329;2;287;333
330;2;287;333
331;2;287;333
332;2;287;333
333;2;287;333
334;2;287;333
335;2;287;333
336;2;287;333
337;2;287;333
338;2;287;333
339;2;287;333
340;2;287;333
341;2;287;333
342;2;287;333
343;2;287;333
344;2;287;333
345;2;287;333
346;2;287;333
347;2;287;333
348;2;287;333
349;2;287;333
350;2;287;333
351;2;287;333
352;2;287;333
353;2;287;333
354;2;287;333
355;2;287;333
356;2;287;333
357;2;287;333
358;2;287;333
359;2;287;333
360;2;287;333
361;2;287;333
362;2;287;333
363;2;287;333
364;2;287;333
365;2;287;333
366;2;287;333
367;2;287;333
368;2;287;333
369;2;287;333
370;2;287;333
371;2;287;333
372;2;287;333
373;2;287;333
374;2;287;333
375;2;287;333
376;2;287;333
377;2;287;333
378;2;287;333
379;2;287;333
380;2;287;333
381;2;287;333
382;2;287;333
383;2;287;333
384;2;287;333
385;2;287;333
386;2;287;333
387;2;287;333
388;2;287;333
389;2;287;333
390;2;287;333
391;2;287;333
392;2;287;333
393;2;287;333
394;2;287;333
395;2;287;333
396;2;287;333
397;2;287;333
397;2;287;333
398;2;287;333
399;2;287;333
400;2;287;333
401;2;287;333
402;2;287;333
403;2;287;333
404;2;287;333
405;2;287;333
406;2;287;333
407;2;287;333
408;2;287;333
409;2;287;333
410;2;287;333
411;2;287;333
412;2;287;333
413;2;287;333
414;2;287;333
415;2;287;333
416;2;287;333
417;2;287;333
418;2;287;333
419;2;287;333
420;2;287;333
421;2;287;333
422;2;287;333
423;2;287;333
424;2;287;333
425;2;287;333
426;2;287;333
427;2;287;333
428;2;287;333
429;2;287;333
430;2;287;333
431;2;287;333
432;2;287;333
433;2;287;333
434;2;287;333
435;2;287;333
436;2;287;333
437;2;287;333
438;2;287;333
439;2;287;333
440;2;287;333
441;2;287;333
442;2;287;333
443;2;287;333
444;2;287;333
444;2;287;333
445;2;287;333
446;2;287;333
447;2;287;333
448;2;287;333
449;2;287;333
450;2;287;333
451;2;287;333
452;2;287;333
453;2;287;333
454;2;287;333
455;2;287;333
456;2;287;333
457;2;287;333
458;2;287;333
459;2;287;333
460;2;287;333
461;2;287;333
462;2;287;333
463;2;287;333
464;2;287;333
465;2;287;333
466;2;287;333
467;2;287;333
468;2;287;333
469;2;287;333
470;2;287;333
471;2;287;333
472;2;287;333
472;2;287;333
473;2;287;333
473;2;287;333
474;2;287;333
474;2;287;333
475;2;287;333
475;2;287;333
476;2;287;333
476;2;287;333
477;2;287;333
477;2;287;333
478;2;287;333
478;2;287;333
479;2;287;333
479;2;287;333
480;2;287;333
480;2;287;333
481;2;287;333
481;2;287;333
482;2;287;333
482;2;287;333
483;2;287;333
483;2;287;333
484;2;287;333
484;2;287;333
485;2;287;333
485;2;287;333
486;2;287;333
486;2;287;333
487;2;287;333
487;2;287;333
488;2;287;333
489;2;287;333
490;2;287;333
491;2;287;333
492;2;287;333
493;2;287;333
494;2;287;333
495;2;287;333
496;2;287;333
497;2;287;333
498;2;287;333
499;2;287;333
500;2;287;333
501;2;287;333
502;2;287;333
503;2;287;333
504;2;287;333
505;2;287;333
506;2;287;333
507;2;287;333
508;2;287;333
509;2;287;333
510;2;287;333
511;2;287;333
153;3;623;333
154;3;287;333
155;3;287;333
156;3;287;333
157;3;287;333
158;3;287;333
159;3;287;333
160;3;287;333
161;3;287;333
162;3;287;333
163;3;287;333
164;3;287;333
165;3;287;333
166;3;287;333
167;3;287;333
168;3;287;333
169;3;287;333
170;3;287;333
171;3;287;333
172;3;287;333
173;3;287;333
174;3;287;333
175;3;287;333
176;3;287;333
177;3;287;333
178;3;287;333
179;3;287;333
180;3;287;333
181;3;287;333
182;3;287;333
183;3;287;333
184;3;287;333
185;3;287;333
186;3;287;333
187;3;287;333
188;3;287;333
189;3;287;333
190;3;287;333
191;3;287;333
192;3;287;333
193;3;287;333
194;3;287;333
195;3;287;333
196;3;287;333
197;3;287;333
198;3;287;333
199;3;287;333
200;3;287;333
201;3;287;333
202;3;287;333
203;3;287;333
204;3;287;333
205;3;287;333
206;3;287;333
207;3;287;333
208;3;287;333
209;3;287;333
210;3;287;333
211;3;287;333
212;3;287;333
213;3;287;333
214;3;287;333
215;3;287;333
216;3;287;333
217;3;287;333
218;3;287;333
219;3;287;333
220;3;287;333
221;3;287;333
222;3;287;333
223;3;287;333
224;3;287;333
225;3;287;333
226;3;287;333
227;3;287;333
228;3;287;333
229;3;287;333
230;3;287;333
231;3;287;333
232;3;287;333
233;3;287;333
234;3;287;333
235;3;287;333
236;3;287;333
237;3;287;333
238;3;287;333
239;3;287;333
240;3;287;333
241;3;287;333
242;3;287;333
243;3;287;333
244;3;287;333
245;3;287;333
246;3;287;333
247;3;287;333
248;3;287;333
249;3;287;333
250;3;287;333
251;3;287;333
252;3;287;333
253;3;287;333
254;3;287;333
255;3;287;333
256;3;287;333
257;3;287;333
258;3;287;333
259;3;287;333
260;3;287;333
261;3;287;333
262;3;287;333
263;3;287;333
264;3;287;333
265;3;287;333
266;3;287;333
267;3;287;333
268;3;287;333
269;3;287;333
270;3;287;333
271;3;287;333
272;3;287;333
273;3;287;333
274;3;287;333
275;3;287;333
276;3;287;333
277;3;287;333
278;3;287;333
279;3;287;333
280;3;287;333
281;3;287;333
282;3;287;333
283;3;287;333
284;3;287;333
285;3;287;333
286;3;287;333
287;3;287;333
288;3;287;333
289;3;287;333
290;3;287;333
291;3;287;333
292;3;287;333
293;3;287;333
294;3;287;333
295;3;287;333
296;3;287;333
297;3;287;333
298;3;287;333
299;3;287;333
300;3;287;333
301;3;287;333
302;3;287;333
303;3;287;333
304;3;287;333
305;3;287;333
306;3;287;333
307;3;287;333
308;3;287;333
309;3;287;333
310;3;287;333
311;3;287;333
312;3;287;333
313;3;287;333
314;3;287;333
315;3;287;333
316;3;287;333
317;3;287;333
318;3;287;333
319;3;287;333
320;3;287;333
321;3;287;333
322;3;287;333
323;3;287;333
324;3;287;333
325;3;287;333
326;3;287;333
327;3;287;333
328;3;287;333
329;3;287;333
330;3;287;333
331;3;287;333
332;3;287;333
333;3;287;333
334;3;287;333
335;3;287;333
336;3;287;333
337;3;287;333
338;3;287;333
339;3;287;333
340;3;287;333
341;3;287;333
342;3;287;333
343;3;287;333
344;3;287;333
345;3;287;333
346;3;287;333
347;3;287;333
348;3;287;333
349;3;287;333
350;3;287;333
351;3;287;333
352;3;287;333
353;3;287;333
354;3;287;333
355;3;287;333
356;3;287;333
357;3;287;333
358;3;287;333
359;3;287;333
360;3;287;333
361;3;287;333
362;3;287;333
363;3;287;333
364;3;287;333
365;3;287;333
366;3;287;333
367;3;287;333
368;3;287;333
369;3;287;333
370;3;287;333
371;3;287;333
372;3;287;333
373;3;287;333
374;3;287;333
375;3;287;333
376;3;287;333
377;3;287;333
378;3;287;333
379;3;287;333
380;3;287;333
381;3;287;333
382;3;287;333
383;3;287;333
384;3;287;333
385;3;287;333
386;3;287;333
387;3;287;333
388;3;287;333
389;3;287;333
390;3;287;333
391;3;287;333
392;3;287;333
393;3;287;333
394;3;287;333
395;3;287;333
396;3;287;333
397;3;287;333
397;3;287;333
398;3;287;333
399;3;287;333
400;3;287;333
401;3;287;333
402;3;287;333
403;3;287;333
404;3;287;333
405;3;287;333
406;3;287;333
407;3;287;333
408;3;287;333
409;3;287;333
410;3;287;333
411;3;287;333
412;3;287;333
413;3;287;333
414;3;287;333
415;3;287;333
416;3;287;333
417;3;287;333
418;3;287;333
419;3;287;333
420;3;287;333
421;3;287;333
422;3;287;333
423;3;287;333
424;3;287;333
425;3;287;333
426;3;287;333
427;3;287;333
428;3;287;333
429;3;287;333
430;3;287;333
431;3;287;333
432;3;287;333
433;3;287;333
434;3;287;333
435;3;287;333
436;3;287;333
437;3;287;333
438;3;287;333
439;3;287;333
440;3;287;333
441;3;287;333
442;3;287;333
443;3;287;333
444;3;287;333
444;3;287;333
445;3;287;333
446;3;287;333
447;3;287;333
448;3;287;333
449;3;287;333
450;3;287;333
451;3;287;333
452;3;287;333
453;3;287;333
454;3;287;333
455;3;287;333
456;3;287;333
457;3;287;333
458;3;287;333
459;3;287;333
460;3;287;333
461;3;287;333
462;3;287;333
463;3;287;333
464;3;287;333
465;3;287;333
466;3;287;333
467;3;287;333
468;3;287;333
469;3;287;333
470;3;287;333
471;3;287;333
472;3;287;333
472;3;287;333
473;3;287;333
473;3;287;333
474;3;287;333
474;3;287;333
475;3;287;333
475;3;287;333
476;3;287;333
476;3;287;333
477;3;287;333
477;3;287;333
478;3;287;333
478;3;287;333
479;3;287;333
479;3;287;333
480;3;287;333
480;3;287;333
481;3;287;333
481;3;287;333
482;3;287;333
482;3;287;333
483;3;287;333
483;3;287;333
484;3;287;333
484;3;287;333
485;3;287;333
485;3;287;333
486;3;287;333
486;3;287;333
487;3;287;333
487;3;287;333
488;3;287;333
489;3;287;333
490;3;287;333
491;3;287;333
492;3;287;333
493;3;287;333
494;3;287;333
495;3;287;333
496;3;287;333
497;3;287;333
498;3;287;333
499;3;287;333
500;3;287;333
501;3;287;333
502;3;287;333
503;3;287;333
504;3;287;333
505;3;287;333
506;3;287;333
507;3;287;333
508;3;287;333
509;3;287;333
510;3;287;333
511;3;287;333
153;4;623;333
154;4;287;333
155;4;287;333
156;4;287;333
157;4;287;333
158;4;287;333
159;4;287;333
160;4;287;333
161;4;287;333
162;4;287;333
163;4;287;333
164;4;287;333
165;4;287;333
166;4;287;333
167;4;287;333
168;4;287;333
169;4;287;333
170;4;287;333
171;4;287;333
172;4;287;333
173;4;287;333
174;4;287;333
175;4;287;333
176;4;287;333
177;4;287;333
178;4;287;333
179;4;287;333
180;4;287;333
181;4;287;333
182;4;287;333
183;4;287;333
184;4;287;333
185;4;287;333
186;4;287;333
187;4;287;333
188;4;287;333
189;4;287;333
190;4;287;333
191;4;287;333
192;4;287;333
193;4;287;333
194;4;287;333
195;4;287;333
196;4;287;333
197;4;287;333
198;4;287;333
199;4;287;333
200;4;287;333
201;4;287;333
202;4;287;333
203;4;287;333
204;4;287;333
205;4;287;333
206;4;287;333
207;4;287;333
208;4;287;333
209;4;287;333
210;4;287;333
211;4;287;333
212;4;287;333
213;4;287;333
214;4;287;333
215;4;287;333
216;4;287;333
217;4;287;333
218;4;287;333
219;4;287;333
220;4;287;333
221;4;287;333
222;4;287;333
223;4;287;333
224;4;287;333
225;4;287;333
226;4;287;333
227;4;287;333
228;4;287;333
229;4;287;333
230;4;287;333
231;4;287;333
232;4;287;333
233;4;287;333
234;4;287;333
235;4;287;333
236;4;287;333
237;4;287;333
238;4;287;333
239;4;287;333
240;4;287;333
241;4;287;333
242;4;287;333
243;4;287;333
244;4;287;333
245;4;287;333
246;4;287;333
247;4;287;333
248;4;287;333
249;4;287;333
250;4;287;333
251;4;287;333
252;4;287;333
253;4;287;333
254;4;287;333
255;4;287;333
256;4;287;333
257;4;287;333
258;4;287;333
259;4;287;333
260;4;287;333
261;4;287;333
262;4;287;333
263;4;287;333
264;4;287;333
265;4;287;333
266;4;287;333
267;4;287;333
268;4;287;333
269;4;287;333
270;4;287;333
271;4;287;333
272;4;287;333
273;4;287;333
274;4;287;333
275;4;287;333
276;4;287;333
277;4;287;333
278;4;287;333
279;4;287;333
280;4;287;333
281;4;287;333
282;4;287;333
283;4;287;333
284;4;287;333
285;4;287;333
286;4;287;333
287;4;287;333
288;4;287;333
289;4;287;333
290;4;287;333
291;4;287;333
292;4;287;333
293;4;287;333
294;4;287;333
295;4;287;333
296;4;287;333
297;4;287;333
298;4;287;333
299;4;287;333
300;4;287;333
301;4;287;333
302;4;287;333
303;4;287;333
304;4;287;333
305;4;287;333
306;4;287;333
307;4;287;333
308;4;287;333
309;4;287;333
310;4;287;333
311;4;287;333
312;4;287;333
313;4;287;333
314;4;287;333
315;4;287;333
316;4;287;333
317;4;287;333
318;4;287;333
319;4;287;333
320;4;287;333
321;4;287;333
322;4;287;333
323;4;287;333
324;4;287;333
325;4;287;333
326;4;287;333
327;4;287;333
328;4;287;333
329;4;287;333
330;4;287;333
331;4;287;333
332;4;287;333
333;4;287;333
334;4;287;333
335;4;287;333
336;4;287;333
337;4;287;333
338;4;287;333
339;4;287;333
340;4;287;333
341;4;287;333
342;4;287;333
343;4;287;333
344;4;287;333
345;4;287;333
346;4;287;333
347;4;287;333
348;4;287;333
349;4;287;333
350;4;287;333
351;4;287;333
352;4;287;333
353;4;287;333
354;4;287;333
355;4;287;333
356;4;287;333
357;4;287;333
358;4;287;333
359;4;287;333
360;4;287;333
361;4;287;333
362;4;287;333
363;4;287;333
364;4;287;333
365;4;287;333
366;4;287;333
367;4;287;333
368;4;287;333
369;4;287;333
370;4;287;333
371;4;287;333
372;4;287;333
373;4;287;333
374;4;287;333
375;4;287;333
376;4;287;333
377;4;287;333
378;4;287;333
379;4;287;333
380;4;287;333
381;4;287;333
382;4;287;333
383;4;287;333
384;4;287;333
385;4;287;333
386;4;287;333
387;4;287;333
388;4;287;333
389;4;287;333
390;4;287;333
391;4;287;333
392;4;287;333
393;4;287;333
394;4;287;333
395;4;287;333
396;4;287;333
397;4;287;333
397;4;287;333
398;4;287;333
399;4;287;333
400;4;287;333
401;4;287;333
402;4;287;333
403;4;287;333
404;4;287;333
405;4;287;333
406;4;287;333
407;4;287;333
408;4;287;333
409;4;287;333
410;4;287;333
411;4;287;333
412;4;287;333
413;4;287;333
414;4;287;333
415;4;287;333
416;4;287;333
417;4;287;333
418;4;287;333
419;4;287;333
420;4;287;333
421;4;287;333
422;4;287;333
423;4;287;333
424;4;287;333
425;4;287;333
426;4;287;333
427;4;287;333
428;4;287;333
429;4;287;333
430;4;287;333
431;4;287;333
432;4;287;333
433;4;287;333
434;4;287;333
435;4;287;333
436;4;287;333
437;4;287;333
438;4;287;333
439;4;287;333
440;4;287;333
441;4;287;333
442;4;287;333
443;4;287;333
444;4;287;333
444;4;287;333
445;4;287;333
446;4;287;333
447;4;287;333
448;4;287;333
449;4;287;333
450;4;287;333
451;4;287;333
452;4;287;333
453;4;287;333
454;4;287;333
455;4;287;333
456;4;287;333
457;4;287;333
458;4;287;333
459;4;287;333
460;4;287;333
461;4;287;333
462;4;287;333
463;4;287;333
464;4;287;333
465;4;287;333
466;4;287;333
467;4;287;333
468;4;287;333
469;4;287;333
470;4;287;333
471;4;287;333
472;4;287;333
472;4;287;333
473;4;287;333
473;4;287;333
474;4;287;333
474;4;287;333
475;4;287;333
475;4;287;333
476;4;287;333
476;4;287;333
477;4;287;333
477;4;287;333
478;4;287;333
478;4;287;333
479;4;287;333
479;4;287;333
480;4;287;333
480;4;287;333
481;4;287;333
481;4;287;333
482;4;287;333
482;4;287;333
483;4;287;333
483;4;287;333
484;4;287;333
484;4;287;333
485;4;287;333
485;4;287;333
486;4;287;333
486;4;287;333
487;4;287;333
487;4;287;333
488;4;287;333
489;4;287;333
490;4;287;333
491;4;287;333
492;4;287;333
493;4;287;333
494;4;287;333
495;4;287;333
496;4;287;333
497;4;287;333
498;4;287;333
499;4;287;333
500;4;287;333
501;4;287;333
502;4;287;333
503;4;287;333
504;4;287;333
505;4;287;333
506;4;287;333
507;4;287;333
508;4;287;333
509;4;287;333
510;4;287;333
511;4;287;333
153;5;623;333
154;5;287;333
155;5;287;333
156;5;287;333
157;5;287;333
158;5;287;333
159;5;287;333
160;5;287;333
161;5;287;333
162;5;287;333
163;5;287;333
164;5;287;333
165;5;287;333
166;5;287;333
167;5;287;333
168;5;287;333
169;5;287;333
170;5;287;333
171;5;287;333
172;5;287;333
173;5;287;333
174;5;287;333
175;5;287;333
176;5;287;333
177;5;287;333
178;5;287;333
179;5;287;333
180;5;287;333
181;5;287;333
182;5;287;333
183;5;287;333
184;5;287;333
185;5;287;333
186;5;287;333
187;5;287;333
188;5;287;333
189;5;287;333
190;5;287;333
191;5;287;333
192;5;287;333
193;5;287;333
194;5;287;333
195;5;287;333
196;5;287;333
197;5;287;333
198;5;287;333
199;5;287;333
200;5;287;333
201;5;287;333
202;5;287;333
203;5;287;333
204;5;287;333
205;5;287;333
206;5;287;333
207;5;287;333
208;5;287;333
209;5;287;333
210;5;287;333
211;5;287;333
212;5;287;333
213;5;287;333
214;5;287;333
215;5;287;333
216;5;287;333
217;5;287;333
218;5;287;333
219;5;287;333
220;5;287;333
221;5;287;333
222;5;287;333
223;5;287;333
224;5;287;333
225;5;287;333
226;5;287;333
227;5;287;333
228;5;287;333
229;5;287;333
230;5;287;333
231;5;287;333
232;5;287;333
233;5;287;333
234;5;287;333
235;5;287;333
236;5;287;333
237;5;287;333
238;5;287;333
239;5;287;333
240;5;287;333
241;5;287;333
242;5;287;333
243;5;287;333
244;5;287;333
245;5;287;333
246;5;287;333
247;5;287;333
248;5;287;333
249;5;287;333
250;5;287;333
251;5;287;333
252;5;287;333
253;5;287;333
254;5;287;333
255;5;287;333
256;5;287;333
257;5;287;333
258;5;287;333
259;5;287;333
260;5;287;333
261;5;287;333
262;5;287;333
263;5;287;333
264;5;287;333
265;5;287;333
266;5;287;333
267;5;287;333
268;5;287;333
269;5;287;333
270;5;287;333
271;5;287;333
272;5;287;333
273;5;287;333
274;5;287;333
275;5;287;333
276;5;287;333
277;5;287;333
278;5;287;333
279;5;287;333
280;5;287;333
281;5;287;333
282;5;287;333
283;5;287;333
284;5;287;333
285;5;287;333
286;5;287;333
287;5;287;333
288;5;287;333
289;5;287;333
290;5;287;333
291;5;287;333
292;5;287;333
293;5;287;333
294;5;287;333
295;5;287;333
296;5;287;333
297;5;287;333
298;5;287;333
299;5;287;333
300;5;287;333
301;5;287;333
302;5;287;333
303;5;287;333
304;5;287;333
305;5;287;333
306;5;287;333
307;5;287;333
308;5;287;333
309;5;287;333
310;5;287;333
311;5;287;333
312;5;287;333
313;5;287;333
314;5;287;333
315;5;287;333
316;5;287;333
317;5;287;333
318;5;287;333
319;5;287;333
320;5;287;333
321;5;287;333
322;5;287;333
323;5;287;333
324;5;287;333
325;5;287;333
326;5;287;333
327;5;287;333
328;5;287;333
329;5;287;333
330;5;287;333
331;5;287;333
332;5;287;333
333;5;287;333
334;5;287;333
335;5;287;333
336;5;287;333
337;5;287;333
338;5;287;333
339;5;287;333
340;5;287;333
341;5;287;333
342;5;287;333
343;5;287;333
344;5;287;333
345;5;287;333
346;5;287;333
347;5;287;333
348;5;287;333
349;5;287;333
350;5;287;333
351;5;287;333
352;5;287;333
353;5;287;333
354;5;287;333
355;5;287;333
356;5;287;333
357;5;287;333
358;5;287;333
359;5;287;333
360;5;287;333
361;5;287;333
362;5;287;333
363;5;287;333
364;5;287;333
365;5;287;333
366;5;287;333
367;5;287;333
368;5;287;333
369;5;287;333
370;5;287;333
371;5;287;333
372;5;287;333
373;5;287;333
374;5;287;333
375;5;287;333
376;5;287;333
377;5;287;333
378;5;287;333
379;5;287;333
380;5;287;333
381;5;287;333
382;5;287;333
383;5;287;333
384;5;287;333
385;5;287;333
386;5;287;333
387;5;287;333
388;5;287;333
389;5;287;333
390;5;287;333
391;5;287;333
392;5;287;333
393;5;287;333
394;5;287;333
395;5;287;333
396;5;287;333
397;5;287;333
397;5;287;333
398;5;287;333
399;5;287;333
400;5;287;333
401;5;287;333
402;5;287;333
403;5;287;333
404;5;287;333
405;5;287;333
406;5;287;333
407;5;287;333
408;5;287;333
409;5;287;333
410;5;287;333
411;5;287;333
412;5;287;333
413;5;287;333
414;5;287;333
415;5;287;333
416;5;287;333
417;5;287;333
418;5;287;333
419;5;287;333
420;5;287;333
421;5;287;333
422;5;287;333
423;5;287;333
424;5;287;333
425;5;287;333
426;5;287;333
427;5;287;333
428;5;287;333
429;5;287;333
430;5;287;333
431;5;287;333
432;5;287;333
433;5;287;333
434;5;287;333
435;5;287;333
436;5;287;333
437;5;287;333
438;5;287;333
439;5;287;333
440;5;287;333
441;5;287;333
442;5;287;333
443;5;287;333
444;5;287;333
444;5;287;333
445;5;287;333
446;5;287;333
447;5;287;333
448;5;287;333
449;5;287;333
450;5;287;333
451;5;287;333
452;5;287;333
453;5;287;333
454;5;287;333
455;5;287;333
456;5;287;333
457;5;287;333
458;5;287;333
459;5;287;333
460;5;287;333
461;5;287;333
462;5;287;333
463;5;287;333
464;5;287;333
465;5;287;333
466;5;287;333
467;5;287;333
468;5;287;333
469;5;287;333
470;5;287;333
471;5;287;333
472;5;287;333
472;5;287;333
473;5;287;333
473;5;287;333
474;5;287;333
474;5;287;333
475;5;287;333
475;5;287;333
476;5;287;333
476;5;287;333
477;5;287;333
477;5;287;333
478;5;287;333
478;5;287;333
479;5;287;333
479;5;287;333
480;5;287;333
480;5;287;333
481;5;287;333
481;5;287;333
482;5;287;333
482;5;287;333
483;5;287;333
483;5;287;333
484;5;287;333
484;5;287;333
485;5;287;333
485;5;287;333
486;5;287;333
486;5;287;333
487;5;287;333
487;5;287;333
488;5;287;333
489;5;287;333
490;5;287;333
491;5;287;333
492;5;287;333
493;5;287;333
494;5;287;333
495;5;287;333
496;5;287;333
497;5;287;333
498;5;287;333
499;5;287;333
500;5;287;333
501;5;287;333
502;5;287;333
503;5;287;333
504;5;287;333
505;5;287;333
506;5;287;333
507;5;287;333
508;5;287;333
509;5;287;333
510;5;287;333
511;5;287;333
153;6;623;333
154;6;287;333
155;6;287;333
156;6;287;333
157;6;287;333
158;6;287;333
159;6;287;333
160;6;287;333
161;6;287;333
162;6;287;333
163;6;287;333
164;6;287;333
165;6;287;333
166;6;287;333
167;6;287;333
168;6;287;333
169;6;287;333
170;6;287;333
171;6;287;333
172;6;287;333
173;6;287;333
174;6;287;333
175;6;287;333
176;6;287;333
177;6;287;333
178;6;287;333
179;6;287;333
180;6;287;333
181;6;287;333
182;6;287;333
183;6;287;333
184;6;287;333
185;6;287;333
186;6;287;333
187;6;287;333
188;6;287;333
189;6;287;333
190;6;287;333
191;6;287;333
192;6;287;333
193;6;287;333
194;6;287;333
195;6;287;333
196;6;287;333
197;6;287;333
198;6;287;333
199;6;287;333
200;6;287;333
201;6;287;333
202;6;287;333
203;6;287;333
204;6;287;333
205;6;287;333
206;6;287;333
207;6;287;333
208;6;287;333
209;6;287;333
210;6;287;333
211;6;287;333
212;6;287;333
213;6;287;333
214;6;287;333
215;6;287;333
216;6;287;333
217;6;287;333
218;6;287;333
219;6;287;333
220;6;287;333
221;6;287;333
222;6;287;333
223;6;287;333
224;6;287;333
225;6;287;333
226;6;287;333
227;6;287;333
228;6;287;333
229;6;287;333
230;6;287;333
231;6;287;333
232;6;287;333
233;6;287;333
234;6;287;333
235;6;287;333
236;6;287;333
237;6;287;333
238;6;287;333
239;6;287;333
240;6;287;333
241;6;287;333
242;6;287;333
243;6;287;333
244;6;287;333
245;6;287;333
246;6;287;333
247;6;287;333
248;6;287;333
249;6;287;333
250;6;287;333
251;6;287;333
252;6;287;333
253;6;287;333
254;6;287;333
255;6;287;333
256;6;287;333
257;6;287;333
258;6;287;333
259;6;287;333
260;6;287;333
261;6;287;333
262;6;287;333
263;6;287;333
264;6;287;333
265;6;287;333
266;6;287;333
267;6;287;333
268;6;287;333
269;6;287;333
270;6;287;333
271;6;287;333
272;6;287;333
273;6;287;333
274;6;287;333
275;6;287;333
276;6;287;333
277;6;287;333
278;6;287;333
279;6;287;333
280;6;287;333
281;6;287;333
282;6;287;333
283;6;287;333
284;6;287;333
285;6;287;333
286;6;287;333
287;6;287;333
288;6;287;333
289;6;287;333
290;6;287;333
291;6;287;333
292;6;287;333
293;6;287;333
294;6;287;333
295;6;287;333
296;6;287;333
297;6;287;333
298;6;287;333
299;6;287;333
300;6;287;333
301;6;287;333
302;6;287;333
303;6;287;333
304;6;287;333
305;6;287;333
306;6;287;333
307;6;287;333
308;6;287;333
309;6;287;333
310;6;287;333
311;6;287;333
312;6;287;333
313;6;287;333
314;6;287;333
315;6;287;333
316;6;287;333
317;6;287;333
318;6;287;333
319;6;287;333
320;6;287;333
321;6;287;333
322;6;287;333
323;6;287;333
324;6;287;333
325;6;287;333
326;6;287;333
327;6;287;333
328;6;287;333
329;6;287;333
330;6;287;333
331;6;287;333
332;6;287;333
333;6;287;333
334;6;287;333
335;6;287;333
336;6;287;333
337;6;287;333
338;6;287;333
339;6;287;333
340;6;287;333
341;6;287;333
342;6;287;333
343;6;287;333
344;6;287;333
345;6;287;333
346;6;287;333
347;6;287;333
348;6;287;333
349;6;287;333
350;6;287;333
351;6;287;333
352;6;287;333
353;6;287;333
354;6;287;333
355;6;287;333
356;6;287;333
357;6;287;333
358;6;287;333
359;6;287;333
360;6;287;333
361;6;287;333
362;6;287;333
363;6;287;333
364;6;287;333
365;6;287;333
366;6;287;333
367;6;287;333
368;6;287;333
369;6;287;333
370;6;287;333
371;6;287;333
372;6;287;333
373;6;287;333
374;6;287;333
375;6;287;333
376;6;287;333
377;6;287;333
378;6;287;333
379;6;287;333
380;6;287;333
381;6;287;333
382;6;287;333
383;6;287;333
384;6;287;333
385;6;287;333
386;6;287;333
387;6;287;333
388;6;287;333
389;6;287;333
390;6;287;333
391;6;287;333
392;6;287;333
393;6;287;333
394;6;287;333
395;6;287;333
396;6;287;333
397;6;287;333
397;6;287;333
398;6;287;333
399;6;287;333
400;6;287;333
401;6;287;333
402;6;287;333
403;6;287;333
404;6;287;333
405;6;287;333
406;6;287;333
407;6;287;333
408;6;287;333
409;6;287;333
410;6;287;333
411;6;287;333
412;6;287;333
413;6;287;333
414;6;287;333
415;6;287;333
416;6;287;333
417;6;287;333
418;6;287;333
419;6;287;333
420;6;287;333
421;6;287;333
422;6;287;333
423;6;287;333
424;6;287;333
425;6;287;333
426;6;287;333
427;6;287;333
428;6;287;333
429;6;287;333
430;6;287;333
431;6;287;333
432;6;287;333
433;6;287;333
434;6;287;333
435;6;287;333
436;6;287;333
437;6;287;333
438;6;287;333
439;6;287;333
440;6;287;333
441;6;287;333
442;6;287;333
443;6;287;333
444;6;287;333
444;6;287;333
445;6;287;333
446;6;287;333
447;6;287;333
448;6;287;333
449;6;287;333
450;6;287;333
451;6;287;333
452;6;287;333
453;6;287;333
454;6;287;333
455;6;287;333
456;6;287;333
457;6;287;333
458;6;287;333
459;6;287;333
460;6;287;333
461;6;287;333
462;6;287;333
463;6;287;333
464;6;287;333
465;6;287;333
466;6;287;333
467;6;287;333
468;6;287;333
469;6;287;333
470;6;287;333
471;6;287;333
472;6;287;333
472;6;287;333
473;6;287;333
473;6;287;333
474;6;287;333
474;6;287;333
475;6;287;333
475;6;287;333
476;6;287;333
476;6;287;333
477;6;287;333
477;6;287;333
478;6;287;333
478;6;287;333
479;6;287;333
479;6;287;333
480;6;287;333
480;6;287;333
481;6;287;333
481;6;287;333
482;6;287;333
482;6;287;333
483;6;287;333
483;6;287;333
484;6;287;333
484;6;287;333
485;6;287;333
485;6;287;333
486;6;287;333
486;6;287;333
487;6;287;333
487;6;287;333
488;6;287;333
489;6;287;333
490;6;287;333
491;6;287;333
492;6;287;333
493;6;287;333
494;6;287;333
495;6;287;333
496;6;287;333
497;6;287;333
498;6;287;333
499;6;287;333
500;6;287;333
501;6;287;333
502;6;287;333
503;6;287;333
504;6;287;333
505;6;287;333
506;6;287;333
507;6;287;333
508;6;287;333
509;6;287;333
510;6;287;333
511;6;287;333
153;7;623;333
154;7;287;333
155;7;287;333
156;7;287;333
157;7;287;333
158;7;287;333
159;7;287;333
160;7;287;333
161;7;287;333
162;7;287;333
163;7;287;333
164;7;287;333
165;7;287;333
166;7;287;333
167;7;287;333
168;7;287;333
169;7;287;333
170;7;287;333
171;7;287;333
172;7;287;333
173;7;287;333
174;7;287;333
175;7;287;333
176;7;287;333
177;7;287;333
178;7;287;333
179;7;287;333
180;7;287;333
181;7;287;333
182;7;287;333
183;7;287;333
184;7;287;333
185;7;287;333
186;7;287;333
187;7;287;333
188;7;287;333
189;7;287;333
190;7;287;333
191;7;287;333
192;7;287;333
193;7;287;333
194;7;287;333
195;7;287;333
196;7;287;333
197;7;287;333
198;7;287;333
199;7;287;333
200;7;287;333
201;7;287;333
202;7;287;333
203;7;287;333
204;7;287;333
205;7;287;333
206;7;287;333
207;7;287;333
208;7;287;333
209;7;287;333
210;7;287;333
211;7;287;333
212;7;287;333
213;7;287;333
214;7;287;333
215;7;287;333
216;7;287;333
217;7;287;333
218;7;287;333
219;7;287;333
220;7;287;333
221;7;287;333
222;7;287;333
223;7;287;333
224;7;287;333
225;7;287;333
226;7;287;333
227;7;287;333
228;7;287;333
229;7;287;333
230;7;287;333
231;7;287;333
232;7;287;333
233;7;287;333
234;7;287;333
235;7;287;333
236;7;287;333
237;7;287;333
238;7;287;333
239;7;287;333
240;7;287;333
241;7;287;333
242;7;287;333
243;7;287;333
244;7;287;333
245;7;287;333
246;7;287;333
247;7;287;333
248;7;287;333
249;7;287;333
250;7;287;333
251;7;287;333
252;7;287;333
253;7;287;333
254;7;287;333
255;7;287;333
256;7;287;333
257;7;287;333
258;7;287;333
259;7;287;333
260;7;287;333
261;7;287;333
262;7;287;333
263;7;287;333
264;7;287;333
265;7;287;333
266;7;287;333
267;7;287;333
268;7;287;333
269;7;287;333
270;7;287;333
271;7;287;333
272;7;287;333
273;7;287;333
274;7;287;333
275;7;287;333
276;7;287;333
277;7;287;333
278;7;287;333
279;7;287;333
280;7;287;333
281;7;287;333
282;7;287;333
283;7;287;333
284;7;287;333
285;7;287;333
286;7;287;333
287;7;287;333
288;7;287;333
289;7;287;333
290;7;287;333
291;7;287;333
292;7;287;333
293;7;287;333
294;7;287;333
295;7;287;333
296;7;287;333
297;7;287;333
298;7;287;333
299;7;287;333
300;7;287;333
301;7;287;333
302;7;287;333
303;7;287;333
304;7;287;333
305;7;287;333
306;7;287;333
307;7;287;333
308;7;287;333
309;7;287;333
310;7;287;333
311;7;287;333
312;7;287;333
313;7;287;333
314;7;287;333
315;7;287;333
316;7;287;333
317;7;287;333
318;7;287;333
319;7;287;333
320;7;287;333
321;7;287;333
322;7;287;333
323;7;287;333
324;7;287;333
325;7;287;333
326;7;287;333
327;7;287;333
328;7;287;333
329;7;287;333
330;7;287;333
331;7;287;333
332;7;287;333
333;7;287;333
334;7;287;333
335;7;287;333
336;7;287;333
337;7;287;333
338;7;287;333
339;7;287;333
340;7;287;333
341;7;287;333
342;7;287;333
343;7;287;333
344;7;287;333
345;7;287;333
346;7;287;333
347;7;287;333
348;7;287;333
349;7;287;333
350;7;287;333
351;7;287;333
352;7;287;333
353;7;287;333
354;7;287;333
355;7;287;333
356;7;287;333
357;7;287;333
358;7;287;333
359;7;287;333
360;7;287;333
361;7;287;333
362;7;287;333
363;7;287;333
364;7;287;333
365;7;287;333
366;7;287;333
367;7;287;333
368;7;287;333
369;7;287;333
370;7;287;333
371;7;287;333
372;7;287;333
373;7;287;333
374;7;287;333
375;7;287;333
376;7;287;333
377;7;287;333
378;7;287;333
379;7;287;333
380;7;287;333
381;7;287;333
382;7;287;333
383;7;287;333
384;7;287;333
385;7;287;333
386;7;287;333
387;7;287;333
388;7;287;333
389;7;287;333
390;7;287;333
391;7;287;333
392;7;287;333
393;7;287;333
394;7;287;333
395;7;287;333
396;7;287;333
397;7;287;333
397;7;287;333
398;7;287;333
399;7;287;333
400;7;287;333
401;7;287;333
402;7;287;333
403;7;287;333
404;7;287;333
405;7;287;333
406;7;287;333
407;7;287;333
408;7;287;333
409;7;287;333
410;7;287;333
411;7;287;333
412;7;287;333
413;7;287;333
414;7;287;333
415;7;287;333
416;7;287;333
417;7;287;333
418;7;287;333
419;7;287;333
420;7;287;333
421;7;287;333
422;7;287;333
423;7;287;333
424;7;287;333
425;7;287;333
426;7;287;333
427;7;287;333
428;7;287;333
429;7;287;333
430;7;287;333
431;7;287;333
432;7;287;333
433;7;287;333
434;7;287;333
435;7;287;333
436;7;287;333
437;7;287;333
438;7;287;333
439;7;287;333
440;7;287;333
441;7;287;333
442;7;287;333
443;7;287;333
444;7;287;333
444;7;287;333
445;7;287;333
446;7;287;333
447;7;287;333
448;7;287;333
449;7;287;333
450;7;287;333
451;7;287;333
452;7;287;333
453;7;287;333
454;7;287;333
455;7;287;333
456;7;287;333
457;7;287;333
458;7;287;333
459;7;287;333
460;7;287;333
461;7;287;333
462;7;287;333
463;7;287;333
464;7;287;333
465;7;287;333
466;7;287;333
467;7;287;333
468;7;287;333
469;7;287;333
470;7;287;333
471;7;287;333
472;7;287;333
473;7;287;333
474;7;287;333
475;7;287;333
476;7;287;333
477;7;287;333
478;7;287;333
479;7;287;333
480;7;287;333
481;7;287;333
482;7;287;333
483;7;287;333
484;7;287;333
485;7;287;333
486;7;287;333
487;7;287;333
487;7;287;333
488;7;287;333
489;7;287;333
490;7;287;333
491;7;287;333
492;7;287;333
493;7;287;333
494;7;287;333
495;7;287;333
496;7;287;333
497;7;287;333
498;7;287;333
499;7;287;333
500;7;287;333
501;7;287;333
502;7;287;333
503;7;287;333
504;7;287;333
505;7;287;333
506;7;287;333
507;7;287;333
508;7;287;333
509;7;287;333
510;7;287;333
511;7;287;333
153;8;623;333
154;8;287;333
155;8;287;333
156;8;287;333
157;8;287;333
158;8;287;333
159;8;287;333
160;8;287;333
161;8;287;333
162;8;287;333
163;8;287;333
164;8;287;333
165;8;287;333
166;8;287;333
167;8;287;333
168;8;287;333
169;8;287;333
170;8;287;333
171;8;287;333
172;8;287;333
173;8;287;333
174;8;287;333
175;8;287;333
176;8;287;333
177;8;287;333
178;8;287;333
179;8;287;333
180;8;287;333
181;8;287;333
182;8;287;333
183;8;287;333
184;8;287;333
185;8;287;333
186;8;287;333
187;8;287;333
188;8;287;333
189;8;287;333
190;8;287;333
191;8;287;333
192;8;287;333
193;8;287;333
194;8;287;333
195;8;287;333
196;8;287;333
197;8;287;333
198;8;287;333
199;8;287;333
200;8;287;333
201;8;287;333
202;8;287;333
203;8;287;333
204;8;287;333
205;8;287;333
206;8;287;333
207;8;287;333
208;8;287;333
209;8;287;333
210;8;287;333
211;8;287;333
212;8;287;333
213;8;287;333
214;8;287;333
215;8;287;333
216;8;287;333
217;8;287;333
218;8;287;333
219;8;287;333
220;8;287;333
221;8;287;333
222;8;287;333
223;8;287;333
224;8;287;333
225;8;287;333
226;8;287;333
227;8;287;333
228;8;287;333
229;8;287;333
230;8;287;333
231;8;287;333
232;8;287;333
233;8;287;333
234;8;287;333
235;8;287;333
236;8;287;333
237;8;287;333
238;8;287;333
239;8;287;333
240;8;287;333
241;8;287;333
242;8;287;333
243;8;287;333
244;8;287;333
245;8;287;333
246;8;287;333
247;8;287;333
248;8;287;333
249;8;287;333
250;8;287;333
251;8;287;333
252;8;287;333
253;8;287;333
254;8;287;333
255;8;287;333
256;8;287;333
257;8;287;333
258;8;287;333
259;8;287;333
260;8;287;333
261;8;287;333
262;8;287;333
263;8;287;333
264;8;287;333
265;8;287;333
266;8;287;333
267;8;287;333
268;8;287;333
269;8;287;333
270;8;287;333
271;8;287;333
272;8;287;333
273;8;287;333
274;8;287;333
275;8;287;333
276;8;287;333
277;8;287;333
278;8;287;333
279;8;287;333
280;8;287;333
281;8;287;333
282;8;287;333
283;8;287;333
284;8;287;333
285;8;287;333
286;8;287;333
287;8;287;333
288;8;287;333
289;8;287;333
290;8;287;333
291;8;287;333
292;8;287;333
293;8;287;333
294;8;287;333
295;8;287;333
296;8;287;333
297;8;287;333
298;8;287;333
299;8;287;333
300;8;287;333
301;8;287;333
302;8;287;333
303;8;287;333
304;8;287;333
305;8;287;333
306;8;287;333
307;8;287;333
308;8;287;333
309;8;287;333
310;8;287;333
311;8;287;333
312;8;287;333
313;8;287;333
314;8;287;333
315;8;287;333
316;8;287;333
317;8;287;333
318;8;287;333
319;8;287;333
320;8;287;333
321;8;287;333
322;8;287;333
323;8;287;333
324;8;287;333
325;8;287;333
326;8;287;333
327;8;287;333
328;8;287;333
329;8;287;333
330;8;287;333
331;8;287;333
332;8;287;333
333;8;287;333
334;8;287;333
335;8;287;333
336;8;287;333
337;8;287;333
338;8;287;333
339;8;287;333
340;8;287;333
341;8;287;333
342;8;287;333
343;8;287;333
344;8;287;333
345;8;287;333
346;8;287;333
347;8;287;333
348;8;287;333
349;8;287;333
350;8;287;333
351;8;287;333
352;8;287;333
353;8;287;333
354;8;287;333
355;8;287;333
356;8;287;333
357;8;287;333
358;8;287;333
359;8;287;333
360;8;287;333
361;8;287;333
362;8;287;333
363;8;287;333
364;8;287;333
365;8;287;333
366;8;287;333
367;8;287;333
368;8;287;333
369;8;287;333
370;8;287;333
371;8;287;333
372;8;287;333
373;8;287;333
374;8;287;333
375;8;287;333
376;8;287;333
377;8;287;333
378;8;287;333
379;8;287;333
380;8;287;333
381;8;287;333
382;8;287;333
383;8;287;333
384;8;287;333
385;8;287;333
386;8;287;333
387;8;287;333
388;8;287;333
389;8;287;333
390;8;287;333
391;8;287;333
392;8;287;333
393;8;287;333
394;8;287;333
395;8;287;333
396;8;287;333
397;8;287;333
397;8;287;333
398;8;287;333
399;8;287;333
400;8;287;333
401;8;287;333
402;8;287;333
403;8;287;333
404;8;287;333
405;8;287;333
406;8;287;333
407;8;287;333
408;8;287;333
409;8;287;333
410;8;287;333
411;8;287;333
412;8;287;333
413;8;287;333
414;8;287;333
415;8;287;333
416;8;287;333
417;8;287;333
418;8;287;333
419;8;287;333
420;8;287;333
421;8;287;333
422;8;287;333
423;8;287;333
424;8;287;333
425;8;287;333
426;8;287;333
427;8;287;333
428;8;287;333
429;8;287;333
430;8;287;333
431;8;287;333
432;8;287;333
433;8;287;333
434;8;287;333
435;8;287;333
436;8;287;333
437;8;287;333
438;8;287;333
439;8;287;333
440;8;287;333
441;8;287;333
442;8;287;333
443;8;287;333
444;8;287;333
444;8;287;333
445;8;287;333
446;8;287;333
447;8;287;333
448;8;287;333
449;8;287;333
450;8;287;333
451;8;287;333
452;8;287;333
453;8;287;333
454;8;287;333
455;8;287;333
456;8;287;333
457;8;287;333
458;8;287;333
459;8;287;333
460;8;287;333
461;8;287;333
462;8;287;333
463;8;287;333
464;8;287;333
465;8;287;333
466;8;287;333
467;8;287;333
468;8;287;333
469;8;287;333
470;8;287;333
471;8;287;333
472;8;287;333
473;8;287;333
474;8;287;333
475;8;287;333
476;8;287;333
477;8;287;333
478;8;287;333
479;8;287;333
480;8;287;333
481;8;287;333
482;8;287;333
483;8;287;333
484;8;287;333
485;8;287;333
486;8;287;333
487;8;287;333
487;8;287;333
488;8;287;333
489;8;287;333
490;8;287;333
491;8;287;333
492;8;287;333
493;8;287;333
494;8;287;333
495;8;287;333
496;8;287;333
497;8;287;333
498;8;287;333
499;8;287;333
500;8;287;333
501;8;287;333
502;8;287;333
503;8;287;333
504;8;287;333
505;8;287;333
506;8;287;333
507;8;287;333
508;8;287;333
509;8;287;333
510;8;287;333
511;8;287;333
153;9;623;333
154;9;287;333
155;9;287;333
156;9;287;333
157;9;287;333
158;9;287;333
159;9;287;333
160;9;287;333
161;9;287;333
162;9;287;333
163;9;287;333
164;9;287;333
165;9;287;333
166;9;287;333
167;9;287;333
168;9;287;333
169;9;287;333
170;9;287;333
171;9;287;333
172;9;287;333
173;9;287;333
174;9;287;333
175;9;287;333
176;9;287;333
177;9;287;333
178;9;287;333
179;9;287;333
180;9;287;333
181;9;287;333
182;9;287;333
183;9;287;333
184;9;287;333
185;9;287;333
186;9;287;333
187;9;287;333
188;9;287;333
189;9;287;333
190;9;287;333
191;9;287;333
192;9;287;333
193;9;287;333
194;9;287;333
195;9;287;333
196;9;287;333
197;9;287;333
198;9;287;333
199;9;287;333
200;9;287;333
201;9;287;333
202;9;287;333
203;9;287;333
204;9;287;333
205;9;287;333
206;9;287;333
207;9;287;333
208;9;287;333
209;9;287;333
210;9;287;333
211;9;287;333
212;9;287;333
213;9;287;333
214;9;287;333
215;9;287;333
216;9;287;333
217;9;287;333
218;9;287;333
219;9;287;333
220;9;287;333
221;9;287;333
222;9;287;333
223;9;287;333
224;9;287;333
225;9;287;333
226;9;287;333
227;9;287;333
228;9;287;333
229;9;287;333
230;9;287;333
231;9;287;333
232;9;287;333
233;9;287;333
234;9;287;333
235;9;287;333
236;9;287;333
237;9;287;333
238;9;287;333
239;9;287;333
240;9;287;333
241;9;287;333
242;9;287;333
243;9;287;333
244;9;287;333
245;9;287;333
246;9;287;333
247;9;287;333
248;9;287;333
249;9;287;333
250;9;287;333
251;9;287;333
252;9;287;333
253;9;287;333
254;9;287;333
255;9;287;333
256;9;287;333
257;9;287;333
258;9;287;333
259;9;287;333
260;9;287;333
261;9;287;333
262;9;287;333
263;9;287;333
264;9;287;333
265;9;287;333
266;9;287;333
267;9;287;333
268;9;287;333
269;9;287;333
270;9;287;333
271;9;287;333
272;9;287;333
273;9;287;333
274;9;287;333
275;9;287;333
276;9;287;333
277;9;287;333
278;9;287;333
279;9;287;333
280;9;287;333
281;9;287;333
282;9;287;333
283;9;287;333
284;9;287;333
285;9;287;333
286;9;287;333
287;9;287;333
288;9;287;333
289;9;287;333
290;9;287;333
291;9;287;333
292;9;287;333
293;9;287;333
294;9;287;333
295;9;287;333
296;9;287;333
297;9;287;333
298;9;287;333
299;9;287;333
300;9;287;333
301;9;287;333
302;9;287;333
303;9;287;333
304;9;287;333
305;9;287;333
306;9;287;333
307;9;287;333
308;9;287;333
309;9;287;333
310;9;287;333
311;9;287;333
312;9;287;333
313;9;287;333
314;9;287;333
315;9;287;333
316;9;287;333
317;9;287;333
318;9;287;333
319;9;287;333
320;9;287;333
321;9;287;333
322;9;287;333
323;9;287;333
324;9;287;333
325;9;287;333
326;9;287;333
327;9;287;333
328;9;287;333
329;9;287;333
330;9;287;333
331;9;287;333
332;9;287;333
333;9;287;333
334;9;287;333
335;9;287;333
336;9;287;333
337;9;287;333
338;9;287;333
339;9;287;333
340;9;287;333
341;9;287;333
342;9;287;333
343;9;287;333
344;9;287;333
345;9;287;333
346;9;287;333
347;9;287;333
348;9;287;333
349;9;287;333
350;9;287;333
351;9;287;333
352;9;287;333
353;9;287;333
354;9;287;333
355;9;287;333
356;9;287;333
357;9;287;333
358;9;287;333
359;9;287;333
360;9;287;333
361;9;287;333
362;9;287;333
363;9;287;333
364;9;287;333
365;9;287;333
366;9;287;333
367;9;287;333
368;9;287;333
369;9;287;333
370;9;287;333
371;9;287;333
372;9;287;333
373;9;287;333
374;9;287;333
375;9;287;333
376;9;287;333
377;9;287;333
378;9;287;333
379;9;287;333
380;9;287;333
381;9;287;333
382;9;287;333
383;9;287;333
384;9;287;333
385;9;287;333
386;9;287;333
387;9;287;333
388;9;287;333
389;9;287;333
390;9;287;333
391;9;287;333
392;9;287;333
393;9;287;333
394;9;287;333
395;9;287;333
396;9;287;333
397;9;287;333
397;9;287;333
398;9;287;333
399;9;287;333
400;9;287;333
401;9;287;333
402;9;287;333
403;9;287;333
404;9;287;333
405;9;287;333
406;9;287;333
407;9;287;333
408;9;287;333
409;9;287;333
410;9;287;333
411;9;287;333
412;9;287;333
413;9;287;333
414;9;287;333
415;9;287;333
416;9;287;333
417;9;287;333
418;9;287;333
419;9;287;333
420;9;287;333
421;9;287;333
422;9;287;333
423;9;287;333
424;9;287;333
425;9;287;333
426;9;287;333
427;9;287;333
428;9;287;333
429;9;287;333
430;9;287;333
431;9;287;333
432;9;287;333
433;9;287;333
434;9;287;333
435;9;287;333
436;9;287;333
437;9;287;333
438;9;287;333
439;9;287;333
440;9;287;333
441;9;287;333
442;9;287;333
443;9;287;333
444;9;287;333
444;9;287;333
445;9;287;333
446;9;287;333
447;9;287;333
448;9;287;333
449;9;287;333
450;9;287;333
451;9;287;333
452;9;287;333
453;9;287;333
454;9;287;333
455;9;287;333
456;9;287;333
457;9;287;333
458;9;287;333
459;9;287;333
460;9;287;333
461;9;287;333
462;9;287;333
463;9;287;333
464;9;287;333
465;9;287;333
466;9;287;333
467;9;287;333
468;9;287;333
469;9;287;333
470;9;287;333
471;9;287;333
472;9;287;333
473;9;287;333
474;9;287;333
475;9;287;333
476;9;287;333
477;9;287;333
478;9;287;333
479;9;287;333
480;9;287;333
481;9;287;333
482;9;287;333
483;9;287;333
484;9;287;333
485;9;287;333
486;9;287;333
487;9;287;333
487;9;287;333
488;9;287;333
489;9;287;333
490;9;287;333
491;9;287;333
492;9;287;333
493;9;287;333
494;9;287;333
495;9;287;333
496;9;287;333
497;9;287;333
498;9;287;333
499;9;287;333
500;9;287;333
501;9;287;333
502;9;287;333
503;9;287;333
504;9;287;333
505;9;287;333
506;9;287;333
507;9;287;333
508;9;287;333
509;9;287;333
510;9;287;333
511;9;287;333
153;10;623;333
154;10;287;333
155;10;287;333
156;10;287;333
157;10;287;333
158;10;287;333
159;10;287;333
160;10;287;333
161;10;287;333
162;10;287;333
163;10;287;333
164;10;287;333
165;10;287;333
166;10;287;333
167;10;287;333
168;10;287;333
169;10;287;333
170;10;287;333
171;10;287;333
172;10;287;333
173;10;287;333
174;10;287;333
175;10;287;333
176;10;287;333
177;10;287;333
178;10;287;333
179;10;287;333
180;10;287;333
181;10;287;333
182;10;287;333
183;10;287;333
184;10;287;333
185;10;287;333
186;10;287;333
187;10;287;333
188;10;287;333
189;10;287;333
190;10;287;333
191;10;287;333
192;10;287;333
193;10;287;333
194;10;287;333
195;10;287;333
196;10;287;333
197;10;287;333
198;10;287;333
199;10;287;333
200;10;287;333
201;10;287;333
202;10;287;333
203;10;287;333
204;10;287;333
205;10;287;333
206;10;287;333
207;10;287;333
208;10;287;333
209;10;287;333
210;10;287;333
211;10;287;333
212;10;287;333
213;10;287;333
214;10;287;333
215;10;287;333
216;10;287;333
217;10;287;333
218;10;287;333
219;10;287;333
220;10;287;333
221;10;287;333
222;10;287;333
223;10;287;333
224;10;287;333
225;10;287;333
226;10;287;333
227;10;287;333
228;10;287;333
229;10;287;333
230;10;287;333
231;10;287;333
232;10;287;333
233;10;287;333
234;10;287;333
235;10;287;333
236;10;287;333
237;10;287;333
238;10;287;333
239;10;287;333
240;10;287;333
241;10;287;333
242;10;287;333
243;10;287;333
244;10;287;333
245;10;287;333
246;10;287;333
247;10;287;333
248;10;287;333
249;10;287;333
250;10;287;333
251;10;287;333
252;10;287;333
253;10;287;333
254;10;287;333
255;10;287;333
256;10;287;333
257;10;287;333
258;10;287;333
259;10;287;333
260;10;287;333
261;10;287;333
262;10;287;333
263;10;287;333
264;10;287;333
265;10;287;333
266;10;287;333
267;10;287;333
268;10;287;333
269;10;287;333
270;10;287;333
271;10;287;333
272;10;287;333
273;10;287;333
274;10;287;333
275;10;287;333
276;10;287;333
277;10;287;333
278;10;287;333
279;10;287;333
280;10;287;333
281;10;287;333
282;10;287;333
283;10;287;333
284;10;287;333
285;10;287;333
286;10;287;333
287;10;287;333
288;10;287;333
289;10;287;333
290;10;287;333
291;10;287;333
292;10;287;333
293;10;287;333
294;10;287;333
295;10;287;333
296;10;287;333
297;10;287;333
298;10;287;333
299;10;287;333
300;10;287;333
301;10;287;333
302;10;287;333
303;10;287;333
304;10;287;333
305;10;287;333
306;10;287;333
307;10;287;333
308;10;287;333
309;10;287;333
310;10;287;333
311;10;287;333
312;10;287;333
313;10;287;333
314;10;287;333
315;10;287;333
316;10;287;333
317;10;287;333
318;10;287;333
319;10;287;333
320;10;287;333
321;10;287;333
322;10;287;333
323;10;287;333
324;10;287;333
325;10;287;333
326;10;287;333
327;10;287;333
328;10;287;333
329;10;287;333
330;10;287;333
331;10;287;333
332;10;287;333
333;10;287;333
334;10;287;333
335;10;287;333
336;10;287;333
337;10;287;333
338;10;287;333
339;10;287;333
340;10;287;333
341;10;287;333
342;10;287;333
343;10;287;333
344;10;287;333
345;10;287;333
346;10;287;333
347;10;287;333
348;10;287;333
349;10;287;333
350;10;287;333
351;10;287;333
352;10;287;333
353;10;287;333
354;10;287;333
355;10;287;333
356;10;287;333
357;10;287;333
358;10;287;333
359;10;287;333
360;10;287;333
361;10;287;333
362;10;287;333
363;10;287;333
364;10;287;333
365;10;287;333
366;10;287;333
367;10;287;333
368;10;287;333
369;10;287;333
370;10;287;333
371;10;287;333
372;10;287;333
373;10;287;333
374;10;287;333
375;10;287;333
376;10;287;333
377;10;287;333
378;10;287;333
379;10;287;333
380;10;287;333
381;10;287;333
382;10;287;333
383;10;287;333
384;10;287;333
385;10;287;333
386;10;287;333
387;10;287;333
388;10;287;333
389;10;287;333
390;10;287;333
391;10;287;333
392;10;287;333
393;10;287;333
394;10;287;333
395;10;287;333
396;10;287;333
397;10;287;333
397;10;287;333
398;10;287;333
399;10;287;333
400;10;287;333
401;10;287;333
402;10;287;333
403;10;287;333
404;10;287;333
405;10;287;333
406;10;287;333
407;10;287;333
408;10;287;333
409;10;287;333
410;10;287;333
411;10;287;333
412;10;287;333
413;10;287;333
414;10;287;333
415;10;287;333
416;10;287;333
417;10;287;333
418;10;287;333
419;10;287;333
420;10;287;333
421;10;287;333
422;10;287;333
423;10;287;333
424;10;287;333
425;10;287;333
426;10;287;333
427;10;287;333
428;10;287;333
429;10;287;333
430;10;287;333
431;10;287;333
432;10;287;333
433;10;287;333
434;10;287;333
435;10;287;333
436;10;287;333
437;10;287;333
438;10;287;333
439;10;287;333
440;10;287;333
441;10;287;333
442;10;287;333
443;10;287;333
444;10;287;333
444;10;287;333
445;10;287;333
446;10;287;333
447;10;287;333
448;10;287;333
449;10;287;333
450;10;287;333
451;10;287;333
452;10;287;333
453;10;287;333
454;10;287;333
455;10;287;333
456;10;287;333
457;10;287;333
458;10;287;333
459;10;287;333
460;10;287;333
461;10;287;333
462;10;287;333
463;10;287;333
464;10;287;333
465;10;287;333
466;10;287;333
467;10;287;333
468;10;287;333
469;10;287;333
470;10;287;333
471;10;287;333
472;10;287;333
473;10;287;333
474;10;287;333
475;10;287;333
476;10;287;333
477;10;287;333
478;10;287;333
479;10;287;333
480;10;287;333
481;10;287;333
482;10;287;333
483;10;287;333
484;10;287;333
485;10;287;333
486;10;287;333
487;10;287;333
487;10;287;333
488;10;287;333
489;10;287;333
490;10;287;333
491;10;287;333
492;10;287;333
493;10;287;333
494;10;287;333
495;10;287;333
496;10;287;333
497;10;287;333
498;10;287;333
499;10;287;333
500;10;287;333
501;10;287;333
502;10;287;333
503;10;287;333
504;10;287;333
505;10;287;333
506;10;287;333
507;10;287;333
508;10;287;333
509;10;287;333
510;10;287;333
511;10;287;333
153;11;623;333
154;11;287;333
155;11;287;333
156;11;287;333
157;11;287;333
158;11;287;333
159;11;287;333
160;11;287;333
161;11;287;333
162;11;287;333
163;11;287;333
164;11;287;333
165;11;287;333
166;11;287;333
167;11;287;333
168;11;287;333
169;11;287;333
170;11;287;333
171;11;287;333
172;11;287;333
173;11;287;333
174;11;287;333
175;11;287;333
176;11;287;333
177;11;287;333
178;11;287;333
179;11;287;333
180;11;287;333
181;11;287;333
182;11;287;333
183;11;287;333
184;11;287;333
185;11;287;333
186;11;287;333
187;11;287;333
188;11;287;333
189;11;287;333
190;11;287;333
191;11;287;333
192;11;287;333
193;11;287;333
194;11;287;333
195;11;287;333
196;11;287;333
197;11;287;333
198;11;287;333
199;11;287;333
200;11;287;333
201;11;287;333
202;11;287;333
203;11;287;333
204;11;287;333
205;11;287;333
206;11;287;333
207;11;287;333
208;11;287;333
209;11;287;333
210;11;287;333
211;11;287;333
212;11;287;333
213;11;287;333
214;11;287;333
215;11;287;333
216;11;287;333
217;11;287;333
218;11;287;333
219;11;287;333
220;11;287;333
221;11;287;333
222;11;287;333
223;11;287;333
224;11;287;333
225;11;287;333
226;11;287;333
227;11;287;333
228;11;287;333
229;11;287;333
230;11;287;333
231;11;287;333
232;11;287;333
233;11;287;333
234;11;287;333
235;11;287;333
236;11;287;333
237;11;287;333
238;11;287;333
239;11;287;333
240;11;287;333
241;11;287;333
242;11;287;333
243;11;287;333
244;11;287;333
245;11;287;333
246;11;287;333
247;11;287;333
248;11;287;333
249;11;287;333
250;11;287;333
251;11;287;333
252;11;287;333
253;11;287;333
254;11;287;333
255;11;287;333
256;11;287;333
257;11;287;333
258;11;287;333
259;11;287;333
260;11;287;333
261;11;287;333
262;11;287;333
263;11;287;333
264;11;287;333
265;11;287;333
266;11;287;333
267;11;287;333
268;11;287;333
269;11;287;333
270;11;287;333
271;11;287;333
272;11;287;333
273;11;287;333
274;11;287;333
275;11;287;333
276;11;287;333
277;11;287;333
278;11;287;333
279;11;287;333
280;11;287;333
281;11;287;333
282;11;287;333
283;11;287;333
284;11;287;333
285;11;287;333
286;11;287;333
287;11;287;333
288;11;287;333
289;11;287;333
290;11;287;333
291;11;287;333
292;11;287;333
293;11;287;333
294;11;287;333
295;11;287;333
296;11;287;333
297;11;287;333
298;11;287;333
299;11;287;333
300;11;287;333
301;11;287;333
302;11;287;333
303;11;287;333
304;11;287;333
305;11;287;333
306;11;287;333
307;11;287;333
308;11;287;333
309;11;287;333
310;11;287;333
311;11;287;333
312;11;287;333
313;11;287;333
314;11;287;333
315;11;287;333
316;11;287;333
317;11;287;333
318;11;287;333
319;11;287;333
320;11;287;333
321;11;287;333
322;11;287;333
323;11;287;333
324;11;287;333
325;11;287;333
326;11;287;333
327;11;287;333
328;11;287;333
329;11;287;333
330;11;287;333
331;11;287;333
332;11;287;333
333;11;287;333
334;11;287;333
335;11;287;333
336;11;287;333
337;11;287;333
338;11;287;333
339;11;287;333
340;11;287;333
341;11;287;333
342;11;287;333
343;11;287;333
344;11;287;333
345;11;287;333
346;11;287;333
347;11;287;333
348;11;287;333
349;11;287;333
350;11;287;333
351;11;287;333
352;11;287;333
353;11;287;333
354;11;287;333
355;11;287;333
356;11;287;333
357;11;287;333
358;11;287;333
359;11;287;333
360;11;287;333
361;11;287;333
362;11;287;333
363;11;287;333
364;11;287;333
365;11;287;333
366;11;287;333
367;11;287;333
368;11;287;333
369;11;287;333
370;11;287;333
371;11;287;333
372;11;287;333
373;11;287;333
374;11;287;333
375;11;287;333
376;11;287;333
377;11;287;333
378;11;287;333
379;11;287;333
380;11;287;333
381;11;287;333
382;11;287;333
383;11;287;333
384;11;287;333
385;11;287;333
386;11;287;333
387;11;287;333
388;11;287;333
389;11;287;333
390;11;287;333
391;11;287;333
392;11;287;333
393;11;287;333
394;11;287;333
395;11;287;333
396;11;287;333
397;11;287;333
397;11;287;333
398;11;287;333
399;11;287;333
400;11;287;333
401;11;287;333
402;11;287;333
403;11;287;333
404;11;287;333
405;11;287;333
406;11;287;333
407;11;287;333
408;11;287;333
409;11;287;333
410;11;287;333
411;11;287;333
412;11;287;333
413;11;287;333
414;11;287;333
415;11;287;333
416;11;287;333
417;11;287;333
418;11;287;333
419;11;287;333
420;11;287;333
421;11;287;333
422;11;287;333
423;11;287;333
424;11;287;333
425;11;287;333
426;11;287;333
427;11;287;333
428;11;287;333
429;11;287;333
430;11;287;333
431;11;287;333
432;11;287;333
433;11;287;333
434;11;287;333
435;11;287;333
436;11;287;333
437;11;287;333
438;11;287;333
439;11;287;333
440;11;287;333
441;11;287;333
442;11;287;333
443;11;287;333
444;11;287;333
444;11;287;333
445;11;287;333
446;11;287;333
447;11;287;333
448;11;287;333
449;11;287;333
450;11;287;333
451;11;287;333
452;11;287;333
453;11;287;333
454;11;287;333
455;11;287;333
456;11;287;333
457;11;287;333
458;11;287;333
459;11;287;333
460;11;287;333
461;11;287;333
462;11;287;333
463;11;287;333
464;11;287;333
465;11;287;333
466;11;287;333
467;11;287;333
468;11;287;333
469;11;287;333
470;11;287;333
471;11;287;333
472;11;287;333
473;11;287;333
474;11;287;333
475;11;287;333
476;11;287;333
477;11;287;333
478;11;287;333
479;11;287;333
480;11;287;333
481;11;287;333
482;11;287;333
483;11;287;333
484;11;287;333
485;11;287;333
486;11;287;333
487;11;287;333
487;11;287;333
488;11;287;333
489;11;287;333
490;11;287;333
491;11;287;333
492;11;287;333
493;11;287;333
494;11;287;333
495;11;287;333
496;11;287;333
497;11;287;333
498;11;287;333
499;11;287;333
500;11;287;333
501;11;287;333
502;11;287;333
503;11;287;333
504;11;287;333
505;11;287;333
506;11;287;333
507;11;287;333
508;11;287;333
509;11;287;333
510;11;287;333
511;11;287;333
153;12;623;333
154;12;287;333
155;12;287;333
156;12;287;333
157;12;287;333
158;12;287;333
159;12;287;333
160;12;287;333
161;12;287;333
162;12;287;333
163;12;287;333
164;12;287;333
165;12;287;333
166;12;287;333
167;12;287;333
168;12;287;333
169;12;287;333
170;12;287;333
171;12;287;333
172;12;287;333
173;12;287;333
174;12;287;333
175;12;287;333
176;12;287;333
177;12;287;333
178;12;287;333
179;12;287;333
180;12;287;333
181;12;287;333
182;12;287;333
183;12;287;333
184;12;287;333
185;12;287;333
186;12;287;333
187;12;287;333
188;12;287;333
189;12;287;333
190;12;287;333
191;12;287;333
192;12;287;333
193;12;287;333
194;12;287;333
195;12;287;333
196;12;287;333
197;12;287;333
198;12;287;333
199;12;287;333
200;12;287;333
201;12;287;333
202;12;287;333
203;12;287;333
204;12;287;333
205;12;287;333
206;12;287;333
207;12;287;333
208;12;287;333
209;12;287;333
210;12;287;333
211;12;287;333
212;12;287;333
213;12;287;333
214;12;287;333
215;12;287;333
216;12;287;333
217;12;287;333
218;12;287;333
219;12;287;333
220;12;287;333
221;12;287;333
222;12;287;333
223;12;287;333
224;12;287;333
225;12;287;333
226;12;287;333
227;12;287;333
228;12;287;333
229;12;287;333
230;12;287;333
231;12;287;333
232;12;287;333
233;12;287;333
234;12;287;333
235;12;287;333
236;12;287;333
237;12;287;333
238;12;287;333
239;12;287;333
240;12;287;333
241;12;287;333
242;12;287;333
243;12;287;333
244;12;287;333
245;12;287;333
246;12;287;333
247;12;287;333
248;12;287;333
249;12;287;333
250;12;287;333
251;12;287;333
252;12;287;333
253;12;287;333
254;12;287;333
255;12;287;333
256;12;287;333
257;12;287;333
258;12;287;333
259;12;287;333
260;12;287;333
261;12;287;333
262;12;287;333
263;12;287;333
264;12;287;333
265;12;287;333
266;12;287;333
267;12;287;333
268;12;287;333
269;12;287;333
270;12;287;333
271;12;287;333
272;12;287;333
273;12;287;333
274;12;287;333
275;12;287;333
276;12;287;333
277;12;287;333
278;12;287;333
279;12;287;333
280;12;287;333
281;12;287;333
282;12;287;333
283;12;287;333
284;12;287;333
285;12;287;333
286;12;287;333
287;12;287;333
288;12;287;333
289;12;287;333
290;12;287;333
291;12;287;333
292;12;287;333
293;12;287;333
294;12;287;333
295;12;287;333
296;12;287;333
297;12;287;333
298;12;287;333
299;12;287;333
300;12;287;333
301;12;287;333
302;12;287;333
303;12;287;333
304;12;287;333
305;12;287;333
306;12;287;333
307;12;287;333
308;12;287;333
309;12;287;333
310;12;287;333
311;12;287;333
312;12;287;333
313;12;287;333
314;12;287;333
315;12;287;333
316;12;287;333
317;12;287;333
318;12;287;333
319;12;287;333
320;12;287;333
321;12;287;333
322;12;287;333
323;12;287;333
324;12;287;333
325;12;287;333
326;12;287;333
327;12;287;333
328;12;287;333
329;12;287;333
330;12;287;333
331;12;287;333
332;12;287;333
333;12;287;333
334;12;287;333
335;12;287;333
336;12;287;333
337;12;287;333
338;12;287;333
339;12;287;333
340;12;287;333
341;12;287;333
342;12;287;333
343;12;287;333
344;12;287;333
345;12;287;333
346;12;287;333
347;12;287;333
348;12;287;333
349;12;287;333
350;12;287;333
351;12;287;333
352;12;287;333
353;12;287;333
354;12;287;333
355;12;287;333
356;12;287;333
357;12;287;333
358;12;287;333
359;12;287;333
360;12;287;333
361;12;287;333
362;12;287;333
363;12;287;333
364;12;287;333
365;12;287;333
366;12;287;333
367;12;287;333
368;12;287;333
369;12;287;333
370;12;287;333
371;12;287;333
372;12;287;333
373;12;287;333
374;12;287;333
375;12;287;333
376;12;287;333
377;12;287;333
378;12;287;333
379;12;287;333
380;12;287;333
381;12;287;333
382;12;287;333
383;12;287;333
384;12;287;333
385;12;287;333
386;12;287;333
387;12;287;333
388;12;287;333
389;12;287;333
390;12;287;333
391;12;287;333
392;12;287;333
393;12;287;333
394;12;287;333
395;12;287;333
396;12;287;333
397;12;287;333
397;12;287;333
398;12;287;333
399;12;287;333
400;12;287;333
401;12;287;333
402;12;287;333
403;12;287;333
404;12;287;333
405;12;287;333
406;12;287;333
407;12;287;333
408;12;287;333
409;12;287;333
410;12;287;333
411;12;287;333
412;12;287;333
413;12;287;333
414;12;287;333
415;12;287;333
416;12;287;333
417;12;287;333
418;12;287;333
419;12;287;333
420;12;287;333
421;12;287;333
422;12;287;333
423;12;287;333
424;12;287;333
425;12;287;333
426;12;287;333
427;12;287;333
428;12;287;333
429;12;287;333
430;12;287;333
431;12;287;333
432;12;287;333
433;12;287;333
434;12;287;333
435;12;287;333
436;12;287;333
437;12;287;333
438;12;287;333
439;12;287;333
440;12;287;333
441;12;287;333
442;12;287;333
443;12;287;333
444;12;287;333
444;12;287;333
445;12;287;333
446;12;287;333
447;12;287;333
448;12;287;333
449;12;287;333
450;12;287;333
451;12;287;333
452;12;287;333
453;12;287;333
454;12;287;333
455;12;287;333
456;12;287;333
457;12;287;333
458;12;287;333
459;12;287;333
460;12;287;333
461;12;287;333
462;12;287;333
463;12;287;333
464;12;287;333
465;12;287;333
466;12;287;333
467;12;287;333
468;12;287;333
469;12;287;333
470;12;287;333
471;12;287;333
472;12;287;333
473;12;287;333
474;12;287;333
475;12;287;333
476;12;287;333
477;12;287;333
478;12;287;333
479;12;287;333
480;12;287;333
481;12;287;333
482;12;287;333
483;12;287;333
484;12;287;333
485;12;287;333
486;12;287;333
487;12;287;333
487;12;287;333
488;12;287;333
489;12;287;333
490;12;287;333
491;12;287;333
492;12;287;333
493;12;287;333
494;12;287;333
495;12;287;333
496;12;287;333
497;12;287;333
498;12;287;333
499;12;287;333
500;12;287;333
501;12;287;333
502;12;287;333
503;12;287;333
504;12;287;333
505;12;287;333
506;12;287;333
507;12;287;333
508;12;287;333
509;12;287;333
510;12;287;333
511;12;287;333
153;13;623;333
154;13;287;333
155;13;287;333
156;13;287;333
157;13;287;333
158;13;287;333
159;13;287;333
160;13;287;333
161;13;287;333
162;13;287;333
163;13;287;333
164;13;287;333
165;13;287;333
166;13;287;333
167;13;287;333
168;13;287;333
169;13;287;333
170;13;287;333
171;13;287;333
172;13;287;333
173;13;287;333
174;13;287;333
175;13;287;333
176;13;287;333
177;13;287;333
178;13;287;333
179;13;287;333
180;13;287;333
181;13;287;333
182;13;287;333
183;13;287;333
184;13;287;333
185;13;287;333
186;13;287;333
187;13;287;333
188;13;287;333
189;13;287;333
190;13;287;333
191;13;287;333
192;13;287;333
193;13;287;333
194;13;287;333
195;13;287;333
196;13;287;333
197;13;287;333
198;13;287;333
199;13;287;333
200;13;287;333
201;13;287;333
202;13;287;333
203;13;287;333
204;13;287;333
205;13;287;333
206;13;287;333
207;13;287;333
208;13;287;333
209;13;287;333
210;13;287;333
211;13;287;333
212;13;287;333
213;13;287;333
214;13;287;333
215;13;287;333
216;13;287;333
217;13;287;333
218;13;287;333
219;13;287;333
220;13;287;333
221;13;287;333
222;13;287;333
223;13;287;333
224;13;287;333
225;13;287;333
226;13;287;333
227;13;287;333
228;13;287;333
229;13;287;333
230;13;287;333
231;13;287;333
232;13;287;333
233;13;287;333
234;13;287;333
234;13;622;333
234;13;622;333
235;13;287;333
236;13;287;333
237;13;287;333
238;13;287;333
239;13;287;333
240;13;287;333
241;13;287;333
242;13;287;333
243;13;287;333
244;13;287;333
245;13;287;333
246;13;287;333
247;13;287;333
248;13;287;333
249;13;287;333
250;13;287;333
251;13;287;333
252;13;287;333
253;13;287;333
254;13;287;333
255;13;287;333
256;13;287;333
257;13;287;333
258;13;287;333
259;13;287;333
260;13;287;333
261;13;287;333
262;13;287;333
263;13;287;333
264;13;287;333
265;13;287;333
266;13;287;333
267;13;287;333
268;13;287;333
269;13;287;333
270;13;287;333
271;13;287;333
272;13;287;333
273;13;287;333
274;13;287;333
275;13;287;333
276;13;287;333
277;13;287;333
278;13;287;333
279;13;287;333
280;13;287;333
281;13;287;333
282;13;287;333
283;13;287;333
284;13;287;333
285;13;287;333
286;13;287;333
287;13;287;333
288;13;287;333
289;13;287;333
290;13;287;333
291;13;287;333
292;13;287;333
293;13;287;333
294;13;287;333
295;13;287;333
296;13;287;333
297;13;287;333
298;13;287;333
299;13;287;333
300;13;287;333
301;13;287;333
302;13;287;333
303;13;287;333
304;13;287;333
305;13;287;333
306;13;287;333
307;13;287;333
308;13;287;333
309;13;287;333
310;13;287;333
311;13;287;333
312;13;287;333
313;13;287;333
314;13;287;333
315;13;287;333
316;13;287;333
317;13;287;333
318;13;287;333
319;13;287;333
320;13;287;333
321;13;287;333
322;13;287;333
323;13;287;333
324;13;287;333
325;13;287;333
326;13;287;333
327;13;287;333
328;13;287;333
329;13;287;333
330;13;287;333
331;13;287;333
332;13;287;333
333;13;287;333
334;13;287;333
335;13;287;333
336;13;287;333
337;13;287;333
338;13;287;333
339;13;287;333
340;13;287;333
341;13;287;333
342;13;287;333
343;13;287;333
344;13;287;333
345;13;287;333
346;13;287;333
347;13;287;333
348;13;287;333
349;13;287;333
350;13;287;333
351;13;287;333
352;13;287;333
353;13;287;333
354;13;287;333
355;13;287;333
356;13;287;333
357;13;287;333
358;13;287;333
359;13;287;333
360;13;287;333
361;13;287;333
362;13;287;333
363;13;287;333
364;13;287;333
365;13;287;333
366;13;287;333
367;13;287;333
368;13;287;333
369;13;287;333
370;13;287;333
371;13;287;333
372;13;287;333
373;13;287;333
374;13;287;333
375;13;287;333
376;13;287;333
377;13;287;333
378;13;287;333
379;13;287;333
380;13;287;333
381;13;287;333
382;13;287;333
383;13;287;333
384;13;287;333
385;13;287;333
386;13;287;333
387;13;287;333
388;13;287;333
389;13;287;333
390;13;287;333
391;13;287;333
392;13;287;333
393;13;287;333
394;13;287;333
395;13;287;333
396;13;287;333
397;13;287;333
397;13;287;333
398;13;287;333
399;13;287;333
400;13;287;333
401;13;287;333
402;13;287;333
403;13;287;333
404;13;287;333
405;13;287;333
406;13;287;333
407;13;287;333
408;13;287;333
409;13;287;333
410;13;287;333
411;13;287;333
412;13;287;333
413;13;287;333
414;13;287;333
415;13;287;333
416;13;287;333
417;13;287;333
418;13;287;333
419;13;287;333
420;13;287;333
421;13;287;333
422;13;287;333
423;13;287;333
424;13;287;333
425;13;287;333
426;13;287;333
427;13;287;333
428;13;287;333
429;13;287;333
430;13;287;333
431;13;287;333
432;13;287;333
433;13;287;333
434;13;287;333
435;13;287;333
436;13;287;333
437;13;287;333
438;13;287;333
439;13;287;333
440;13;287;333
441;13;287;333
442;13;287;333
443;13;287;333
444;13;287;333
444;13;287;333
445;13;287;333
446;13;287;333
447;13;287;333
448;13;287;333
449;13;287;333
450;13;287;333
451;13;287;333
452;13;287;333
453;13;287;333
454;13;287;333
455;13;287;333
456;13;287;333
457;13;287;333
458;13;287;333
459;13;287;333
460;13;287;333
461;13;287;333
462;13;287;333
463;13;287;333
464;13;287;333
465;13;287;333
466;13;287;333
467;13;287;333
468;13;287;333
469;13;287;333
470;13;287;333
471;13;287;333
472;13;287;333
473;13;287;333
474;13;287;333
475;13;287;333
476;13;287;333
477;13;287;333
478;13;287;333
479;13;287;333
480;13;287;333
481;13;287;333
482;13;287;333
483;13;287;333
484;13;287;333
485;13;287;333
486;13;287;333
487;13;287;333
487;13;287;333
488;13;287;333
489;13;287;333
490;13;287;333
491;13;287;333
492;13;287;333
493;13;287;333
494;13;287;333
495;13;287;333
496;13;287;333
497;13;287;333
498;13;287;333
499;13;287;333
500;13;287;333
501;13;287;333
502;13;287;333
503;13;287;333
504;13;287;333
505;13;287;333
506;13;287;333
507;13;287;333
508;13;287;333
509;13;287;333
510;13;287;333
511;13;287;333
153;14;623;333
154;14;287;333
155;14;287;333
156;14;287;333
157;14;287;333
158;14;287;333
159;14;287;333
160;14;287;333
161;14;287;333
162;14;287;333
163;14;287;333
164;14;287;333
165;14;287;333
166;14;287;333
167;14;287;333
168;14;287;333
169;14;287;333
170;14;287;333
171;14;287;333
172;14;287;333
173;14;287;333
174;14;287;333
175;14;287;333
176;14;287;333
177;14;287;333
178;14;287;333
179;14;287;333
180;14;287;333
181;14;287;333
182;14;287;333
183;14;287;333
184;14;287;333
185;14;287;333
186;14;287;333
187;14;287;333
188;14;287;333
189;14;287;333
190;14;287;333
191;14;287;333
192;14;287;333
193;14;287;333
194;14;287;333
195;14;287;333
196;14;287;333
197;14;287;333
198;14;287;333
199;14;287;333
200;14;287;333
201;14;287;333
202;14;287;333
203;14;287;333
204;14;287;333
205;14;287;333
206;14;287;333
207;14;287;333
208;14;287;333
209;14;287;333
210;14;287;333
211;14;287;333
212;14;287;333
213;14;287;333
214;14;287;333
215;14;287;333
216;14;287;333
217;14;287;333
218;14;287;333
219;14;287;333
220;14;287;333
221;14;287;333
222;14;287;333
223;14;287;333
224;14;287;333
225;14;287;333
226;14;287;333
227;14;287;333
228;14;287;333
229;14;287;333
230;14;287;333
231;14;287;333
232;14;287;333
233;14;622;333
234;14;622;333
235;14;622;333
236;14;622;333
237;14;622;333
238;14;622;333
239;14;622;333
240;14;622;333
241;14;622;333
242;14;622;333
243;14;622;333
244;14;622;333
245;14;622;333
246;14;622;333
247;14;622;333
248;14;622;333
249;14;622;333
250;14;622;333
251;14;622;333
252;14;622;333
253;14;622;333
254;14;622;333
255;14;622;333
256;14;622;333
257;14;622;333
258;14;622;333
259;14;622;333
260;14;622;333
261;14;622;333
262;14;622;333
263;14;622;333
264;14;622;333
265;14;622;333
266;14;622;333
267;14;622;333
268;14;622;333
269;14;622;333
270;14;622;333
271;14;622;333
272;14;622;333
273;14;622;333
274;14;622;333
275;14;622;333
276;14;622;333
277;14;622;333
278;14;622;333
279;14;622;333
280;14;622;333
281;14;622;333
282;14;622;333
283;14;622;333
284;14;622;333
285;14;622;333
286;14;622;333
287;14;622;333
288;14;622;333
289;14;622;333
290;14;622;333
291;14;622;333
292;14;622;333
293;14;622;333
294;14;622;333
295;14;622;333
296;14;622;333
297;14;622;333
298;14;622;333
299;14;622;333
300;14;622;333
301;14;622;333
302;14;622;333
303;14;622;333
304;14;622;333
305;14;622;333
306;14;622;333
307;14;622;333
308;14;622;333
309;14;622;333
310;14;622;333
311;14;622;333
312;14;622;333
313;14;622;333
314;14;622;333
315;14;622;333
316;14;622;333
317;14;622;333
318;14;622;333
319;14;622;333
320;14;622;333
321;14;622;333
322;14;622;333
323;14;622;333
324;14;622;333
325;14;622;333
326;14;622;333
327;14;622;333
328;14;622;333
329;14;622;333
330;14;622;333
331;14;622;333
332;14;622;333
333;14;622;333
334;14;622;333
335;14;622;333
336;14;622;333
337;14;622;333
338;14;622;333
339;14;622;333
340;14;622;333
341;14;622;333
342;14;622;333
343;14;622;333
344;14;622;333
345;14;622;333
346;14;622;333
347;14;622;333
348;14;622;333
349;14;622;333
350;14;622;333
351;14;622;333
352;14;622;333
353;14;622;333
354;14;622;333
355;14;622;333
356;14;622;333
357;14;622;333
358;14;622;333
359;14;622;333
360;14;622;333
361;14;622;333
362;14;622;333
363;14;622;333
364;14;622;333
365;14;622;333
366;14;622;333
367;14;622;333
368;14;622;333
369;14;622;333
370;14;622;333
371;14;622;333
372;14;622;333
373;14;622;333
374;14;622;333
375;14;622;333
376;14;622;333
377;14;622;333
378;14;622;333
379;14;622;333
380;14;622;333
381;14;622;333
382;14;622;333
383;14;622;333
384;14;622;333
385;14;622;333
386;14;622;333
387;14;622;333
388;14;622;333
389;14;622;333
390;14;622;333
391;14;622;333
392;14;622;333
393;14;622;333
394;14;622;333
395;14;622;333
396;14;622;333
397;14;622;333
398;14;622;333
399;14;622;333
400;14;622;333
401;14;622;333
402;14;622;333
403;14;622;333
404;14;622;333
405;14;622;333
406;14;622;333
407;14;622;333
408;14;622;333
409;14;622;333
410;14;622;333
411;14;622;333
412;14;622;333
413;14;622;333
414;14;622;333
415;14;622;333
416;14;622;333
417;14;622;333
418;14;622;333
419;14;622;333
420;14;622;333
421;14;622;333
422;14;622;333
423;14;622;333
424;14;622;333
425;14;622;333
426;14;622;333
427;14;622;333
428;14;622;333
429;14;622;333
430;14;622;333
431;14;622;333
432;14;622;333
433;14;622;333
434;14;622;333
435;14;622;333
436;14;622;333
437;14;622;333
438;14;622;333
439;14;622;333
440;14;622;333
441;14;622;333
442;14;622;333
443;14;622;333
444;14;622;333
445;14;622;333
446;14;622;333
447;14;622;333
448;14;622;333
449;14;622;333
450;14;622;333
451;14;622;333
452;14;622;333
453;14;622;333
454;14;622;333
455;14;622;333
456;14;622;333
457;14;622;333
458;14;622;333
459;14;622;333
460;14;622;333
461;14;622;333
462;14;622;333
463;14;622;333
464;14;622;333
465;14;622;333
466;14;622;333
467;14;622;333
468;14;622;333
469;14;622;333
470;14;622;333
471;14;622;333
472;14;622;333
473;14;622;333
474;14;622;333
475;14;622;333
476;14;622;333
477;14;622;333
478;14;622;333
479;14;622;333
480;14;622;333
481;14;622;333
482;14;622;333
483;14;622;333
484;14;622;333
485;14;622;333
486;14;622;333
487;14;622;333
488;14;622;333
489;14;622;333
490;14;622;333
491;14;622;333
492;14;622;333
493;14;622;333
494;14;622;333
495;14;622;333
496;14;622;333
497;14;622;333
498;14;622;333
499;14;622;333
500;14;622;333
501;14;622;333
502;14;622;333
503;14;622;333
504;14;622;333
505;14;622;333
506;14;622;333
507;14;622;333
508;14;622;333
509;14;622;333
510;14;622;333
511;14;622;333
