# Illarion Server
# 
# This program is free software: you can redistribute it and/or modify it under
# the terms of the GNU Affero General Public License as published by the Free
# Software Foundation, either version 3 of the License, or (at your option) any
# later version.
# 
# This program is distributed in the hope that it will be useful, but WITHOUT
# ANY WARRANTY; without even the implied warranty of MERCHANTABILITY or FITNESS
# FOR A PARTICULAR PURPOSE.  See the GNU Affero General Public License for more
# details.
# 
# You should have received a copy of the GNU Affero General Public License along
# with this program.  If not, see <http://www.gnu.org/licenses/>.
V: 2
L: -26
X: 95
Y: 600
W: 100
H: 35
0;0;0;1
1;0;0;1
2;0;0;1
3;0;0;1
4;0;0;1
5;0;0;1
6;0;0;1
7;0;0;1
8;0;0;1
9;0;0;1
10;0;15;1
11;0;15;1
12;0;15;1
13;0;15;1
14;0;15;1
15;0;15;1
16;0;15;1
17;0;15;1
18;0;15;1
19;0;15;1
20;0;15;1
21;0;15;1
22;0;15;1
23;0;15;1
24;0;15;1
25;0;15;1
26;0;15;1
27;0;15;1
28;0;15;1
29;0;15;1
30;0;15;1
31;0;15;1
32;0;15;1
33;0;15;1
34;0;15;1
35;0;15;1
36;0;15;1
37;0;15;1
38;0;15;1
39;0;15;1
40;0;15;1
41;0;15;1
42;0;15;1
43;0;15;1
44;0;15;1
45;0;15;1
46;0;15;1
47;0;15;1
48;0;15;1
49;0;15;1
50;0;15;1
51;0;15;1
52;0;15;1
53;0;15;1
54;0;15;1
55;0;15;1
56;0;15;1
57;0;15;1
58;0;15;1
59;0;15;1
60;0;15;1
61;0;15;1
62;0;15;1
63;0;15;1
64;0;15;1
65;0;15;1
66;0;15;1
67;0;15;1
68;0;15;1
69;0;15;1
70;0;15;1
71;0;15;1
72;0;15;1
73;0;15;1
74;0;15;1
75;0;15;1
76;0;15;1
77;0;15;1
78;0;15;1
79;0;15;1
80;0;15;1
81;0;15;1
82;0;15;1
83;0;15;1
84;0;15;1
85;0;15;1
86;0;15;1
87;0;15;1
88;0;15;1
89;0;15;1
90;0;15;1
91;0;15;1
92;0;15;1
93;0;15;1
94;0;15;1
95;0;15;1
96;0;15;1
97;0;15;1
98;0;15;1
99;0;15;1
0;1;0;1
1;1;0;1
2;1;0;1
3;1;0;1
4;1;0;1
5;1;0;1
6;1;0;1
7;1;0;1
8;1;15;1
9;1;15;1
10;1;15;1
11;1;15;1
12;1;15;1
13;1;15;1
14;1;15;1
15;1;15;1
16;1;15;1
17;1;15;1
18;1;15;1
19;1;15;1
20;1;15;1
21;1;15;1
22;1;15;1
23;1;15;1
24;1;15;1
25;1;15;1
26;1;15;1
27;1;15;1
28;1;15;1
29;1;15;1
30;1;15;1
31;1;0;1
32;1;0;1
33;1;0;1
34;1;0;1
35;1;0;1
36;1;0;1
37;1;0;1
38;1;0;1
39;1;0;1
40;1;15;1
41;1;15;1
42;1;15;1
43;1;15;1
44;1;15;1
45;1;15;1
46;1;15;1
47;1;15;1
48;1;15;1
49;1;15;1
50;1;15;1
51;1;15;1
52;1;15;1
53;1;15;1
54;1;15;1
55;1;15;1
56;1;15;1
57;1;0;1
58;1;0;1
59;1;15;1
60;1;15;1
61;1;15;1
62;1;15;1
63;1;15;1
64;1;15;1
65;1;15;1
66;1;15;1
67;1;15;1
68;1;15;1
69;1;15;1
70;1;15;1
71;1;15;1
72;1;15;1
73;1;15;1
74;1;15;1
75;1;15;1
76;1;15;1
77;1;15;1
78;1;15;1
79;1;15;1
80;1;15;1
81;1;15;1
82;1;15;1
83;1;15;1
84;1;15;1
85;1;15;1
86;1;15;1
87;1;15;1
88;1;15;1
89;1;15;1
90;1;15;1
91;1;15;1
92;1;15;1
93;1;15;1
94;1;15;1
95;1;15;1
96;1;15;1
97;1;15;1
98;1;15;1
99;1;15;1
0;2;0;1
1;2;0;1
2;2;0;1
3;2;0;1
4;2;0;1
5;2;0;1
6;2;15;1
7;2;15;1
8;2;15;1
9;2;15;1
10;2;15;1
11;2;15;1
12;2;15;1
13;2;15;1
14;2;15;1
15;2;15;1
16;2;15;1
17;2;15;1
18;2;15;1
19;2;15;1
20;2;15;1
21;2;0;1
22;2;0;1
23;2;0;1
24;2;0;1
25;2;0;1
26;2;0;1
27;2;15;1
28;2;15;1
29;2;15;1
30;2;15;1
31;2;0;1
32;2;0;1
33;2;0;1
34;2;0;1
35;2;0;1
36;2;0;1
37;2;0;1
38;2;0;1
39;2;0;1
40;2;0;1
41;2;0;1
42;2;15;1
43;2;15;1
44;2;15;1
45;2;15;1
46;2;15;1
47;2;0;1
48;2;0;1
49;2;0;1
50;2;0;1
51;2;15;1
52;2;15;1
53;2;15;1
54;2;15;1
55;2;0;1
56;2;0;1
57;2;0;1
58;2;0;1
59;2;0;1
60;2;15;1
61;2;15;1
62;2;15;1
63;2;15;1
64;2;15;1
65;2;15;1
66;2;15;1
67;2;15;1
68;2;15;1
69;2;15;1
70;2;15;1
71;2;15;1
72;2;15;1
73;2;15;1
74;2;15;1
75;2;15;1
76;2;15;1
77;2;15;1
78;2;15;1
79;2;15;1
80;2;15;1
81;2;15;1
82;2;15;1
83;2;15;1
84;2;15;1
85;2;15;1
86;2;15;1
87;2;15;1
88;2;15;1
89;2;15;1
90;2;15;1
91;2;15;1
92;2;15;1
93;2;15;1
94;2;15;1
95;2;15;1
96;2;15;1
97;2;15;1
98;2;15;1
99;2;15;1
0;3;0;1
1;3;0;1
2;3;0;1
3;3;0;1
4;3;0;1
5;3;0;1
6;3;15;1
7;3;15;1
8;3;15;1
9;3;15;1
10;3;15;1
11;3;15;1
12;3;15;1
13;3;15;1
14;3;15;1
15;3;0;1
16;3;0;1
17;3;15;1
18;3;0;1
19;3;15;1
20;3;0;1
21;3;0;1
22;3;0;1
23;3;0;1
24;3;0;1
25;3;0;1
26;3;0;1
27;3;0;1
28;3;0;1
29;3;0;1
30;3;0;1
31;3;0;1
32;3;0;1
33;3;0;1
34;3;0;1
35;3;0;1
36;3;0;1
37;3;0;1
38;3;0;1
39;3;0;1
40;3;0;1
41;3;0;1
42;3;0;1
43;3;0;1
44;3;0;1
45;3;0;1
46;3;0;1
47;3;0;1
48;3;0;1
49;3;0;1
50;3;0;1
51;3;0;1
52;3;0;1
53;3;0;1
54;3;0;1
55;3;0;1
56;3;0;1
57;3;0;1
58;3;0;1
59;3;0;1
60;3;0;1
61;3;15;1
62;3;15;1
63;3;15;1
64;3;15;1
65;3;15;1
66;3;15;1
67;3;15;1
68;3;15;1
69;3;15;1
70;3;15;1
71;3;15;1
72;3;15;1
73;3;15;1
74;3;15;1
75;3;15;1
76;3;15;1
77;3;15;1
78;3;15;1
79;3;15;1
80;3;15;1
81;3;15;1
82;3;15;1
83;3;15;1
84;3;15;1
85;3;15;1
86;3;15;1
87;3;15;1
88;3;15;1
89;3;15;1
90;3;15;1
91;3;15;1
92;3;15;1
93;3;15;1
94;3;15;1
95;3;15;1
96;3;15;1
97;3;15;1
98;3;15;1
99;3;15;1
0;4;0;1
1;4;0;1
2;4;0;1
3;4;0;1
4;4;0;1
5;4;15;1
6;4;15;1
7;4;0;1
8;4;0;1
9;4;0;1
10;4;0;1
11;4;0;1
12;4;0;1
13;4;0;1
14;4;0;1
15;4;0;1
16;4;0;1
17;4;0;1
18;4;0;1
19;4;0;1
20;4;34;1
21;4;0;1
22;4;0;1
23;4;0;1
24;4;0;1
25;4;0;1
26;4;0;1
27;4;0;1
28;4;0;1
29;4;0;1
30;4;0;1
31;4;0;1
32;4;0;1
33;4;0;1
34;4;0;1
35;4;0;1
36;4;0;1
37;4;0;1
38;4;0;1
39;4;0;1
40;4;0;1
41;4;0;1
42;4;0;1
43;4;0;1
44;4;0;1
45;4;0;1
46;4;0;1
47;4;0;1
48;4;0;1
49;4;0;1
50;4;0;1
51;4;0;1
52;4;0;1
53;4;0;1
54;4;0;1
55;4;0;1
56;4;0;1
57;4;0;1
58;4;0;1
59;4;0;1
60;4;0;1
61;4;0;1
62;4;15;1
63;4;15;1
64;4;15;1
65;4;15;1
66;4;15;1
67;4;15;1
68;4;15;1
69;4;15;1
70;4;15;1
71;4;15;1
72;4;15;1
73;4;15;1
74;4;15;1
75;4;15;1
76;4;15;1
77;4;15;1
78;4;15;1
79;4;15;1
80;4;15;1
81;4;15;1
82;4;15;1
83;4;15;1
84;4;15;1
85;4;15;1
86;4;15;1
87;4;15;1
88;4;15;1
89;4;15;1
90;4;15;1
91;4;15;1
92;4;15;1
93;4;15;1
94;4;15;1
95;4;15;1
96;4;15;1
97;4;15;1
98;4;15;1
99;4;15;1
0;5;0;1
1;5;0;1
2;5;0;1
3;5;0;1
4;5;15;1
5;5;15;1
6;5;0;1
7;5;0;1
8;5;0;1
9;5;0;1
10;5;0;1
11;5;0;1
12;5;0;1
13;5;0;1
14;5;0;1
15;5;0;1
16;5;0;1
17;5;0;1
18;5;0;1
19;5;0;1
20;5;34;1
21;5;0;1
22;5;0;1
23;5;0;1
24;5;0;1
25;5;0;1
26;5;0;1
27;5;0;1
28;5;0;1
29;5;0;1
30;5;0;1
31;5;0;1
32;5;0;1
33;5;0;1
34;5;0;1
35;5;0;1
36;5;0;1
37;5;0;1
38;5;0;1
39;5;0;1
40;5;0;1
41;5;0;1
42;5;0;1
43;5;0;1
44;5;0;1
45;5;0;1
46;5;0;1
47;5;0;1
48;5;0;1
49;5;0;1
50;5;0;1
51;5;0;1
52;5;0;1
53;5;0;1
54;5;0;1
55;5;0;1
56;5;0;1
57;5;0;1
58;5;0;1
59;5;0;1
60;5;0;1
61;5;0;1
62;5;0;1
63;5;15;1
64;5;15;1
65;5;15;1
66;5;15;1
67;5;15;1
68;5;15;1
69;5;15;1
70;5;15;1
71;5;15;1
72;5;15;1
73;5;15;1
74;5;15;1
75;5;15;1
76;5;15;1
77;5;15;1
78;5;15;1
79;5;15;1
80;5;15;1
81;5;15;1
82;5;15;1
83;5;15;1
84;5;15;1
85;5;15;1
86;5;15;1
87;5;15;1
88;5;15;1
89;5;15;1
90;5;15;1
91;5;15;1
92;5;15;1
93;5;15;1
94;5;15;1
95;5;15;1
96;5;15;1
97;5;15;1
98;5;15;1
99;5;15;1
0;6;0;1
1;6;0;1
2;6;15;1
3;6;15;1
4;6;15;1
5;6;0;1
6;6;0;1
7;6;0;1
8;6;0;1
9;6;0;1
10;6;0;1
11;6;0;1
12;6;0;1
13;6;0;1
14;6;0;1
15;6;0;1
16;6;0;1
17;6;0;1
18;6;0;1
19;6;0;1
20;6;34;1
21;6;0;1
22;6;0;1
23;6;0;1
24;6;0;1
25;6;0;1
26;6;0;1
27;6;0;1
28;6;0;1
29;6;0;1
30;6;0;1
31;6;0;1
32;6;0;1
33;6;0;1
34;6;0;1
35;6;0;1
36;6;0;1
37;6;0;1
38;6;0;1
39;6;0;1
40;6;0;1
41;6;0;1
42;6;0;1
43;6;0;1
44;6;0;1
45;6;0;1
46;6;0;1
47;6;0;1
48;6;0;1
49;6;0;1
50;6;0;1
51;6;0;1
52;6;0;1
53;6;0;1
54;6;0;1
55;6;0;1
56;6;0;1
57;6;0;1
58;6;0;1
59;6;0;1
60;6;0;1
61;6;0;1
62;6;0;1
63;6;15;1
64;6;15;1
65;6;15;1
66;6;15;1
67;6;15;1
68;6;15;1
69;6;15;1
70;6;15;1
71;6;15;1
72;6;15;1
73;6;15;1
74;6;15;1
75;6;15;1
76;6;15;1
77;6;15;1
78;6;15;1
79;6;15;1
80;6;15;1
81;6;15;1
82;6;15;1
83;6;15;1
84;6;15;1
85;6;15;1
86;6;15;1
87;6;15;1
88;6;15;1
89;6;15;1
90;6;15;1
91;6;15;1
92;6;15;1
93;6;15;1
94;6;15;1
95;6;15;1
96;6;15;1
97;6;15;1
98;6;15;1
99;6;15;1
0;7;0;1
1;7;0;1
2;7;15;1
3;7;15;1
4;7;0;1
5;7;0;1
6;7;0;1
7;7;0;1
8;7;0;1
9;7;0;1
10;7;0;1
11;7;0;1
12;7;0;1
13;7;0;1
14;7;0;1
15;7;0;1
16;7;0;1
17;7;0;1
18;7;0;1
19;7;0;1
20;7;34;1
21;7;0;1
22;7;0;1
23;7;0;1
24;7;0;1
25;7;0;1
26;7;0;1
27;7;0;1
28;7;0;1
29;7;0;1
30;7;0;1
31;7;0;1
32;7;0;1
33;7;0;1
34;7;0;1
35;7;0;1
36;7;0;1
37;7;0;1
38;7;0;1
39;7;0;1
40;7;0;1
41;7;0;1
42;7;0;1
43;7;0;1
44;7;0;1
45;7;0;1
46;7;0;1
47;7;0;1
48;7;0;1
49;7;0;1
50;7;0;1
51;7;0;1
52;7;0;1
53;7;0;1
54;7;0;1
55;7;0;1
56;7;0;1
57;7;0;1
58;7;0;1
59;7;0;1
60;7;0;1
61;7;0;1
62;7;0;1
63;7;0;1
64;7;15;1
65;7;1;1
66;7;15;1
67;7;15;1
68;7;15;1
69;7;15;1
70;7;15;1
71;7;15;1
72;7;15;1
73;7;15;1
74;7;15;1
75;7;15;1
76;7;15;1
77;7;15;1
78;7;15;1
79;7;15;1
80;7;15;1
81;7;15;1
82;7;15;1
83;7;15;1
84;7;15;1
85;7;15;1
86;7;15;1
87;7;15;1
88;7;15;1
89;7;15;1
90;7;15;1
91;7;15;1
92;7;15;1
93;7;15;1
94;7;15;1
95;7;15;1
96;7;15;1
97;7;15;1
98;7;15;1
99;7;15;1
0;8;0;1
1;8;15;1
2;8;15;1
3;8;0;1
4;8;0;1
5;8;0;1
6;8;0;1
7;8;0;1
8;8;0;1
9;8;0;1
10;8;0;1
11;8;0;1
12;8;0;1
13;8;0;1
14;8;0;1
15;8;0;1
16;8;0;1
17;8;0;1
18;8;0;1
19;8;0;1
20;8;34;1
21;8;0;1
22;8;0;1
23;8;0;1
24;8;0;1
25;8;0;1
26;8;0;1
27;8;0;1
28;8;0;1
29;8;0;1
30;8;0;1
31;8;0;1
32;8;0;1
33;8;0;1
34;8;0;1
35;8;0;1
36;8;0;1
37;8;0;1
38;8;0;1
39;8;0;1
40;8;0;1
41;8;0;1
42;8;0;1
43;8;0;1
44;8;0;1
45;8;0;1
46;8;0;1
47;8;0;1
48;8;0;1
49;8;0;1
50;8;0;1
51;8;0;1
52;8;0;1
53;8;0;1
54;8;0;1
55;8;0;1
56;8;0;1
57;8;0;1
58;8;0;1
59;8;0;1
60;8;0;1
61;8;0;1
62;8;0;1
63;8;0;1
64;8;15;1
65;8;15;1
66;8;15;1
67;8;15;1
68;8;15;1
69;8;15;1
70;8;15;1
71;8;15;1
72;8;15;1
73;8;15;1
74;8;15;1
75;8;15;1
76;8;15;1
77;8;15;1
78;8;15;1
79;8;15;1
80;8;15;1
81;8;15;1
82;8;15;1
83;8;15;1
84;8;15;1
85;8;15;1
86;8;15;1
87;8;15;1
88;8;15;1
89;8;15;1
90;8;15;1
91;8;15;1
92;8;15;1
93;8;15;1
94;8;15;1
95;8;15;1
96;8;15;1
97;8;15;1
98;8;15;1
99;8;15;1
0;9;0;1
1;9;15;1
2;9;15;1
3;9;0;1
4;9;0;1
5;9;0;1
6;9;0;1
7;9;0;1
8;9;0;1
9;9;0;1
10;9;0;1
11;9;0;1
12;9;0;1
13;9;0;1
14;9;0;1
15;9;0;1
16;9;0;1
17;9;0;1
18;9;0;1
19;9;0;1
20;9;34;1
21;9;0;1
22;9;0;1
23;9;0;1
24;9;0;1
25;9;0;1
26;9;0;1
27;9;0;1
28;9;0;1
29;9;0;1
30;9;0;1
31;9;0;1
32;9;0;1
33;9;0;1
34;9;0;1
35;9;0;1
36;9;0;1
37;9;0;1
38;9;0;1
39;9;0;1
40;9;0;1
41;9;0;1
42;9;0;1
43;9;0;1
44;9;0;1
45;9;0;1
46;9;0;1
47;9;0;1
48;9;0;1
49;9;0;1
50;9;0;1
51;9;0;1
52;9;0;1
53;9;0;1
54;9;0;1
55;9;0;1
56;9;0;1
57;9;0;1
58;9;0;1
59;9;0;1
60;9;0;1
61;9;0;1
62;9;0;1
63;9;0;1
64;9;15;1
65;9;15;1
66;9;15;1
67;9;15;1
68;9;15;1
69;9;15;1
70;9;26082;1
71;9;9698;1
72;9;27106;1
73;9;15;1
74;9;15;1
75;9;15;1
76;9;15;1
77;9;15;1
78;9;15;1
79;9;15;1
80;9;15;1
81;9;15;1
82;9;15;1
83;9;15;1
84;9;15;1
85;9;15;1
86;9;15;1
87;9;15;1
88;9;15;1
89;9;15;1
90;9;15;1
91;9;15;1
92;9;15;1
93;9;15;1
94;9;15;1
95;9;15;1
96;9;15;1
97;9;15;1
98;9;15;1
99;9;15;1
0;10;0;1
1;10;15;1
2;10;15;1
3;10;0;1
4;10;0;1
5;10;0;1
6;10;0;1
7;10;0;1
8;10;0;1
9;10;0;1
10;10;0;1
11;10;0;1
12;10;0;1
13;10;0;1
14;10;0;1
15;10;0;1
16;10;0;1
17;10;0;1
18;10;0;1
19;10;0;1
20;10;34;1
21;10;0;1
22;10;0;1
23;10;0;1
24;10;0;1
25;10;0;1
26;10;0;1
27;10;0;1
28;10;0;1
29;10;0;1
30;10;0;1
31;10;0;1
32;10;0;1
33;10;0;1
34;10;0;1
35;10;0;1
36;10;0;1
37;10;0;1
38;10;0;1
39;10;0;1
40;10;0;1
41;10;0;1
42;10;0;1
43;10;0;1
44;10;0;1
45;10;0;1
46;10;0;1
47;10;0;1
48;10;0;1
49;10;0;1
50;10;0;1
51;10;0;1
52;10;0;1
53;10;0;1
54;10;0;1
55;10;0;1
56;10;0;1
57;10;0;1
58;10;0;1
59;10;0;1
60;10;0;1
61;10;0;1
62;10;0;1
63;10;0;1
64;10;15;1
65;10;15;1
66;10;15;1
67;10;15;1
68;10;15;1
69;10;15;1
70;10;3554;1
71;10;2;1
72;10;12770;1
73;10;15;1
74;10;15;1
75;10;15;1
76;10;15;1
77;10;15;1
78;10;15;1
79;10;15;1
80;10;15;1
81;10;26088;1
82;10;9704;1
83;10;27112;1
84;10;15;1
85;10;15;1
86;10;15;1
87;10;15;1
88;10;15;1
89;10;15;1
90;10;15;1
91;10;15;1
92;10;15;1
93;10;15;1
94;10;15;1
95;10;15;1
96;10;15;1
97;10;15;1
98;10;15;1
99;10;15;1
0;11;0;1
1;11;0;1
2;11;15;1
3;11;0;1
4;11;0;1
5;11;0;1
6;11;0;1
7;11;0;1
8;11;0;1
9;11;0;1
10;11;0;1
11;11;0;1
12;11;0;1
13;11;0;1
14;11;0;1
15;11;0;1
16;11;0;1
17;11;0;1
18;11;0;1
19;11;0;1
20;11;34;1
21;11;0;1
22;11;0;1
23;11;0;1
24;11;0;1
25;11;0;1
26;11;0;1
27;11;0;1
28;11;0;1
29;11;0;1
30;11;0;1
31;11;0;1
32;11;0;1
33;11;0;1
34;11;0;1
35;11;0;1
36;11;0;1
37;11;0;1
38;11;0;1
39;11;0;1
40;11;0;1
41;11;0;1
42;11;0;1
43;11;0;1
44;11;0;1
45;11;0;1
46;11;0;1
47;11;0;1
48;11;0;1
49;11;0;1
50;11;0;1
51;11;0;1
52;11;0;1
53;11;0;1
54;11;0;1
55;11;0;1
56;11;0;1
57;11;0;1
58;11;0;1
59;11;0;1
60;11;0;1
61;11;0;1
62;11;0;1
63;11;0;1
64;11;15;1
65;11;26081;1
66;11;18913;1
67;11;15;1
68;11;15;1
69;11;13794;1
70;11;2;1
71;11;2;1
72;11;12770;1
73;11;15;1
74;11;15;1
75;11;15;1
76;11;15;1
77;11;15;1
78;11;15;1
79;11;15;1
80;11;15;1
81;11;3560;1
82;11;8;1
83;11;25064;1
84;11;15;1
85;11;15;1
86;11;15;1
87;11;15;1
88;11;15;1
89;11;15;1
90;11;15;1
91;11;15;1
92;11;15;1
93;11;15;1
94;11;15;1
95;11;15;1
96;11;15;1
97;11;15;1
98;11;15;1
99;11;15;1
0;12;0;1
1;12;0;1
2;12;15;1
3;12;0;1
4;12;0;1
5;12;0;1
6;12;0;1
7;12;0;1
8;12;0;1
9;12;0;1
10;12;0;1
11;12;0;1
12;12;0;1
13;12;0;1
14;12;0;1
15;12;0;1
16;12;0;1
17;12;0;1
18;12;0;1
19;12;0;1
20;12;34;1
21;12;0;1
22;12;0;1
23;12;0;1
24;12;0;1
25;12;0;1
26;12;0;1
27;12;0;1
28;12;0;1
29;12;0;1
30;12;0;1
31;12;0;1
32;12;0;1
33;12;0;1
34;12;0;1
35;12;0;1
36;12;0;1
37;12;0;1
38;12;0;1
39;12;0;1
40;12;0;1
41;12;0;1
42;12;0;1
43;12;0;1
44;12;0;1
45;12;0;1
46;12;0;1
47;12;0;1
48;12;0;1
49;12;0;1
50;12;0;1
51;12;0;1
52;12;0;1
53;12;0;1
54;12;0;1
55;12;0;1
56;12;0;1
57;12;0;1
58;12;0;1
59;12;0;1
60;12;0;1
61;12;0;1
62;12;0;1
63;12;0;1
64;12;15;1
65;12;10721;1
66;12;1;1
67;12;8257;1
68;12;2;1
69;12;2;1
70;12;2;1
71;12;2;1
72;12;7650;1
73;12;15;1
74;12;15;1
75;12;15;1
76;12;15;1
77;12;15;1
78;12;15;1
79;12;26088;1
80;12;1512;1
81;12;8;1
82;12;8680;1
83;12;15;1
84;12;15;1
85;12;15;1
86;12;15;1
87;12;15;1
88;12;15;1
89;12;15;1
90;12;15;1
91;12;15;1
92;12;15;1
93;12;15;1
94;12;15;1
95;12;15;1
96;12;15;1
97;12;15;1
98;12;15;1
99;12;15;1
0;13;0;1
1;13;0;1
2;13;15;1
3;13;0;1
4;13;0;1
5;13;0;1
6;13;0;1
7;13;0;1
8;13;0;1
9;13;0;1
10;13;0;1
11;13;0;1
12;13;0;1
13;13;0;1
14;13;0;1
15;13;0;1
16;13;0;1
17;13;0;1
18;13;0;1
19;13;0;1
20;13;34;1
21;13;0;1
22;13;0;1
23;13;0;1
24;13;0;1
25;13;0;1
26;13;0;1
27;13;0;1
28;13;0;1
29;13;0;1
30;13;0;1
31;13;0;1
32;13;0;1
33;13;0;1
34;13;0;1
35;13;0;1
36;13;0;1
37;13;0;1
38;13;0;1
39;13;0;1
40;13;0;1
41;13;0;1
42;13;0;1
43;13;0;1
44;13;0;1
45;13;0;1
46;13;0;1
47;13;0;1
48;13;0;1
49;13;0;1
50;13;0;1
51;13;0;1
52;13;0;1
53;13;0;1
54;13;0;1
55;13;0;1
56;13;0;1
57;13;0;1
58;13;0;1
59;13;0;1
60;13;0;1
61;13;0;1
62;13;0;1
63;13;0;1
64;13;15;1
65;13;28129;1
66;13;21985;1
67;13;15;1
68;13;15842;1
69;13;2;1
70;13;2;1
71;13;2;1
72;13;2;1
73;13;2530;1
74;13;18914;1
75;13;15;1
76;13;15;1
77;13;15;1
78;13;15;1
79;13;10728;1
80;13;8;1
81;13;8;1
82;13;25064;1
83;13;15;1
84;13;15;1
85;13;15;1
86;13;15;1
87;13;15;1
88;13;15;1
89;13;15;1
90;13;15;1
91;13;15;1
92;13;15;1
93;13;15;1
94;13;15;1
95;13;15;1
96;13;15;1
97;13;15;1
98;13;15;1
99;13;15;1
0;14;0;1
1;14;0;1
2;14;15;1
3;14;0;1
4;14;0;1
5;14;0;1
6;14;0;1
7;14;0;1
8;14;0;1
9;14;0;1
10;14;0;1
11;14;0;1
12;14;0;1
13;14;0;1
14;14;0;1
15;14;0;1
16;14;0;1
17;14;0;1
18;14;0;1
19;14;0;1
20;14;34;1
21;14;0;1
22;14;0;1
23;14;0;1
24;14;0;1
25;14;0;1
26;14;0;1
27;14;0;1
28;14;0;1
29;14;0;1
30;14;0;1
31;14;0;1
32;14;0;1
33;14;0;1
34;14;0;1
35;14;0;1
36;14;0;1
37;14;0;1
38;14;0;1
39;14;0;1
40;14;0;1
41;14;0;1
42;14;0;1
43;14;0;1
44;14;0;1
45;14;0;1
46;14;0;1
47;14;0;1
48;14;0;1
49;14;0;1
50;14;0;1
51;14;0;1
52;14;0;1
53;14;0;1
54;14;0;1
55;14;0;1
56;14;0;1
57;14;0;1
58;14;0;1
59;14;0;1
60;14;0;1
61;14;0;1
62;14;0;1
63;14;0;1
64;14;15;1
65;14;15;1
66;14;15;1
67;14;15;1
68;14;15;1
69;14;15842;1
70;14;2;1
71;14;2;1
72;14;2;1
73;14;2;1
74;14;2;1
75;14;24034;1
76;14;15;1
77;14;15;1
78;14;15;1
79;14;10728;1
80;14;8;1
81;14;8680;1
82;14;15;1
83;14;15;1
84;14;15;1
85;14;15;1
86;14;15;1
87;14;15;1
88;14;15;1
89;14;15;1
90;14;15;1
91;14;15;1
92;14;15;1
93;14;15;1
94;14;15;1
95;14;15;1
96;14;15;1
97;14;15;1
98;14;15;1
99;14;15;1
0;15;0;1
1;15;0;1
2;15;15;1
3;15;15;1
4;15;0;1
5;15;0;1
6;15;0;1
7;15;0;1
8;15;0;1
9;15;0;1
10;15;0;1
11;15;0;1
12;15;0;1
13;15;0;1
14;15;0;1
15;15;0;1
16;15;0;1
17;15;0;1
18;15;0;1
19;15;0;1
20;15;34;1
21;15;0;1
22;15;0;1
23;15;0;1
24;15;0;1
25;15;0;1
26;15;0;1
27;15;0;1
28;15;0;1
29;15;0;1
30;15;0;1
31;15;0;1
32;15;0;1
33;15;0;1
34;15;0;1
35;15;0;1
36;15;0;1
37;15;0;1
38;15;0;1
39;15;0;1
40;15;0;1
41;15;0;1
42;15;0;1
43;15;0;1
44;15;0;1
45;15;0;1
46;15;0;1
47;15;0;1
48;15;0;1
49;15;0;1
50;15;0;1
51;15;0;1
52;15;0;1
53;15;0;1
54;15;0;1
55;15;0;1
56;15;0;1
57;15;0;1
58;15;0;1
59;15;0;1
60;15;0;1
61;15;0;1
62;15;0;1
63;15;0;1
64;15;15;1
65;15;15;1
66;15;15;1
67;15;15;1
68;15;15;1
69;15;15;1
70;15;2;1
71;15;2;1
72;15;2;1
73;15;2;1
74;15;2;1
75;15;12770;1
76;15;15;1
77;15;15;1
78;15;15;1
79;15;10728;1
80;15;8;1
81;15;12776;1
82;15;15;1
83;15;15;1
84;15;15;1
85;15;15;1
86;15;15;1
87;15;15;1
88;15;15;1
89;15;15;1
90;15;15;1
91;15;15;1
92;15;15;1
93;15;15;1
94;15;15;1
95;15;15;1
96;15;15;1
97;15;15;1
98;15;15;1
99;15;15;1
0;16;0;1
1;16;15;1
2;16;15;1
3;16;0;1
4;16;0;1
5;16;0;1
6;16;0;1
7;16;0;1
8;16;0;1
9;16;0;1
10;16;0;1
11;16;0;1
12;16;0;1
13;16;0;1
14;16;0;1
15;16;0;1
16;16;0;1
17;16;0;1
18;16;0;1
19;16;0;1
20;16;34;1
21;16;0;1
22;16;0;1
23;16;0;1
24;16;0;1
25;16;0;1
26;16;0;1
27;16;0;1
28;16;0;1
29;16;0;1
30;16;0;1
31;16;0;1
32;16;0;1
33;16;0;1
34;16;0;1
35;16;0;1
36;16;0;1
37;16;0;1
38;16;0;1
39;16;0;1
40;16;0;1
41;16;0;1
42;16;0;1
43;16;0;1
44;16;0;1
45;16;0;1
46;16;0;1
47;16;0;1
48;16;0;1
49;16;0;1
50;16;0;1
51;16;0;1
52;16;0;1
53;16;0;1
54;16;0;1
55;16;0;1
56;16;0;1
57;16;0;1
58;16;0;1
59;16;0;1
60;16;0;1
61;16;0;1
62;16;0;1
63;16;0;1
64;16;15;1
65;16;15;1
66;16;15;1
67;16;15;1
68;16;15;1
69;16;13794;1
70;16;2;1
71;16;2;1
72;16;2;1
73;16;2;1
74;16;2;1
75;16;7650;1
76;16;15;1
77;16;15;1
78;16;15;1
79;16;3560;1
80;16;8;1
81;16;12776;1
82;16;15;1
83;16;15;1
84;16;15;1
85;16;15;1
86;16;15;1
87;16;15;1
88;16;15;1
89;16;15;1
90;16;15;1
91;16;15;1
92;16;15;1
93;16;15;1
94;16;15;1
95;16;15;1
96;16;15;1
97;16;15;1
98;16;15;1
99;16;15;1
0;17;0;1
1;17;15;1
2;17;15;1
3;17;0;1
4;17;0;1
5;17;0;1
6;17;0;1
7;17;0;1
8;17;0;1
9;17;0;1
10;17;0;1
11;17;0;1
12;17;0;1
13;17;0;1
14;17;0;1
15;17;0;1
16;17;0;1
17;17;0;1
18;17;0;1
19;17;0;1
20;17;34;1
21;17;0;1
22;17;0;1
23;17;0;1
24;17;0;1
25;17;0;1
26;17;0;1
27;17;0;1
28;17;0;1
29;17;0;1
30;17;0;1
31;17;0;1
32;17;0;1
33;17;0;1
34;17;0;1
35;17;0;1
36;17;0;1
37;17;0;1
38;17;0;1
39;17;0;1
40;17;0;1
41;17;0;1
42;17;0;1
43;17;0;1
44;17;0;1
45;17;0;1
46;17;0;1
47;17;0;1
48;17;0;1
49;17;0;1
50;17;0;1
51;17;0;1
52;17;0;1
53;17;0;1
54;17;0;1
55;17;0;1
56;17;0;1
57;17;0;1
58;17;0;1
59;17;0;1
60;17;0;1
61;17;0;1
62;17;0;1
63;17;0;1
64;17;15;1
65;17;15;1
66;17;15;1
67;17;15;1
68;17;13794;1
69;17;2;1
70;17;6626;1
71;17;11746;1
72;17;5602;1
73;17;2;1
74;17;2;1
75;17;2;1
76;17;2530;1
77;17;9698;1
78;17;1506;1
79;17;14594;1
80;17;8;1
81;17;12776;1
82;17;15;1
83;17;15;1
84;17;15;1
85;17;15;1
86;17;15;1
87;17;15;1
88;17;15;1
89;17;15;1
90;17;15;1
91;17;15;1
92;17;15;1
93;17;15;1
94;17;15;1
95;17;15;1
96;17;15;1
97;17;15;1
98;17;15;1
99;17;15;1
0;18;0;1
1;18;15;1
2;18;15;1
3;18;0;1
4;18;0;1
5;18;0;1
6;18;0;1
7;18;0;1
8;18;0;1
9;18;0;1
10;18;0;1
11;18;0;1
12;18;0;1
13;18;0;1
14;18;0;1
15;18;0;1
16;18;0;1
17;18;0;1
18;18;0;1
19;18;0;1
20;18;34;1
21;18;0;1
22;18;0;1
23;18;0;1
24;18;0;1
25;18;0;1
26;18;0;1
27;18;0;1
28;18;0;1
29;18;0;1
30;18;0;1
31;18;0;1
32;18;0;1
33;18;0;1
34;18;0;1
35;18;0;1
36;18;0;1
37;18;0;1
38;18;0;1
39;18;0;1
40;18;0;1
41;18;0;1
42;18;0;1
43;18;0;1
44;18;0;1
45;18;0;1
46;18;0;1
47;18;0;1
48;18;0;1
49;18;0;1
50;18;0;1
51;18;0;1
52;18;0;1
53;18;0;1
54;18;0;1
55;18;0;1
56;18;0;1
57;18;0;1
58;18;0;1
59;18;0;1
60;18;0;1
61;18;0;1
62;18;0;1
63;18;0;1
64;18;15;1
65;18;15;1
66;18;15;1
67;18;13794;1
68;18;2;1
69;18;8674;1
70;18;15;1
71;18;15;1
72;18;15;1
73;18;4578;1
74;18;2;1
75;18;2;1
76;18;2;1
77;18;2;1
78;18;2;1
79;18;2;1
80;18;2306;1
81;18;12770;1
82;18;15;1
83;18;15;1
84;18;15;1
85;18;15;1
86;18;15;1
87;18;15;1
88;18;15;1
89;18;15;1
90;18;15;1
91;18;15;1
92;18;15;1
93;18;15;1
94;18;15;1
95;18;15;1
96;18;15;1
97;18;15;1
98;18;15;1
99;18;15;1
0;19;0;1
1;19;15;1
2;19;15;1
3;19;15;1
4;19;15;1
5;19;0;1
6;19;0;1
7;19;0;1
8;19;0;1
9;19;0;1
10;19;0;1
11;19;0;1
12;19;0;1
13;19;0;1
14;19;0;1
15;19;0;1
16;19;0;1
17;19;0;1
18;19;0;1
19;19;0;1
20;19;34;1
21;19;0;1
22;19;0;1
23;19;0;1
24;19;0;1
25;19;0;1
26;19;0;1
27;19;0;1
28;19;0;1
29;19;0;1
30;19;0;1
31;19;0;1
32;19;0;1
33;19;0;1
34;19;0;1
35;19;0;1
36;19;0;1
37;19;0;1
38;19;0;1
39;19;0;1
40;19;0;1
41;19;0;1
42;19;0;1
43;19;0;1
44;19;0;1
45;19;0;1
46;19;0;1
47;19;0;1
48;19;0;1
49;19;0;1
50;19;0;1
51;19;0;1
52;19;0;1
53;19;0;1
54;19;0;1
55;19;0;1
56;19;0;1
57;19;0;1
58;19;0;1
59;19;0;1
60;19;0;1
61;19;0;1
62;19;0;1
63;19;0;1
64;19;15;1
65;19;15;1
66;19;19938;1
67;19;2;1
68;19;6626;1
69;19;29154;1
70;19;15;1
71;19;15;1
72;19;15;1
73;19;28130;1
74;19;11746;1
75;19;5602;1
76;19;2;1
77;19;2;1
78;19;2;1
79;19;2;1
80;19;2;1
81;19;7650;1
82;19;15;1
83;19;15;1
84;19;15;1
85;19;15;1
86;19;15;1
87;19;15;1
88;19;15;1
89;19;15;1
90;19;15;1
91;19;15;1
92;19;15;1
93;19;15;1
94;19;15;1
95;19;15;1
96;19;15;1
97;19;15;1
98;19;15;1
99;19;15;1
0;20;0;1
1;20;0;1
2;20;0;1
3;20;15;1
4;20;15;1
5;20;0;1
6;20;0;1
7;20;0;1
8;20;0;1
9;20;0;1
10;20;0;1
11;20;0;1
12;20;0;1
13;20;0;1
14;20;0;1
15;20;0;1
16;20;0;1
17;20;0;1
18;20;0;1
19;20;0;1
20;20;15;1
21;20;0;1
22;20;0;1
23;20;0;1
24;20;0;1
25;20;0;1
26;20;0;1
27;20;0;1
28;20;0;1
29;20;0;1
30;20;0;1
31;20;0;1
32;20;0;1
33;20;0;1
34;20;0;1
35;20;0;1
36;20;0;1
37;20;0;1
38;20;0;1
39;20;0;1
40;20;0;1
41;20;0;1
42;20;0;1
43;20;0;1
44;20;0;1
45;20;0;1
46;20;0;1
47;20;0;1
48;20;0;1
49;20;0;1
50;20;0;1
51;20;0;1
52;20;0;1
53;20;0;1
54;20;0;1
55;20;0;1
56;20;0;1
57;20;0;1
58;20;0;1
59;20;0;1
60;20;0;1
61;20;0;1
62;20;0;1
63;20;0;1
64;20;15;1
65;20;15;1
66;20;28130;1
67;20;21986;1
68;20;15;1
69;20;15;1
70;20;15;1
71;20;15;1
72;20;15;1
73;20;15;1
74;20;15;1
75;20;15;1
76;20;23010;1
77;20;11746;1
78;20;11746;1
79;20;5602;1
80;20;2;1
81;20;2;1
82;20;2530;1
83;20;9698;1
84;20;9698;1
85;20;27106;1
86;20;15;1
87;20;15;1
88;20;15;1
89;20;15;1
90;20;15;1
91;20;15;1
92;20;15;1
93;20;15;1
94;20;15;1
95;20;15;1
96;20;15;1
97;20;15;1
98;20;15;1
99;20;15;1
0;21;0;1
1;21;0;1
2;21;15;1
3;21;15;1
4;21;15;1
5;21;0;1
6;21;0;1
7;21;0;1
8;21;0;1
9;21;0;1
10;21;0;1
11;21;0;1
12;21;0;1
13;21;0;1
14;21;0;1
15;21;0;1
16;21;0;1
17;21;0;1
18;21;0;1
19;21;0;1
20;21;15;1
21;21;0;1
22;21;0;1
23;21;0;1
24;21;0;1
25;21;0;1
26;21;0;1
27;21;0;1
28;21;0;1
29;21;0;1
30;21;0;1
31;21;0;1
32;21;0;1
33;21;0;1
34;21;0;1
35;21;0;1
36;21;0;1
37;21;0;1
38;21;0;1
39;21;0;1
40;21;0;1
41;21;0;1
42;21;0;1
43;21;0;1
44;21;0;1
45;21;0;1
46;21;0;1
47;21;0;1
48;21;0;1
49;21;0;1
50;21;0;1
51;21;0;1
52;21;0;1
53;21;0;1
54;21;0;1
55;21;0;1
56;21;0;1
57;21;0;1
58;21;0;1
59;21;0;1
60;21;0;1
61;21;0;1
62;21;0;1
63;21;0;1
64;21;15;1
65;21;15;1
66;21;15;1
67;21;15;1
68;21;15;1
69;21;15;1
70;21;15;1
71;21;15;1
72;21;15;1
73;21;15;1
74;21;15;1
75;21;15;1
76;21;15;1
77;21;15;1
78;21;15;1
79;21;15;1
80;21;23010;1
81;21;11746;1
82;21;5602;1
83;21;2;1
84;21;2;1
85;21;12770;1
86;21;15;1
87;21;15;1
88;21;15;1
89;21;15;1
90;21;15;1
91;21;15;1
92;21;15;1
93;21;15;1
94;21;15;1
95;21;15;1
96;21;15;1
97;21;15;1
98;21;15;1
99;21;15;1
0;22;0;1
1;22;0;1
2;22;15;1
3;22;15;1
4;22;15;1
5;22;0;1
6;22;0;1
7;22;0;1
8;22;0;1
9;22;0;1
10;22;0;1
11;22;0;1
12;22;0;1
13;22;0;1
14;22;0;1
15;22;0;1
16;22;0;1
17;22;0;1
18;22;0;1
19;22;0;1
20;22;15;1
21;22;0;1
22;22;0;1
23;22;0;1
24;22;0;1
25;22;0;1
26;22;0;1
27;22;0;1
28;22;0;1
29;22;0;1
30;22;0;1
31;22;0;1
32;22;0;1
33;22;0;1
34;22;0;1
35;22;0;1
36;22;0;1
37;22;0;1
38;22;0;1
39;22;0;1
40;22;0;1
41;22;0;1
42;22;0;1
43;22;0;1
44;22;0;1
45;22;0;1
46;22;0;1
47;22;0;1
48;22;0;1
49;22;0;1
50;22;0;1
51;22;0;1
52;22;0;1
53;22;0;1
54;22;0;1
55;22;0;1
56;22;0;1
57;22;0;1
58;22;0;1
59;22;0;1
60;22;0;1
61;22;0;1
62;22;0;1
63;22;0;1
64;22;2529;1
65;22;18913;1
66;22;15;1
67;22;17889;1
68;22;9697;1
69;22;9697;1
70;22;9697;1
71;22;27105;1
72;22;15;1
73;22;15;1
74;22;15;1
75;22;15;1
76;22;15;1
77;22;15;1
78;22;15;1
79;22;15;1
80;22;15;1
81;22;15;1
82;22;15;1
83;22;23010;1
84;22;11746;1
85;22;29154;1
86;22;15;1
87;22;15;1
88;22;15;1
89;22;15;1
90;22;15;1
91;22;15;1
92;22;15;1
93;22;15;1
94;22;15;1
95;22;15;1
96;22;15;1
97;22;15;1
98;22;15;1
99;22;15;1
0;23;0;1
1;23;0;1
2;23;15;1
3;23;15;1
4;23;15;1
5;23;0;1
6;23;0;1
7;23;0;1
8;23;0;1
9;23;0;1
10;23;0;1
11;23;0;1
12;23;0;1
13;23;0;1
14;23;0;1
15;23;0;1
16;23;0;1
17;23;0;1
18;23;0;1
19;23;0;1
20;23;15;1
21;23;0;1
22;23;0;1
23;23;0;1
24;23;0;1
25;23;0;1
26;23;0;1
27;23;0;1
28;23;0;1
29;23;0;1
30;23;0;1
31;23;0;1
32;23;0;1
33;23;0;1
34;23;0;1
35;23;0;1
36;23;0;1
37;23;0;1
38;23;0;1
39;23;0;1
40;23;0;1
41;23;0;1
42;23;0;1
43;23;0;1
44;23;0;1
45;23;0;1
46;23;0;1
47;23;0;1
48;23;0;1
49;23;0;1
50;23;0;1
51;23;0;1
52;23;0;1
53;23;0;1
54;23;0;1
55;23;0;1
56;23;0;1
57;23;0;1
58;23;0;1
59;23;0;1
60;23;0;1
61;23;0;1
62;23;0;1
63;23;0;1
64;23;1;1
65;23;1;1
66;23;1;1
67;23;1;1
68;23;1;1
69;23;1;1
70;23;1;1
71;23;12769;1
72;23;15;1
73;23;15;1
74;23;15;1
75;23;15;1
76;23;15;1
77;23;15;1
78;23;15;1
79;23;15;1
80;23;15;1
81;23;15;1
82;23;15;1
83;23;15;1
84;23;15;1
85;23;15;1
86;23;15;1
87;23;15;1
88;23;15;1
89;23;15;1
90;23;15;1
91;23;15;1
92;23;15;1
93;23;15;1
94;23;15;1
95;23;15;1
96;23;15;1
97;23;15;1
98;23;15;1
99;23;15;1
0;24;0;1
1;24;0;1
2;24;0;1
3;24;15;1
4;24;15;1
5;24;0;1
6;24;0;1
7;24;0;1
8;24;0;1
9;24;0;1
10;24;0;1
11;24;0;1
12;24;0;1
13;24;0;1
14;24;0;1
15;24;0;1
16;24;0;1
17;24;0;1
18;24;0;1
19;24;0;1
20;24;15;1
21;24;15;1
22;24;0;1
23;24;0;1
24;24;0;1
25;24;0;1
26;24;0;1
27;24;0;1
28;24;0;1
29;24;0;1
30;24;0;1
31;24;0;1
32;24;0;1
33;24;0;1
34;24;0;1
35;24;0;1
36;24;0;1
37;24;0;1
38;24;0;1
39;24;0;1
40;24;0;1
41;24;0;1
42;24;0;1
43;24;0;1
44;24;0;1
45;24;0;1
46;24;0;1
47;24;0;1
48;24;0;1
49;24;0;1
50;24;0;1
51;24;0;1
52;24;0;1
53;24;0;1
54;24;0;1
55;24;0;1
56;24;0;1
57;24;0;1
58;24;0;1
59;24;0;1
60;24;0;1
61;24;0;1
62;24;0;1
63;24;0;1
64;24;1;1
65;24;1;1
66;24;1;1
67;24;1;1
68;24;1;1
69;24;1;1
70;24;1;1
71;24;12769;1
72;24;15;1
73;24;15;1
74;24;15;1
75;24;15;1
76;24;15;1
77;24;15;1
78;24;15;1
79;24;15;1
80;24;15;1
81;24;15;1
82;24;15;1
83;24;15;1
84;24;15;1
85;24;15;1
86;24;15;1
87;24;15;1
88;24;15;1
89;24;15;1
90;24;15;1
91;24;15;1
92;24;15;1
93;24;15;1
94;24;15;1
95;24;15;1
96;24;15;1
97;24;15;1
98;24;15;1
99;24;15;1
0;25;0;1
1;25;0;1
2;25;0;1
3;25;0;1
4;25;15;1
5;25;15;1
6;25;0;1
7;25;0;1
8;25;0;1
9;25;0;1
10;25;0;1
11;25;0;1
12;25;0;1
13;25;0;1
14;25;0;1
15;25;0;1
16;25;0;1
17;25;0;1
18;25;0;1
19;25;15;1
20;25;15;1
21;25;15;1
22;25;15;1
23;25;0;1
24;25;0;1
25;25;0;1
26;25;0;1
27;25;0;1
28;25;0;1
29;25;0;1
30;25;0;1
31;25;0;1
32;25;0;1
33;25;0;1
34;25;0;1
35;25;0;1
36;25;0;1
37;25;0;1
38;25;0;1
39;25;0;1
40;25;0;1
41;25;0;1
42;25;0;1
43;25;0;1
44;25;0;1
45;25;0;1
46;25;0;1
47;25;0;1
48;25;0;1
49;25;0;1
50;25;0;1
51;25;0;1
52;25;0;1
53;25;0;1
54;25;0;1
55;25;0;1
56;25;0;1
57;25;0;1
58;25;0;1
59;25;0;1
60;25;0;1
61;25;0;1
62;25;0;1
63;25;0;1
64;25;11745;1
65;25;5601;1
66;25;1;1
67;25;1;1
68;25;1;1
69;25;1;1
70;25;1;1
71;25;12769;1
72;25;15;1
73;25;15;1
74;25;15;1
75;25;15;1
76;25;15;1
77;25;15;1
78;25;15;1
79;25;15;1
80;25;15;1
81;25;15;1
82;25;15;1
83;25;15;1
84;25;15;1
85;25;15;1
86;25;15;1
87;25;15;1
88;25;15;1
89;25;15;1
90;25;15;1
91;25;15;1
92;25;15;1
93;25;15;1
94;25;15;1
95;25;15;1
96;25;15;1
97;25;15;1
98;25;15;1
99;25;15;1
0;26;0;1
1;26;0;1
2;26;0;1
3;26;0;1
4;26;0;1
5;26;15;1
6;26;15;1
7;26;0;1
8;26;0;1
9;26;0;1
10;26;0;1
11;26;0;1
12;26;0;1
13;26;0;1
14;26;0;1
15;26;0;1
16;26;0;1
17;26;0;1
18;26;0;1
19;26;15;1
20;26;15;1
21;26;15;1
22;26;15;1
23;26;0;1
24;26;0;1
25;26;0;1
26;26;0;1
27;26;0;1
28;26;15;1
29;26;15;1
30;26;15;1
31;26;0;1
32;26;0;1
33;26;0;1
34;26;0;1
35;26;0;1
36;26;0;1
37;26;0;1
38;26;0;1
39;26;0;1
40;26;0;1
41;26;0;1
42;26;0;1
43;26;0;1
44;26;0;1
45;26;0;1
46;26;0;1
47;26;0;1
48;26;0;1
49;26;0;1
50;26;0;1
51;26;0;1
52;26;0;1
53;26;0;1
54;26;0;1
55;26;0;1
56;26;0;1
57;26;0;1
58;26;0;1
59;26;0;1
60;26;0;1
61;26;0;1
62;26;0;1
63;26;15;1
64;26;15;1
65;26;15;1
66;26;4577;1
67;26;1;1
68;26;1;1
69;26;1;1
70;26;1;1
71;26;12769;1
72;26;15;1
73;26;15;1
74;26;15;1
75;26;15;1
76;26;15;1
77;26;15;1
78;26;15;1
79;26;15;1
80;26;15;1
81;26;15;1
82;26;15;1
83;26;15;1
84;26;15;1
85;26;15;1
86;26;15;1
87;26;15;1
88;26;15;1
89;26;15;1
90;26;15;1
91;26;15;1
92;26;15;1
93;26;15;1
94;26;15;1
95;26;15;1
96;26;15;1
97;26;15;1
98;26;15;1
99;26;15;1
0;27;0;1
1;27;0;1
2;27;0;1
3;27;0;1
4;27;0;1
5;27;0;1
6;27;15;1
7;27;15;1
8;27;0;1
9;27;0;1
10;27;0;1
11;27;0;1
12;27;0;1
13;27;0;1
14;27;0;1
15;27;0;1
16;27;0;1
17;27;15;1
18;27;15;1
19;27;0;1
20;27;0;1
21;27;15;1
22;27;15;1
23;27;15;1
24;27;15;1
25;27;15;1
26;27;15;1
27;27;15;1
28;27;15;1
29;27;0;1
30;27;15;1
31;27;15;1
32;27;15;1
33;27;15;1
34;27;0;1
35;27;0;1
36;27;0;1
37;27;0;1
38;27;0;1
39;27;0;1
40;27;0;1
41;27;0;1
42;27;0;1
43;27;0;1
44;27;0;1
45;27;0;1
46;27;0;1
47;27;0;1
48;27;0;1
49;27;0;1
50;27;0;1
51;27;0;1
52;27;0;1
53;27;0;1
54;27;0;1
55;27;0;1
56;27;0;1
57;27;0;1
58;27;0;1
59;27;0;1
60;27;0;1
61;27;0;1
62;27;15;1
63;27;15;1
64;27;15;1
65;27;15;1
66;27;28129;1
67;27;11745;1
68;27;11745;1
69;27;11745;1
70;27;11745;1
71;27;29153;1
72;27;15;1
73;27;15;1
74;27;15;1
75;27;15;1
76;27;15;1
77;27;15;1
78;27;15;1
79;27;15;1
80;27;15;1
81;27;15;1
82;27;15;1
83;27;15;1
84;27;15;1
85;27;15;1
86;27;15;1
87;27;15;1
88;27;15;1
89;27;15;1
90;27;15;1
91;27;15;1
92;27;15;1
93;27;15;1
94;27;15;1
95;27;15;1
96;27;15;1
97;27;15;1
98;27;15;1
99;27;15;1
0;28;0;1
1;28;0;1
2;28;0;1
3;28;0;1
4;28;0;1
5;28;0;1
6;28;15;1
7;28;15;1
8;28;15;1
9;28;0;1
10;28;0;1
11;28;0;1
12;28;0;1
13;28;0;1
14;28;0;1
15;28;0;1
16;28;15;1
17;28;15;1
18;28;0;1
19;28;0;1
20;28;0;1
21;28;0;1
22;28;0;1
23;28;15;1
24;28;15;1
25;28;15;1
26;28;15;1
27;28;0;1
28;28;0;1
29;28;0;1
30;28;0;1
31;28;0;1
32;28;0;1
33;28;15;1
34;28;15;1
35;28;15;1
36;28;15;1
37;28;0;1
38;28;0;1
39;28;0;1
40;28;0;1
41;28;0;1
42;28;0;1
43;28;0;1
44;28;15;1
45;28;15;1
46;28;15;1
47;28;0;1
48;28;0;1
49;28;0;1
50;28;0;1
51;28;0;1
52;28;0;1
53;28;0;1
54;28;0;1
55;28;0;1
56;28;0;1
57;28;0;1
58;28;0;1
59;28;0;1
60;28;0;1
61;28;15;1
62;28;15;1
63;28;15;1
64;28;15;1
65;28;15;1
66;28;15;1
67;28;15;1
68;28;15;1
69;28;15;1
70;28;15;1
71;28;15;1
72;28;15;1
73;28;15;1
74;28;15;1
75;28;15;1
76;28;15;1
77;28;15;1
78;28;15;1
79;28;15;1
80;28;15;1
81;28;15;1
82;28;15;1
83;28;15;1
84;28;15;1
85;28;15;1
86;28;15;1
87;28;15;1
88;28;15;1
89;28;15;1
90;28;15;1
91;28;15;1
92;28;15;1
93;28;15;1
94;28;15;1
95;28;15;1
96;28;15;1
97;28;15;1
98;28;15;1
99;28;15;1
0;29;0;1
1;29;0;1
2;29;0;1
3;29;0;1
4;29;0;1
5;29;0;1
6;29;0;1
7;29;0;1
8;29;15;1
9;29;0;1
10;29;0;1
11;29;0;1
12;29;0;1
13;29;0;1
14;29;0;1
15;29;15;1
16;29;15;1
17;29;0;1
18;29;0;1
19;29;0;1
20;29;0;1
21;29;0;1
22;29;0;1
23;29;0;1
24;29;0;1
25;29;0;1
26;29;0;1
27;29;0;1
28;29;0;1
29;29;0;1
30;29;0;1
31;29;0;1
32;29;0;1
33;29;0;1
34;29;0;1
35;29;0;1
36;29;15;1
37;29;0;1
38;29;0;1
39;29;0;1
40;29;0;1
41;29;15;1
42;29;15;1
43;29;15;1
44;29;15;1
45;29;0;1
46;29;15;1
47;29;15;1
48;29;0;1
49;29;0;1
50;29;0;1
51;29;0;1
52;29;0;1
53;29;0;1
54;29;0;1
55;29;0;1
56;29;0;1
57;29;0;1
58;29;0;1
59;29;0;1
60;29;0;1
61;29;15;1
62;29;15;1
63;29;15;1
64;29;15;1
65;29;15;1
66;29;15;1
67;29;15;1
68;29;15;1
69;29;15;1
70;29;15;1
71;29;15;1
72;29;15;1
73;29;15;1
74;29;15;1
75;29;15;1
76;29;15;1
77;29;15;1
78;29;15;1
79;29;15;1
80;29;15;1
81;29;15;1
82;29;15;1
83;29;15;1
84;29;15;1
85;29;15;1
86;29;15;1
87;29;15;1
88;29;15;1
89;29;15;1
90;29;15;1
91;29;15;1
92;29;15;1
93;29;15;1
94;29;15;1
95;29;15;1
96;29;15;1
97;29;15;1
98;29;15;1
99;29;15;1
0;30;0;1
1;30;0;1
2;30;0;1
3;30;0;1
4;30;0;1
5;30;0;1
6;30;0;1
7;30;15;1
8;30;15;1
9;30;15;1
10;30;0;1
11;30;0;1
12;30;0;1
13;30;0;1
14;30;15;1
15;30;15;1
16;30;0;1
17;30;0;1
18;30;0;1
19;30;0;1
20;30;0;1
21;30;0;1
22;30;0;1
23;30;0;1
24;30;0;1
25;30;0;1
26;30;0;1
27;30;0;1
28;30;0;1
29;30;0;1
30;30;0;1
31;30;0;1
32;30;0;1
33;30;0;1
34;30;0;1
35;30;0;1
36;30;15;1
37;30;15;1
38;30;15;1
39;30;15;1
40;30;15;1
41;30;15;1
42;30;0;1
43;30;0;1
44;30;0;1
45;30;0;1
46;30;0;1
47;30;15;1
48;30;15;1
49;30;15;1
50;30;15;1
51;30;15;1
52;30;0;1
53;30;0;1
54;30;0;1
55;30;0;1
56;30;0;1
57;30;0;1
58;30;0;1
59;30;0;1
60;30;0;1
61;30;15;1
62;30;15;1
63;30;15;1
64;30;15;1
65;30;15;1
66;30;15;1
67;30;15;1
68;30;15;1
69;30;15;1
70;30;15;1
71;30;15;1
72;30;15;1
73;30;15;1
74;30;15;1
75;30;15;1
76;30;15;1
77;30;15;1
78;30;15;1
79;30;15;1
80;30;15;1
81;30;15;1
82;30;15;1
83;30;15;1
84;30;15;1
85;30;15;1
86;30;15;1
87;30;15;1
88;30;15;1
89;30;15;1
90;30;15;1
91;30;15;1
92;30;15;1
93;30;15;1
94;30;15;1
95;30;15;1
96;30;15;1
97;30;15;1
98;30;15;1
99;30;15;1
0;31;0;1
1;31;0;1
2;31;0;1
3;31;0;1
4;31;0;1
5;31;0;1
6;31;0;1
7;31;15;1
8;31;15;1
9;31;15;1
10;31;0;1
11;31;0;1
12;31;0;1
13;31;15;1
14;31;15;1
15;31;0;1
16;31;0;1
17;31;0;1
18;31;0;1
19;31;0;1
20;31;0;1
21;31;0;1
22;31;0;1
23;31;0;1
24;31;0;1
25;31;0;1
26;31;0;1
27;31;0;1
28;31;0;1
29;31;0;1
30;31;0;1
31;31;0;1
32;31;0;1
33;31;0;1
34;31;0;1
35;31;0;1
36;31;0;1
37;31;0;1
38;31;0;1
39;31;0;1
40;31;0;1
41;31;0;1
42;31;0;1
43;31;0;1
44;31;0;1
45;31;0;1
46;31;0;1
47;31;15;1
48;31;15;1
49;31;15;1
50;31;0;1
51;31;15;1
52;31;15;1
53;31;15;1
54;31;0;1
55;31;0;1
56;31;0;1
57;31;0;1
58;31;0;1
59;31;0;1
60;31;0;1
61;31;15;1
62;31;15;1
63;31;15;1
64;31;15;1
65;31;15;1
66;31;15;1
67;31;15;1
68;31;15;1
69;31;15;1
70;31;15;1
71;31;15;1
72;31;15;1
73;31;15;1
74;31;15;1
75;31;15;1
76;31;15;1
77;31;15;1
78;31;15;1
79;31;15;1
80;31;15;1
81;31;15;1
82;31;15;1
83;31;15;1
84;31;15;1
85;31;15;1
86;31;15;1
87;31;15;1
88;31;15;1
89;31;15;1
90;31;15;1
91;31;15;1
92;31;15;1
93;31;15;1
94;31;15;1
95;31;15;1
96;31;15;1
97;31;15;1
98;31;15;1
99;31;15;1
0;32;0;1
1;32;0;1
2;32;0;1
3;32;0;1
4;32;0;1
5;32;0;1
6;32;0;1
7;32;0;1
8;32;15;1
9;32;15;1
10;32;15;1
11;32;0;1
12;32;15;1
13;32;15;1
14;32;0;1
15;32;0;1
16;32;0;1
17;32;0;1
18;32;0;1
19;32;0;1
20;32;0;1
21;32;0;1
22;32;0;1
23;32;0;1
24;32;0;1
25;32;0;1
26;32;0;1
27;32;0;1
28;32;0;1
29;32;0;1
30;32;0;1
31;32;0;1
32;32;0;1
33;32;0;1
34;32;0;1
35;32;0;1
36;32;0;1
37;32;0;1
38;32;0;1
39;32;0;1
40;32;0;1
41;32;0;1
42;32;0;1
43;32;0;1
44;32;0;1
45;32;0;1
46;32;0;1
47;32;0;1
48;32;0;1
49;32;0;1
50;32;0;1
51;32;0;1
52;32;0;1
53;32;15;1
54;32;15;1
55;32;15;1
56;32;15;1
57;32;0;1
58;32;0;1
59;32;0;1
60;32;15;1
61;32;15;1
62;32;15;1
63;32;15;1
64;32;15;1
65;32;15;1
66;32;15;1
67;32;15;1
68;32;15;1
69;32;15;1
70;32;15;1
71;32;15;1
72;32;15;1
73;32;15;1
74;32;15;1
75;32;15;1
76;32;15;1
77;32;15;1
78;32;15;1
79;32;15;1
80;32;15;1
81;32;15;1
82;32;15;1
83;32;15;1
84;32;15;1
85;32;15;1
86;32;15;1
87;32;15;1
88;32;15;1
89;32;15;1
90;32;15;1
91;32;15;1
92;32;15;1
93;32;15;1
94;32;15;1
95;32;15;1
96;32;15;1
97;32;15;1
98;32;15;1
99;32;15;1
0;33;0;1
1;33;0;1
2;33;0;1
3;33;0;1
4;33;0;1
5;33;0;1
6;33;0;1
7;33;0;1
8;33;0;1
9;33;0;1
10;33;15;1
11;33;15;1
12;33;15;1
13;33;0;1
14;33;0;1
15;33;0;1
16;33;0;1
17;33;0;1
18;33;0;1
19;33;0;1
20;33;0;1
21;33;0;1
22;33;0;1
23;33;0;1
24;33;0;1
25;33;0;1
26;33;0;1
27;33;0;1
28;33;0;1
29;33;0;1
30;33;0;1
31;33;0;1
32;33;0;1
33;33;0;1
34;33;0;1
35;33;0;1
36;33;0;1
37;33;0;1
38;33;0;1
39;33;0;1
40;33;0;1
41;33;0;1
42;33;0;1
43;33;0;1
44;33;0;1
45;33;0;1
46;33;0;1
47;33;0;1
48;33;0;1
49;33;0;1
50;33;0;1
51;33;0;1
52;33;0;1
53;33;0;1
54;33;0;1
55;33;0;1
56;33;15;1
57;33;0;1
58;33;0;1
59;33;15;1
60;33;15;1
61;33;15;1
62;33;15;1
63;33;15;1
64;33;15;1
65;33;15;1
66;33;15;1
67;33;15;1
68;33;15;1
69;33;15;1
70;33;15;1
71;33;15;1
72;33;15;1
73;33;15;1
74;33;15;1
75;33;15;1
76;33;15;1
77;33;15;1
78;33;15;1
79;33;15;1
80;33;15;1
81;33;15;1
82;33;15;1
83;33;15;1
84;33;15;1
85;33;15;1
86;33;15;1
87;33;15;1
88;33;15;1
89;33;15;1
90;33;15;1
91;33;15;1
92;33;15;1
93;33;15;1
94;33;15;1
95;33;15;1
96;33;15;1
97;33;15;1
98;33;15;1
99;33;15;1
0;34;0;1
1;34;0;1
2;34;0;1
3;34;0;1
4;34;0;1
5;34;0;1
6;34;0;1
7;34;0;1
8;34;0;1
9;34;0;1
10;34;0;1
11;34;0;1
12;34;0;1
13;34;0;1
14;34;0;1
15;34;0;1
16;34;0;1
17;34;0;1
18;34;0;1
19;34;0;1
20;34;0;1
21;34;0;1
22;34;0;1
23;34;0;1
24;34;0;1
25;34;0;1
26;34;0;1
27;34;0;1
28;34;0;1
29;34;0;1
30;34;0;1
31;34;0;1
32;34;0;1
33;34;0;1
34;34;0;1
35;34;0;1
36;34;0;1
37;34;0;1
38;34;0;1
39;34;0;1
40;34;0;1
41;34;0;1
42;34;0;1
43;34;0;1
44;34;0;1
45;34;0;1
46;34;0;1
47;34;0;1
48;34;0;1
49;34;0;1
50;34;0;1
51;34;0;1
52;34;0;1
53;34;0;1
54;34;0;1
55;34;0;1
56;34;15;1
57;34;15;1
58;34;15;1
59;34;15;1
60;34;15;1
61;34;15;1
62;34;15;1
63;34;15;1
64;34;15;1
65;34;15;0
66;34;15;0
67;34;15;0
68;34;15;0
69;34;15;0
70;34;15;0
71;34;15;0
72;34;15;0
73;34;15;0
74;34;15;0
75;34;15;0
76;34;15;0
77;34;15;0
78;34;15;0
79;34;15;0
80;34;15;0
81;34;15;0
82;34;15;0
83;34;15;0
84;34;15;0
85;34;15;0
86;34;15;0
87;34;15;0
88;34;15;0
89;34;15;0
90;34;15;0
91;34;15;0
92;34;15;0
93;34;15;0
94;34;15;0
95;34;15;0
96;34;15;0
97;34;15;0
98;34;15;0
99;34;15;1
