# Illarion Server
# 
# This program is free software: you can redistribute it and/or modify it under
# the terms of the GNU Affero General Public License as published by the Free
# Software Foundation, either version 3 of the License, or (at your option) any
# later version.
# 
# This program is distributed in the hope that it will be useful, but WITHOUT
# ANY WARRANTY; without even the implied warranty of MERCHANTABILITY or FITNESS
# FOR A PARTICULAR PURPOSE.  See the GNU Affero General Public License for more
# details.
# 
# You should have received a copy of the GNU Affero General Public License along
# with this program.  If not, see <http://www.gnu.org/licenses/>.
8;0;623;333
9;0;287;333
10;0;287;333
10;0;287;333
11;0;287;333
12;0;287;333
13;0;287;333
13;0;287;333
14;0;287;333
15;0;287;333
16;0;287;333
17;0;287;333
18;0;287;333
19;0;287;333
20;0;287;333
21;0;287;333
22;0;287;333
23;0;287;333
24;0;287;333
25;0;287;333
26;0;287;333
27;0;287;333
28;0;287;333
29;0;287;333
29;0;287;333
30;0;287;333
30;0;287;333
31;0;287;333
31;0;287;333
32;0;287;333
32;0;287;333
33;0;287;333
34;0;287;333
35;0;287;333
36;0;287;333
37;0;287;333
38;0;287;333
39;0;287;333
40;0;287;333
41;0;287;333
42;0;287;333
43;0;287;333
44;0;287;333
45;0;287;333
46;0;287;333
47;0;287;333
48;0;287;333
49;0;287;333
50;0;287;333
51;0;287;333
52;0;287;333
53;0;287;333
54;0;287;333
55;0;287;333
56;0;287;333
57;0;287;333
58;0;287;333
59;0;287;333
60;0;287;333
61;0;287;333
62;0;287;333
63;0;287;333
63;0;287;333
64;0;287;333
65;0;287;333
66;0;287;333
67;0;287;333
68;0;287;333
69;0;287;333
70;0;287;333
71;0;287;333
72;0;287;333
73;0;287;333
74;0;287;333
75;0;287;333
76;0;287;333
77;0;287;333
78;0;287;333
79;0;287;333
80;0;287;333
81;0;287;333
82;0;287;333
83;0;287;333
84;0;287;333
85;0;287;333
86;0;287;333
87;0;287;333
88;0;287;333
89;0;287;333
90;0;287;333
91;0;287;333
92;0;287;333
93;0;287;333
94;0;287;333
95;0;287;333
96;0;287;333
97;0;287;333
98;0;287;333
99;0;287;333
6;1;623;333
7;1;287;333
8;1;287;333
8;1;287;333
8;1;287;333
9;1;287;333
9;1;287;333
10;1;287;333
10;1;287;333
11;1;287;333
11;1;287;333
12;1;287;333
12;1;287;333
13;1;287;333
13;1;287;333
14;1;287;333
15;1;287;333
16;1;287;333
17;1;287;333
18;1;287;333
19;1;287;333
20;1;287;333
21;1;287;333
22;1;287;333
23;1;287;333
24;1;287;333
25;1;287;333
26;1;287;333
27;1;287;333
28;1;287;333
29;1;287;333
29;1;287;333
30;1;287;333
30;1;287;333
31;1;287;333
32;1;287;333
33;1;622;333
34;1;622;333
35;1;287;333
36;1;287;333
37;1;622;333
38;1;622;333
39;1;287;333
40;1;287;333
41;1;287;333
42;1;287;333
43;1;287;333
44;1;287;333
45;1;287;333
46;1;287;333
47;1;287;333
48;1;287;333
49;1;287;333
50;1;287;333
51;1;287;333
52;1;287;333
53;1;287;333
54;1;287;333
54;1;287;333
55;1;287;333
56;1;287;333
57;1;622;333
57;1;1367;333
57;1;402;333
58;1;622;333
59;1;287;333
60;1;287;333
60;1;287;333
60;1;287;333
61;1;287;333
61;1;287;333
62;1;287;333
63;1;287;333
64;1;287;333
65;1;287;333
66;1;287;333
67;1;287;333
68;1;287;333
69;1;287;333
70;1;287;333
71;1;287;333
72;1;287;333
73;1;287;333
74;1;287;333
75;1;287;333
76;1;287;333
77;1;287;333
78;1;287;333
79;1;287;333
80;1;287;333
81;1;287;333
82;1;287;333
83;1;287;333
84;1;287;333
85;1;287;333
86;1;287;333
87;1;287;333
88;1;287;333
89;1;287;333
90;1;287;333
91;1;287;333
92;1;287;333
93;1;287;333
94;1;287;333
95;1;287;333
96;1;287;333
97;1;287;333
98;1;287;333
99;1;287;333
5;2;623;333
6;2;287;333
7;2;287;333
7;2;287;333
7;2;287;333
8;2;287;333
9;2;287;333
9;2;287;333
10;2;287;333
11;2;287;333
12;2;287;333
12;2;287;333
13;2;287;333
13;2;287;333
14;2;287;333
15;2;287;333
16;2;287;333
17;2;287;333
18;2;287;333
19;2;287;333
20;2;287;333
21;2;287;333
22;2;287;333
23;2;287;333
24;2;622;333
25;2;622;333
26;2;287;333
27;2;287;333
28;2;287;333
28;2;287;333
29;2;287;333
30;2;287;333
31;2;622;333
32;2;622;333
33;2;629;333
34;2;629;333
35;2;622;333
36;2;622;333
37;2;402;333
38;2;629;333
39;2;622;333
40;2;622;333
41;2;287;333
42;2;287;333
43;2;287;333
44;2;287;333
45;2;287;333
46;2;287;333
47;2;287;333
48;2;287;333
49;2;287;333
50;2;287;333
51;2;287;333
52;2;287;333
53;2;287;333
54;2;287;333
54;2;287;333
55;2;622;333
56;2;622;333
57;2;1367;333
57;2;1367;333
58;2;629;333
59;2;622;333
60;2;287;333
60;2;287;333
61;2;287;333
61;2;287;333
62;2;287;333
63;2;287;333
64;2;287;333
65;2;287;333
66;2;287;333
67;2;287;333
68;2;287;333
69;2;287;333
70;2;287;333
71;2;287;333
72;2;287;333
73;2;287;333
74;2;287;333
75;2;287;333
76;2;287;333
77;2;287;333
78;2;287;333
79;2;287;333
80;2;287;333
81;2;287;333
82;2;287;333
83;2;287;333
84;2;287;333
85;2;287;333
86;2;287;333
87;2;287;333
88;2;287;333
89;2;287;333
90;2;287;333
91;2;287;333
92;2;287;333
93;2;287;333
94;2;287;333
95;2;287;333
96;2;287;333
97;2;287;333
98;2;287;333
99;2;287;333
5;3;623;333
6;3;287;333
7;3;287;333
8;3;287;333
9;3;287;333
9;3;287;333
10;3;287;333
10;3;287;333
11;3;287;333
11;3;287;333
11;3;287;333
12;3;287;333
13;3;287;333
14;3;287;333
15;3;287;333
16;3;287;333
17;3;287;333
17;3;287;333
18;3;287;333
19;3;287;333
20;3;287;333
20;3;287;333
21;3;622;333
22;3;622;333
23;3;622;333
24;3;402;333
25;3;629;333
26;3;622;333
27;3;287;333
28;3;287;333
29;3;287;333
30;3;622;333
30;3;513;333
31;3;513;333
32;3;513;333
33;3;513;333
34;3;513;333
35;3;402;333
38;3;650;333
39;3;649;333
40;3;629;333
41;3;622;333
42;3;287;333
43;3;287;333
44;3;287;333
45;3;287;333
46;3;287;333
47;3;622;333
48;3;622;333
48;3;402;333
49;3;622;333
50;3;287;333
51;3;287;333
52;3;287;333
53;3;287;333
54;3;622;333
55;3;1367;333
55;3;1367;333
56;3;1367;333
56;3;1367;333
56;3;446;333
57;3;1367;333
57;3;1367;333
57;3;447;333
58;3;1367;333
58;3;1367;333
59;3;629;333
60;3;622;333
61;3;287;333
62;3;287;333
63;3;287;333
63;3;287;333
64;3;287;333
65;3;287;333
66;3;287;333
67;3;287;333
68;3;287;333
69;3;287;333
70;3;287;333
71;3;287;333
72;3;287;333
73;3;287;333
74;3;287;333
75;3;287;333
76;3;287;333
77;3;287;333
78;3;287;333
79;3;287;333
80;3;287;333
81;3;287;333
82;3;287;333
83;3;287;333
84;3;287;333
85;3;287;333
86;3;287;333
87;3;287;333
88;3;287;333
89;3;287;333
90;3;287;333
91;3;287;333
92;3;287;333
93;3;287;333
94;3;287;333
95;3;287;333
96;3;287;333
97;3;287;333
98;3;287;333
99;3;287;333
4;4;623;333
5;4;287;333
6;4;287;333
6;4;287;333
7;4;287;333
7;4;287;333
8;4;287;333
8;4;287;333
8;4;287;333
9;4;287;333
10;4;287;333
10;4;287;333
11;4;287;333
12;4;287;333
12;4;287;333
13;4;287;333
14;4;287;333
14;4;287;333
15;4;287;333
16;4;287;333
17;4;622;333
18;4;622;333
19;4;287;333
20;4;622;333
20;4;3205;333
26;4;629;333
27;4;622;333
28;4;287;333
29;4;287;333
31;4;513;333
32;4;513;333
33;4;513;333
38;4;650;333
39;4;649;333
40;4;649;333
41;4;629;333
42;4;622;333
43;4;287;333
44;4;287;333
45;4;287;333
46;4;622;333
47;4;1360;333
47;4;1360;333
48;4;1360;333
48;4;1360;333
49;4;629;333
50;4;622;333
51;4;287;333
52;4;287;333
53;4;622;333
55;4;1367;333
55;4;449;333
56;4;1367;333
56;4;450;333
57;4;1367;333
57;4;451;333
58;4;1367;333
58;4;452;333
59;4;1367;333
59;4;1367;333
59;4;448;333
60;4;629;333
61;4;622;333
62;4;287;333
63;4;287;333
64;4;287;333
65;4;287;333
66;4;287;333
67;4;287;333
68;4;287;333
69;4;287;333
70;4;287;333
71;4;287;333
72;4;287;333
73;4;287;333
74;4;287;333
75;4;287;333
76;4;287;333
77;4;287;333
78;4;287;333
79;4;287;333
80;4;287;333
81;4;287;333
82;4;287;333
83;4;287;333
84;4;287;333
85;4;287;333
86;4;287;333
87;4;287;333
88;4;287;333
89;4;287;333
90;4;287;333
91;4;287;333
92;4;287;333
93;4;287;333
94;4;287;333
95;4;287;333
96;4;287;333
97;4;287;333
98;4;287;333
99;4;287;333
3;5;623;333
4;5;287;333
5;5;287;333
6;5;287;333
7;5;287;333
8;5;622;333
9;5;622;333
9;5;622;333
10;5;622;333
11;5;287;333
12;5;287;333
13;5;287;333
13;5;287;333
14;5;622;333
15;5;622;333
16;5;622;333
17;5;629;333
18;5;623;333
19;5;287;333
19;5;287;333
20;5;3205;333
27;5;629;333
28;5;622;333
29;5;622;333
38;5;650;333
39;5;649;333
40;5;649;333
41;5;649;333
42;5;629;333
43;5;622;333
44;5;287;333
45;5;622;333
46;5;1360;333
47;5;1360;333
47;5;1361;333
47;5;762;333
48;5;1360;333
48;5;1361;333
48;5;761;333
49;5;1360;333
50;5;629;333
51;5;622;333
52;5;622;333
60;5;404;333
61;5;629;333
62;5;622;333
63;5;287;333
64;5;287;333
65;5;287;333
66;5;287;333
67;5;287;333
68;5;287;333
69;5;287;333
70;5;287;333
71;5;287;333
72;5;287;333
73;5;287;333
74;5;287;333
75;5;287;333
76;5;287;333
77;5;287;333
78;5;287;333
79;5;287;333
80;5;287;333
81;5;287;333
82;5;287;333
83;5;287;333
84;5;287;333
85;5;287;333
86;5;287;333
87;5;287;333
88;5;287;333
89;5;287;333
90;5;287;333
91;5;287;333
92;5;287;333
93;5;287;333
94;5;287;333
95;5;287;333
96;5;287;333
97;5;287;333
98;5;287;333
99;5;287;333
1;6;623;333
2;6;287;333
3;6;287;333
4;6;287;333
4;6;287;333
4;6;287;333
5;6;287;333
6;6;622;333
7;6;622;333
8;6;1360;333
9;6;404;333
9;6;1360;333
10;6;629;333
11;6;622;333
12;6;287;333
13;6;622;333
14;6;1367;333
15;6;1367;333
16;6;1367;333
17;6;404;333
17;6;1367;333
18;6;623;333
19;6;287;333
20;6;3205;333
26;6;3265;333
26;6;1008;333
27;6;3265;333
27;6;3265;333
27;6;1168;333
28;6;3265;333
29;6;402;333
30;6;164;333
37;6;765;333
38;6;650;333
39;6;649;333
40;6;649;333
40;6;649;333
41;6;649;333
42;6;649;333
43;6;629;333
44;6;622;333
45;6;1361;333
45;6;153;333
46;6;1361;333
46;6;152;333
47;6;1361;333
47;6;764;333
48;6;1361;333
48;6;763;333
49;6;1361;333
49;6;148;333
50;6;1361;333
50;6;146;333
51;6;402;333
51;6;1361;333
51;6;144;333
52;6;1361;333
52;6;142;333
61;6;1362;333
61;6;760;333
62;6;623;333
62;6;623;333
63;6;287;333
64;6;287;333
65;6;287;333
66;6;287;333
67;6;287;333
68;6;287;333
69;6;287;333
70;6;287;333
71;6;287;333
72;6;287;333
73;6;287;333
74;6;287;333
75;6;287;333
76;6;287;333
77;6;287;333
78;6;287;333
79;6;287;333
80;6;287;333
81;6;287;333
82;6;287;333
83;6;287;333
84;6;287;333
85;6;287;333
86;6;287;333
87;6;287;333
88;6;287;333
89;6;287;333
90;6;287;333
91;6;287;333
92;6;287;333
93;6;287;333
94;6;287;333
95;6;287;333
96;6;287;333
97;6;287;333
98;6;287;333
99;6;287;333
1;7;623;333
2;7;287;333
3;7;287;333
4;7;287;333
5;7;622;333
6;7;1360;333
7;7;1360;333
7;7;1164;333
8;7;1360;333
9;7;1360;333
9;7;1166;333
10;7;1360;333
11;7;629;333
12;7;622;333
15;7;1367;333
16;7;1367;333
17;7;1367;333
18;7;623;333
19;7;287;333
19;7;287;333
20;7;3205;333
26;7;3265;333
26;7;1008;333
27;7;3265;333
27;7;1224;333
28;7;3265;333
28;7;1008;333
31;7;404;333
32;7;287;333
33;7;287;333
42;7;331;333
44;7;402;333
50;7;164;333
61;7;1362;333
61;7;758;333
62;7;629;333
63;7;623;333
64;7;287;333
65;7;287;333
66;7;287;333
67;7;287;333
68;7;287;333
69;7;287;333
70;7;287;333
71;7;287;333
72;7;287;333
73;7;287;333
74;7;287;333
75;7;287;333
76;7;287;333
77;7;287;333
78;7;287;333
79;7;287;333
80;7;287;333
81;7;287;333
82;7;287;333
83;7;287;333
84;7;287;333
85;7;287;333
86;7;287;333
87;7;287;333
88;7;287;333
89;7;287;333
90;7;287;333
91;7;287;333
92;7;287;333
93;7;287;333
94;7;287;333
95;7;287;333
96;7;287;333
97;7;287;333
98;7;287;333
99;7;287;333
0;8;623;333
1;8;287;333
2;8;287;333
3;8;622;333
3;8;622;333
4;8;622;333
5;8;1360;333
6;8;1360;333
7;8;1360;333
16;8;1367;333
17;8;1367;333
18;8;629;333
19;8;287;333
20;8;3205;333
31;8;404;333
32;8;287;333
33;8;287;333
53;8;404;333
54;8;287;333
55;8;287;333
59;8;164;333
61;8;1362;333
61;8;757;333
62;8;8;333
62;8;1362;333
62;8;756;333
63;8;623;333
64;8;287;333
65;8;287;333
66;8;287;333
67;8;287;333
68;8;287;333
69;8;287;333
70;8;287;333
71;8;287;333
72;8;287;333
73;8;287;333
74;8;287;333
75;8;287;333
76;8;287;333
77;8;287;333
78;8;287;333
79;8;287;333
80;8;287;333
81;8;287;333
82;8;287;333
83;8;287;333
84;8;287;333
85;8;287;333
86;8;287;333
87;8;287;333
88;8;287;333
89;8;287;333
90;8;287;333
91;8;287;333
92;8;287;333
93;8;287;333
94;8;287;333
95;8;287;333
96;8;287;333
97;8;287;333
98;8;287;333
99;8;287;333
0;9;623;333
1;9;287;333
2;9;287;333
2;9;287;333
18;9;629;333
19;9;622;333
20;9;3205;333
32;9;402;333
33;9;402;333
36;9;3265;333
36;9;1008;333
53;9;404;333
54;9;287;333
55;9;287;333
62;9;8;333
63;9;623;333
64;9;287;333
65;9;287;333
66;9;287;333
67;9;287;333
68;9;287;333
69;9;287;333
70;9;287;333
71;9;287;333
72;9;287;333
73;9;287;333
74;9;287;333
75;9;287;333
76;9;287;333
77;9;287;333
78;9;287;333
79;9;287;333
80;9;287;333
81;9;287;333
82;9;287;333
83;9;287;333
84;9;287;333
85;9;287;333
86;9;287;333
87;9;287;333
88;9;287;333
89;9;287;333
90;9;287;333
91;9;287;333
92;9;287;333
93;9;287;333
94;9;287;333
95;9;287;333
96;9;287;333
97;9;287;333
98;9;287;333
99;9;287;333
0;10;623;333
1;10;287;333
2;10;287;333
12;10;394;333
19;10;404;333
20;10;3205;333
28;10;513;333
35;10;3265;333
35;10;1008;333
36;10;3265;333
36;10;1008;333
37;10;3265;333
37;10;1008;333
54;10;402;333
55;10;402;333
62;10;8;333
62;10;404;333
62;10;328;333
63;10;623;333
64;10;287;333
65;10;287;333
66;10;287;333
67;10;287;333
68;10;287;333
69;10;287;333
70;10;287;333
71;10;287;333
72;10;287;333
73;10;287;333
74;10;287;333
75;10;287;333
76;10;287;333
77;10;287;333
78;10;287;333
79;10;287;333
80;10;287;333
81;10;287;333
82;10;287;333
83;10;287;333
84;10;287;333
85;10;287;333
86;10;287;333
87;10;287;333
88;10;287;333
89;10;287;333
90;10;287;333
91;10;287;333
92;10;287;333
93;10;287;333
94;10;287;333
95;10;287;333
96;10;287;333
97;10;287;333
98;10;287;333
99;10;287;333
0;11;623;333
1;11;287;333
2;11;287;333
20;11;3201;333
27;11;513;333
28;11;513;333
34;11;766;333
35;11;3265;333
35;11;1008;333
36;11;3265;333
36;11;1008;333
37;11;3265;333
37;11;1008;333
41;11;164;333
62;11;8;333
63;11;623;333
64;11;287;333
65;11;287;333
66;11;287;333
67;11;287;333
68;11;287;333
69;11;287;333
70;11;287;333
71;11;287;333
72;11;287;333
73;11;287;333
74;11;287;333
75;11;287;333
76;11;287;333
77;11;287;333
78;11;287;333
79;11;287;333
80;11;287;333
81;11;287;333
82;11;287;333
83;11;287;333
84;11;287;333
85;11;287;333
86;11;287;333
87;11;287;333
88;11;287;333
89;11;287;333
90;11;287;333
91;11;287;333
92;11;287;333
93;11;287;333
94;11;287;333
95;11;287;333
96;11;287;333
97;11;287;333
98;11;287;333
99;11;287;333
0;12;629;333
1;12;623;333
2;12;287;333
13;12;2832;333
20;12;3201;333
35;12;328;333
36;12;329;333
37;12;330;333
50;12;320;333
50;12;198;333
51;12;320;333
51;12;283;333
56;12;3265;333
56;12;1008;333
62;12;8;333
62;12;8;333
62;12;1063;333
63;12;623;333
64;12;287;333
65;12;287;333
66;12;287;333
67;12;287;333
68;12;287;333
69;12;287;333
70;12;287;333
71;12;287;333
72;12;287;333
73;12;287;333
74;12;287;333
75;12;287;333
76;12;287;333
77;12;287;333
78;12;287;333
79;12;287;333
80;12;287;333
81;12;287;333
82;12;287;333
83;12;287;333
84;12;287;333
85;12;287;333
86;12;287;333
87;12;287;333
88;12;287;333
89;12;287;333
90;12;287;333
91;12;287;333
92;12;287;333
93;12;287;333
94;12;287;333
95;12;287;333
96;12;287;333
97;12;287;333
98;12;287;333
99;12;287;333
1;13;623;333
1;13;623;333
2;13;287;333
2;13;287;333
19;13;404;333
20;13;3205;333
49;13;320;333
49;13;197;333
52;13;320;333
52;13;284;333
55;13;3265;333
55;13;1008;333
56;13;3265;333
56;13;3265;333
56;13;1168;333
57;13;3265;333
57;13;1008;333
62;13;8;333
62;13;8;333
63;13;623;333
64;13;287;333
65;13;287;333
66;13;287;333
67;13;287;333
68;13;287;333
69;13;287;333
70;13;287;333
71;13;287;333
72;13;287;333
73;13;287;333
74;13;287;333
75;13;287;333
76;13;287;333
77;13;287;333
78;13;287;333
79;13;287;333
80;13;287;333
81;13;287;333
82;13;287;333
83;13;287;333
84;13;287;333
85;13;287;333
86;13;287;333
87;13;287;333
88;13;287;333
89;13;287;333
90;13;287;333
91;13;287;333
92;13;287;333
93;13;287;333
94;13;287;333
95;13;287;333
96;13;287;333
97;13;287;333
98;13;287;333
99;13;287;333
1;14;623;333
2;14;287;333
2;14;287;333
2;14;287;333
2;14;287;333
20;14;3205;333
29;14;156;333
40;14;404;333
41;14;287;333
42;14;287;333
44;14;3265;333
44;14;3265;333
44;14;1169;333
45;14;3265;333
46;14;3265;333
46;14;1008;333
49;14;320;333
49;14;46;333
52;14;320;333
52;14;285;333
56;14;3265;333
56;14;1008;333
62;14;8;333
62;14;8;333
63;14;623;333
64;14;287;333
65;14;287;333
66;14;287;333
67;14;287;333
68;14;287;333
69;14;287;333
70;14;287;333
71;14;287;333
72;14;287;333
73;14;287;333
74;14;287;333
75;14;287;333
76;14;287;333
77;14;287;333
78;14;287;333
79;14;287;333
80;14;287;333
81;14;287;333
82;14;287;333
83;14;287;333
84;14;287;333
85;14;287;333
86;14;287;333
87;14;287;333
88;14;287;333
89;14;287;333
90;14;287;333
91;14;287;333
92;14;287;333
93;14;287;333
94;14;287;333
95;14;287;333
96;14;287;333
97;14;287;333
98;14;287;333
99;14;287;333
1;15;623;333
2;15;287;333
3;15;287;333
19;15;404;333
20;15;3205;333
40;15;404;333
41;15;287;333
42;15;287;333
43;15;3265;333
43;15;1008;333
44;15;3265;333
44;15;3265;333
44;15;1166;333
45;15;3265;333
45;15;3265;333
45;15;1165;333
46;15;3265;333
46;15;1008;333
50;15;320;333
50;15;126;966
51;15;320;333
51;15;45;333
62;15;1404;333
63;15;623;333
64;15;287;333
65;15;287;333
66;15;287;333
67;15;287;333
68;15;287;333
69;15;287;333
70;15;287;333
71;15;287;333
72;15;287;333
73;15;287;333
74;15;287;333
75;15;287;333
76;15;287;333
77;15;287;333
78;15;287;333
79;15;287;333
80;15;287;333
81;15;287;333
82;15;287;333
83;15;287;333
84;15;287;333
85;15;287;333
86;15;287;333
87;15;287;333
88;15;287;333
89;15;287;333
90;15;287;333
91;15;287;333
92;15;287;333
93;15;287;333
94;15;287;333
95;15;287;333
96;15;287;333
97;15;287;333
98;15;287;333
99;15;287;333
0;16;623;333
1;16;287;333
2;16;287;333
2;16;287;333
3;16;622;333
20;16;3205;333
41;16;402;333
42;16;402;333
51;16;164;333
62;16;1404;333
63;16;623;333
64;16;287;333
65;16;287;333
66;16;287;333
67;16;287;333
68;16;287;333
69;16;287;333
70;16;287;333
71;16;287;333
72;16;287;333
73;16;287;333
74;16;287;333
75;16;287;333
76;16;287;333
77;16;287;333
78;16;287;333
79;16;287;333
80;16;287;333
81;16;287;333
82;16;287;333
83;16;287;333
84;16;287;333
85;16;287;333
86;16;287;333
87;16;287;333
88;16;287;333
89;16;287;333
90;16;287;333
91;16;287;333
92;16;287;333
93;16;287;333
94;16;287;333
95;16;287;333
96;16;287;333
97;16;287;333
98;16;287;333
99;16;287;333
0;17;623;333
1;17;287;333
2;17;287;333
19;17;404;333
20;17;3205;333
32;17;513;333
62;17;8;333
62;17;8;333
63;17;623;333
64;17;287;333
65;17;287;333
66;17;287;333
67;17;287;333
68;17;287;333
69;17;287;333
70;17;287;333
71;17;287;333
72;17;287;333
73;17;287;333
74;17;287;333
75;17;287;333
76;17;287;333
77;17;287;333
78;17;287;333
79;17;287;333
80;17;287;333
81;17;287;333
82;17;287;333
83;17;287;333
84;17;287;333
85;17;287;333
86;17;287;333
87;17;287;333
88;17;287;333
89;17;287;333
90;17;287;333
91;17;287;333
92;17;287;333
93;17;287;333
94;17;287;333
95;17;287;333
96;17;287;333
97;17;287;333
98;17;287;333
99;17;287;333
0;18;623;333
1;18;287;333
2;18;287;333
20;18;3205;333
32;18;513;333
33;18;513;333
54;18;513;333
55;18;513;333
61;18;1362;333
61;18;755;333
62;18;8;333
62;18;8;333
63;18;623;333
63;18;404;333
64;18;287;333
65;18;287;333
66;18;287;333
67;18;287;333
68;18;287;333
69;18;287;333
70;18;287;333
71;18;287;333
72;18;287;333
73;18;287;333
74;18;287;333
75;18;287;333
76;18;287;333
77;18;287;333
78;18;287;333
79;18;287;333
80;18;287;333
81;18;287;333
82;18;287;333
83;18;287;333
84;18;287;333
85;18;287;333
86;18;287;333
87;18;287;333
88;18;287;333
89;18;287;333
90;18;287;333
91;18;287;333
92;18;287;333
93;18;287;333
94;18;287;333
95;18;287;333
96;18;287;333
97;18;287;333
98;18;287;333
99;18;287;333
0;19;623;333
1;19;287;333
1;19;287;333
2;19;287;333
3;19;287;333
3;19;287;333
3;19;287;333
4;19;287;333
19;19;404;333
20;19;3205;333
51;19;164;333
52;19;513;333
53;19;513;333
54;19;513;333
61;19;59;333
62;19;8;333
63;19;623;333
64;19;287;333
65;19;287;333
66;19;287;333
67;19;287;333
68;19;287;333
69;19;287;333
70;19;287;333
71;19;287;333
72;19;287;333
73;19;287;333
74;19;287;333
75;19;287;333
76;19;287;333
77;19;287;333
78;19;287;333
79;19;287;333
80;19;287;333
81;19;287;333
82;19;287;333
83;19;287;333
84;19;287;333
85;19;287;333
86;19;287;333
87;19;287;333
88;19;287;333
89;19;287;333
90;19;287;333
91;19;287;333
92;19;287;333
93;19;287;333
94;19;287;333
95;19;287;333
96;19;287;333
97;19;287;333
98;19;287;333
99;19;287;333
0;20;629;333
1;20;622;333
2;20;623;333
2;20;622;333
3;20;287;333
4;20;287;333
20;20;287;333
53;20;404;333
54;20;287;333
55;20;287;333
56;20;513;333
59;20;1362;333
59;20;137;333
61;20;1362;333
61;20;754;333
62;20;8;333
62;20;8;333
63;20;623;333
64;20;287;333
65;20;287;333
66;20;287;333
67;20;287;333
68;20;287;333
69;20;287;333
70;20;287;333
71;20;287;333
72;20;287;333
73;20;287;333
74;20;287;333
75;20;287;333
76;20;287;333
77;20;287;333
78;20;287;333
79;20;287;333
80;20;287;333
81;20;287;333
82;20;287;333
83;20;287;333
84;20;287;333
85;20;287;333
86;20;287;333
87;20;287;333
88;20;287;333
89;20;287;333
90;20;287;333
91;20;287;333
92;20;287;333
93;20;287;333
94;20;287;333
95;20;287;333
96;20;287;333
97;20;287;333
98;20;287;333
99;20;287;333
1;21;623;333
2;21;287;333
3;21;287;333
4;21;287;333
17;21;1008;333
18;21;623;333
19;21;287;333
20;21;287;333
26;21;394;333
31;21;404;333
32;21;287;333
33;21;287;333
35;21;513;333
36;21;513;333
37;21;513;333
53;21;404;333
54;21;287;333
55;21;287;333
61;21;8;333
61;21;164;333
62;21;8;333
62;21;8;333
62;21;164;333
63;21;623;333
64;21;287;333
65;21;287;333
66;21;287;333
67;21;287;333
68;21;287;333
69;21;287;333
70;21;287;333
71;21;287;333
72;21;287;333
73;21;287;333
74;21;287;333
75;21;287;333
76;21;287;333
77;21;287;333
78;21;287;333
79;21;287;333
80;21;287;333
81;21;287;333
82;21;287;333
83;21;287;333
84;21;287;333
85;21;287;333
86;21;287;333
87;21;287;333
88;21;287;333
89;21;287;333
90;21;287;333
91;21;287;333
92;21;287;333
93;21;287;333
94;21;287;333
95;21;287;333
96;21;287;333
97;21;287;333
98;21;287;333
99;21;287;333
1;22;623;333
2;22;287;333
3;22;287;333
4;22;287;333
16;22;1223;333
17;22;1008;333
18;22;629;333
19;22;623;333
20;22;287;333
31;22;404;333
32;22;287;333
32;22;287;333
33;22;287;333
35;22;513;333
36;22;513;333
37;22;513;333
44;22;3265;333
44;22;1008;333
45;22;3265;333
45;22;1008;333
46;22;3265;333
46;22;767;333
54;22;402;333
55;22;402;333
61;22;8;333
62;22;8;333
62;22;404;333
63;22;623;333
64;22;287;333
65;22;287;333
66;22;287;333
67;22;287;333
68;22;287;333
69;22;287;333
70;22;287;333
71;22;287;333
72;22;287;333
73;22;287;333
74;22;287;333
75;22;287;333
76;22;287;333
77;22;287;333
78;22;287;333
79;22;287;333
80;22;287;333
81;22;287;333
82;22;287;333
83;22;287;333
84;22;287;333
85;22;287;333
86;22;287;333
87;22;287;333
88;22;287;333
89;22;287;333
90;22;287;333
91;22;287;333
92;22;287;333
93;22;287;333
94;22;287;333
95;22;287;333
96;22;287;333
97;22;287;333
98;22;287;333
99;22;287;333
1;23;623;333
2;23;287;333
3;23;287;333
4;23;287;333
16;23;1008;333
17;23;1008;333
18;23;649;333
19;23;623;333
20;23;287;333
21;23;287;333
22;23;287;333
32;23;402;333
33;23;402;333
44;23;3265;333
44;23;1008;333
45;23;3265;333
45;23;3265;333
45;23;1164;333
46;23;3265;333
46;23;1169;333
61;23;8;333
61;23;8;333
62;23;8;333
62;23;8;333
62;23;8;333
62;23;330;333
63;23;623;333
64;23;287;333
65;23;287;333
66;23;287;333
67;23;287;333
68;23;287;333
69;23;287;333
70;23;287;333
71;23;287;333
72;23;287;333
73;23;287;333
74;23;287;333
75;23;287;333
76;23;287;333
77;23;287;333
78;23;287;333
79;23;287;333
80;23;287;333
81;23;287;333
82;23;287;333
83;23;287;333
84;23;287;333
85;23;287;333
86;23;287;333
87;23;287;333
88;23;287;333
89;23;287;333
90;23;287;333
91;23;287;333
92;23;287;333
93;23;287;333
94;23;287;333
95;23;287;333
96;23;287;333
97;23;287;333
98;23;287;333
99;23;287;333
1;24;629;333
2;24;622;333
3;24;287;333
4;24;287;333
4;24;287;333
16;24;1008;333
17;24;649;333
18;24;404;333
18;24;649;333
19;24;623;333
20;24;287;333
21;24;287;333
22;24;287;333
56;24;164;333
61;24;1362;333
61;24;753;333
62;24;8;333
62;24;8;333
62;24;8;333
63;24;623;333
64;24;287;333
65;24;287;333
66;24;287;333
67;24;287;333
68;24;287;333
69;24;287;333
70;24;287;333
71;24;287;333
72;24;287;333
73;24;287;333
74;24;287;333
75;24;287;333
76;24;287;333
77;24;287;333
78;24;287;333
79;24;287;333
80;24;287;333
81;24;287;333
82;24;287;333
83;24;287;333
84;24;287;333
85;24;287;333
86;24;287;333
87;24;287;333
88;24;287;333
89;24;287;333
90;24;287;333
91;24;287;333
92;24;287;333
93;24;287;333
94;24;287;333
95;24;287;333
96;24;287;333
97;24;287;333
98;24;287;333
99;24;287;333
2;25;629;333
3;25;622;333
4;25;287;333
5;25;287;333
16;25;649;333
17;25;649;333
18;25;623;333
19;25;287;333
20;25;287;333
21;25;287;333
22;25;287;333
61;25;8;333
61;25;8;333
62;25;8;333
62;25;8;333
63;25;623;333
64;25;287;333
65;25;287;333
66;25;287;333
67;25;287;333
68;25;287;333
69;25;287;333
70;25;287;333
71;25;287;333
72;25;287;333
73;25;287;333
74;25;287;333
75;25;287;333
76;25;287;333
77;25;287;333
78;25;287;333
79;25;287;333
80;25;287;333
81;25;287;333
82;25;287;333
83;25;287;333
84;25;287;333
85;25;287;333
86;25;287;333
87;25;287;333
88;25;287;333
89;25;287;333
90;25;287;333
91;25;287;333
92;25;287;333
93;25;287;333
94;25;287;333
95;25;287;333
96;25;287;333
97;25;287;333
98;25;287;333
99;25;287;333
3;26;629;333
4;26;622;333
5;26;287;333
6;26;287;333
6;26;287;333
16;26;649;333
18;26;623;333
19;26;287;333
20;26;287;333
21;26;287;333
22;26;287;333
23;26;287;333
24;26;287;333
27;26;623;333
28;26;287;333
28;26;287;333
29;26;287;333
30;26;287;333
53;26;394;333
60;26;1362;333
60;26;752;333
61;26;8;333
61;26;8;333
61;26;8;333
61;26;404;333
62;26;8;333
63;26;623;333
64;26;287;333
65;26;287;333
66;26;287;333
67;26;287;333
68;26;287;333
69;26;287;333
70;26;287;333
71;26;287;333
72;26;287;333
73;26;287;333
74;26;287;333
75;26;287;333
76;26;287;333
77;26;287;333
78;26;287;333
79;26;287;333
80;26;287;333
81;26;287;333
82;26;287;333
83;26;287;333
84;26;287;333
85;26;287;333
86;26;287;333
87;26;287;333
88;26;287;333
89;26;287;333
90;26;287;333
91;26;287;333
92;26;287;333
93;26;287;333
94;26;287;333
95;26;287;333
96;26;287;333
97;26;287;333
98;26;287;333
99;26;287;333
4;27;629;333
5;27;622;333
6;27;287;333
7;27;287;333
7;27;287;333
16;27;623;333
17;27;287;333
18;27;287;333
19;27;622;333
20;27;622;333
21;27;287;333
21;27;287;333
22;27;287;333
23;27;287;333
24;27;287;333
25;27;287;333
26;27;287;333
27;27;287;333
28;27;287;333
29;27;622;333
30;27;287;333
31;27;287;333
32;27;287;333
33;27;287;333
40;27;394;333
59;27;1362;333
59;27;159;333
60;27;1362;333
60;27;161;333
61;27;8;333
62;27;623;333
63;27;287;333
64;27;287;333
64;27;287;333
65;27;287;333
66;27;287;333
67;27;287;333
68;27;287;333
69;27;287;333
70;27;287;333
71;27;287;333
72;27;287;333
73;27;287;333
74;27;287;333
75;27;287;333
76;27;287;333
77;27;287;333
78;27;287;333
79;27;287;333
80;27;287;333
81;27;287;333
82;27;287;333
83;27;287;333
84;27;287;333
85;27;287;333
86;27;287;333
87;27;287;333
88;27;287;333
89;27;287;333
90;27;287;333
91;27;287;333
92;27;287;333
93;27;287;333
94;27;287;333
95;27;287;333
96;27;287;333
97;27;287;333
98;27;287;333
99;27;287;333
5;28;623;333
6;28;287;333
7;28;287;333
8;28;287;333
15;28;623;333
16;28;287;333
17;28;287;333
18;28;622;333
20;28;629;333
21;28;622;333
22;28;622;333
23;28;287;333
24;28;287;333
25;28;287;333
26;28;287;333
27;28;622;333
28;28;622;333
30;28;622;333
31;28;622;333
32;28;622;333
33;28;287;333
34;28;287;333
35;28;287;333
36;28;287;333
41;28;623;333
42;28;287;333
43;28;287;333
44;28;623;333
45;28;287;333
46;28;287;333
59;28;1362;333
59;28;158;333
60;28;8;333
61;28;623;333
62;28;287;333
63;28;287;333
64;28;287;333
64;28;287;333
65;28;287;333
66;28;287;333
67;28;287;333
68;28;287;333
69;28;287;333
70;28;287;333
71;28;287;333
72;28;287;333
73;28;287;333
74;28;287;333
75;28;287;333
76;28;287;333
77;28;287;333
78;28;287;333
79;28;287;333
80;28;287;333
81;28;287;333
82;28;287;333
83;28;287;333
84;28;287;333
85;28;287;333
86;28;287;333
87;28;287;333
88;28;287;333
89;28;287;333
90;28;287;333
91;28;287;333
92;28;287;333
93;28;287;333
94;28;287;333
95;28;287;333
96;28;287;333
97;28;287;333
98;28;287;333
99;28;287;333
5;29;629;333
6;29;622;333
7;29;622;333
8;29;287;333
12;29;394;333
14;29;623;333
14;29;623;333
15;29;287;333
16;29;287;333
17;29;622;333
22;29;629;333
23;29;622;333
24;29;622;333
25;29;622;333
26;29;622;333
33;29;622;333
34;29;622;333
34;29;622;333
35;29;622;333
36;29;287;333
36;29;287;333
40;29;623;333
41;29;287;333
42;29;287;333
43;29;287;333
44;29;287;333
45;29;622;333
46;29;287;333
47;29;287;333
58;29;394;333
59;29;8;333
60;29;8;333
60;29;8;333
61;29;623;333
62;29;287;333
63;29;287;333
64;29;287;333
64;29;287;333
65;29;287;333
66;29;287;333
67;29;287;333
68;29;287;333
69;29;287;333
70;29;287;333
71;29;287;333
72;29;287;333
73;29;287;333
74;29;287;333
75;29;287;333
76;29;287;333
77;29;287;333
78;29;287;333
79;29;287;333
80;29;287;333
81;29;287;333
82;29;287;333
83;29;287;333
84;29;287;333
85;29;287;333
86;29;287;333
87;29;287;333
88;29;287;333
89;29;287;333
90;29;287;333
91;29;287;333
92;29;287;333
93;29;287;333
94;29;287;333
95;29;287;333
96;29;287;333
97;29;287;333
98;29;287;333
99;29;287;333
6;30;623;333
7;30;287;333
7;30;287;333
8;30;287;333
9;30;287;333
13;30;623;333
13;30;623;333
14;30;287;333
15;30;287;333
16;30;622;333
35;30;623;333
36;30;287;333
37;30;287;333
38;30;287;333
39;30;287;333
40;30;287;333
41;30;287;333
42;30;622;333
43;30;622;333
44;30;622;333
45;30;629;333
46;30;622;333
47;30;287;333
48;30;287;333
49;30;287;333
49;30;287;333
50;30;287;333
51;30;287;333
57;30;8;333
58;30;8;333
60;30;623;333
60;30;623;333
61;30;287;333
62;30;287;333
63;30;287;333
64;30;287;333
64;30;287;333
65;30;287;333
66;30;287;333
67;30;287;333
68;30;287;333
69;30;287;333
70;30;287;333
71;30;287;333
72;30;287;333
73;30;287;333
74;30;287;333
75;30;287;333
76;30;287;333
77;30;287;333
78;30;287;333
79;30;287;333
80;30;287;333
81;30;287;333
82;30;287;333
83;30;287;333
84;30;287;333
85;30;287;333
86;30;287;333
87;30;287;333
88;30;287;333
89;30;287;333
90;30;287;333
91;30;287;333
92;30;287;333
93;30;287;333
94;30;287;333
95;30;287;333
96;30;287;333
97;30;287;333
98;30;287;333
99;30;287;333
6;31;623;333
7;31;287;333
8;31;287;333
8;31;287;333
9;31;287;333
12;31;623;333
12;31;623;333
13;31;287;333
14;31;287;333
15;31;622;333
35;31;629;333
36;31;629;333
37;31;287;333
37;31;287;333
38;31;287;333
39;31;287;333
40;31;287;333
41;31;622;333
46;31;629;333
47;31;287;333
48;31;287;333
49;31;287;333
50;31;622;333
51;31;287;333
52;31;287;333
53;31;287;333
60;31;623;333
61;31;287;333
62;31;287;333
63;31;287;333
64;31;287;333
64;31;287;333
65;31;287;333
66;31;287;333
67;31;287;333
68;31;287;333
69;31;287;333
70;31;287;333
71;31;287;333
72;31;287;333
73;31;287;333
74;31;287;333
75;31;287;333
76;31;287;333
77;31;287;333
78;31;287;333
79;31;287;333
80;31;287;333
81;31;287;333
82;31;287;333
83;31;287;333
84;31;287;333
85;31;287;333
86;31;287;333
87;31;287;333
88;31;287;333
89;31;287;333
90;31;287;333
91;31;287;333
92;31;287;333
93;31;287;333
94;31;287;333
95;31;287;333
96;31;287;333
97;31;287;333
98;31;287;333
99;31;287;333
6;32;629;333
7;32;622;333
8;32;287;333
9;32;287;333
10;32;287;333
10;32;287;333
11;32;623;333
12;32;287;333
13;32;287;333
14;32;622;333
37;32;622;333
38;32;622;333
39;32;622;333
40;32;622;333
47;32;622;333
48;32;622;333
49;32;622;333
51;32;622;333
52;32;622;333
53;32;287;333
54;32;287;333
55;32;287;333
56;32;287;333
59;32;623;333
60;32;287;333
61;32;287;333
62;32;287;333
63;32;287;333
64;32;287;333
64;32;287;333
65;32;287;333
66;32;287;333
67;32;287;333
68;32;287;333
69;32;287;333
70;32;287;333
71;32;287;333
72;32;287;333
73;32;287;333
74;32;287;333
75;32;287;333
76;32;287;333
77;32;287;333
78;32;287;333
79;32;287;333
80;32;287;333
81;32;287;333
82;32;287;333
83;32;287;333
84;32;287;333
85;32;287;333
86;32;287;333
87;32;287;333
88;32;287;333
89;32;287;333
90;32;287;333
91;32;287;333
92;32;287;333
93;32;287;333
94;32;287;333
95;32;287;333
96;32;287;333
97;32;287;333
98;32;287;333
99;32;287;333
8;33;622;333
8;33;629;333
9;33;622;333
9;33;622;333
9;33;629;333
10;33;287;333
11;33;287;333
12;33;287;333
12;33;287;333
13;33;622;333
52;33;629;333
53;33;622;333
54;33;622;333
54;33;622;333
55;33;623;333
56;33;287;333
58;33;623;333
59;33;287;333
60;33;287;333
61;33;287;333
62;33;287;333
63;33;287;333
64;33;287;333
64;33;287;333
65;33;287;333
66;33;287;333
67;33;287;333
68;33;287;333
69;33;287;333
70;33;287;333
71;33;287;333
72;33;287;333
73;33;287;333
74;33;287;333
75;33;287;333
76;33;287;333
77;33;287;333
78;33;287;333
79;33;287;333
80;33;287;333
81;33;287;333
82;33;287;333
83;33;287;333
84;33;287;333
85;33;287;333
86;33;287;333
87;33;287;333
88;33;287;333
89;33;287;333
90;33;287;333
91;33;287;333
92;33;287;333
93;33;287;333
94;33;287;333
95;33;287;333
96;33;287;333
97;33;287;333
98;33;287;333
99;33;287;333
9;34;629;333
10;34;622;333
11;34;622;333
12;34;622;333
55;34;629;333
56;34;287;333
57;34;287;333
58;34;287;333
59;34;287;333
60;34;287;333
61;34;287;333
62;34;287;333
63;34;287;333
64;34;287;333
64;34;287;333
65;34;287;333
66;34;287;333
67;34;287;333
68;34;287;333
69;34;287;333
70;34;287;333
71;34;287;333
72;34;287;333
73;34;287;333
74;34;287;333
75;34;287;333
76;34;287;333
77;34;287;333
78;34;287;333
79;34;287;333
80;34;287;333
81;34;287;333
82;34;287;333
83;34;287;333
84;34;287;333
85;34;287;333
86;34;287;333
87;34;287;333
88;34;287;333
89;34;287;333
90;34;287;333
91;34;287;333
92;34;287;333
93;34;287;333
94;34;287;333
95;34;287;333
96;34;287;333
97;34;287;333
98;34;287;333
99;34;287;333
