V: 2
L: -25
X: 279
Y: 474
W: 70
H: 70
0;0;0;0
0;1;0;0
0;2;0;0
0;3;0;0
0;4;0;0
0;5;0;0
0;6;0;0
0;7;0;0
0;8;0;0
0;9;0;0
0;10;0;0
0;11;0;0
0;12;0;0
0;13;0;0
0;14;0;0
0;15;0;0
0;16;0;0
0;17;0;0
0;18;0;0
0;19;0;0
0;20;0;0
0;21;0;0
0;22;0;0
0;23;0;0
0;24;0;0
0;25;0;0
0;26;0;0
0;27;0;0
0;28;0;0
0;29;0;0
0;30;0;0
0;31;0;0
0;32;0;0
0;33;0;0
0;34;0;0
0;35;0;0
0;36;0;0
0;37;0;0
0;38;0;0
0;39;0;0
0;40;0;0
0;41;0;0
0;42;0;0
0;43;0;0
0;44;0;0
0;45;0;0
0;46;0;0
0;47;0;0
0;48;0;0
0;49;0;0
0;50;0;0
0;51;0;0
0;52;0;0
0;53;0;0
0;54;0;0
0;55;0;0
0;56;0;0
0;57;0;0
0;58;0;0
0;59;0;0
0;60;0;0
0;61;0;0
0;62;0;0
0;63;0;0
0;64;0;0
0;65;0;0
0;66;0;0
0;67;0;0
0;68;0;0
0;69;0;0
1;0;0;0
1;1;0;0
1;2;0;0
1;3;0;0
1;4;0;0
1;5;0;0
1;6;0;0
1;7;0;0
1;8;0;0
1;9;0;0
1;10;0;0
1;11;0;0
1;12;0;0
1;13;0;0
1;14;0;0
1;15;0;0
1;16;0;0
1;17;0;0
1;18;0;0
1;19;0;0
1;20;0;0
1;21;0;0
1;22;0;0
1;23;0;0
1;24;0;0
1;25;0;0
1;26;0;0
1;27;0;0
1;28;0;0
1;29;0;0
1;30;0;0
1;31;0;0
1;32;0;0
1;33;0;0
1;34;0;0
1;35;0;0
1;36;0;0
1;37;0;0
1;38;0;0
1;39;0;0
1;40;0;0
1;41;0;0
1;42;0;0
1;43;0;0
1;44;0;0
1;45;0;0
1;46;0;0
1;47;0;0
1;48;0;0
1;49;0;0
1;50;0;0
1;51;0;0
1;52;0;0
1;53;0;0
1;54;0;0
1;55;0;0
1;56;0;0
1;57;0;0
1;58;0;0
1;59;0;0
1;60;0;0
1;61;0;0
1;62;0;0
1;63;0;0
1;64;0;0
1;65;0;0
1;66;0;0
1;67;0;0
1;68;0;0
1;69;0;0
2;0;0;0
2;1;0;0
2;2;0;0
2;3;0;0
2;4;0;0
2;5;0;0
2;6;0;0
2;7;0;0
2;8;0;0
2;9;0;0
2;10;0;0
2;11;0;0
2;12;0;0
2;13;0;0
2;14;0;0
2;15;0;0
2;16;0;0
2;17;0;0
2;18;0;0
2;19;0;0
2;20;0;0
2;21;0;0
2;22;0;0
2;23;0;0
2;24;0;0
2;25;0;0
2;26;0;0
2;27;0;0
2;28;0;0
2;29;0;0
2;30;0;0
2;31;0;0
2;32;0;0
2;33;0;0
2;34;0;0
2;35;0;0
2;36;0;0
2;37;0;0
2;38;0;0
2;39;0;0
2;40;0;0
2;41;0;0
2;42;0;0
2;43;0;0
2;44;0;0
2;45;0;0
2;46;0;0
2;47;0;0
2;48;0;0
2;49;0;0
2;50;0;0
2;51;0;0
2;52;0;0
2;53;0;0
2;54;0;0
2;55;0;0
2;56;0;0
2;57;0;0
2;58;0;0
2;59;0;0
2;60;0;0
2;61;0;0
2;62;0;0
2;63;0;0
2;64;0;0
2;65;0;0
2;66;0;0
2;67;0;0
2;68;0;0
2;69;0;0
3;0;0;0
3;1;0;0
3;2;0;0
3;3;0;0
3;4;0;0
3;5;0;0
3;6;0;0
3;7;0;0
3;8;0;0
3;9;0;0
3;10;0;0
3;11;0;0
3;12;0;0
3;13;0;0
3;14;0;0
3;15;0;0
3;16;0;0
3;17;0;0
3;18;0;0
3;19;0;0
3;20;0;0
3;21;0;0
3;22;0;0
3;23;0;0
3;24;0;0
3;25;0;0
3;26;0;0
3;27;0;0
3;28;0;0
3;29;0;0
3;30;0;0
3;31;0;0
3;32;0;0
3;33;0;0
3;34;0;0
3;35;0;0
3;36;0;0
3;37;0;0
3;38;0;0
3;39;0;0
3;40;0;0
3;41;0;0
3;42;0;0
3;43;0;0
3;44;0;0
3;45;0;0
3;46;0;0
3;47;0;0
3;48;0;0
3;49;0;0
3;50;0;0
3;51;0;0
3;52;0;0
3;53;0;0
3;54;0;0
3;55;0;0
3;56;0;0
3;57;0;0
3;58;0;0
3;59;0;0
3;60;0;0
3;61;0;0
3;62;0;0
3;63;0;0
3;64;0;0
3;65;0;0
3;66;0;0
3;67;0;0
3;68;0;0
3;69;0;0
4;0;0;0
4;1;0;0
4;2;0;0
4;3;0;0
4;4;0;0
4;5;0;0
4;6;0;0
4;7;0;0
4;8;0;0
4;9;0;0
4;10;0;0
4;11;0;0
4;12;0;0
4;13;0;0
4;14;0;0
4;15;0;0
4;16;0;0
4;17;0;0
4;18;0;0
4;19;0;0
4;20;0;0
4;21;0;0
4;22;0;0
4;23;0;0
4;24;0;0
4;25;0;0
4;26;0;0
4;27;0;0
4;28;0;0
4;29;0;0
4;30;0;0
4;31;0;0
4;32;0;0
4;33;0;0
4;34;0;0
4;35;0;0
4;36;0;0
4;37;0;0
4;38;0;0
4;39;0;0
4;40;0;0
4;41;0;0
4;42;0;0
4;43;0;0
4;44;0;0
4;45;0;0
4;46;0;0
4;47;0;0
4;48;0;0
4;49;0;0
4;50;0;0
4;51;0;0
4;52;0;0
4;53;0;0
4;54;0;0
4;55;0;0
4;56;0;0
4;57;0;0
4;58;0;0
4;59;0;0
4;60;0;0
4;61;0;0
4;62;0;0
4;63;0;0
4;64;0;0
4;65;0;0
4;66;0;0
4;67;0;0
4;68;0;0
4;69;0;0
5;0;0;0
5;1;0;0
5;2;0;0
5;3;0;0
5;4;0;0
5;5;0;0
5;6;0;0
5;7;0;0
5;8;0;0
5;9;0;0
5;10;0;0
5;11;0;0
5;12;0;0
5;13;0;0
5;14;0;0
5;15;0;0
5;16;0;0
5;17;0;0
5;18;0;0
5;19;0;0
5;20;0;0
5;21;0;0
5;22;0;0
5;23;0;0
5;24;0;0
5;25;0;0
5;26;0;0
5;27;0;0
5;28;0;0
5;29;0;0
5;30;0;0
5;31;0;0
5;32;0;0
5;33;0;0
5;34;0;0
5;35;0;0
5;36;0;0
5;37;0;0
5;38;0;0
5;39;0;0
5;40;0;0
5;41;0;0
5;42;0;0
5;43;0;0
5;44;0;0
5;45;0;0
5;46;0;0
5;47;0;0
5;48;0;0
5;49;0;0
5;50;0;0
5;51;0;0
5;52;0;0
5;53;0;0
5;54;0;0
5;55;0;0
5;56;0;0
5;57;0;0
5;58;0;0
5;59;0;0
5;60;0;0
5;61;0;0
5;62;0;0
5;63;0;0
5;64;0;0
5;65;0;0
5;66;0;0
5;67;0;0
5;68;0;0
5;69;0;0
6;0;0;0
6;1;0;0
6;2;0;0
6;3;0;0
6;4;0;0
6;5;0;0
6;6;0;0
6;7;0;0
6;8;0;0
6;9;0;0
6;10;0;0
6;11;0;0
6;12;0;0
6;13;0;0
6;14;0;0
6;15;0;0
6;16;0;0
6;17;0;0
6;18;0;0
6;19;0;0
6;20;0;0
6;21;0;0
6;22;0;0
6;23;0;0
6;24;0;0
6;25;0;0
6;26;0;0
6;27;0;0
6;28;0;0
6;29;0;0
6;30;0;0
6;31;0;0
6;32;0;0
6;33;0;0
6;34;0;0
6;35;0;0
6;36;0;0
6;37;0;0
6;38;0;0
6;39;0;0
6;40;0;0
6;41;0;0
6;42;0;0
6;43;0;0
6;44;0;0
6;45;0;0
6;46;0;0
6;47;0;0
6;48;0;0
6;49;0;0
6;50;0;0
6;51;0;0
6;52;0;0
6;53;0;0
6;54;0;0
6;55;0;0
6;56;0;0
6;57;0;0
6;58;0;0
6;59;0;0
6;60;0;0
6;61;0;0
6;62;0;0
6;63;0;0
6;64;0;0
6;65;0;0
6;66;0;0
6;67;0;0
6;68;0;0
6;69;0;0
7;0;0;0
7;1;0;0
7;2;0;0
7;3;0;0
7;4;0;0
7;5;0;0
7;6;0;0
7;7;0;0
7;8;0;0
7;9;0;0
7;10;0;0
7;11;0;0
7;12;0;0
7;13;0;0
7;14;0;0
7;15;0;0
7;16;0;0
7;17;0;0
7;18;0;0
7;19;0;0
7;20;0;0
7;21;0;0
7;22;0;0
7;23;0;0
7;24;0;0
7;25;0;0
7;26;0;0
7;27;0;0
7;28;0;0
7;29;0;0
7;30;0;0
7;31;0;0
7;32;0;0
7;33;0;0
7;34;0;0
7;35;0;0
7;36;0;0
7;37;0;0
7;38;0;0
7;39;0;0
7;40;0;0
7;41;0;0
7;42;0;0
7;43;0;0
7;44;0;0
7;45;0;0
7;46;0;0
7;47;0;0
7;48;0;0
7;49;0;0
7;50;0;0
7;51;0;0
7;52;0;0
7;53;0;0
7;54;0;0
7;55;0;0
7;56;0;0
7;57;0;0
7;58;0;0
7;59;0;0
7;60;0;0
7;61;0;0
7;62;0;0
7;63;0;0
7;64;0;0
7;65;0;0
7;66;0;0
7;67;0;0
7;68;0;0
7;69;0;0
8;0;0;0
8;1;0;0
8;2;0;0
8;3;0;0
8;4;0;0
8;5;0;0
8;6;0;0
8;7;0;0
8;8;0;0
8;9;0;0
8;10;0;0
8;11;0;0
8;12;0;0
8;13;0;0
8;14;0;0
8;15;0;0
8;16;0;0
8;17;0;0
8;18;0;0
8;19;0;0
8;20;0;0
8;21;0;0
8;22;0;0
8;23;0;0
8;24;0;0
8;25;0;0
8;26;0;0
8;27;0;0
8;28;0;0
8;29;0;0
8;30;0;0
8;31;0;0
8;32;0;0
8;33;0;0
8;34;0;0
8;35;0;0
8;36;0;0
8;37;0;0
8;38;0;0
8;39;0;0
8;40;0;0
8;41;0;0
8;42;0;0
8;43;0;0
8;44;0;0
8;45;0;0
8;46;0;0
8;47;0;0
8;48;0;0
8;49;0;0
8;50;0;0
8;51;0;0
8;52;0;0
8;53;0;0
8;54;0;0
8;55;0;0
8;56;0;0
8;57;0;0
8;58;0;0
8;59;0;0
8;60;0;0
8;61;0;0
8;62;0;0
8;63;0;0
8;64;0;0
8;65;0;0
8;66;0;0
8;67;0;0
8;68;0;0
8;69;0;0
9;0;0;0
9;1;0;0
9;2;0;0
9;3;0;0
9;4;0;0
9;5;0;0
9;6;0;0
9;7;0;0
9;8;0;0
9;9;0;0
9;10;0;0
9;11;0;0
9;12;0;0
9;13;0;0
9;14;0;0
9;15;0;0
9;16;0;0
9;17;0;0
9;18;0;0
9;19;0;0
9;20;0;0
9;21;0;0
9;22;0;0
9;23;0;0
9;24;0;0
9;25;0;0
9;26;0;0
9;27;0;0
9;28;0;0
9;29;0;0
9;30;0;0
9;31;0;0
9;32;0;0
9;33;0;0
9;34;0;0
9;35;0;0
9;36;0;0
9;37;0;0
9;38;0;0
9;39;0;0
9;40;0;0
9;41;0;0
9;42;0;0
9;43;0;0
9;44;0;0
9;45;0;0
9;46;0;0
9;47;0;0
9;48;0;0
9;49;0;0
9;50;0;0
9;51;0;0
9;52;0;0
9;53;0;0
9;54;0;0
9;55;0;0
9;56;0;0
9;57;0;0
9;58;0;0
9;59;0;0
9;60;0;0
9;61;0;0
9;62;0;0
9;63;0;0
9;64;0;0
9;65;0;0
9;66;0;0
9;67;0;0
9;68;0;0
9;69;0;0
10;0;0;0
10;1;0;0
10;2;0;0
10;3;0;0
10;4;0;0
10;5;0;0
10;6;0;0
10;7;0;0
10;8;0;0
10;9;0;0
10;10;0;0
10;11;0;0
10;12;0;0
10;13;0;0
10;14;0;0
10;15;0;0
10;16;0;0
10;17;0;0
10;18;0;0
10;19;0;0
10;20;0;0
10;21;0;0
10;22;0;0
10;23;0;0
10;24;0;0
10;25;0;0
10;26;0;0
10;27;0;0
10;28;0;0
10;29;0;0
10;30;0;0
10;31;0;0
10;32;0;0
10;33;0;0
10;34;0;0
10;35;0;0
10;36;0;0
10;37;0;0
10;38;0;0
10;39;0;0
10;40;0;0
10;41;0;0
10;42;0;0
10;43;0;0
10;44;0;0
10;45;0;0
10;46;0;0
10;47;0;0
10;48;0;0
10;49;0;0
10;50;0;0
10;51;0;0
10;52;0;0
10;53;0;0
10;54;0;0
10;55;0;0
10;56;0;0
10;57;0;0
10;58;0;0
10;59;0;0
10;60;0;0
10;61;0;0
10;62;0;0
10;63;0;0
10;64;0;0
10;65;0;0
10;66;0;0
10;67;0;0
10;68;0;0
10;69;0;0
11;0;0;0
11;1;0;0
11;2;0;0
11;3;0;0
11;4;0;0
11;5;0;0
11;6;0;0
11;7;0;0
11;8;0;0
11;9;0;0
11;10;0;0
11;11;0;0
11;12;0;0
11;13;0;0
11;14;0;0
11;15;0;0
11;16;0;0
11;17;0;0
11;18;0;0
11;19;0;0
11;20;0;0
11;21;0;0
11;22;0;0
11;23;0;0
11;24;0;0
11;25;0;0
11;26;0;0
11;27;0;0
11;28;0;0
11;29;0;0
11;30;0;0
11;31;0;0
11;32;0;0
11;33;0;0
11;34;0;0
11;35;0;0
11;36;0;0
11;37;0;0
11;38;0;0
11;39;0;0
11;40;0;0
11;41;0;0
11;42;0;0
11;43;0;0
11;44;0;0
11;45;0;0
11;46;0;0
11;47;0;0
11;48;0;0
11;49;0;0
11;50;0;0
11;51;0;0
11;52;0;0
11;53;0;0
11;54;0;0
11;55;0;0
11;56;0;0
11;57;0;0
11;58;0;0
11;59;0;0
11;60;0;0
11;61;0;0
11;62;0;0
11;63;0;0
11;64;0;0
11;65;0;0
11;66;0;0
11;67;0;0
11;68;0;0
11;69;0;0
12;0;0;0
12;1;0;0
12;2;0;0
12;3;0;0
12;4;0;0
12;5;0;0
12;6;0;0
12;7;0;0
12;8;0;0
12;9;0;0
12;10;0;0
12;11;0;0
12;12;0;0
12;13;0;0
12;14;0;0
12;15;0;0
12;16;0;0
12;17;0;0
12;18;0;0
12;19;0;0
12;20;0;0
12;21;0;0
12;22;0;0
12;23;0;0
12;24;0;0
12;25;0;0
12;26;0;0
12;27;0;0
12;28;0;0
12;29;0;0
12;30;0;0
12;31;0;0
12;32;0;0
12;33;0;0
12;34;0;0
12;35;0;0
12;36;0;0
12;37;0;0
12;38;0;0
12;39;0;0
12;40;0;0
12;41;0;0
12;42;0;0
12;43;0;0
12;44;0;0
12;45;0;0
12;46;0;0
12;47;0;0
12;48;0;0
12;49;0;0
12;50;0;0
12;51;0;0
12;52;0;0
12;53;0;0
12;54;0;0
12;55;0;0
12;56;0;0
12;57;0;0
12;58;0;0
12;59;0;0
12;60;0;0
12;61;0;0
12;62;0;0
12;63;0;0
12;64;0;0
12;65;0;0
12;66;0;0
12;67;0;0
12;68;0;0
12;69;0;0
13;0;0;0
13;1;0;0
13;2;0;0
13;3;0;0
13;4;0;0
13;5;0;0
13;6;0;0
13;7;0;0
13;8;0;0
13;9;0;0
13;10;0;0
13;11;0;0
13;12;0;0
13;13;0;0
13;14;0;0
13;15;0;0
13;16;0;0
13;17;0;0
13;18;0;0
13;19;0;0
13;20;0;0
13;21;0;0
13;22;0;0
13;23;0;0
13;24;0;0
13;25;0;0
13;26;0;0
13;27;0;0
13;28;0;0
13;29;0;0
13;30;0;0
13;31;0;0
13;32;0;0
13;33;0;0
13;34;0;0
13;35;0;0
13;36;0;0
13;37;0;0
13;38;0;0
13;39;0;0
13;40;0;0
13;41;0;0
13;42;0;0
13;43;0;0
13;44;0;0
13;45;0;0
13;46;0;0
13;47;0;0
13;48;0;0
13;49;0;0
13;50;0;0
13;51;0;0
13;52;0;0
13;53;0;0
13;54;0;0
13;55;0;0
13;56;0;0
13;57;0;0
13;58;0;0
13;59;0;0
13;60;0;0
13;61;0;0
13;62;0;0
13;63;0;0
13;64;0;0
13;65;0;0
13;66;0;0
13;67;0;0
13;68;0;0
13;69;0;0
14;0;0;0
14;1;0;0
14;2;0;0
14;3;0;0
14;4;0;0
14;5;0;0
14;6;0;0
14;7;0;0
14;8;0;0
14;9;0;0
14;10;0;0
14;11;0;0
14;12;0;0
14;13;0;0
14;14;0;0
14;15;0;0
14;16;0;0
14;17;0;0
14;18;0;0
14;19;0;0
14;20;0;0
14;21;0;0
14;22;0;0
14;23;0;0
14;24;0;0
14;25;0;0
14;26;0;0
14;27;0;0
14;28;0;0
14;29;0;0
14;30;0;0
14;31;0;0
14;32;0;0
14;33;0;0
14;34;0;0
14;35;0;0
14;36;0;0
14;37;0;0
14;38;0;0
14;39;0;0
14;40;0;0
14;41;0;0
14;42;0;0
14;43;0;0
14;44;0;0
14;45;0;0
14;46;0;0
14;47;0;0
14;48;0;0
14;49;0;0
14;50;0;0
14;51;0;0
14;52;0;0
14;53;0;0
14;54;0;0
14;55;0;0
14;56;0;0
14;57;0;0
14;58;0;0
14;59;0;0
14;60;0;0
14;61;0;0
14;62;0;0
14;63;0;0
14;64;0;0
14;65;0;0
14;66;0;0
14;67;0;0
14;68;0;0
14;69;0;0
15;0;0;0
15;1;0;0
15;2;0;0
15;3;0;0
15;4;0;0
15;5;0;0
15;6;0;0
15;7;0;0
15;8;0;0
15;9;0;0
15;10;0;0
15;11;0;0
15;12;0;0
15;13;0;0
15;14;0;0
15;15;0;0
15;16;0;0
15;17;0;0
15;18;0;0
15;19;0;0
15;20;0;0
15;21;0;0
15;22;0;0
15;23;0;0
15;24;0;0
15;25;0;0
15;26;0;0
15;27;0;0
15;28;0;0
15;29;0;0
15;30;0;0
15;31;0;0
15;32;0;0
15;33;0;0
15;34;0;0
15;35;0;0
15;36;0;0
15;37;0;0
15;38;0;0
15;39;0;0
15;40;0;0
15;41;0;0
15;42;0;0
15;43;0;0
15;44;0;0
15;45;0;0
15;46;0;0
15;47;0;0
15;48;0;0
15;49;0;0
15;50;0;0
15;51;0;0
15;52;0;0
15;53;0;0
15;54;0;0
15;55;0;0
15;56;0;0
15;57;0;0
15;58;0;0
15;59;0;0
15;60;0;0
15;61;0;0
15;62;0;0
15;63;0;0
15;64;0;0
15;65;0;0
15;66;0;0
15;67;0;0
15;68;0;0
15;69;0;0
16;0;0;0
16;1;0;0
16;2;0;0
16;3;0;0
16;4;0;0
16;5;0;0
16;6;0;0
16;7;0;0
16;8;0;0
16;9;0;0
16;10;0;0
16;11;0;0
16;12;0;0
16;13;0;0
16;14;0;0
16;15;0;0
16;16;0;0
16;17;0;0
16;18;0;0
16;19;0;0
16;20;0;0
16;21;0;0
16;22;0;0
16;23;0;0
16;24;0;0
16;25;0;0
16;26;0;0
16;27;0;0
16;28;0;0
16;29;0;0
16;30;0;0
16;31;0;0
16;32;0;0
16;33;0;0
16;34;0;0
16;35;0;0
16;36;0;0
16;37;0;0
16;38;0;0
16;39;0;0
16;40;0;0
16;41;0;0
16;42;0;0
16;43;0;0
16;44;0;0
16;45;0;0
16;46;0;0
16;47;0;0
16;48;0;0
16;49;0;0
16;50;0;0
16;51;0;0
16;52;0;0
16;53;0;0
16;54;0;0
16;55;0;0
16;56;0;0
16;57;0;0
16;58;0;0
16;59;0;0
16;60;0;0
16;61;0;0
16;62;0;0
16;63;0;0
16;64;0;0
16;65;0;0
16;66;0;0
16;67;0;0
16;68;0;0
16;69;0;0
17;0;0;0
17;1;0;0
17;2;0;0
17;3;0;0
17;4;0;0
17;5;0;0
17;6;0;0
17;7;0;0
17;8;0;0
17;9;0;0
17;10;0;0
17;11;0;0
17;12;0;0
17;13;0;0
17;14;0;0
17;15;0;0
17;16;0;0
17;17;0;0
17;18;0;0
17;19;0;0
17;20;0;0
17;21;0;0
17;22;0;0
17;23;0;0
17;24;0;0
17;25;0;0
17;26;0;0
17;27;0;0
17;28;0;0
17;29;0;0
17;30;0;0
17;31;0;0
17;32;0;0
17;33;0;0
17;34;0;0
17;35;0;0
17;36;0;0
17;37;0;0
17;38;0;0
17;39;0;0
17;40;0;0
17;41;0;0
17;42;0;0
17;43;0;0
17;44;0;0
17;45;0;0
17;46;0;0
17;47;0;0
17;48;0;0
17;49;0;0
17;50;0;0
17;51;0;0
17;52;0;0
17;53;0;0
17;54;0;0
17;55;0;0
17;56;0;0
17;57;0;0
17;58;0;0
17;59;0;0
17;60;0;0
17;61;0;0
17;62;0;0
17;63;0;0
17;64;0;0
17;65;0;0
17;66;0;0
17;67;0;0
17;68;0;0
17;69;0;0
18;0;0;0
18;1;0;0
18;2;0;0
18;3;0;0
18;4;0;0
18;5;0;0
18;6;0;0
18;7;0;0
18;8;0;0
18;9;0;0
18;10;0;0
18;11;0;0
18;12;0;0
18;13;0;0
18;14;0;0
18;15;0;0
18;16;0;0
18;17;0;0
18;18;0;0
18;19;0;0
18;20;0;0
18;21;0;0
18;22;0;0
18;23;0;0
18;24;0;0
18;25;0;0
18;26;0;0
18;27;0;0
18;28;0;0
18;29;0;0
18;30;0;0
18;31;0;0
18;32;0;0
18;33;0;0
18;34;0;0
18;35;0;0
18;36;0;0
18;37;0;0
18;38;0;0
18;39;0;0
18;40;0;0
18;41;0;0
18;42;0;0
18;43;0;0
18;44;0;0
18;45;0;0
18;46;0;0
18;47;0;0
18;48;0;0
18;49;0;0
18;50;0;0
18;51;0;0
18;52;0;0
18;53;0;0
18;54;0;0
18;55;0;0
18;56;0;0
18;57;0;0
18;58;0;0
18;59;0;0
18;60;0;0
18;61;0;0
18;62;0;0
18;63;0;0
18;64;0;0
18;65;0;0
18;66;0;0
18;67;0;0
18;68;0;0
18;69;0;0
19;0;7;0
19;1;7;0
19;2;7;0
19;3;7;0
19;4;7;0
19;5;7;0
19;6;7;0
19;7;7;0
19;8;7;0
19;9;7;0
19;10;7;0
19;11;7;0
19;12;7;0
19;13;7;0
19;14;7;0
19;15;7;0
19;16;7;0
19;17;7;0
19;18;7;0
19;19;7;0
19;20;7;0
19;21;7;0
19;22;7;0
19;23;7;0
19;24;7;0
19;25;7;0
19;26;7;0
19;27;7;0
19;28;7;0
19;29;7;0
19;30;7;0
19;31;7;0
19;32;7;0
19;33;7;0
19;34;7;0
19;35;7;0
19;36;7;0
19;37;7;0
19;38;7;0
19;39;7;0
19;40;7;0
19;41;7;0
19;42;7;0
19;43;7;0
19;44;7;0
19;45;7;0
19;46;7;0
19;47;7;0
19;48;7;0
19;49;7;0
19;50;0;0
19;51;0;0
19;52;0;0
19;53;0;0
19;54;0;0
19;55;0;0
19;56;0;0
19;57;0;0
19;58;0;0
19;59;0;0
19;60;0;0
19;61;0;0
19;62;0;0
19;63;0;0
19;64;0;0
19;65;0;0
19;66;0;0
19;67;0;0
19;68;0;0
19;69;0;0
20;0;7;0
20;1;7;0
20;2;7;0
20;3;7;0
20;4;7;0
20;5;7;0
20;6;7;0
20;7;7;0
20;8;7;0
20;9;7;0
20;10;7;0
20;11;7;0
20;12;7;0
20;13;7;0
20;14;7;0
20;15;7;0
20;16;7;0
20;17;7;0
20;18;7;0
20;19;7;0
20;20;7;0
20;21;7;0
20;22;7;0
20;23;7;0
20;24;7;0
20;25;7;0
20;26;7;0
20;27;7;0
20;28;40;0
20;29;40;0
20;30;40;0
20;31;40;0
20;32;40;0
20;33;40;0
20;34;40;0
20;35;40;0
20;36;40;0
20;37;40;0
20;38;40;0
20;39;40;0
20;40;40;0
20;41;40;0
20;42;40;0
20;43;40;0
20;44;40;0
20;45;40;0
20;46;40;0
20;47;7;0
20;48;7;0
20;49;7;0
20;50;0;0
20;51;0;0
20;52;0;0
20;53;0;0
20;54;0;0
20;55;0;0
20;56;0;0
20;57;0;0
20;58;0;0
20;59;0;0
20;60;0;0
20;61;0;0
20;62;0;0
20;63;0;0
20;64;0;0
20;65;0;0
20;66;0;0
20;67;0;0
20;68;0;0
20;69;0;0
21;0;7;0
21;1;7;0
21;2;7;0
21;3;7;0
21;4;7;0
21;5;7;0
21;6;7;0
21;7;7;0
21;8;7;0
21;9;7;0
21;10;7;0
21;11;7;0
21;12;7;0
21;13;7;0
21;14;7;0
21;15;7;0
21;16;7;0
21;17;7;0
21;18;7;0
21;19;7;0
21;20;7;0
21;21;7;0
21;22;7;0
21;23;7;0
21;24;7;0
21;25;7;0
21;26;7;0
21;27;7;0
21;28;40;0
21;29;40;0
21;30;40;0
21;31;40;0
21;32;40;0
21;33;40;0
21;34;40;0
21;35;40;0
21;36;40;0
21;37;40;0
21;38;40;0
21;39;40;0
21;40;40;0
21;41;40;0
21;42;40;0
21;43;40;0
21;44;40;0
21;45;40;0
21;46;40;0
21;47;7;0
21;48;7;0
21;49;7;0
21;50;0;0
21;51;0;0
21;52;0;0
21;53;0;0
21;54;0;0
21;55;0;0
21;56;0;0
21;57;0;0
21;58;0;0
21;59;0;0
21;60;0;0
21;61;0;0
21;62;0;0
21;63;0;0
21;64;0;0
21;65;0;0
21;66;0;0
21;67;0;0
21;68;0;0
21;69;0;0
22;0;7;0
22;1;7;0
22;2;7;0
22;3;7;0
22;4;7;0
22;5;7;0
22;6;7;0
22;7;7;0
22;8;7;0
22;9;7;0
22;10;7;0
22;11;7;0
22;12;7;0
22;13;7;0
22;14;7;0
22;15;7;0
22;16;7;0
22;17;7;0
22;18;7;0
22;19;7;0
22;20;7;0
22;21;7;0
22;22;7;0
22;23;7;0
22;24;7;0
22;25;7;0
22;26;7;0
22;27;7;0
22;28;40;0
22;29;40;0
22;30;40;0
22;31;40;0
22;32;40;0
22;33;40;0
22;34;40;0
22;35;40;0
22;36;40;0
22;37;40;0
22;38;40;0
22;39;40;0
22;40;40;0
22;41;40;0
22;42;40;0
22;43;40;0
22;44;40;0
22;45;40;0
22;46;40;0
22;47;7;0
22;48;7;0
22;49;7;0
22;50;7;0
22;51;7;0
22;52;7;0
22;53;7;0
22;54;7;0
22;55;7;0
22;56;7;0
22;57;0;0
22;58;0;0
22;59;0;0
22;60;0;0
22;61;0;0
22;62;0;0
22;63;0;0
22;64;0;0
22;65;0;0
22;66;0;0
22;67;0;0
22;68;0;0
22;69;0;0
23;0;7;0
23;1;7;0
23;2;7;0
23;3;7;0
23;4;7;0
23;5;7;0
23;6;7;0
23;7;7;0
23;8;7;0
23;9;7;0
23;10;7;0
23;11;7;0
23;12;7;0
23;13;7;0
23;14;7;0
23;15;7;0
23;16;7;0
23;17;7;0
23;18;7;0
23;19;7;0
23;20;7;0
23;21;7;0
23;22;7;0
23;23;7;0
23;24;7;0
23;25;7;0
23;26;7;0
23;27;7;0
23;28;40;0
23;29;40;0
23;30;40;0
23;31;40;0
23;32;40;0
23;33;40;0
23;34;40;0
23;35;40;0
23;36;40;0
23;37;40;0
23;38;40;0
23;39;40;0
23;40;40;0
23;41;40;0
23;42;40;0
23;43;40;0
23;44;40;0
23;45;40;0
23;46;40;0
23;47;7;0
23;48;7;0
23;49;7;0
23;50;7;0
23;51;7;0
23;52;7;0
23;53;7;0
23;54;7;0
23;55;7;0
23;56;7;0
23;57;0;0
23;58;0;0
23;59;0;0
23;60;0;0
23;61;0;0
23;62;0;0
23;63;0;0
23;64;0;0
23;65;0;0
23;66;0;0
23;67;0;0
23;68;0;0
23;69;0;0
24;0;7;0
24;1;7;0
24;2;7;0
24;3;7;0
24;4;7;0
24;5;7;0
24;6;7;0
24;7;7;0
24;8;7;0
24;9;7;0
24;10;7;0
24;11;7;0
24;12;7;0
24;13;7;0
24;14;7;0
24;15;7;0
24;16;7;0
24;17;7;0
24;18;7;0
24;19;7;0
24;20;7;0
24;21;7;0
24;22;7;0
24;23;7;0
24;24;7;0
24;25;7;0
24;26;7;0
24;27;7;0
24;28;40;0
24;29;40;0
24;30;40;0
24;31;40;0
24;32;40;0
24;33;40;0
24;34;40;0
24;35;40;0
24;36;40;0
24;37;40;0
24;38;40;0
24;39;40;0
24;40;40;0
24;41;40;0
24;42;40;0
24;43;40;0
24;44;40;0
24;45;40;0
24;46;40;0
24;47;7;0
24;48;7;0
24;49;7;0
24;50;7;0
24;51;7;0
24;52;7;0
24;53;7;0
24;54;7;0
24;55;7;0
24;56;7;0
24;57;0;0
24;58;0;0
24;59;0;0
24;60;0;0
24;61;0;0
24;62;0;0
24;63;0;0
24;64;0;0
24;65;0;0
24;66;0;0
24;67;0;0
24;68;0;0
24;69;0;0
25;0;7;0
25;1;7;0
25;2;7;0
25;3;7;0
25;4;7;0
25;5;7;0
25;6;7;0
25;7;7;0
25;8;7;0
25;9;7;0
25;10;7;0
25;11;7;0
25;12;7;0
25;13;7;0
25;14;7;0
25;15;7;0
25;16;7;0
25;17;7;0
25;18;7;0
25;19;7;0
25;20;7;0
25;21;7;0
25;22;7;0
25;23;7;0
25;24;7;0
25;25;7;0
25;26;7;0
25;27;7;0
25;28;40;0
25;29;40;0
25;30;40;0
25;31;40;0
25;32;40;0
25;33;40;0
25;34;40;0
25;35;40;0
25;36;40;0
25;37;40;0
25;38;40;0
25;39;40;0
25;40;40;0
25;41;40;0
25;42;40;0
25;43;40;0
25;44;40;0
25;45;40;0
25;46;40;0
25;47;7;0
25;48;7;0
25;49;7;0
25;50;7;0
25;51;7;0
25;52;7;0
25;53;7;0
25;54;7;0
25;55;7;0
25;56;7;0
25;57;0;0
25;58;0;0
25;59;0;0
25;60;0;0
25;61;0;0
25;62;0;0
25;63;0;0
25;64;0;0
25;65;0;0
25;66;0;0
25;67;0;0
25;68;0;0
25;69;0;0
26;0;7;0
26;1;7;0
26;2;7;0
26;3;7;0
26;4;7;0
26;5;7;0
26;6;7;0
26;7;7;0
26;8;7;0
26;9;7;0
26;10;7;0
26;11;7;0
26;12;7;0
26;13;7;0
26;14;7;0
26;15;7;0
26;16;7;0
26;17;7;0
26;18;7;0
26;19;7;0
26;20;7;0
26;21;7;0
26;22;7;0
26;23;7;0
26;24;7;0
26;25;7;0
26;26;7;0
26;27;40;0
26;28;40;0
26;29;40;0
26;30;40;0
26;31;40;0
26;32;40;0
26;33;40;0
26;34;40;0
26;35;40;0
26;36;40;0
26;37;40;0
26;38;40;0
26;39;40;0
26;40;40;0
26;41;40;0
26;42;40;0
26;43;40;0
26;44;40;0
26;45;40;0
26;46;40;0
26;47;7;0
26;48;7;0
26;49;7;0
26;50;7;0
26;51;7;0
26;52;7;0
26;53;7;0
26;54;7;0
26;55;7;0
26;56;7;0
26;57;0;0
26;58;0;0
26;59;0;0
26;60;0;0
26;61;0;0
26;62;0;0
26;63;0;0
26;64;0;0
26;65;0;0
26;66;0;0
26;67;0;0
26;68;0;0
26;69;0;0
27;0;7;0
27;1;7;0
27;2;7;0
27;3;7;0
27;4;7;0
27;5;7;0
27;6;7;0
27;7;7;0
27;8;7;0
27;9;7;0
27;10;7;0
27;11;7;0
27;12;7;0
27;13;7;0
27;14;7;0
27;15;7;0
27;16;7;0
27;17;7;0
27;18;7;0
27;19;7;0
27;20;7;0
27;21;7;0
27;22;7;0
27;23;7;0
27;24;7;0
27;25;7;0
27;26;40;0
27;27;40;0
27;28;40;0
27;29;40;0
27;30;40;0
27;31;40;0
27;32;40;0
27;33;40;0
27;34;40;0
27;35;40;0
27;36;40;0
27;37;40;0
27;38;40;0
27;39;40;0
27;40;40;0
27;41;40;0
27;42;40;0
27;43;40;0
27;44;40;0
27;45;40;0
27;46;40;0
27;47;7;0
27;48;7;0
27;49;7;0
27;50;7;0
27;51;7;0
27;52;7;0
27;53;7;0
27;54;7;0
27;55;7;0
27;56;7;0
27;57;7;0
27;58;7;0
27;59;7;0
27;60;7;0
27;61;7;0
27;62;7;0
27;63;0;0
27;64;0;0
27;65;0;0
27;66;0;0
27;67;0;0
27;68;0;0
27;69;0;0
28;0;7;0
28;1;7;0
28;2;7;0
28;3;7;0
28;4;7;0
28;5;7;0
28;6;7;0
28;7;7;0
28;8;7;0
28;9;7;0
28;10;19686;0
28;11;10470;0
28;12;10470;0
28;13;10470;0
28;14;10470;0
28;15;10470;0
28;16;10470;0
28;17;20710;0
28;18;7;0
28;19;7;0
28;20;7;0
28;21;7;0
28;22;7;0
28;23;7;0
28;24;7;0
28;25;40;0
28;26;40;0
28;27;40;0
28;28;40;0
28;29;40;0
28;30;40;0
28;31;40;0
28;32;40;0
28;33;40;0
28;34;40;0
28;35;40;0
28;36;40;0
28;37;40;0
28;38;40;0
28;39;40;0
28;40;40;0
28;41;40;0
28;42;40;0
28;43;40;0
28;44;40;0
28;45;40;0
28;46;40;0
28;47;7;0
28;48;7;0
28;49;7;0
28;50;7;0
28;51;7;0
28;52;55;0
28;53;55;0
28;54;55;0
28;55;55;0
28;56;55;0
28;57;55;0
28;58;55;0
28;59;7;0
28;60;7;0
28;61;7;0
28;62;7;0
28;63;0;0
28;64;0;0
28;65;0;0
28;66;0;0
28;67;0;0
28;68;0;0
28;69;0;0
29;0;7;0
29;1;7;0
29;2;7;0
29;3;7;0
29;4;7;0
29;5;7;0
29;6;7;0
29;7;7;0
29;8;7;0
29;9;17638;0
29;10;6;0
29;11;6;0
29;12;6;0
29;13;6;0
29;14;6;0
29;15;6;0
29;16;6;0
29;17;6;0
29;18;22758;0
29;19;7;0
29;20;7;0
29;21;7;0
29;22;7;0
29;23;7;0
29;24;40;0
29;25;40;0
29;26;40;0
29;27;40;0
29;28;40;0
29;29;40;0
29;30;7;0
29;31;7;0
29;32;7;0
29;33;7;0
29;34;7;0
29;35;7;0
29;36;7;0
29;37;7;0
29;38;7;0
29;39;7;0
29;40;7;0
29;41;40;0
29;42;40;0
29;43;40;0
29;44;40;0
29;45;40;0
29;46;40;0
29;47;7;0
29;48;7;0
29;49;7;0
29;50;7;0
29;51;7;0
29;52;55;0
29;53;55;0
29;54;55;0
29;55;55;0
29;56;55;0
29;57;55;0
29;58;55;0
29;59;7;0
29;60;7;0
29;61;7;0
29;62;7;0
29;63;0;0
29;64;0;0
29;65;0;0
29;66;0;0
29;67;0;0
29;68;0;0
29;69;0;0
30;0;7;0
30;1;7;0
30;2;7;0
30;3;7;0
30;4;7;0
30;5;7;0
30;6;7;0
30;7;7;0
30;8;7;0
30;9;9446;0
30;10;6;0
30;11;57;0
30;12;57;0
30;13;57;0
30;14;57;0
30;15;57;0
30;16;57;0
30;17;6;0
30;18;11494;0
30;19;7;0
30;20;7;0
30;21;40;0
30;22;40;0
30;23;40;0
30;24;40;0
30;25;40;0
30;26;40;0
30;27;40;0
30;28;40;0
30;29;40;0
30;30;7;0
30;31;7;0
30;32;7;0
30;33;7;0
30;34;7;0
30;35;7;0
30;36;7;0
30;37;7;0
30;38;7;0
30;39;7;0
30;40;7;0
30;41;40;0
30;42;40;0
30;43;40;0
30;44;40;0
30;45;40;0
30;46;40;0
30;47;7;0
30;48;7;0
30;49;7;0
30;50;7;0
30;51;7;0
30;52;55;0
30;53;55;0
30;54;55;0
30;55;55;0
30;56;55;0
30;57;55;0
30;58;55;0
30;59;7;0
30;60;7;0
30;61;7;0
30;62;7;0
30;63;0;0
30;64;0;0
30;65;0;0
30;66;0;0
30;67;0;0
30;68;0;0
30;69;0;0
31;0;7;0
31;1;7;0
31;2;7;0
31;3;7;0
31;4;7;0
31;5;7;0
31;6;7;0
31;7;7;0
31;8;7;0
31;9;9446;0
31;10;6;0
31;11;57;0
31;12;57;0
31;13;57;0
31;14;57;0
31;15;57;0
31;16;57;0
31;17;6;0
31;18;11494;0
31;19;7;0
31;20;7;0
31;21;40;0
31;22;40;0
31;23;40;0
31;24;40;0
31;25;40;0
31;26;40;0
31;27;40;0
31;28;40;0
31;29;40;0
31;30;7;0
31;31;7;0
31;32;7;0
31;33;7;0
31;34;7;0
31;35;7;0
31;36;7;0
31;37;7;0
31;38;7;0
31;39;7;0
31;40;7;0
31;41;40;0
31;42;40;0
31;43;40;0
31;44;40;0
31;45;40;0
31;46;40;0
31;47;7;0
31;48;7;0
31;49;7;0
31;50;7;0
31;51;7;0
31;52;55;0
31;53;55;0
31;54;55;0
31;55;55;0
31;56;55;0
31;57;55;0
31;58;55;0
31;59;7;0
31;60;7;0
31;61;7;0
31;62;7;0
31;63;0;0
31;64;0;0
31;65;0;0
31;66;0;0
31;67;0;0
31;68;0;0
31;69;0;0
32;0;7;0
32;1;7;0
32;2;7;0
32;3;7;0
32;4;7;0
32;5;7;0
32;6;7;0
32;7;7;0
32;8;7;0
32;9;9446;0
32;10;6;0
32;11;57;0
32;12;57;0
32;13;57;0
32;14;57;0
32;15;57;0
32;16;57;0
32;17;6;0
32;18;11494;0
32;19;7;0
32;20;7;0
32;21;40;0
32;22;40;0
32;23;40;0
32;24;40;0
32;25;40;0
32;26;40;0
32;27;40;0
32;28;40;0
32;29;40;0
32;30;7;0
32;31;7;0
32;32;7;0
32;33;7;0
32;34;7;0
32;35;7;0
32;36;7;0
32;37;7;0
32;38;7;0
32;39;7;0
32;40;7;0
32;41;7;0
32;42;7;0
32;43;7;0
32;44;7;0
32;45;7;0
32;46;7;0
32;47;7;0
32;48;7;0
32;49;7;0
32;50;7;0
32;51;7;0
32;52;55;0
32;53;55;0
32;54;55;0
32;55;55;0
32;56;55;0
32;57;55;0
32;58;55;0
32;59;7;0
32;60;7;0
32;61;7;0
32;62;6407;0
32;63;8;0
32;64;8;0
32;65;8;0
32;66;8;0
32;67;8;0
32;68;8;0
32;69;8;0
33;0;7;0
33;1;7;0
33;2;7;0
33;3;7;0
33;4;7;0
33;5;7;0
33;6;7;0
33;7;7;0
33;8;7;0
33;9;1254;0
33;10;6;0
33;11;57;0
33;12;57;0
33;13;57;0
33;14;57;0
33;15;57;0
33;16;57;0
33;17;6;0
33;18;11494;0
33;19;7;0
33;20;7;0
33;21;40;0
33;22;40;0
33;23;40;0
33;24;40;0
33;25;40;0
33;26;40;0
33;27;40;0
33;28;40;0
33;29;40;0
33;30;7;0
33;31;7;0
33;32;7;0
33;33;7;0
33;34;7;0
33;35;7;0
33;36;7;0
33;37;7;0
33;38;7;0
33;39;7;0
33;40;7;0
33;41;7;0
33;42;7;0
33;43;7;0
33;44;7;0
33;45;7;0
33;46;7;0
33;47;7;0
33;48;7;0
33;49;7;0
33;50;7;0
33;51;7;0
33;52;55;0
33;53;55;0
33;54;55;0
33;55;55;0
33;56;55;0
33;57;55;0
33;58;55;0
33;59;7;0
33;60;7;0
33;61;7;0
33;62;11527;0
33;63;8;0
33;64;8;0
33;65;8;0
33;66;8;0
33;67;8;0
33;68;8;0
33;69;8;0
34;0;7;0
34;1;7;0
34;2;7;0
34;3;7;0
34;4;19686;0
34;5;10470;0
34;6;10470;0
34;7;10470;0
34;8;3302;0
34;9;6;0
34;10;6;0
34;11;57;0
34;12;57;0
34;13;57;0
34;14;57;0
34;15;57;0
34;16;57;0
34;17;6;0
34;18;11494;0
34;19;7;0
34;20;7;0
34;21;40;0
34;22;40;0
34;23;40;0
34;24;40;0
34;25;40;0
34;26;40;0
34;27;40;0
34;28;40;0
34;29;40;0
34;30;7;0
34;31;7;0
34;32;7;0
34;33;7;0
34;34;7;0
34;35;7;0
34;36;7;0
34;37;7;0
34;38;7;0
34;39;7;0
34;40;7;0
34;41;7;0
34;42;7;0
34;43;7;0
34;44;7;0
34;45;7;0
34;46;7;0
34;47;7;0
34;48;7;0
34;49;7;0
34;50;7;0
34;51;7;0
34;52;40;0
34;53;40;0
34;54;40;0
34;55;40;0
34;56;40;0
34;57;40;0
34;58;40;0
34;59;7;0
34;60;7;0
34;61;7;0
34;62;11527;0
34;63;8;0
34;64;8;0
34;65;8;0
34;66;8;0
34;67;8;0
34;68;8;0
34;69;8;0
35;0;7;0
35;1;7;0
35;2;7;0
35;3;17638;0
35;4;6;0
35;5;57;0
35;6;57;0
35;7;57;0
35;8;57;0
35;9;57;0
35;10;57;0
35;11;57;0
35;12;57;0
35;13;57;0
35;14;57;0
35;15;57;0
35;16;57;0
35;17;6;0
35;18;11494;0
35;19;7;0
35;20;7;0
35;21;40;0
35;22;40;0
35;23;40;0
35;24;40;0
35;25;40;0
35;26;40;0
35;27;40;0
35;28;40;0
35;29;40;0
35;30;7;0
35;31;7;0
35;32;7;0
35;33;7;0
35;34;7;0
35;35;7;0
35;36;7;0
35;37;7;0
35;38;7;0
35;39;7;0
35;40;7;0
35;41;7;0
35;42;7;0
35;43;7;0
35;44;7;0
35;45;7;0
35;46;7;0
35;47;7;0
35;48;7;0
35;49;7;0
35;50;7;0
35;51;7;0
35;52;40;0
35;53;40;0
35;54;40;0
35;55;40;0
35;56;40;0
35;57;40;0
35;58;40;0
35;59;7;0
35;60;7;0
35;61;7;0
35;62;11527;0
35;63;8;0
35;64;8;0
35;65;8;0
35;66;0;0
35;67;0;0
35;68;0;0
35;69;0;0
36;0;7;0
36;1;7;0
36;2;7;0
36;3;9446;0
36;4;6;0
36;5;57;0
36;6;57;0
36;7;57;0
36;8;57;0
36;9;57;0
36;10;57;0
36;11;57;0
36;12;57;0
36;13;57;0
36;14;57;0
36;15;57;0
36;16;57;0
36;17;6;0
36;18;11494;0
36;19;7;0
36;20;7;0
36;21;7;0
36;22;7;0
36;23;7;0
36;24;7;0
36;25;2278;0
36;26;6374;0
36;27;7;0
36;28;7;0
36;29;7;0
36;30;7;0
36;31;7;0
36;32;7;0
36;33;7;0
36;34;7;0
36;35;7;0
36;36;7;0
36;37;7;0
36;38;7;0
36;39;7;0
36;40;7;0
36;41;7;0
36;42;7;0
36;43;7;0
36;44;7;0
36;45;7;0
36;46;7;0
36;47;7;0
36;48;7;0
36;49;7;0
36;50;7;0
36;51;7;0
36;52;40;0
36;53;40;0
36;54;40;0
36;55;40;0
36;56;40;0
36;57;40;0
36;58;40;0
36;59;7;0
36;60;7;0
36;61;7;0
36;62;11527;0
36;63;8;0
36;64;8;0
36;65;8;0
36;66;0;0
36;67;0;0
36;68;0;0
36;69;0;0
37;0;7;0
37;1;7;0
37;2;7;0
37;3;9446;0
37;4;6;0
37;5;57;0
37;6;57;0
37;7;57;0
37;8;57;0
37;9;57;0
37;10;57;0
37;11;57;0
37;12;57;0
37;13;57;0
37;14;57;0
37;15;57;0
37;16;57;0
37;17;6;0
37;18;5350;0
37;19;7;0
37;20;7;0
37;21;7;0
37;22;7;0
37;23;7;0
37;24;7;0
37;25;1254;0
37;26;11494;0
37;27;7;0
37;28;7;0
37;29;7;0
37;30;7;0
37;31;7;0
37;32;7;0
37;33;7;0
37;34;7;0
37;35;7;0
37;36;7;0
37;37;7;0
37;38;7;0
37;39;7;0
37;40;7;0
37;41;7;0
37;42;7;0
37;43;7;0
37;44;7;0
37;45;7;0
37;46;7;0
37;47;7;0
37;48;7;0
37;49;7;0
37;50;7;0
37;51;7;0
37;52;40;0
37;53;40;0
37;54;40;0
37;55;40;0
37;56;40;0
37;57;40;0
37;58;40;0
37;59;7;0
37;60;7;0
37;61;7;0
37;62;11527;0
37;63;8;0
37;64;8;0
37;65;8;0
37;66;0;0
37;67;0;0
37;68;0;0
37;69;0;0
38;0;7;0
38;1;7;0
38;2;7;0
38;3;9446;0
38;4;6;0
38;5;57;0
38;6;57;0
38;7;57;0
38;8;57;0
38;9;57;0
38;10;57;0
38;11;57;0
38;12;57;0
38;13;57;0
38;14;57;0
38;15;57;0
38;16;57;0
38;17;6;0
38;18;6;0
38;19;4326;0
38;20;10470;0
38;21;10470;0
38;22;10470;0
38;23;10470;0
38;24;3302;0
38;25;6;0
38;26;11494;0
38;27;7;0
38;28;7;0
38;29;7;0
38;30;7;0
38;31;7;0
38;32;7;0
38;33;7;0
38;34;7;0
38;35;7;0
38;36;7;0
38;37;7;0
38;38;7;0
38;39;7;0
38;40;7;0
38;41;7;0
38;42;7;0
38;43;7;0
38;44;7;0
38;45;7;0
38;46;7;0
38;47;7;0
38;48;7;0
38;49;7;0
38;50;7;0
38;51;7;0
38;52;40;0
38;53;40;0
38;54;40;0
38;55;40;0
38;56;40;0
38;57;40;0
38;58;40;0
38;59;7;0
38;60;7;0
38;61;7;0
38;62;11527;0
38;63;8;0
38;64;8;0
38;65;8;0
38;66;0;0
38;67;0;0
38;68;0;0
38;69;0;0
39;0;7;0
39;1;7;0
39;2;7;0
39;3;9446;0
39;4;6;0
39;5;57;0
39;6;57;0
39;7;57;0
39;8;57;0
39;9;57;0
39;10;57;0
39;11;57;0
39;12;57;0
39;13;57;0
39;14;57;0
39;15;57;0
39;16;57;0
39;17;6;0
39;18;6;0
39;19;6;0
39;20;6;0
39;21;6;0
39;22;6;0
39;23;6;0
39;24;6;0
39;25;6;0
39;26;5350;0
39;27;7;0
39;28;7;0
39;29;7;0
39;30;7;0
39;31;7;0
39;32;7;0
39;33;7;0
39;34;7;0
39;35;7;0
39;36;7;0
39;37;7;0
39;38;7;0
39;39;7;0
39;40;7;0
39;41;7;0
39;42;7;0
39;43;7;0
39;44;7;0
39;45;7;0
39;46;7;0
39;47;7;0
39;48;7;0
39;49;7;0
39;50;7;0
39;51;7;0
39;52;40;0
39;53;40;0
39;54;40;0
39;55;40;0
39;56;40;0
39;57;40;0
39;58;40;0
39;59;7;0
39;60;7;0
39;61;7;0
39;62;11527;0
39;63;8;0
39;64;8;0
39;65;8;0
39;66;0;0
39;67;0;0
39;68;0;0
39;69;0;0
40;0;7;0
40;1;7;0
40;2;7;0
40;3;9446;0
40;4;6;0
40;5;57;0
40;6;57;0
40;7;57;0
40;8;57;0
40;9;57;0
40;10;57;0
40;11;57;0
40;12;57;0
40;13;57;0
40;14;57;0
40;15;57;0
40;16;57;0
40;17;57;0
40;18;57;0
40;19;57;0
40;20;57;0
40;21;57;0
40;22;57;0
40;23;57;0
40;24;57;0
40;25;6;0
40;26;6;0
40;27;22758;0
40;28;7;0
40;29;7;0
40;30;7;0
40;31;7;0
40;32;7;0
40;33;7;0
40;34;7;0
40;35;7;0
40;36;7;0
40;37;7;0
40;38;7;0
40;39;7;0
40;40;7;0
40;41;7;0
40;42;7;0
40;43;7;0
40;44;7;0
40;45;7;0
40;46;7;0
40;47;7;0
40;48;7;0
40;49;7;0
40;50;7;0
40;51;7;0
40;52;40;0
40;53;40;0
40;54;40;0
40;55;40;0
40;56;40;0
40;57;40;0
40;58;40;0
40;59;7;0
40;60;7;0
40;61;7;0
40;62;5383;0
40;63;8;0
40;64;8;0
40;65;8;0
40;66;0;0
40;67;0;0
40;68;0;0
40;69;0;0
41;0;7;0
41;1;7;0
41;2;7;0
41;3;9446;0
41;4;6;0
41;5;57;0
41;6;57;0
41;7;57;0
41;8;57;0
41;9;57;0
41;10;57;0
41;11;57;0
41;12;57;0
41;13;57;0
41;14;57;0
41;15;57;0
41;16;57;0
41;17;57;0
41;18;57;0
41;19;57;0
41;20;57;0
41;21;57;0
41;22;57;0
41;23;57;0
41;24;57;0
41;25;6;0
41;26;6;0
41;27;11494;0
41;28;7;0
41;29;7;0
41;30;7;0
41;31;7;0
41;32;7;0
41;33;7;0
41;34;7;0
41;35;7;0
41;36;7;0
41;37;7;0
41;38;7;0
41;39;7;0
41;40;7;0
41;41;7;0
41;42;7;0
41;43;7;0
41;44;7;0
41;45;7;0
41;46;7;0
41;47;7;0
41;48;7;0
41;49;7;0
41;50;7;0
41;51;7;0
41;52;40;0
41;53;40;0
41;54;40;0
41;55;40;0
41;56;40;0
41;57;40;0
41;58;40;0
41;59;7;0
41;60;7;0
41;61;7;0
41;62;7;0
41;63;4359;0
41;64;7;0
41;65;7;0
41;66;7;0
41;67;7;0
41;68;7;0
41;69;7;0
42;0;7;0
42;1;7;0
42;2;7;0
42;3;9446;0
42;4;6;0
42;5;57;0
42;6;57;0
42;7;57;0
42;8;57;0
42;9;57;0
42;10;57;0
42;11;57;0
42;12;57;0
42;13;57;0
42;14;57;0
42;15;57;0
42;16;57;0
42;17;57;0
42;18;57;0
42;19;45;0
42;20;48;0
42;21;48;0
42;22;51;0
42;23;57;0
42;24;57;0
42;25;6;0
42;26;6;0
42;27;11494;0
42;28;7;0
42;29;7;0
42;30;7;0
42;31;7;0
42;32;7;0
42;33;7;0
42;34;7;0
42;35;7;0
42;36;7;0
42;37;7;0
42;38;7;0
42;39;7;0
42;40;7;0
42;41;7;0
42;42;7;0
42;43;7;0
42;44;7;0
42;45;7;0
42;46;7;0
42;47;7;0
42;48;7;0
42;49;7;0
42;50;7;0
42;51;7;0
42;52;7;0
42;53;7;0
42;54;7;0
42;55;7;0
42;56;7;0
42;57;7;0
42;58;7;0
42;59;7;0
42;60;7;0
42;61;7;0
42;62;7;0
42;63;7;0
42;64;7;0
42;65;7;0
42;66;7;0
42;67;7;0
42;68;7;0
42;69;7;0
43;0;7;0
43;1;7;0
43;2;7;0
43;3;9446;0
43;4;6;0
43;5;57;0
43;6;57;0
43;7;57;0
43;8;57;0
43;9;57;0
43;10;57;0
43;11;57;0
43;12;57;0
43;13;57;0
43;14;57;0
43;15;57;0
43;16;57;0
43;17;57;0
43;18;57;0
43;19;46;0
43;20;49;0
43;21;49;0
43;22;52;0
43;23;57;0
43;24;57;0
43;25;6;0
43;26;6;0
43;27;11494;0
43;28;7;0
43;29;7;0
43;30;7;0
43;31;7;0
43;32;7;0
43;33;7;0
43;34;7;0
43;35;7;0
43;36;7;0
43;37;7;0
43;38;7;0
43;39;7;0
43;40;7;0
43;41;7;0
43;42;7;0
43;43;7;0
43;44;7;0
43;45;7;0
43;46;7;0
43;47;7;0
43;48;7;0
43;49;7;0
43;50;7;0
43;51;7;0
43;52;7;0
43;53;7;0
43;54;7;0
43;55;7;0
43;56;7;0
43;57;7;0
43;58;7;0
43;59;7;0
43;60;7;0
43;61;7;0
43;62;7;0
43;63;7;0
43;64;7;0
43;65;7;0
43;66;7;0
43;67;7;0
43;68;7;0
43;69;7;0
44;0;7;0
44;1;7;0
44;2;7;0
44;3;9446;0
44;4;6;0
44;5;57;0
44;6;57;0
44;7;57;0
44;8;57;0
44;9;57;0
44;10;57;0
44;11;57;0
44;12;57;0
44;13;57;0
44;14;57;0
44;15;57;0
44;16;57;0
44;17;57;0
44;18;57;0
44;19;46;0
44;20;49;0
44;21;49;0
44;22;52;0
44;23;57;0
44;24;57;0
44;25;6;0
44;26;6;0
44;27;11494;0
44;28;7;0
44;29;7;0
44;30;7;0
44;31;7;0
44;32;7;0
44;33;7;0
44;34;7;0
44;35;7;0
44;36;7;0
44;37;7;0
44;38;7;0
44;39;7;0
44;40;7;0
44;41;7;0
44;42;7;0
44;43;7;0
44;44;7;0
44;45;7;0
44;46;7;0
44;47;7;0
44;48;7;0
44;49;7;0
44;50;7;0
44;51;7;0
44;52;7;0
44;53;7;0
44;54;7;0
44;55;7;0
44;56;7;0
44;57;7;0
44;58;7;0
44;59;7;0
44;60;7;0
44;61;7;0
44;62;7;0
44;63;7;0
44;64;7;0
44;65;7;0
44;66;7;0
44;67;7;0
44;68;7;0
44;69;7;0
45;0;7;0
45;1;7;0
45;2;7;0
45;3;9446;0
45;4;6;0
45;5;57;0
45;6;57;0
45;7;57;0
45;8;57;0
45;9;57;0
45;10;57;0
45;11;57;0
45;12;57;0
45;13;57;0
45;14;57;0
45;15;57;0
45;16;57;0
45;17;57;0
45;18;57;0
45;19;47;0
45;20;50;0
45;21;50;0
45;22;53;0
45;23;57;0
45;24;57;0
45;25;6;0
45;26;6;0
45;27;11494;0
45;28;7;0
45;29;7;0
45;30;7;0
45;31;7;0
45;32;7;0
45;33;7;0
45;34;7;0
45;35;7;0
45;36;7;0
45;37;7;0
45;38;7;0
45;39;7;0
45;40;7;0
45;41;7;0
45;42;7;0
45;43;7;0
45;44;7;0
45;45;7;0
45;46;7;0
45;47;7;0
45;48;7;0
45;49;7;0
45;50;7;0
45;51;7;0
45;52;7;0
45;53;7;0
45;54;7;0
45;55;7;0
45;56;7;0
45;57;7;0
45;58;7;0
45;59;7;0
45;60;7;0
45;61;7;0
45;62;7;0
45;63;7;0
45;64;7;0
45;65;7;0
45;66;7;0
45;67;7;0
45;68;7;0
45;69;7;0
46;0;7;0
46;1;7;0
46;2;7;0
46;3;9446;0
46;4;6;0
46;5;57;0
46;6;57;0
46;7;57;0
46;8;57;0
46;9;57;0
46;10;57;0
46;11;57;0
46;12;57;0
46;13;57;0
46;14;57;0
46;15;57;0
46;16;57;0
46;17;57;0
46;18;57;0
46;19;57;0
46;20;57;0
46;21;57;0
46;22;57;0
46;23;57;0
46;24;57;0
46;25;6;0
46;26;6;0
46;27;11494;0
46;28;7;0
46;29;7;0
46;30;7;0
46;31;7;0
46;32;7;0
46;33;6;0
46;34;7;0
46;35;7;0
46;36;7;0
46;37;7;0
46;38;7;0
46;39;7;0
46;40;7;0
46;41;7;0
46;42;7;0
46;43;7;0
46;44;7;0
46;45;7;0
46;46;7;0
46;47;7;0
46;48;7;0
46;49;7;0
46;50;7;0
46;51;7;0
46;52;7;0
46;53;7;0
46;54;7;0
46;55;7;0
46;56;7;0
46;57;7;0
46;58;7;0
46;59;7;0
46;60;7;0
46;61;7;0
46;62;7;0
46;63;7;0
46;64;7;0
46;65;7;0
46;66;7;0
46;67;7;0
46;68;7;0
46;69;7;0
47;0;7;0
47;1;7;0
47;2;7;0
47;3;9446;0
47;4;6;0
47;5;57;0
47;6;57;0
47;7;57;0
47;8;57;0
47;9;57;0
47;10;57;0
47;11;57;0
47;12;57;0
47;13;57;0
47;14;57;0
47;15;57;0
47;16;57;0
47;17;57;0
47;18;57;0
47;19;57;0
47;20;57;0
47;21;57;0
47;22;57;0
47;23;57;0
47;24;57;0
47;25;6;0
47;26;6;0
47;27;11494;0
47;28;7;0
47;29;7;0
47;30;7;0
47;31;7;0
47;32;7;0
47;33;7;0
47;34;7;0
47;35;7;0
47;36;7;0
47;37;7;0
47;38;7;0
47;39;7;0
47;40;7;0
47;41;7;0
47;42;7;0
47;43;7;0
47;44;7;0
47;45;7;0
47;46;7;0
47;47;7;0
47;48;7;0
47;49;7;0
47;50;7;0
47;51;7;0
47;52;7;0
47;53;7;0
47;54;7;0
47;55;7;0
47;56;7;0
47;57;7;0
47;58;7;0
47;59;7;0
47;60;7;0
47;61;7;0
47;62;7;0
47;63;7;0
47;64;7;0
47;65;7;0
47;66;7;0
47;67;7;0
47;68;7;0
47;69;7;0
48;0;7;0
48;1;7;0
48;2;7;0
48;3;9446;0
48;4;6;0
48;5;57;0
48;6;57;0
48;7;57;0
48;8;57;0
48;9;57;0
48;10;57;0
48;11;57;0
48;12;57;0
48;13;57;0
48;14;57;0
48;15;57;0
48;16;57;0
48;17;6;0
48;18;6;0
48;19;6;0
48;20;6;0
48;21;6;0
48;22;8422;0
48;23;12518;0
48;24;7398;0
48;25;6;0
48;26;6;0
48;27;11494;0
48;28;7;0
48;29;7;0
48;30;7;0
48;31;7;0
48;32;7;0
48;33;7;0
48;34;7;0
48;35;7;0
48;36;7;0
48;37;7;0
48;38;7;0
48;39;7;0
48;40;7;0
48;41;7;0
48;42;7;0
48;43;7;0
48;44;7;0
48;45;7;0
48;46;7;0
48;47;7;0
48;48;7;0
48;49;7;0
48;50;7;0
48;51;7;0
48;52;7;0
48;53;7;0
48;54;7;0
48;55;7;0
48;56;7;0
48;57;7;0
48;58;7;0
48;59;7;0
48;60;7;0
48;61;55;0
48;62;55;0
48;63;55;0
48;64;55;0
48;65;55;0
48;66;55;0
48;67;55;0
48;68;55;0
48;69;55;0
49;0;7;0
49;1;7;0
49;2;7;0
49;3;9446;0
49;4;6;0
49;5;57;0
49;6;57;0
49;7;57;0
49;8;57;0
49;9;57;0
49;10;57;0
49;11;57;0
49;12;57;0
49;13;57;0
49;14;57;0
49;15;57;0
49;16;57;0
49;17;6;0
49;18;6;0
49;19;8422;0
49;20;12518;0
49;21;24806;0
49;22;7;0
49;23;7;0
49;24;7;0
49;25;2278;0
49;26;6;0
49;27;11494;0
49;28;7;0
49;29;7;0
49;30;7;0
49;31;7;0
49;32;7;0
49;33;7;0
49;34;7;0
49;35;7;0
49;36;7;0
49;37;7;0
49;38;7;0
49;39;7;0
49;40;7;0
49;41;7;0
49;42;7;0
49;43;7;0
49;44;7;0
49;45;7;0
49;46;7;0
49;47;7;0
49;48;7;0
49;49;7;0
49;50;7;0
49;51;7;0
49;52;7;0
49;53;7;0
49;54;7;0
49;55;7;0
49;56;7;0
49;57;7;0
49;58;7;0
49;59;7;0
49;60;7;0
49;61;55;0
49;62;55;0
49;63;55;0
49;64;55;0
49;65;55;0
49;66;55;0
49;67;55;0
49;68;55;0
49;69;55;0
50;0;7;0
50;1;7;0
50;2;7;0
50;3;9446;0
50;4;6;0
50;5;57;0
50;6;57;0
50;7;57;0
50;8;57;0
50;9;57;0
50;10;57;0
50;11;57;0
50;12;57;0
50;13;57;0
50;14;57;0
50;15;57;0
50;16;57;0
50;17;6;0
50;18;6374;0
50;19;7;0
50;20;7;0
50;21;7;0
50;22;7;0
50;23;7;0
50;24;7;0
50;25;9446;0
50;26;6;0
50;27;21734;0
50;28;7;0
50;29;7;0
50;30;7;0
50;31;7;0
50;32;7;0
50;33;7;0
50;34;7;0
50;35;7;0
50;36;7;0
50;37;7;0
50;38;7;0
50;39;7;0
50;40;7;0
50;41;7;0
50;42;7;0
50;43;7;0
50;44;7;0
50;45;7;0
50;46;7;0
50;47;7;0
50;48;7;0
50;49;7;0
50;50;7;0
50;51;7;0
50;52;7;0
50;53;7;0
50;54;7;0
50;55;7;0
50;56;7;0
50;57;7;0
50;58;7;0
50;59;7;0
50;60;7;0
50;61;55;0
50;62;55;0
50;63;55;0
50;64;55;0
50;65;55;0
50;66;55;0
50;67;55;0
50;68;55;0
50;69;55;0
51;0;7;0
51;1;7;0
51;2;7;0
51;3;9446;0
51;4;6;0
51;5;57;0
51;6;57;0
51;7;57;0
51;8;57;0
51;9;57;0
51;10;57;0
51;11;57;0
51;12;57;0
51;13;57;0
51;14;57;0
51;15;57;0
51;16;57;0
51;17;6;0
51;18;21734;0
51;19;7;0
51;20;7;0
51;21;7;0
51;22;7;0
51;23;7;0
51;24;7;0
51;25;1254;0
51;26;6;0
51;27;7;0
51;28;7;0
51;29;7;0
51;30;7;0
51;31;7;0
51;32;7;0
51;33;7;0
51;34;7;0
51;35;7;0
51;36;7;0
51;37;7;0
51;38;7;0
51;39;7;0
51;40;7;0
51;41;7;0
51;42;7;0
51;43;7;0
51;44;7;0
51;45;7;0
51;46;7;0
51;47;7;0
51;48;7;0
51;49;7;0
51;50;7;0
51;51;7;0
51;52;7;0
51;53;7;0
51;54;7;0
51;55;7;0
51;56;7;0
51;57;7;0
51;58;7;0
51;59;7;0
51;60;7;0
51;61;55;0
51;62;55;0
51;63;55;0
51;64;55;0
51;65;55;0
51;66;55;0
51;67;55;0
51;68;55;0
51;69;55;0
52;0;7;0
52;1;7;0
52;2;7;0
52;3;18662;0
52;4;6;0
52;5;6;0
52;6;6;0
52;7;6;0
52;8;6;0
52;9;6;0
52;10;6;0
52;11;6;0
52;12;6;0
52;13;6;0
52;14;6;0
52;15;6;0
52;16;6;0
52;17;16614;0
52;18;7;0
52;19;7;0
52;20;40;0
52;21;40;0
52;22;40;0
52;23;40;0
52;24;40;0
52;25;6;0
52;26;6;0
52;27;40;0
52;28;40;0
52;29;40;0
52;30;40;0
52;31;40;0
52;32;7;0
52;33;7;0
52;34;40;0
52;35;40;0
52;36;40;0
52;37;40;0
52;38;7;0
52;39;7;0
52;40;40;0
52;41;40;0
52;42;40;0
52;43;40;0
52;44;40;0
52;45;7;0
52;46;7;0
52;47;7;0
52;48;7;0
52;49;7;0
52;50;7;0
52;51;7;0
52;52;7;0
52;53;7;0
52;54;7;0
52;55;7;0
52;56;7;0
52;57;7;0
52;58;7;0
52;59;7;0
52;60;7;0
52;61;55;0
52;62;55;0
52;63;55;0
52;64;55;0
52;65;55;0
52;66;55;0
52;67;55;0
52;68;55;0
52;69;55;0
53;0;7;0
53;1;7;0
53;2;7;0
53;3;7;0
53;4;23782;0
53;5;12518;0
53;6;12518;0
53;7;12518;0
53;8;12518;0
53;9;12518;0
53;10;12518;0
53;11;12518;0
53;12;12518;0
53;13;12518;0
53;14;12518;0
53;15;12518;0
53;16;24806;0
53;17;7;0
53;18;7;0
53;19;7;0
53;20;40;0
53;21;40;0
53;22;40;0
53;23;40;0
53;24;40;0
53;25;40;0
53;26;40;0
53;27;40;0
53;28;40;0
53;29;40;0
53;30;40;0
53;31;40;0
53;32;40;0
53;33;40;0
53;34;40;0
53;35;40;0
53;36;40;0
53;37;40;0
53;38;40;0
53;39;40;0
53;40;40;0
53;41;40;0
53;42;40;0
53;43;40;0
53;44;40;0
53;45;7;0
53;46;7;0
53;47;7;0
53;48;7;0
53;49;7;0
53;50;7;0
53;51;7;0
53;52;7;0
53;53;7;0
53;54;7;0
53;55;7;0
53;56;7;0
53;57;7;0
53;58;7;0
53;59;7;0
53;60;7;0
53;61;55;0
53;62;55;0
53;63;55;0
53;64;55;0
53;65;55;0
53;66;55;0
53;67;55;0
53;68;55;0
53;69;55;0
54;0;7;0
54;1;7;0
54;2;7;0
54;3;7;0
54;4;7;0
54;5;7;0
54;6;7;0
54;7;7;0
54;8;7;0
54;9;7;0
54;10;7;0
54;11;7;0
54;12;7;0
54;13;7;0
54;14;7;0
54;15;7;0
54;16;7;0
54;17;7;0
54;18;7;0
54;19;7;0
54;20;40;0
54;21;40;0
54;22;40;0
54;23;40;0
54;24;40;0
54;25;40;0
54;26;40;0
54;27;40;0
54;28;40;0
54;29;40;0
54;30;40;0
54;31;40;0
54;32;40;0
54;33;40;0
54;34;40;0
54;35;40;0
54;36;40;0
54;37;40;0
54;38;40;0
54;39;40;0
54;40;40;0
54;41;40;0
54;42;40;0
54;43;40;0
54;44;40;0
54;45;7;0
54;46;7;0
54;47;7;0
54;48;7;0
54;49;7;0
54;50;7;0
54;51;7;0
54;52;7;0
54;53;7;0
54;54;7;0
54;55;7;0
54;56;7;0
54;57;7;0
54;58;7;0
54;59;7;0
54;60;7;0
54;61;55;0
54;62;55;0
54;63;55;0
54;64;55;0
54;65;55;0
54;66;55;0
54;67;55;0
54;68;55;0
54;69;55;0
55;0;7;0
55;1;7;0
55;2;7;0
55;3;7;0
55;4;7;0
55;5;7;0
55;6;7;0
55;7;7;0
55;8;7;0
55;9;7;0
55;10;7;0
55;11;7;0
55;12;7;0
55;13;7;0
55;14;7;0
55;15;7;0
55;16;7;0
55;17;7;0
55;18;7;0
55;19;7;0
55;20;40;0
55;21;40;0
55;22;40;0
55;23;40;0
55;24;40;0
55;25;40;0
55;26;40;0
55;27;40;0
55;28;40;0
55;29;40;0
55;30;40;0
55;31;40;0
55;32;40;0
55;33;40;0
55;34;40;0
55;35;40;0
55;36;40;0
55;37;40;0
55;38;40;0
55;39;40;0
55;40;40;0
55;41;40;0
55;42;40;0
55;43;40;0
55;44;40;0
55;45;7;0
55;46;7;0
55;47;7;0
55;48;7;0
55;49;7;0
55;50;7;0
55;51;7;0
55;52;7;0
55;53;7;0
55;54;7;0
55;55;7;0
55;56;7;0
55;57;7;0
55;58;7;0
55;59;7;0
55;60;7;0
55;61;55;0
55;62;55;0
55;63;55;0
55;64;55;0
55;65;55;0
55;66;55;0
55;67;55;0
55;68;55;0
55;69;55;0
56;0;7;0
56;1;7;0
56;2;7;0
56;3;7;0
56;4;7;0
56;5;7;0
56;6;7;0
56;7;7;0
56;8;7;0
56;9;7;0
56;10;7;0
56;11;7;0
56;12;7;0
56;13;7;0
56;14;7;0
56;15;7;0
56;16;7;0
56;17;7;0
56;18;7;0
56;19;7;0
56;20;40;0
56;21;40;0
56;22;40;0
56;23;40;0
56;24;40;0
56;25;40;0
56;26;40;0
56;27;40;0
56;28;40;0
56;29;40;0
56;30;40;0
56;31;40;0
56;32;40;0
56;33;40;0
56;34;40;0
56;35;40;0
56;36;40;0
56;37;40;0
56;38;40;0
56;39;40;0
56;40;40;0
56;41;40;0
56;42;40;0
56;43;40;0
56;44;40;0
56;45;7;0
56;46;7;0
56;47;7;0
56;48;7;0
56;49;7;0
56;50;7;0
56;51;7;0
56;52;7;0
56;53;7;0
56;54;7;0
56;55;7;0
56;56;7;0
56;57;7;0
56;58;7;0
56;59;7;0
56;60;7;0
56;61;55;0
56;62;55;0
56;63;55;0
56;64;55;0
56;65;55;0
56;66;55;0
56;67;55;0
56;68;55;0
56;69;55;0
57;0;0;0
57;1;0;0
57;2;0;0
57;3;0;0
57;4;0;0
57;5;0;0
57;6;0;0
57;7;0;0
57;8;0;0
57;9;0;0
57;10;0;0
57;11;0;0
57;12;0;0
57;13;0;0
57;14;0;0
57;15;0;0
57;16;0;0
57;17;0;0
57;18;0;0
57;19;0;0
57;20;0;0
57;21;0;0
57;22;0;0
57;23;0;0
57;24;0;0
57;25;0;0
57;26;0;0
57;27;0;0
57;28;0;0
57;29;0;0
57;30;0;0
57;31;0;0
57;32;0;0
57;33;0;0
57;34;0;0
57;35;0;0
57;36;0;0
57;37;0;0
57;38;0;0
57;39;0;0
57;40;0;0
57;41;0;0
57;42;0;0
57;43;0;0
57;44;0;0
57;45;0;0
57;46;0;0
57;47;0;0
57;48;0;0
57;49;0;0
57;50;0;0
57;51;0;0
57;52;0;0
57;53;0;0
57;54;0;0
57;55;0;0
57;56;0;0
57;57;0;0
57;58;0;0
57;59;0;0
57;60;0;0
57;61;0;0
57;62;0;0
57;63;0;0
57;64;0;0
57;65;0;0
57;66;0;0
57;67;0;0
57;68;0;0
57;69;0;0
58;0;0;0
58;1;0;0
58;2;0;0
58;3;0;0
58;4;0;0
58;5;0;0
58;6;0;0
58;7;0;0
58;8;0;0
58;9;0;0
58;10;0;0
58;11;0;0
58;12;0;0
58;13;0;0
58;14;0;0
58;15;0;0
58;16;0;0
58;17;0;0
58;18;0;0
58;19;0;0
58;20;0;0
58;21;0;0
58;22;0;0
58;23;0;0
58;24;0;0
58;25;0;0
58;26;0;0
58;27;0;0
58;28;0;0
58;29;0;0
58;30;0;0
58;31;0;0
58;32;0;0
58;33;0;0
58;34;0;0
58;35;0;0
58;36;0;0
58;37;0;0
58;38;0;0
58;39;0;0
58;40;0;0
58;41;0;0
58;42;0;0
58;43;0;0
58;44;0;0
58;45;0;0
58;46;0;0
58;47;0;0
58;48;0;0
58;49;0;0
58;50;0;0
58;51;0;0
58;52;0;0
58;53;0;0
58;54;0;0
58;55;0;0
58;56;0;0
58;57;0;0
58;58;0;0
58;59;0;0
58;60;0;0
58;61;0;0
58;62;0;0
58;63;0;0
58;64;0;0
58;65;0;0
58;66;0;0
58;67;0;0
58;68;0;0
58;69;0;0
59;0;0;0
59;1;0;0
59;2;0;0
59;3;0;0
59;4;0;0
59;5;0;0
59;6;0;0
59;7;0;0
59;8;0;0
59;9;0;0
59;10;0;0
59;11;0;0
59;12;0;0
59;13;0;0
59;14;0;0
59;15;0;0
59;16;0;0
59;17;0;0
59;18;0;0
59;19;0;0
59;20;0;0
59;21;0;0
59;22;0;0
59;23;0;0
59;24;0;0
59;25;0;0
59;26;0;0
59;27;0;0
59;28;0;0
59;29;0;0
59;30;0;0
59;31;0;0
59;32;0;0
59;33;0;0
59;34;0;0
59;35;0;0
59;36;0;0
59;37;0;0
59;38;0;0
59;39;0;0
59;40;0;0
59;41;0;0
59;42;0;0
59;43;0;0
59;44;0;0
59;45;0;0
59;46;0;0
59;47;0;0
59;48;0;0
59;49;0;0
59;50;0;0
59;51;0;0
59;52;0;0
59;53;0;0
59;54;0;0
59;55;0;0
59;56;0;0
59;57;0;0
59;58;0;0
59;59;0;0
59;60;0;0
59;61;0;0
59;62;0;0
59;63;0;0
59;64;0;0
59;65;0;0
59;66;0;0
59;67;0;0
59;68;0;0
59;69;0;0
60;0;0;0
60;1;0;0
60;2;0;0
60;3;0;0
60;4;0;0
60;5;0;0
60;6;0;0
60;7;0;0
60;8;0;0
60;9;0;0
60;10;0;0
60;11;0;0
60;12;0;0
60;13;0;0
60;14;0;0
60;15;0;0
60;16;0;0
60;17;0;0
60;18;0;0
60;19;0;0
60;20;0;0
60;21;0;0
60;22;0;0
60;23;0;0
60;24;0;0
60;25;0;0
60;26;0;0
60;27;0;0
60;28;0;0
60;29;0;0
60;30;0;0
60;31;0;0
60;32;0;0
60;33;0;0
60;34;0;0
60;35;0;0
60;36;0;0
60;37;0;0
60;38;0;0
60;39;0;0
60;40;0;0
60;41;0;0
60;42;0;0
60;43;0;0
60;44;0;0
60;45;0;0
60;46;0;0
60;47;0;0
60;48;0;0
60;49;0;0
60;50;0;0
60;51;0;0
60;52;0;0
60;53;0;0
60;54;0;0
60;55;0;0
60;56;0;0
60;57;0;0
60;58;0;0
60;59;0;0
60;60;0;0
60;61;0;0
60;62;0;0
60;63;0;0
60;64;0;0
60;65;0;0
60;66;0;0
60;67;0;0
60;68;0;0
60;69;0;0
61;0;0;0
61;1;0;0
61;2;0;0
61;3;0;0
61;4;0;0
61;5;0;0
61;6;0;0
61;7;0;0
61;8;0;0
61;9;0;0
61;10;0;0
61;11;0;0
61;12;0;0
61;13;0;0
61;14;0;0
61;15;0;0
61;16;0;0
61;17;0;0
61;18;0;0
61;19;0;0
61;20;0;0
61;21;0;0
61;22;0;0
61;23;0;0
61;24;0;0
61;25;0;0
61;26;0;0
61;27;0;0
61;28;0;0
61;29;0;0
61;30;0;0
61;31;0;0
61;32;0;0
61;33;0;0
61;34;0;0
61;35;0;0
61;36;0;0
61;37;0;0
61;38;0;0
61;39;0;0
61;40;0;0
61;41;0;0
61;42;0;0
61;43;0;0
61;44;0;0
61;45;0;0
61;46;0;0
61;47;0;0
61;48;0;0
61;49;0;0
61;50;0;0
61;51;0;0
61;52;0;0
61;53;0;0
61;54;0;0
61;55;0;0
61;56;0;0
61;57;0;0
61;58;0;0
61;59;0;0
61;60;0;0
61;61;0;0
61;62;0;0
61;63;0;0
61;64;0;0
61;65;0;0
61;66;0;0
61;67;0;0
61;68;0;0
61;69;0;0
62;0;0;0
62;1;0;0
62;2;0;0
62;3;0;0
62;4;0;0
62;5;0;0
62;6;0;0
62;7;0;0
62;8;0;0
62;9;0;0
62;10;0;0
62;11;0;0
62;12;0;0
62;13;0;0
62;14;0;0
62;15;0;0
62;16;0;0
62;17;0;0
62;18;0;0
62;19;0;0
62;20;0;0
62;21;0;0
62;22;0;0
62;23;0;0
62;24;0;0
62;25;0;0
62;26;0;0
62;27;0;0
62;28;0;0
62;29;0;0
62;30;0;0
62;31;0;0
62;32;0;0
62;33;0;0
62;34;0;0
62;35;0;0
62;36;0;0
62;37;0;0
62;38;0;0
62;39;0;0
62;40;0;0
62;41;0;0
62;42;0;0
62;43;0;0
62;44;0;0
62;45;0;0
62;46;0;0
62;47;0;0
62;48;0;0
62;49;0;0
62;50;0;0
62;51;0;0
62;52;0;0
62;53;0;0
62;54;0;0
62;55;0;0
62;56;0;0
62;57;0;0
62;58;0;0
62;59;0;0
62;60;0;0
62;61;0;0
62;62;0;0
62;63;0;0
62;64;0;0
62;65;0;0
62;66;0;0
62;67;0;0
62;68;0;0
62;69;0;0
63;0;0;0
63;1;0;0
63;2;0;0
63;3;0;0
63;4;0;0
63;5;0;0
63;6;0;0
63;7;0;0
63;8;0;0
63;9;0;0
63;10;0;0
63;11;0;0
63;12;0;0
63;13;0;0
63;14;0;0
63;15;0;0
63;16;0;0
63;17;0;0
63;18;0;0
63;19;0;0
63;20;0;0
63;21;0;0
63;22;0;0
63;23;0;0
63;24;0;0
63;25;0;0
63;26;0;0
63;27;0;0
63;28;0;0
63;29;0;0
63;30;0;0
63;31;0;0
63;32;0;0
63;33;0;0
63;34;0;0
63;35;0;0
63;36;0;0
63;37;0;0
63;38;0;0
63;39;0;0
63;40;0;0
63;41;0;0
63;42;0;0
63;43;0;0
63;44;0;0
63;45;0;0
63;46;0;0
63;47;0;0
63;48;0;0
63;49;0;0
63;50;0;0
63;51;0;0
63;52;0;0
63;53;0;0
63;54;0;0
63;55;0;0
63;56;0;0
63;57;0;0
63;58;0;0
63;59;0;0
63;60;0;0
63;61;0;0
63;62;0;0
63;63;0;0
63;64;0;0
63;65;0;0
63;66;0;0
63;67;0;0
63;68;0;0
63;69;0;0
64;0;0;0
64;1;0;0
64;2;0;0
64;3;0;0
64;4;0;0
64;5;0;0
64;6;0;0
64;7;0;0
64;8;0;0
64;9;0;0
64;10;0;0
64;11;0;0
64;12;0;0
64;13;0;0
64;14;0;0
64;15;0;0
64;16;0;0
64;17;0;0
64;18;0;0
64;19;0;0
64;20;0;0
64;21;0;0
64;22;0;0
64;23;0;0
64;24;0;0
64;25;0;0
64;26;0;0
64;27;0;0
64;28;0;0
64;29;0;0
64;30;0;0
64;31;0;0
64;32;0;0
64;33;0;0
64;34;0;0
64;35;0;0
64;36;0;0
64;37;0;0
64;38;0;0
64;39;0;0
64;40;0;0
64;41;0;0
64;42;0;0
64;43;0;0
64;44;0;0
64;45;0;0
64;46;0;0
64;47;0;0
64;48;0;0
64;49;0;0
64;50;0;0
64;51;0;0
64;52;0;0
64;53;0;0
64;54;0;0
64;55;0;0
64;56;0;0
64;57;0;0
64;58;0;0
64;59;0;0
64;60;0;0
64;61;0;0
64;62;0;0
64;63;0;0
64;64;0;0
64;65;0;0
64;66;0;0
64;67;0;0
64;68;0;0
64;69;0;0
65;0;0;0
65;1;0;0
65;2;0;0
65;3;0;0
65;4;0;0
65;5;0;0
65;6;0;0
65;7;0;0
65;8;0;0
65;9;0;0
65;10;0;0
65;11;0;0
65;12;0;0
65;13;0;0
65;14;0;0
65;15;0;0
65;16;0;0
65;17;0;0
65;18;0;0
65;19;0;0
65;20;0;0
65;21;0;0
65;22;0;0
65;23;0;0
65;24;0;0
65;25;0;0
65;26;0;0
65;27;0;0
65;28;0;0
65;29;0;0
65;30;0;0
65;31;0;0
65;32;0;0
65;33;0;0
65;34;0;0
65;35;0;0
65;36;0;0
65;37;0;0
65;38;0;0
65;39;0;0
65;40;0;0
65;41;0;0
65;42;0;0
65;43;0;0
65;44;0;0
65;45;0;0
65;46;0;0
65;47;0;0
65;48;0;0
65;49;0;0
65;50;0;0
65;51;0;0
65;52;0;0
65;53;0;0
65;54;0;0
65;55;0;0
65;56;0;0
65;57;0;0
65;58;0;0
65;59;0;0
65;60;0;0
65;61;0;0
65;62;0;0
65;63;0;0
65;64;0;0
65;65;0;0
65;66;0;0
65;67;0;0
65;68;0;0
65;69;0;0
66;0;0;0
66;1;0;0
66;2;0;0
66;3;0;0
66;4;0;0
66;5;0;0
66;6;0;0
66;7;0;0
66;8;0;0
66;9;0;0
66;10;0;0
66;11;0;0
66;12;0;0
66;13;0;0
66;14;0;0
66;15;0;0
66;16;0;0
66;17;0;0
66;18;0;0
66;19;0;0
66;20;0;0
66;21;0;0
66;22;0;0
66;23;0;0
66;24;0;0
66;25;0;0
66;26;0;0
66;27;0;0
66;28;0;0
66;29;0;0
66;30;0;0
66;31;0;0
66;32;0;0
66;33;0;0
66;34;0;0
66;35;0;0
66;36;0;0
66;37;0;0
66;38;0;0
66;39;0;0
66;40;0;0
66;41;0;0
66;42;0;0
66;43;0;0
66;44;0;0
66;45;0;0
66;46;0;0
66;47;0;0
66;48;0;0
66;49;0;0
66;50;0;0
66;51;0;0
66;52;0;0
66;53;0;0
66;54;0;0
66;55;0;0
66;56;0;0
66;57;0;0
66;58;0;0
66;59;0;0
66;60;0;0
66;61;0;0
66;62;0;0
66;63;0;0
66;64;0;0
66;65;0;0
66;66;0;0
66;67;0;0
66;68;0;0
66;69;0;0
67;0;0;0
67;1;0;0
67;2;0;0
67;3;0;0
67;4;0;0
67;5;0;0
67;6;0;0
67;7;0;0
67;8;0;0
67;9;0;0
67;10;0;0
67;11;0;0
67;12;0;0
67;13;0;0
67;14;0;0
67;15;0;0
67;16;0;0
67;17;0;0
67;18;0;0
67;19;0;0
67;20;0;0
67;21;0;0
67;22;0;0
67;23;0;0
67;24;0;0
67;25;0;0
67;26;0;0
67;27;0;0
67;28;0;0
67;29;0;0
67;30;0;0
67;31;0;0
67;32;0;0
67;33;0;0
67;34;0;0
67;35;0;0
67;36;0;0
67;37;0;0
67;38;0;0
67;39;0;0
67;40;0;0
67;41;0;0
67;42;0;0
67;43;0;0
67;44;0;0
67;45;0;0
67;46;0;0
67;47;0;0
67;48;0;0
67;49;0;0
67;50;0;0
67;51;0;0
67;52;0;0
67;53;0;0
67;54;0;0
67;55;0;0
67;56;0;0
67;57;0;0
67;58;0;0
67;59;0;0
67;60;0;0
67;61;0;0
67;62;0;0
67;63;0;0
67;64;0;0
67;65;0;0
67;66;0;0
67;67;0;0
67;68;0;0
67;69;0;0
68;0;0;0
68;1;0;0
68;2;0;0
68;3;0;0
68;4;0;0
68;5;0;0
68;6;0;0
68;7;0;0
68;8;0;0
68;9;0;0
68;10;0;0
68;11;0;0
68;12;0;0
68;13;0;0
68;14;0;0
68;15;0;0
68;16;0;0
68;17;0;0
68;18;0;0
68;19;0;0
68;20;0;0
68;21;0;0
68;22;0;0
68;23;0;0
68;24;0;0
68;25;0;0
68;26;0;0
68;27;0;0
68;28;0;0
68;29;0;0
68;30;0;0
68;31;0;0
68;32;0;0
68;33;0;0
68;34;0;0
68;35;0;0
68;36;0;0
68;37;0;0
68;38;0;0
68;39;0;0
68;40;0;0
68;41;0;0
68;42;0;0
68;43;0;0
68;44;0;0
68;45;0;0
68;46;0;0
68;47;0;0
68;48;0;0
68;49;0;0
68;50;0;0
68;51;0;0
68;52;0;0
68;53;0;0
68;54;0;0
68;55;0;0
68;56;0;0
68;57;0;0
68;58;0;0
68;59;0;0
68;60;0;0
68;61;0;0
68;62;0;0
68;63;0;0
68;64;0;0
68;65;0;0
68;66;0;0
68;67;0;0
68;68;0;0
68;69;0;0
69;0;0;0
69;1;0;0
69;2;0;0
69;3;0;0
69;4;0;0
69;5;0;0
69;6;0;0
69;7;0;0
69;8;0;0
69;9;0;0
69;10;0;0
69;11;0;0
69;12;0;0
69;13;0;0
69;14;0;0
69;15;0;0
69;16;0;0
69;17;0;0
69;18;0;0
69;19;0;0
69;20;0;0
69;21;0;0
69;22;0;0
69;23;0;0
69;24;0;0
69;25;0;0
69;26;0;0
69;27;0;0
69;28;0;0
69;29;0;0
69;30;0;0
69;31;0;0
69;32;0;0
69;33;0;0
69;34;0;0
69;35;0;0
69;36;0;0
69;37;0;0
69;38;0;0
69;39;0;0
69;40;0;0
69;41;0;0
69;42;0;0
69;43;0;0
69;44;0;0
69;45;0;0
69;46;0;0
69;47;0;0
69;48;0;0
69;49;0;0
69;50;0;0
69;51;0;0
69;52;0;0
69;53;0;0
69;54;0;0
69;55;0;0
69;56;0;0
69;57;0;0
69;58;0;0
69;59;0;0
69;60;0;0
69;61;0;0
69;62;0;0
69;63;0;0
69;64;0;0
69;65;0;0
69;66;0;0
69;67;0;0
69;68;0;0
69;69;0;0
