# Illarion Server
# 
# This program is free software: you can redistribute it and/or modify it under
# the terms of the GNU Affero General Public License as published by the Free
# Software Foundation, either version 3 of the License, or (at your option) any
# later version.
# 
# This program is distributed in the hope that it will be useful, but WITHOUT
# ANY WARRANTY; without even the implied warranty of MERCHANTABILITY or FITNESS
# FOR A PARTICULAR PURPOSE.  See the GNU Affero General Public License for more
# details.
# 
# You should have received a copy of the GNU Affero General Public License along
# with this program.  If not, see <http://www.gnu.org/licenses/>.
V: 2
L: -33
X: 247
Y: 473
W: 64
H: 64
0;0;0;2
1;0;0;2
2;0;0;2
3;0;18;2
4;0;18;2
5;0;18;2
6;0;18;2
7;0;18;2
8;0;18;2
9;0;18;2
10;0;18;2
11;0;18;2
12;0;18;2
13;0;18;2
14;0;18;2
15;0;18;2
16;0;18;2
17;0;18;2
18;0;18;2
19;0;18;2
20;0;18;2
21;0;18;2
22;0;18;2
23;0;18;2
24;0;18;2
25;0;18;2
26;0;18;2
27;0;18;2
28;0;18;2
29;0;18;2
30;0;18;2
31;0;18;2
32;0;18;2
33;0;18;2
34;0;18;2
35;0;18;2
36;0;18;2
37;0;18;2
38;0;18;2
39;0;18;2
40;0;18;2
41;0;18;2
42;0;18;2
43;0;18;2
44;0;18;2
45;0;18;2
46;0;18;2
47;0;18;2
48;0;18;2
49;0;18;2
50;0;18;2
51;0;18;2
52;0;18;2
53;0;18;2
54;0;18;2
55;0;18;2
56;0;18;2
57;0;18;2
58;0;18;2
59;0;18;2
60;0;18;2
61;0;18;2
62;0;18;2
63;0;18;2
0;1;0;2
1;1;0;2
2;1;0;2
3;1;18;2
4;1;18;2
5;1;18;2
6;1;18;2
7;1;18;2
8;1;18;2
9;1;18;2
10;1;18;2
11;1;18;2
12;1;18;2
13;1;18;2
14;1;18;2
15;1;18;2
16;1;18;2
17;1;18;2
18;1;18;2
19;1;18;2
20;1;18;2
21;1;18;2
22;1;18;2
23;1;18;2
24;1;18;2
25;1;18;2
26;1;18;2
27;1;18;2
28;1;18;2
29;1;18;2
30;1;18;2
31;1;18;2
32;1;18;2
33;1;18;2
34;1;18;2
35;1;18;2
36;1;18;2
37;1;18;2
38;1;18;2
39;1;18;2
40;1;18;2
41;1;18;2
42;1;18;2
43;1;18;2
44;1;18;2
45;1;18;2
46;1;18;2
47;1;18;2
48;1;18;2
49;1;18;2
50;1;18;2
51;1;18;2
52;1;18;2
53;1;18;2
54;1;18;2
55;1;18;2
56;1;18;2
57;1;18;2
58;1;18;2
59;1;18;2
60;1;18;2
61;1;18;2
62;1;18;2
63;1;18;2
0;2;0;2
1;2;0;2
2;2;0;2
3;2;18;2
4;2;18;2
5;2;18;2
6;2;18;2
7;2;18;2
8;2;18;2
9;2;18;2
10;2;18;2
11;2;18;2
12;2;18;2
13;2;18;2
14;2;18;2
15;2;18;2
16;2;18;2
17;2;18;2
18;2;18;2
19;2;18;2
20;2;18;2
21;2;18;2
22;2;18;2
23;2;18;2
24;2;18;2
25;2;18;2
26;2;18;2
27;2;18;2
28;2;18;2
29;2;18;2
30;2;18;2
31;2;18;2
32;2;18;2
33;2;18;2
34;2;18;2
35;2;18;2
36;2;18;2
37;2;18;2
38;2;18;2
39;2;18;2
40;2;18;2
41;2;18;2
42;2;18;2
43;2;18;2
44;2;18;2
45;2;18;2
46;2;18;2
47;2;18;2
48;2;18;2
49;2;18;2
50;2;18;2
51;2;18;2
52;2;18;2
53;2;18;2
54;2;18;2
55;2;18;2
56;2;18;2
57;2;18;2
58;2;18;2
59;2;18;2
60;2;18;2
61;2;18;2
62;2;18;2
63;2;18;2
0;3;0;2
1;3;0;2
2;3;0;2
3;3;18;2
4;3;18;2
5;3;18;2
6;3;18;2
7;3;18;2
8;3;18;2
9;3;18;2
10;3;18;2
11;3;18;2
12;3;18;2
13;3;18;2
14;3;18;2
15;3;18;2
16;3;18;2
17;3;18;2
18;3;18;2
19;3;18;2
20;3;18;2
21;3;18;2
22;3;18;2
23;3;18;2
24;3;18;2
25;3;18;2
26;3;18;2
27;3;18;2
28;3;18;2
29;3;18;2
30;3;18;2
31;3;18;2
32;3;18;2
33;3;18;2
34;3;18;2
35;3;18;2
36;3;18;2
37;3;18;2
38;3;18;2
39;3;18;2
40;3;18;2
41;3;18;2
42;3;18;2
43;3;18;2
44;3;18;2
45;3;18;2
46;3;18;2
47;3;18;2
48;3;18;2
49;3;18;2
50;3;18;2
51;3;18;2
52;3;18;2
53;3;18;2
54;3;18;2
55;3;18;2
56;3;18;2
57;3;18;2
58;3;18;2
59;3;18;2
60;3;18;2
61;3;18;2
62;3;18;2
63;3;18;2
0;4;0;2
1;4;0;2
2;4;0;2
3;4;18;2
4;4;18;2
5;4;18;2
6;4;18;2
7;4;18;2
8;4;18;2
9;4;18;2
10;4;18;2
11;4;18;2
12;4;18;2
13;4;18;2
14;4;18;2
15;4;18;2
16;4;18;2
17;4;18;2
18;4;18;2
19;4;18;2
20;4;18;2
21;4;18;2
22;4;18;2
23;4;18;2
24;4;18;2
25;4;18;2
26;4;18;2
27;4;18;2
28;4;18;2
29;4;18;2
30;4;18;2
31;4;18;2
32;4;18;2
33;4;18;2
34;4;18;2
35;4;18;2
36;4;18;2
37;4;18;2
38;4;18;2
39;4;18;2
40;4;18;2
41;4;18;2
42;4;18;2
43;4;18;2
44;4;18;2
45;4;18;2
46;4;18;2
47;4;18;2
48;4;18;2
49;4;18;2
50;4;18;2
51;4;18;2
52;4;18;2
53;4;18;2
54;4;18;2
55;4;18;2
56;4;18;2
57;4;18;2
58;4;18;2
59;4;18;2
60;4;18;2
61;4;18;2
62;4;18;2
63;4;18;2
0;5;0;2
1;5;0;2
2;5;0;2
3;5;18;2
4;5;18;2
5;5;18;2
6;5;18;2
7;5;18;2
8;5;18;2
9;5;18;2
10;5;18;2
11;5;18;2
12;5;18;2
13;5;18;2
14;5;18;2
15;5;18;2
16;5;18;2
17;5;18;2
18;5;18;2
19;5;18;2
20;5;18;2
21;5;18;2
22;5;18;2
23;5;18;2
24;5;18;2
25;5;18;2
26;5;18;2
27;5;18;2
28;5;18;2
29;5;18;2
30;5;18;2
31;5;18;2
32;5;18;2
33;5;18;2
34;5;18;2
35;5;18;2
36;5;18;2
37;5;18;2
38;5;18;2
39;5;18;2
40;5;18;2
41;5;18;2
42;5;18;2
43;5;18;2
44;5;18;2
45;5;18;2
46;5;18;2
47;5;18;2
48;5;18;2
49;5;18;2
50;5;18;2
51;5;18;2
52;5;18;2
53;5;18;2
54;5;18;2
55;5;18;2
56;5;18;2
57;5;18;2
58;5;18;2
59;5;18;2
60;5;18;2
61;5;18;2
62;5;18;2
63;5;18;2
0;6;0;2
1;6;0;2
2;6;0;2
3;6;18;2
4;6;18;2
5;6;18;2
6;6;18;2
7;6;18;2
8;6;18;2
9;6;18;2
10;6;18;2
11;6;18;2
12;6;18;2
13;6;18;2
14;6;18;2
15;6;18;2
16;6;18;2
17;6;18;2
18;6;18;2
19;6;18;2
20;6;18;2
21;6;18;2
22;6;18;2
23;6;18;2
24;6;18;2
25;6;18;2
26;6;18;2
27;6;18;2
28;6;18;2
29;6;18;2
30;6;18;2
31;6;18;2
32;6;18;2
33;6;18;2
34;6;18;2
35;6;18;2
36;6;18;2
37;6;18;2
38;6;18;2
39;6;18;2
40;6;18;2
41;6;18;2
42;6;18;2
43;6;18;2
44;6;18;2
45;6;18;2
46;6;18;2
47;6;18;2
48;6;18;2
49;6;18;2
50;6;18;2
51;6;18;2
52;6;18;2
53;6;18;2
54;6;18;2
55;6;18;2
56;6;18;2
57;6;18;2
58;6;18;2
59;6;18;2
60;6;18;2
61;6;18;2
62;6;18;2
63;6;18;2
0;7;0;2
1;7;0;2
2;7;0;2
3;7;18;2
4;7;18;2
5;7;18;2
6;7;18;2
7;7;18;2
8;7;18;2
9;7;18;2
10;7;18;2
11;7;18;2
12;7;18;2
13;7;18;2
14;7;18;2
15;7;18;2
16;7;18;2
17;7;18;2
18;7;18;2
19;7;18;2
20;7;18;2
21;7;18;2
22;7;18;2
23;7;18;2
24;7;18;2
25;7;18;2
26;7;18;2
27;7;18;2
28;7;18;2
29;7;18;2
30;7;18;2
31;7;18;2
32;7;18;2
33;7;18;2
34;7;18;2
35;7;18;2
36;7;18;2
37;7;18;2
38;7;18;2
39;7;18;2
40;7;18;2
41;7;18;2
42;7;18;2
43;7;18;2
44;7;18;2
45;7;18;2
46;7;18;2
47;7;18;2
48;7;18;2
49;7;18;2
50;7;18;2
51;7;18;2
52;7;18;2
53;7;18;2
54;7;18;2
55;7;18;2
56;7;18;2
57;7;18;2
58;7;18;2
59;7;18;2
60;7;18;2
61;7;18;2
62;7;18;2
63;7;18;2
0;8;0;2
1;8;0;2
2;8;0;2
3;8;18;2
4;8;18;2
5;8;18;2
6;8;18;2
7;8;18;2
8;8;18;2
9;8;18;2
10;8;18;2
11;8;18;2
12;8;18;2
13;8;18;2
14;8;18;2
15;8;18;2
16;8;18;2
17;8;18;2
18;8;18;2
19;8;18;2
20;8;18;2
21;8;18;2
22;8;18;2
23;8;18;2
24;8;18;2
25;8;18;2
26;8;18;2
27;8;18;2
28;8;18;2
29;8;18;2
30;8;18;2
31;8;18;2
32;8;18;2
33;8;18;2
34;8;18;2
35;8;18;2
36;8;18;2
37;8;18;2
38;8;18;2
39;8;18;2
40;8;18;2
41;8;18;2
42;8;18;2
43;8;18;2
44;8;18;2
45;8;18;2
46;8;18;2
47;8;18;2
48;8;18;2
49;8;18;2
50;8;18;2
51;8;18;2
52;8;18;2
53;8;18;2
54;8;18;2
55;8;18;2
56;8;18;2
57;8;18;2
58;8;18;2
59;8;18;2
60;8;18;2
61;8;18;2
62;8;18;2
63;8;18;2
0;9;0;2
1;9;0;2
2;9;0;2
3;9;18;2
4;9;18;2
5;9;18;2
6;9;18;2
7;9;18;2
8;9;18;2
9;9;18;2
10;9;18;2
11;9;18;2
12;9;18;2
13;9;18;2
14;9;18;2
15;9;18;2
16;9;18;2
17;9;18;2
18;9;18;2
19;9;18;2
20;9;18;2
21;9;18;2
22;9;18;2
23;9;18;2
24;9;18;2
25;9;18;2
26;9;18;2
27;9;18;2
28;9;18;2
29;9;18;2
30;9;18;2
31;9;18;2
32;9;18;2
33;9;18;2
34;9;18;2
35;9;18;2
36;9;18;2
37;9;18;2
38;9;18;2
39;9;18;2
40;9;18;2
41;9;18;2
42;9;18;2
43;9;18;2
44;9;18;2
45;9;18;2
46;9;18;2
47;9;18;2
48;9;18;2
49;9;18;2
50;9;18;2
51;9;18;2
52;9;18;2
53;9;18;2
54;9;18;2
55;9;18;2
56;9;18;2
57;9;18;2
58;9;18;2
59;9;18;2
60;9;18;2
61;9;18;2
62;9;18;2
63;9;18;2
0;10;0;2
1;10;0;2
2;10;0;2
3;10;18;2
4;10;18;2
5;10;18;2
6;10;18;2
7;10;18;2
8;10;18;2
9;10;18;2
10;10;18;2
11;10;18;2
12;10;18;2
13;10;18;2
14;10;18;2
15;10;18;2
16;10;18;2
17;10;18;2
18;10;18;2
19;10;18;2
20;10;18;2
21;10;18;2
22;10;18;2
23;10;18;2
24;10;18;2
25;10;18;2
26;10;18;2
27;10;18;2
28;10;18;2
29;10;18;2
30;10;18;2
31;10;18;2
32;10;18;2
33;10;18;2
34;10;18;2
35;10;18;2
36;10;18;2
37;10;18;2
38;10;18;2
39;10;18;2
40;10;18;2
41;10;18;2
42;10;18;2
43;10;18;2
44;10;18;2
45;10;18;2
46;10;18;2
47;10;18;2
48;10;18;2
49;10;18;2
50;10;18;2
51;10;18;2
52;10;18;2
53;10;18;2
54;10;18;2
55;10;18;2
56;10;18;2
57;10;18;2
58;10;18;2
59;10;18;2
60;10;18;2
61;10;18;2
62;10;18;2
63;10;18;2
0;11;0;2
1;11;0;2
2;11;0;2
3;11;18;2
4;11;18;2
5;11;18;2
6;11;18;2
7;11;18;2
8;11;18;2
9;11;18;2
10;11;18;2
11;11;18;2
12;11;18;2
13;11;18;2
14;11;18;2
15;11;18;2
16;11;18;2
17;11;18;2
18;11;18;2
19;11;18;2
20;11;18;2
21;11;18;2
22;11;18;2
23;11;18;2
24;11;18;2
25;11;18;2
26;11;18;2
27;11;18;2
28;11;18;2
29;11;18;2
30;11;18;2
31;11;18;2
32;11;18;2
33;11;18;2
34;11;18;2
35;11;18;2
36;11;18;2
37;11;18;2
38;11;18;2
39;11;18;2
40;11;18;2
41;11;18;2
42;11;18;2
43;11;18;2
44;11;18;2
45;11;18;2
46;11;18;2
47;11;18;2
48;11;18;2
49;11;18;2
50;11;18;2
51;11;18;2
52;11;18;2
53;11;18;2
54;11;18;2
55;11;18;2
56;11;18;2
57;11;18;2
58;11;18;2
59;11;18;2
60;11;18;2
61;11;18;2
62;11;18;2
63;11;18;2
0;12;0;2
1;12;0;2
2;12;0;2
3;12;18;2
4;12;18;2
5;12;18;2
6;12;18;2
7;12;18;2
8;12;18;2
9;12;18;2
10;12;18;2
11;12;18;2
12;12;18;2
13;12;18;2
14;12;18;2
15;12;18;2
16;12;18;2
17;12;18;2
18;12;18;2
19;12;18;2
20;12;18;2
21;12;18;2
22;12;18;2
23;12;18;2
24;12;18;2
25;12;18;2
26;12;18;2
27;12;18;2
28;12;18;2
29;12;18;2
30;12;18;2
31;12;18;2
32;12;18;2
33;12;18;2
34;12;18;2
35;12;18;2
36;12;18;2
37;12;18;2
38;12;18;2
39;12;18;2
40;12;18;2
41;12;18;2
42;12;18;2
43;12;18;2
44;12;18;2
45;12;18;2
46;12;18;2
47;12;18;2
48;12;18;2
49;12;18;2
50;12;18;2
51;12;18;2
52;12;18;2
53;12;18;2
54;12;18;2
55;12;18;2
56;12;18;2
57;12;18;2
58;12;18;2
59;12;18;2
60;12;18;2
61;12;18;2
62;12;18;2
63;12;18;2
0;13;0;2
1;13;0;2
2;13;0;2
3;13;18;2
4;13;18;2
5;13;18;2
6;13;18;2
7;13;18;2
8;13;18;2
9;13;18;2
10;13;18;2
11;13;18;2
12;13;18;2
13;13;18;2
14;13;18;2
15;13;18;2
16;13;18;2
17;13;18;2
18;13;18;2
19;13;18;2
20;13;18;2
21;13;18;2
22;13;18;2
23;13;18;2
24;13;18;2
25;13;18;2
26;13;18;2
27;13;18;2
28;13;18;2
29;13;18;2
30;13;18;2
31;13;18;2
32;13;18;2
33;13;18;2
34;13;18;2
35;13;18;2
36;13;18;2
37;13;18;2
38;13;18;2
39;13;18;2
40;13;18;2
41;13;18;2
42;13;18;2
43;13;18;2
44;13;18;2
45;13;18;2
46;13;18;2
47;13;18;2
48;13;18;2
49;13;18;2
50;13;18;2
51;13;18;2
52;13;18;2
53;13;18;2
54;13;18;2
55;13;18;2
56;13;18;2
57;13;18;2
58;13;18;2
59;13;18;2
60;13;18;2
61;13;18;2
62;13;18;2
63;13;18;2
0;14;0;2
1;14;0;2
2;14;0;2
3;14;18;2
4;14;18;2
5;14;18;2
6;14;18;2
7;14;18;2
8;14;18;2
9;14;18;2
10;14;18;2
11;14;18;2
12;14;18;2
13;14;18;2
14;14;18;2
15;14;18;2
16;14;18;2
17;14;18;2
18;14;18;2
19;14;18;2
20;14;18;2
21;14;18;2
22;14;18;2
23;14;18;2
24;14;18;2
25;14;18;2
26;14;18;2
27;14;18;2
28;14;18;2
29;14;18;2
30;14;18;2
31;14;18;2
32;14;18;2
33;14;18;2
34;14;18;2
35;14;18;2
36;14;18;2
37;14;18;2
38;14;18;2
39;14;18;2
40;14;18;2
41;14;18;2
42;14;18;2
43;14;18;2
44;14;18;2
45;14;18;2
46;14;18;2
47;14;18;2
48;14;18;2
49;14;18;2
50;14;18;2
51;14;18;2
52;14;18;2
53;14;18;2
54;14;18;2
55;14;18;2
56;14;18;2
57;14;18;2
58;14;18;2
59;14;18;2
60;14;18;2
61;14;18;2
62;14;18;2
63;14;18;2
0;15;0;2
1;15;0;2
2;15;0;2
3;15;18;2
4;15;18;2
5;15;18;2
6;15;18;2
7;15;18;2
8;15;18;2
9;15;18;2
10;15;18;2
11;15;18;2
12;15;18;2
13;15;18;2
14;15;18;2
15;15;18;2
16;15;18;2
17;15;18;2
18;15;18;2
19;15;18;2
20;15;18;2
21;15;18;2
22;15;18;2
23;15;18;2
24;15;18;2
25;15;18;2
26;15;18;2
27;15;18;2
28;15;18;2
29;15;18;2
30;15;18;2
31;15;18;2
32;15;18;2
33;15;18;2
34;15;18;2
35;15;18;2
36;15;18;2
37;15;18;2
38;15;18;2
39;15;18;2
40;15;18;2
41;15;18;2
42;15;18;2
43;15;18;2
44;15;18;2
45;15;18;2
46;15;18;2
47;15;18;2
48;15;18;2
49;15;18;2
50;15;18;2
51;15;18;2
52;15;18;2
53;15;18;2
54;15;18;2
55;15;18;2
56;15;18;2
57;15;18;2
58;15;18;2
59;15;18;2
60;15;18;2
61;15;18;2
62;15;18;2
63;15;18;2
0;16;0;2
1;16;0;2
2;16;0;2
3;16;18;2
4;16;18;2
5;16;18;2
6;16;18;2
7;16;18;2
8;16;18;2
9;16;18;2
10;16;18;2
11;16;18;2
12;16;18;2
13;16;18;2
14;16;18;2
15;16;18;2
16;16;0;2
17;16;0;2
18;16;0;2
19;16;0;2
20;16;0;2
21;16;0;2
22;16;0;2
23;16;0;2
24;16;0;2
25;16;0;2
26;16;0;2
27;16;0;2
28;16;0;2
29;16;0;2
30;16;18;2
31;16;18;2
32;16;18;2
33;16;18;2
34;16;0;2
35;16;0;2
36;16;0;2
37;16;0;2
38;16;0;2
39;16;0;2
40;16;0;2
41;16;0;2
42;16;0;2
43;16;0;2
44;16;0;2
45;16;0;2
46;16;0;2
47;16;0;2
48;16;18;2
49;16;18;2
50;16;18;2
51;16;18;2
52;16;18;2
53;16;18;2
54;16;18;2
55;16;18;2
56;16;18;2
57;16;18;2
58;16;18;2
59;16;18;2
60;16;18;2
61;16;18;2
62;16;18;2
63;16;18;2
0;17;0;2
1;17;0;2
2;17;0;2
3;17;18;2
4;17;18;2
5;17;18;2
6;17;18;2
7;17;18;2
8;17;18;2
9;17;18;2
10;17;18;2
11;17;18;2
12;17;18;2
13;17;18;2
14;17;18;2
15;17;18;2
16;17;0;2
17;17;0;2
18;17;0;2
19;17;0;2
20;17;0;2
21;17;0;2
22;17;0;2
23;17;0;2
24;17;0;2
25;17;0;2
26;17;0;2
27;17;0;2
28;17;0;2
29;17;0;2
30;17;18;2
31;17;18;2
32;17;18;2
33;17;18;2
34;17;0;2
35;17;0;2
36;17;0;2
37;17;0;2
38;17;0;2
39;17;0;2
40;17;0;2
41;17;0;2
42;17;0;2
43;17;0;2
44;17;0;2
45;17;0;2
46;17;0;2
47;17;0;2
48;17;18;2
49;17;18;2
50;17;18;2
51;17;18;2
52;17;18;2
53;17;18;2
54;17;18;2
55;17;18;2
56;17;18;2
57;17;18;2
58;17;18;2
59;17;18;2
60;17;18;2
61;17;18;2
62;17;18;2
63;17;18;2
0;18;0;2
1;18;0;2
2;18;0;2
3;18;18;2
4;18;18;2
5;18;18;2
6;18;18;2
7;18;18;2
8;18;18;2
9;18;18;2
10;18;18;2
11;18;18;2
12;18;18;2
13;18;18;2
14;18;18;2
15;18;18;2
16;18;0;2
17;18;0;2
18;18;0;2
19;18;0;2
20;18;0;2
21;18;0;2
22;18;0;2
23;18;0;2
24;18;0;2
25;18;0;2
26;18;0;2
27;18;0;2
28;18;0;2
29;18;0;2
30;18;18;2
31;18;18;2
32;18;18;2
33;18;18;2
34;18;0;2
35;18;0;2
36;18;0;2
37;18;0;2
38;18;0;2
39;18;0;2
40;18;0;2
41;18;0;2
42;18;0;2
43;18;0;2
44;18;0;2
45;18;0;2
46;18;0;2
47;18;0;2
48;18;18;2
49;18;18;2
50;18;18;2
51;18;18;2
52;18;18;2
53;18;18;2
54;18;18;2
55;18;18;2
56;18;18;2
57;18;18;2
58;18;18;2
59;18;18;2
60;18;18;2
61;18;18;2
62;18;18;2
63;18;18;2
0;19;0;2
1;19;0;2
2;19;0;2
3;19;18;2
4;19;18;2
5;19;18;2
6;19;18;2
7;19;18;2
8;19;18;2
9;19;18;2
10;19;18;2
11;19;18;2
12;19;18;2
13;19;18;2
14;19;18;2
15;19;18;2
16;19;0;2
17;19;0;2
18;19;0;2
19;19;0;2
20;19;0;2
21;19;0;2
22;19;0;2
23;19;0;2
24;19;0;2
25;19;0;2
26;19;0;2
27;19;0;2
28;19;0;2
29;19;0;2
30;19;18;2
31;19;18;2
32;19;18;2
33;19;18;2
34;19;0;2
35;19;0;2
36;19;0;2
37;19;0;2
38;19;0;2
39;19;0;2
40;19;0;2
41;19;0;2
42;19;0;2
43;19;0;2
44;19;0;2
45;19;0;2
46;19;0;2
47;19;0;2
48;19;18;2
49;19;18;2
50;19;18;2
51;19;18;2
52;19;18;2
53;19;18;2
54;19;18;2
55;19;18;2
56;19;18;2
57;19;18;2
58;19;18;2
59;19;18;2
60;19;18;2
61;19;18;2
62;19;18;2
63;19;18;2
0;20;0;2
1;20;0;2
2;20;0;2
3;20;18;2
4;20;18;2
5;20;18;2
6;20;18;2
7;20;18;2
8;20;18;2
9;20;18;2
10;20;18;2
11;20;18;2
12;20;18;2
13;20;18;2
14;20;18;2
15;20;18;2
16;20;0;2
17;20;0;2
18;20;0;2
19;20;0;2
20;20;0;2
21;20;0;2
22;20;0;2
23;20;0;2
24;20;0;2
25;20;0;2
26;20;0;2
27;20;0;2
28;20;0;2
29;20;0;2
30;20;18;2
31;20;18;2
32;20;18;2
33;20;18;2
34;20;0;2
35;20;0;2
36;20;0;2
37;20;0;2
38;20;0;2
39;20;0;2
40;20;0;2
41;20;0;2
42;20;0;2
43;20;0;2
44;20;0;2
45;20;0;2
46;20;0;2
47;20;0;2
48;20;18;2
49;20;18;2
50;20;18;2
51;20;18;2
52;20;18;2
53;20;18;2
54;20;18;2
55;20;18;2
56;20;18;2
57;20;18;2
58;20;18;2
59;20;18;2
60;20;18;2
61;20;18;2
62;20;18;2
63;20;18;2
0;21;0;2
1;21;0;2
2;21;0;2
3;21;18;2
4;21;18;2
5;21;18;2
6;21;18;2
7;21;18;2
8;21;18;2
9;21;18;2
10;21;18;2
11;21;18;2
12;21;18;2
13;21;18;2
14;21;18;2
15;21;18;2
16;21;0;2
17;21;0;2
18;21;0;2
19;21;0;2
20;21;0;2
21;21;0;2
22;21;0;2
23;21;0;2
24;21;0;2
25;21;0;2
26;21;0;2
27;21;0;2
28;21;0;2
29;21;0;2
30;21;18;2
31;21;18;2
32;21;18;2
33;21;18;2
34;21;0;2
35;21;0;2
36;21;0;2
37;21;0;2
38;21;0;2
39;21;0;2
40;21;0;2
41;21;0;2
42;21;0;2
43;21;0;2
44;21;0;2
45;21;0;2
46;21;0;2
47;21;0;2
48;21;18;2
49;21;18;2
50;21;18;2
51;21;18;2
52;21;18;2
53;21;18;2
54;21;18;2
55;21;18;2
56;21;18;2
57;21;18;2
58;21;18;2
59;21;18;2
60;21;18;2
61;21;18;2
62;21;18;2
63;21;18;2
0;22;0;2
1;22;0;2
2;22;0;2
3;22;18;2
4;22;18;2
5;22;18;2
6;22;18;2
7;22;18;2
8;22;18;2
9;22;18;2
10;22;18;2
11;22;18;2
12;22;18;2
13;22;18;2
14;22;18;2
15;22;18;2
16;22;0;2
17;22;0;2
18;22;0;2
19;22;0;2
20;22;0;2
21;22;0;2
22;22;0;2
23;22;0;2
24;22;0;2
25;22;0;2
26;22;0;2
27;22;0;2
28;22;0;2
29;22;0;2
30;22;18;2
31;22;18;2
32;22;18;2
33;22;18;2
34;22;0;2
35;22;0;2
36;22;0;2
37;22;0;2
38;22;0;2
39;22;0;2
40;22;0;2
41;22;0;2
42;22;0;2
43;22;0;2
44;22;0;2
45;22;0;2
46;22;0;2
47;22;0;2
48;22;18;2
49;22;18;2
50;22;18;2
51;22;18;2
52;22;18;2
53;22;18;2
54;22;18;2
55;22;18;2
56;22;18;2
57;22;18;2
58;22;18;2
59;22;18;2
60;22;18;2
61;22;18;2
62;22;18;2
63;22;18;2
0;23;0;2
1;23;0;2
2;23;0;2
3;23;18;2
4;23;18;2
5;23;18;2
6;23;18;2
7;23;18;2
8;23;18;2
9;23;18;2
10;23;18;2
11;23;18;2
12;23;18;2
13;23;18;2
14;23;18;2
15;23;18;2
16;23;0;2
17;23;0;2
18;23;0;2
19;23;0;2
20;23;0;2
21;23;0;2
22;23;0;2
23;23;42;2
24;23;42;2
25;23;42;2
26;23;42;2
27;23;42;2
28;23;42;2
29;23;42;2
30;23;18;2
31;23;18;2
32;23;18;2
33;23;18;2
34;23;42;2
35;23;42;2
36;23;42;2
37;23;42;2
38;23;42;2
39;23;42;2
40;23;42;2
41;23;0;2
42;23;0;2
43;23;0;2
44;23;0;2
45;23;0;2
46;23;0;2
47;23;0;2
48;23;18;2
49;23;18;2
50;23;18;2
51;23;18;2
52;23;18;2
53;23;18;2
54;23;18;2
55;23;18;2
56;23;18;2
57;23;18;2
58;23;18;2
59;23;18;2
60;23;18;2
61;23;18;2
62;23;18;2
63;23;18;2
0;24;0;2
1;24;0;2
2;24;0;2
3;24;18;2
4;24;18;2
5;24;18;2
6;24;18;2
7;24;18;2
8;24;18;2
9;24;18;2
10;24;18;2
11;24;18;2
12;24;18;2
13;24;18;2
14;24;18;2
15;24;18;2
16;24;0;2
17;24;0;2
18;24;0;2
19;24;0;2
20;24;0;2
21;24;0;2
22;24;0;2
23;24;42;2
24;24;55;2
25;24;55;2
26;24;55;2
27;24;55;2
28;24;55;2
29;24;55;2
30;24;18;2
31;24;18;2
32;24;18;2
33;24;18;2
34;24;55;2
35;24;55;2
36;24;55;2
37;24;55;2
38;24;55;2
39;24;55;2
40;24;42;2
41;24;0;2
42;24;0;2
43;24;0;2
44;24;0;2
45;24;0;2
46;24;0;2
47;24;0;2
48;24;18;2
49;24;18;2
50;24;18;2
51;24;18;2
52;24;18;2
53;24;18;2
54;24;18;2
55;24;18;2
56;24;18;2
57;24;18;2
58;24;18;2
59;24;18;2
60;24;18;2
61;24;18;2
62;24;18;2
63;24;18;2
0;25;0;2
1;25;0;2
2;25;0;2
3;25;18;2
4;25;18;2
5;25;18;2
6;25;18;2
7;25;18;2
8;25;18;2
9;25;18;2
10;25;18;2
11;25;18;2
12;25;18;2
13;25;18;2
14;25;18;2
15;25;18;2
16;25;0;2
17;25;0;2
18;25;0;2
19;25;0;2
20;25;0;2
21;25;0;2
22;25;0;2
23;25;42;2
24;25;55;2
25;25;55;2
26;25;55;2
27;25;55;2
28;25;55;2
29;25;55;2
30;25;18;2
31;25;18;2
32;25;18;2
33;25;18;2
34;25;55;2
35;25;55;2
36;25;55;2
37;25;55;2
38;25;55;2
39;25;55;2
40;25;42;2
41;25;0;2
42;25;0;2
43;25;0;2
44;25;0;2
45;25;0;2
46;25;0;2
47;25;0;2
48;25;18;2
49;25;18;2
50;25;18;2
51;25;18;2
52;25;18;2
53;25;18;2
54;25;18;2
55;25;18;2
56;25;18;2
57;25;18;2
58;25;18;2
59;25;18;2
60;25;18;2
61;25;18;2
62;25;18;2
63;25;18;2
0;26;0;2
1;26;0;2
2;26;0;2
3;26;18;2
4;26;18;2
5;26;18;2
6;26;18;2
7;26;18;2
8;26;18;2
9;26;18;2
10;26;18;2
11;26;18;2
12;26;18;2
13;26;18;2
14;26;18;2
15;26;18;2
16;26;0;2
17;26;0;2
18;26;0;2
19;26;0;2
20;26;0;2
21;26;0;2
22;26;0;2
23;26;42;2
24;26;55;2
25;26;55;2
26;26;55;2
27;26;55;2
28;26;55;2
29;26;55;2
30;26;18;2
31;26;18;2
32;26;18;2
33;26;18;2
34;26;55;2
35;26;55;2
36;26;55;2
37;26;55;2
38;26;55;2
39;26;55;2
40;26;42;2
41;26;0;2
42;26;0;2
43;26;0;2
44;26;0;2
45;26;0;2
46;26;0;2
47;26;0;2
48;26;18;2
49;26;18;2
50;26;18;2
51;26;18;2
52;26;18;2
53;26;18;2
54;26;18;2
55;26;18;2
56;26;18;2
57;26;18;2
58;26;18;2
59;26;18;2
60;26;18;2
61;26;18;2
62;26;18;2
63;26;18;2
0;27;0;2
1;27;0;2
2;27;0;2
3;27;18;2
4;27;18;2
5;27;18;2
6;27;18;2
7;27;18;2
8;27;18;2
9;27;18;2
10;27;18;2
11;27;18;2
12;27;18;2
13;27;18;2
14;27;18;2
15;27;18;2
16;27;0;2
17;27;0;2
18;27;0;2
19;27;0;2
20;27;0;2
21;27;0;2
22;27;0;2
23;27;42;2
24;27;55;2
25;27;55;2
26;27;55;2
27;27;55;2
28;27;55;2
29;27;55;2
30;27;18;2
31;27;18;2
32;27;18;2
33;27;18;2
34;27;55;2
35;27;55;2
36;27;55;2
37;27;55;2
38;27;55;2
39;27;55;2
40;27;42;2
41;27;0;2
42;27;0;2
43;27;0;2
44;27;0;2
45;27;0;2
46;27;0;2
47;27;0;2
48;27;18;2
49;27;18;2
50;27;18;2
51;27;18;2
52;27;18;2
53;27;18;2
54;27;18;2
55;27;18;2
56;27;18;2
57;27;18;2
58;27;18;2
59;27;18;2
60;27;18;2
61;27;18;2
62;27;18;2
63;27;18;2
0;28;0;2
1;28;0;2
2;28;0;2
3;28;18;2
4;28;18;2
5;28;18;2
6;28;18;2
7;28;18;2
8;28;18;2
9;28;18;2
10;28;18;2
11;28;18;2
12;28;18;2
13;28;18;2
14;28;18;2
15;28;18;2
16;28;0;2
17;28;0;2
18;28;0;2
19;28;0;2
20;28;0;2
21;28;0;2
22;28;0;2
23;28;42;2
24;28;55;2
25;28;55;2
26;28;55;2
27;28;55;2
28;28;55;2
29;28;55;2
30;28;18;2
31;28;18;2
32;28;18;2
33;28;18;2
34;28;55;2
35;28;55;2
36;28;55;2
37;28;55;2
38;28;55;2
39;28;55;2
40;28;42;2
41;28;0;2
42;28;0;2
43;28;0;2
44;28;0;2
45;28;0;2
46;28;0;2
47;28;0;2
48;28;18;2
49;28;18;2
50;28;18;2
51;28;18;2
52;28;18;2
53;28;18;2
54;28;18;2
55;28;18;2
56;28;18;2
57;28;18;2
58;28;18;2
59;28;18;2
60;28;18;2
61;28;18;2
62;28;18;2
63;28;18;2
0;29;0;2
1;29;0;2
2;29;0;2
3;29;18;2
4;29;18;2
5;29;18;2
6;29;18;2
7;29;18;2
8;29;18;2
9;29;18;2
10;29;18;2
11;29;18;2
12;29;18;2
13;29;18;2
14;29;18;2
15;29;18;2
16;29;0;2
17;29;0;2
18;29;0;2
19;29;0;2
20;29;0;2
21;29;0;2
22;29;0;2
23;29;42;2
24;29;55;2
25;29;55;2
26;29;55;2
27;29;55;2
28;29;55;2
29;29;55;2
30;29;18;2
31;29;18;2
32;29;18;2
33;29;18;2
34;29;55;2
35;29;55;2
36;29;55;2
37;29;55;2
38;29;55;2
39;29;55;2
40;29;42;2
41;29;0;2
42;29;0;2
43;29;0;2
44;29;0;2
45;29;0;2
46;29;0;2
47;29;0;2
48;29;18;2
49;29;18;2
50;29;18;2
51;29;18;2
52;29;18;2
53;29;18;2
54;29;18;2
55;29;18;2
56;29;18;2
57;29;18;2
58;29;18;2
59;29;18;2
60;29;18;2
61;29;18;2
62;29;18;2
63;29;18;2
0;30;0;2
1;30;0;2
2;30;0;2
3;30;18;2
4;30;18;2
5;30;18;2
6;30;18;2
7;30;18;2
8;30;18;2
9;30;18;2
10;30;18;2
11;30;18;2
12;30;18;2
13;30;18;2
14;30;18;2
15;30;18;2
16;30;18;2
17;30;18;2
18;30;18;2
19;30;18;2
20;30;18;2
21;30;18;2
22;30;18;2
23;30;18;2
24;30;18;2
25;30;18;2
26;30;18;2
27;30;18;2
28;30;18;2
29;30;18;2
30;30;18;2
31;30;18;2
32;30;18;2
33;30;18;2
34;30;18;2
35;30;18;2
36;30;18;2
37;30;18;2
38;30;18;2
39;30;18;2
40;30;18;2
41;30;18;2
42;30;18;2
43;30;18;2
44;30;18;2
45;30;18;2
46;30;18;2
47;30;18;2
48;30;18;2
49;30;18;2
50;30;18;2
51;30;18;2
52;30;18;2
53;30;18;2
54;30;18;2
55;30;18;2
56;30;18;2
57;30;18;2
58;30;18;2
59;30;18;2
60;30;18;2
61;30;18;2
62;30;18;2
63;30;18;2
0;31;0;2
1;31;0;2
2;31;0;2
3;31;18;2
4;31;18;2
5;31;18;2
6;31;18;2
7;31;18;2
8;31;18;2
9;31;18;2
10;31;18;2
11;31;18;2
12;31;18;2
13;31;18;2
14;31;18;2
15;31;18;2
16;31;18;2
17;31;18;2
18;31;18;2
19;31;18;2
20;31;18;2
21;31;18;2
22;31;18;2
23;31;18;2
24;31;18;2
25;31;18;2
26;31;18;2
27;31;18;2
28;31;18;2
29;31;18;2
30;31;18;2
31;31;18;2
32;31;18;2
33;31;18;2
34;31;18;2
35;31;18;2
36;31;18;2
37;31;18;2
38;31;18;2
39;31;18;2
40;31;18;2
41;31;18;2
42;31;18;2
43;31;18;2
44;31;18;2
45;31;18;2
46;31;18;2
47;31;18;2
48;31;18;2
49;31;18;2
50;31;18;2
51;31;18;2
52;31;18;2
53;31;18;2
54;31;18;2
55;31;18;2
56;31;18;2
57;31;18;2
58;31;18;2
59;31;18;2
60;31;18;2
61;31;18;2
62;31;18;2
63;31;18;2
0;32;0;2
1;32;0;2
2;32;0;2
3;32;18;2
4;32;18;2
5;32;18;2
6;32;18;2
7;32;18;2
8;32;18;2
9;32;18;2
10;32;18;2
11;32;18;2
12;32;18;2
13;32;18;2
14;32;18;2
15;32;18;2
16;32;18;2
17;32;18;2
18;32;18;2
19;32;18;2
20;32;18;2
21;32;18;2
22;32;18;2
23;32;18;2
24;32;18;2
25;32;18;2
26;32;18;2
27;32;18;2
28;32;18;2
29;32;18;2
30;32;18;2
31;32;18;2
32;32;18;2
33;32;18;2
34;32;18;2
35;32;18;2
36;32;18;2
37;32;18;2
38;32;18;2
39;32;18;2
40;32;18;2
41;32;18;2
42;32;18;2
43;32;18;2
44;32;18;2
45;32;18;2
46;32;18;2
47;32;18;2
48;32;18;2
49;32;18;2
50;32;18;2
51;32;18;2
52;32;18;2
53;32;18;2
54;32;18;2
55;32;18;2
56;32;18;2
57;32;18;2
58;32;18;2
59;32;18;2
60;32;18;2
61;32;18;2
62;32;18;2
63;32;18;2
0;33;0;2
1;33;0;2
2;33;0;2
3;33;18;2
4;33;18;2
5;33;18;2
6;33;18;2
7;33;18;2
8;33;18;2
9;33;18;2
10;33;18;2
11;33;18;2
12;33;18;2
13;33;18;2
14;33;18;2
15;33;18;2
16;33;18;2
17;33;18;2
18;33;18;2
19;33;18;2
20;33;18;2
21;33;18;2
22;33;18;2
23;33;18;2
24;33;18;2
25;33;18;2
26;33;18;2
27;33;18;2
28;33;18;2
29;33;18;2
30;33;18;2
31;33;18;2
32;33;18;2
33;33;18;2
34;33;18;2
35;33;18;2
36;33;18;2
37;33;18;2
38;33;18;2
39;33;18;2
40;33;18;2
41;33;18;2
42;33;18;2
43;33;18;2
44;33;18;2
45;33;18;2
46;33;18;2
47;33;18;2
48;33;18;2
49;33;18;2
50;33;18;2
51;33;18;2
52;33;18;2
53;33;18;2
54;33;18;2
55;33;18;2
56;33;18;2
57;33;18;2
58;33;18;2
59;33;18;2
60;33;18;2
61;33;18;2
62;33;18;2
63;33;18;2
0;34;0;2
1;34;0;2
2;34;0;2
3;34;18;2
4;34;18;2
5;34;18;2
6;34;18;2
7;34;18;2
8;34;18;2
9;34;18;2
10;34;18;2
11;34;18;2
12;34;18;2
13;34;18;2
14;34;18;2
15;34;18;2
16;34;0;2
17;34;0;2
18;34;0;2
19;34;0;2
20;34;0;2
21;34;0;2
22;34;0;2
23;34;42;2
24;34;55;2
25;34;55;2
26;34;55;2
27;34;55;2
28;34;55;2
29;34;55;2
30;34;18;2
31;34;18;2
32;34;18;2
33;34;18;2
34;34;55;2
35;34;55;2
36;34;55;2
37;34;55;2
38;34;55;2
39;34;55;2
40;34;42;2
41;34;0;2
42;34;0;2
43;34;0;2
44;34;0;2
45;34;0;2
46;34;0;2
47;34;0;2
48;34;18;2
49;34;18;2
50;34;18;2
51;34;18;2
52;34;18;2
53;34;18;2
54;34;18;2
55;34;18;2
56;34;18;2
57;34;18;2
58;34;18;2
59;34;18;2
60;34;18;2
61;34;18;2
62;34;18;2
63;34;18;2
0;35;0;2
1;35;0;2
2;35;0;2
3;35;18;2
4;35;18;2
5;35;18;2
6;35;18;2
7;35;18;2
8;35;18;2
9;35;18;2
10;35;18;2
11;35;18;2
12;35;18;2
13;35;18;2
14;35;18;2
15;35;18;2
16;35;0;2
17;35;0;2
18;35;0;2
19;35;0;2
20;35;0;2
21;35;0;2
22;35;0;2
23;35;42;2
24;35;55;2
25;35;55;2
26;35;55;2
27;35;55;2
28;35;55;2
29;35;55;2
30;35;18;2
31;35;18;2
32;35;18;2
33;35;18;2
34;35;55;2
35;35;55;2
36;35;55;2
37;35;55;2
38;35;55;2
39;35;55;2
40;35;42;2
41;35;0;2
42;35;0;2
43;35;0;2
44;35;0;2
45;35;0;2
46;35;0;2
47;35;0;2
48;35;18;2
49;35;18;2
50;35;18;2
51;35;18;2
52;35;18;2
53;35;18;2
54;35;18;2
55;35;18;2
56;35;18;2
57;35;18;2
58;35;18;2
59;35;18;2
60;35;18;2
61;35;18;2
62;35;18;2
63;35;18;2
0;36;0;2
1;36;0;2
2;36;0;2
3;36;18;2
4;36;18;2
5;36;18;2
6;36;18;2
7;36;18;2
8;36;18;2
9;36;18;2
10;36;18;2
11;36;18;2
12;36;18;2
13;36;18;2
14;36;18;2
15;36;18;2
16;36;0;2
17;36;0;2
18;36;0;2
19;36;0;2
20;36;0;2
21;36;0;2
22;36;0;2
23;36;42;2
24;36;55;2
25;36;55;2
26;36;55;2
27;36;55;2
28;36;55;2
29;36;55;2
30;36;18;2
31;36;18;2
32;36;18;2
33;36;18;2
34;36;55;2
35;36;55;2
36;36;55;2
37;36;55;2
38;36;55;2
39;36;55;2
40;36;42;2
41;36;0;2
42;36;0;2
43;36;0;2
44;36;0;2
45;36;0;2
46;36;0;2
47;36;0;2
48;36;18;2
49;36;18;2
50;36;18;2
51;36;18;2
52;36;18;2
53;36;18;2
54;36;18;2
55;36;18;2
56;36;18;2
57;36;18;2
58;36;18;2
59;36;18;2
60;36;18;2
61;36;18;2
62;36;18;2
63;36;18;2
0;37;0;2
1;37;0;2
2;37;0;2
3;37;18;2
4;37;18;2
5;37;18;2
6;37;18;2
7;37;18;2
8;37;18;2
9;37;18;2
10;37;18;2
11;37;18;2
12;37;18;2
13;37;18;2
14;37;18;2
15;37;18;2
16;37;0;2
17;37;0;2
18;37;0;2
19;37;0;2
20;37;0;2
21;37;0;2
22;37;0;2
23;37;42;2
24;37;55;2
25;37;55;2
26;37;55;2
27;37;55;2
28;37;55;2
29;37;55;2
30;37;18;2
31;37;18;2
32;37;18;2
33;37;18;2
34;37;55;2
35;37;55;2
36;37;55;2
37;37;55;2
38;37;55;2
39;37;55;2
40;37;42;2
41;37;0;2
42;37;0;2
43;37;0;2
44;37;0;2
45;37;0;2
46;37;0;2
47;37;0;2
48;37;18;2
49;37;18;2
50;37;18;2
51;37;18;2
52;37;18;2
53;37;18;2
54;37;18;2
55;37;18;2
56;37;18;2
57;37;18;2
58;37;18;2
59;37;18;2
60;37;18;2
61;37;18;2
62;37;18;2
63;37;18;2
0;38;0;2
1;38;0;2
2;38;0;2
3;38;18;2
4;38;18;2
5;38;18;2
6;38;18;2
7;38;18;2
8;38;18;2
9;38;18;2
10;38;18;2
11;38;18;2
12;38;18;2
13;38;18;2
14;38;18;2
15;38;18;2
16;38;0;2
17;38;0;2
18;38;0;2
19;38;0;2
20;38;0;2
21;38;0;2
22;38;0;2
23;38;42;2
24;38;55;2
25;38;55;2
26;38;55;2
27;38;55;2
28;38;55;2
29;38;55;2
30;38;18;2
31;38;18;2
32;38;18;2
33;38;18;2
34;38;55;2
35;38;55;2
36;38;55;2
37;38;55;2
38;38;55;2
39;38;55;2
40;38;42;2
41;38;0;2
42;38;0;2
43;38;0;2
44;38;0;2
45;38;0;2
46;38;0;2
47;38;0;2
48;38;18;2
49;38;18;2
50;38;18;2
51;38;18;2
52;38;18;2
53;38;18;2
54;38;18;2
55;38;18;2
56;38;18;2
57;38;18;2
58;38;18;2
59;38;18;2
60;38;18;2
61;38;18;2
62;38;18;2
63;38;18;2
0;39;0;2
1;39;0;2
2;39;0;2
3;39;18;2
4;39;18;2
5;39;18;2
6;39;18;2
7;39;18;2
8;39;18;2
9;39;18;2
10;39;18;2
11;39;18;2
12;39;18;2
13;39;18;2
14;39;18;2
15;39;18;2
16;39;0;2
17;39;0;2
18;39;0;2
19;39;0;2
20;39;0;2
21;39;0;2
22;39;0;2
23;39;42;2
24;39;55;2
25;39;55;2
26;39;55;2
27;39;55;2
28;39;55;2
29;39;55;2
30;39;18;2
31;39;18;2
32;39;18;2
33;39;18;2
34;39;55;2
35;39;55;2
36;39;55;2
37;39;55;2
38;39;55;2
39;39;55;2
40;39;42;2
41;39;0;2
42;39;0;2
43;39;0;2
44;39;0;2
45;39;0;2
46;39;0;2
47;39;0;2
48;39;18;2
49;39;18;2
50;39;18;2
51;39;18;2
52;39;18;2
53;39;18;2
54;39;18;2
55;39;18;2
56;39;18;2
57;39;18;2
58;39;18;2
59;39;18;2
60;39;18;2
61;39;18;2
62;39;18;2
63;39;18;2
0;40;0;2
1;40;0;2
2;40;0;2
3;40;18;2
4;40;18;2
5;40;18;2
6;40;18;2
7;40;18;2
8;40;18;2
9;40;18;2
10;40;18;2
11;40;18;2
12;40;18;2
13;40;18;2
14;40;18;2
15;40;18;2
16;40;0;2
17;40;0;2
18;40;0;2
19;40;0;2
20;40;0;2
21;40;0;2
22;40;0;2
23;40;42;2
24;40;42;2
25;40;42;2
26;40;42;2
27;40;42;2
28;40;42;2
29;40;42;2
30;40;18;2
31;40;18;2
32;40;18;2
33;40;18;2
34;40;42;2
35;40;42;2
36;40;42;2
37;40;42;2
38;40;42;2
39;40;42;2
40;40;42;2
41;40;0;2
42;40;0;2
43;40;0;2
44;40;0;2
45;40;0;2
46;40;0;2
47;40;0;2
48;40;18;2
49;40;18;2
50;40;18;2
51;40;18;2
52;40;18;2
53;40;18;2
54;40;18;2
55;40;18;2
56;40;18;2
57;40;18;2
58;40;18;2
59;40;18;2
60;40;18;2
61;40;18;2
62;40;18;2
63;40;18;2
0;41;0;2
1;41;0;2
2;41;0;2
3;41;18;2
4;41;18;2
5;41;18;2
6;41;18;2
7;41;18;2
8;41;18;2
9;41;18;2
10;41;18;2
11;41;18;2
12;41;18;2
13;41;18;2
14;41;18;2
15;41;18;2
16;41;0;2
17;41;0;2
18;41;0;2
19;41;0;2
20;41;0;2
21;41;0;2
22;41;0;2
23;41;0;2
24;41;0;2
25;41;0;2
26;41;0;2
27;41;0;2
28;41;0;2
29;41;0;2
30;41;18;2
31;41;18;2
32;41;18;2
33;41;18;2
34;41;0;2
35;41;0;2
36;41;0;2
37;41;0;2
38;41;0;2
39;41;0;2
40;41;0;2
41;41;0;2
42;41;0;2
43;41;0;2
44;41;0;2
45;41;0;2
46;41;0;2
47;41;0;2
48;41;18;2
49;41;18;2
50;41;18;2
51;41;18;2
52;41;18;2
53;41;18;2
54;41;18;2
55;41;18;2
56;41;18;2
57;41;18;2
58;41;18;2
59;41;18;2
60;41;18;2
61;41;18;2
62;41;18;2
63;41;18;2
0;42;0;2
1;42;0;2
2;42;0;2
3;42;18;2
4;42;18;2
5;42;18;2
6;42;18;2
7;42;18;2
8;42;18;2
9;42;18;2
10;42;18;2
11;42;18;2
12;42;18;2
13;42;18;2
14;42;18;2
15;42;18;2
16;42;0;2
17;42;0;2
18;42;0;2
19;42;0;2
20;42;0;2
21;42;0;2
22;42;0;2
23;42;0;2
24;42;0;2
25;42;0;2
26;42;0;2
27;42;0;2
28;42;0;2
29;42;0;2
30;42;18;2
31;42;18;2
32;42;18;2
33;42;18;2
34;42;0;2
35;42;0;2
36;42;0;2
37;42;0;2
38;42;0;2
39;42;0;2
40;42;0;2
41;42;0;2
42;42;0;2
43;42;0;2
44;42;0;2
45;42;0;2
46;42;0;2
47;42;0;2
48;42;18;2
49;42;18;2
50;42;18;2
51;42;18;2
52;42;18;2
53;42;18;2
54;42;18;2
55;42;18;2
56;42;18;2
57;42;18;2
58;42;18;2
59;42;18;2
60;42;18;2
61;42;18;2
62;42;18;2
63;42;18;2
0;43;0;2
1;43;0;2
2;43;0;2
3;43;18;2
4;43;18;2
5;43;18;2
6;43;18;2
7;43;18;2
8;43;18;2
9;43;18;2
10;43;18;2
11;43;18;2
12;43;18;2
13;43;18;2
14;43;18;2
15;43;18;2
16;43;0;2
17;43;0;2
18;43;0;2
19;43;0;2
20;43;0;2
21;43;0;2
22;43;0;2
23;43;0;2
24;43;0;2
25;43;0;2
26;43;0;2
27;43;0;2
28;43;0;2
29;43;0;2
30;43;18;2
31;43;18;2
32;43;18;2
33;43;18;2
34;43;0;2
35;43;0;2
36;43;0;2
37;43;0;2
38;43;0;2
39;43;0;2
40;43;0;2
41;43;0;2
42;43;0;2
43;43;0;2
44;43;0;2
45;43;0;2
46;43;0;2
47;43;0;2
48;43;18;2
49;43;18;2
50;43;18;2
51;43;18;2
52;43;18;2
53;43;18;2
54;43;18;2
55;43;18;2
56;43;18;2
57;43;18;2
58;43;18;2
59;43;18;2
60;43;18;2
61;43;18;2
62;43;18;2
63;43;18;2
0;44;0;2
1;44;0;2
2;44;0;2
3;44;18;2
4;44;18;2
5;44;18;2
6;44;18;2
7;44;18;2
8;44;18;2
9;44;18;2
10;44;18;2
11;44;18;2
12;44;18;2
13;44;18;2
14;44;18;2
15;44;18;2
16;44;0;2
17;44;0;2
18;44;0;2
19;44;0;2
20;44;0;2
21;44;0;2
22;44;0;2
23;44;0;2
24;44;0;2
25;44;0;2
26;44;0;2
27;44;0;2
28;44;0;2
29;44;0;2
30;44;18;2
31;44;18;2
32;44;18;2
33;44;18;2
34;44;0;2
35;44;0;2
36;44;0;2
37;44;0;2
38;44;0;2
39;44;0;2
40;44;0;2
41;44;0;2
42;44;0;2
43;44;0;2
44;44;0;2
45;44;0;2
46;44;0;2
47;44;0;2
48;44;18;2
49;44;18;2
50;44;18;2
51;44;18;2
52;44;18;2
53;44;18;2
54;44;18;2
55;44;18;2
56;44;18;2
57;44;18;2
58;44;18;2
59;44;18;2
60;44;18;2
61;44;18;2
62;44;18;2
63;44;18;2
0;45;0;2
1;45;0;2
2;45;0;2
3;45;18;2
4;45;18;2
5;45;18;2
6;45;18;2
7;45;18;2
8;45;18;2
9;45;18;2
10;45;18;2
11;45;18;2
12;45;18;2
13;45;18;2
14;45;18;2
15;45;18;2
16;45;0;2
17;45;0;2
18;45;0;2
19;45;0;2
20;45;0;2
21;45;0;2
22;45;0;2
23;45;0;2
24;45;0;2
25;45;0;2
26;45;0;2
27;45;0;2
28;45;0;2
29;45;0;2
30;45;18;2
31;45;18;2
32;45;18;2
33;45;18;2
34;45;0;2
35;45;0;2
36;45;0;2
37;45;0;2
38;45;0;2
39;45;0;2
40;45;0;2
41;45;0;2
42;45;0;2
43;45;0;2
44;45;0;2
45;45;0;2
46;45;0;2
47;45;0;2
48;45;18;2
49;45;18;2
50;45;18;2
51;45;18;2
52;45;18;2
53;45;18;2
54;45;18;2
55;45;18;2
56;45;18;2
57;45;18;2
58;45;18;2
59;45;18;2
60;45;18;2
61;45;18;2
62;45;18;2
63;45;18;2
0;46;0;2
1;46;0;2
2;46;0;2
3;46;18;2
4;46;18;2
5;46;18;2
6;46;18;2
7;46;18;2
8;46;18;2
9;46;18;2
10;46;18;2
11;46;18;2
12;46;18;2
13;46;18;2
14;46;18;2
15;46;18;2
16;46;0;2
17;46;0;2
18;46;0;2
19;46;0;2
20;46;0;2
21;46;0;2
22;46;0;2
23;46;0;2
24;46;0;2
25;46;0;2
26;46;0;2
27;46;0;2
28;46;0;2
29;46;0;2
30;46;18;2
31;46;18;2
32;46;18;2
33;46;18;2
34;46;0;2
35;46;0;2
36;46;0;2
37;46;0;2
38;46;0;2
39;46;0;2
40;46;0;2
41;46;0;2
42;46;0;2
43;46;0;2
44;46;0;2
45;46;0;2
46;46;0;2
47;46;0;2
48;46;18;2
49;46;18;2
50;46;18;2
51;46;18;2
52;46;18;2
53;46;18;2
54;46;18;2
55;46;18;2
56;46;18;2
57;46;18;2
58;46;18;2
59;46;18;2
60;46;18;2
61;46;18;2
62;46;18;2
63;46;18;2
0;47;0;2
1;47;0;2
2;47;0;2
3;47;18;2
4;47;18;2
5;47;18;2
6;47;18;2
7;47;18;2
8;47;18;2
9;47;18;2
10;47;18;2
11;47;18;2
12;47;18;2
13;47;18;2
14;47;18;2
15;47;18;2
16;47;0;2
17;47;0;2
18;47;0;2
19;47;0;2
20;47;0;2
21;47;0;2
22;47;0;2
23;47;0;2
24;47;0;2
25;47;0;2
26;47;0;2
27;47;0;2
28;47;0;2
29;47;0;2
30;47;18;2
31;47;18;2
32;47;18;2
33;47;18;2
34;47;0;2
35;47;0;2
36;47;0;2
37;47;0;2
38;47;0;2
39;47;0;2
40;47;0;2
41;47;0;2
42;47;0;2
43;47;0;2
44;47;0;2
45;47;0;2
46;47;0;2
47;47;0;2
48;47;18;2
49;47;18;2
50;47;18;2
51;47;18;2
52;47;18;2
53;47;18;2
54;47;18;2
55;47;18;2
56;47;18;2
57;47;18;2
58;47;18;2
59;47;18;2
60;47;18;2
61;47;18;2
62;47;18;2
63;47;18;2
0;48;0;2
1;48;0;2
2;48;0;2
3;48;18;2
4;48;18;2
5;48;18;2
6;48;18;2
7;48;18;2
8;48;18;2
9;48;18;2
10;48;18;2
11;48;18;2
12;48;18;2
13;48;18;2
14;48;18;2
15;48;18;2
16;48;18;2
17;48;18;2
18;48;18;2
19;48;18;2
20;48;18;2
21;48;18;2
22;48;18;2
23;48;18;2
24;48;18;2
25;48;18;2
26;48;18;2
27;48;18;2
28;48;18;2
29;48;18;2
30;48;18;2
31;48;18;2
32;48;18;2
33;48;18;2
34;48;18;2
35;48;18;2
36;48;18;2
37;48;18;2
38;48;18;2
39;48;18;2
40;48;18;2
41;48;18;2
42;48;18;2
43;48;18;2
44;48;18;2
45;48;18;2
46;48;18;2
47;48;18;2
48;48;18;2
49;48;18;2
50;48;18;2
51;48;18;2
52;48;18;2
53;48;18;2
54;48;18;2
55;48;18;2
56;48;18;2
57;48;18;2
58;48;18;2
59;48;18;2
60;48;18;2
61;48;18;2
62;48;18;2
63;48;18;2
0;49;0;2
1;49;0;2
2;49;0;2
3;49;18;2
4;49;18;2
5;49;18;2
6;49;18;2
7;49;18;2
8;49;18;2
9;49;18;2
10;49;18;2
11;49;18;2
12;49;18;2
13;49;18;2
14;49;18;2
15;49;18;2
16;49;18;2
17;49;18;2
18;49;18;2
19;49;18;2
20;49;18;2
21;49;18;2
22;49;18;2
23;49;18;2
24;49;18;2
25;49;18;2
26;49;18;2
27;49;18;2
28;49;18;2
29;49;18;2
30;49;18;2
31;49;18;2
32;49;18;2
33;49;18;2
34;49;18;2
35;49;18;2
36;49;18;2
37;49;18;2
38;49;18;2
39;49;18;2
40;49;18;2
41;49;18;2
42;49;18;2
43;49;18;2
44;49;18;2
45;49;18;2
46;49;18;2
47;49;18;2
48;49;18;2
49;49;18;2
50;49;18;2
51;49;18;2
52;49;18;2
53;49;18;2
54;49;18;2
55;49;18;2
56;49;18;2
57;49;18;2
58;49;18;2
59;49;18;2
60;49;18;2
61;49;18;2
62;49;18;2
63;49;18;2
0;50;0;2
1;50;0;2
2;50;0;2
3;50;18;2
4;50;18;2
5;50;18;2
6;50;18;2
7;50;18;2
8;50;18;2
9;50;18;2
10;50;18;2
11;50;18;2
12;50;18;2
13;50;18;2
14;50;18;2
15;50;18;2
16;50;18;2
17;50;18;2
18;50;18;2
19;50;18;2
20;50;18;2
21;50;18;2
22;50;18;2
23;50;18;2
24;50;18;2
25;50;18;2
26;50;18;2
27;50;18;2
28;50;18;2
29;50;18;2
30;50;18;2
31;50;18;2
32;50;18;2
33;50;18;2
34;50;18;2
35;50;18;2
36;50;18;2
37;50;18;2
38;50;18;2
39;50;18;2
40;50;18;2
41;50;18;2
42;50;18;2
43;50;18;2
44;50;18;2
45;50;18;2
46;50;18;2
47;50;18;2
48;50;18;2
49;50;18;2
50;50;18;2
51;50;18;2
52;50;18;2
53;50;18;2
54;50;18;2
55;50;18;2
56;50;18;2
57;50;18;2
58;50;18;2
59;50;18;2
60;50;18;2
61;50;18;2
62;50;18;2
63;50;18;2
0;51;0;2
1;51;0;2
2;51;0;2
3;51;18;2
4;51;18;2
5;51;18;2
6;51;18;2
7;51;18;2
8;51;18;2
9;51;18;2
10;51;18;2
11;51;18;2
12;51;18;2
13;51;18;2
14;51;18;2
15;51;18;2
16;51;18;2
17;51;18;2
18;51;18;2
19;51;18;2
20;51;18;2
21;51;18;2
22;51;18;2
23;51;18;2
24;51;18;2
25;51;18;2
26;51;18;2
27;51;18;2
28;51;18;2
29;51;18;2
30;51;18;2
31;51;18;2
32;51;18;2
33;51;18;2
34;51;18;2
35;51;18;2
36;51;18;2
37;51;18;2
38;51;18;2
39;51;18;2
40;51;18;2
41;51;18;2
42;51;18;2
43;51;18;2
44;51;18;2
45;51;18;2
46;51;18;2
47;51;18;2
48;51;18;2
49;51;18;2
50;51;18;2
51;51;18;2
52;51;18;2
53;51;18;2
54;51;18;2
55;51;18;2
56;51;18;2
57;51;18;2
58;51;18;2
59;51;18;2
60;51;18;2
61;51;18;2
62;51;18;2
63;51;18;2
0;52;0;2
1;52;0;2
2;52;0;2
3;52;18;2
4;52;18;2
5;52;18;2
6;52;18;2
7;52;18;2
8;52;18;2
9;52;18;2
10;52;18;2
11;52;18;2
12;52;18;2
13;52;18;2
14;52;18;2
15;52;18;2
16;52;18;2
17;52;18;2
18;52;18;2
19;52;18;2
20;52;18;2
21;52;18;2
22;52;18;2
23;52;18;2
24;52;18;2
25;52;18;2
26;52;18;2
27;52;18;2
28;52;18;2
29;52;18;2
30;52;18;2
31;52;18;2
32;52;18;2
33;52;18;2
34;52;18;2
35;52;18;2
36;52;18;2
37;52;18;2
38;52;18;2
39;52;18;2
40;52;18;2
41;52;18;2
42;52;18;2
43;52;18;2
44;52;18;2
45;52;18;2
46;52;18;2
47;52;18;2
48;52;18;2
49;52;18;2
50;52;18;2
51;52;18;2
52;52;18;2
53;52;18;2
54;52;18;2
55;52;18;2
56;52;18;2
57;52;18;2
58;52;18;2
59;52;18;2
60;52;18;2
61;52;18;2
62;52;18;2
63;52;18;2
0;53;0;2
1;53;0;2
2;53;0;2
3;53;18;2
4;53;18;2
5;53;18;2
6;53;18;2
7;53;18;2
8;53;18;2
9;53;18;2
10;53;18;2
11;53;18;2
12;53;18;2
13;53;18;2
14;53;18;2
15;53;18;2
16;53;18;2
17;53;18;2
18;53;18;2
19;53;18;2
20;53;18;2
21;53;18;2
22;53;18;2
23;53;18;2
24;53;18;2
25;53;18;2
26;53;18;2
27;53;18;2
28;53;18;2
29;53;18;2
30;53;18;2
31;53;18;2
32;53;18;2
33;53;18;2
34;53;18;2
35;53;18;2
36;53;18;2
37;53;18;2
38;53;18;2
39;53;18;2
40;53;18;2
41;53;18;2
42;53;18;2
43;53;18;2
44;53;18;2
45;53;18;2
46;53;18;2
47;53;18;2
48;53;18;2
49;53;18;2
50;53;18;2
51;53;18;2
52;53;18;2
53;53;18;2
54;53;18;2
55;53;18;2
56;53;18;2
57;53;18;2
58;53;18;2
59;53;18;2
60;53;18;2
61;53;18;2
62;53;18;2
63;53;18;2
0;54;0;2
1;54;0;2
2;54;0;2
3;54;18;2
4;54;18;2
5;54;18;2
6;54;18;2
7;54;18;2
8;54;18;2
9;54;18;2
10;54;18;2
11;54;18;2
12;54;18;2
13;54;18;2
14;54;18;2
15;54;18;2
16;54;18;2
17;54;18;2
18;54;18;2
19;54;18;2
20;54;18;2
21;54;18;2
22;54;18;2
23;54;18;2
24;54;18;2
25;54;18;2
26;54;18;2
27;54;18;2
28;54;18;2
29;54;18;2
30;54;18;2
31;54;18;2
32;54;18;2
33;54;18;2
34;54;18;2
35;54;18;2
36;54;18;2
37;54;18;2
38;54;18;2
39;54;18;2
40;54;18;2
41;54;18;2
42;54;18;2
43;54;18;2
44;54;18;2
45;54;18;2
46;54;18;2
47;54;18;2
48;54;18;2
49;54;18;2
50;54;18;2
51;54;18;2
52;54;18;2
53;54;18;2
54;54;18;2
55;54;18;2
56;54;18;2
57;54;18;2
58;54;18;2
59;54;18;2
60;54;18;2
61;54;18;2
62;54;18;2
63;54;18;2
0;55;0;2
1;55;0;2
2;55;0;2
3;55;18;2
4;55;18;2
5;55;18;2
6;55;18;2
7;55;18;2
8;55;18;2
9;55;18;2
10;55;18;2
11;55;18;2
12;55;18;2
13;55;18;2
14;55;18;2
15;55;18;2
16;55;18;2
17;55;18;2
18;55;18;2
19;55;18;2
20;55;18;2
21;55;18;2
22;55;18;2
23;55;18;2
24;55;18;2
25;55;18;2
26;55;18;2
27;55;18;2
28;55;18;2
29;55;18;2
30;55;18;2
31;55;18;2
32;55;18;2
33;55;18;2
34;55;18;2
35;55;18;2
36;55;18;2
37;55;18;2
38;55;18;2
39;55;18;2
40;55;18;2
41;55;18;2
42;55;18;2
43;55;18;2
44;55;18;2
45;55;18;2
46;55;18;2
47;55;18;2
48;55;18;2
49;55;18;2
50;55;18;2
51;55;18;2
52;55;18;2
53;55;18;2
54;55;18;2
55;55;18;2
56;55;18;2
57;55;18;2
58;55;18;2
59;55;18;2
60;55;18;2
61;55;18;2
62;55;18;2
63;55;18;2
0;56;0;2
1;56;0;2
2;56;0;2
3;56;18;2
4;56;18;2
5;56;18;2
6;56;18;2
7;56;18;2
8;56;18;2
9;56;18;2
10;56;18;2
11;56;18;2
12;56;18;2
13;56;18;2
14;56;18;2
15;56;18;2
16;56;18;2
17;56;18;2
18;56;18;2
19;56;18;2
20;56;18;2
21;56;18;2
22;56;18;2
23;56;18;2
24;56;18;2
25;56;18;2
26;56;18;2
27;56;18;2
28;56;18;2
29;56;18;2
30;56;18;2
31;56;18;2
32;56;18;2
33;56;18;2
34;56;18;2
35;56;18;2
36;56;18;2
37;56;18;2
38;56;18;2
39;56;18;2
40;56;18;2
41;56;18;2
42;56;18;2
43;56;18;2
44;56;18;2
45;56;18;2
46;56;18;2
47;56;18;2
48;56;18;2
49;56;18;2
50;56;18;2
51;56;18;2
52;56;18;2
53;56;18;2
54;56;18;2
55;56;18;2
56;56;18;2
57;56;18;2
58;56;18;2
59;56;18;2
60;56;18;2
61;56;18;2
62;56;18;2
63;56;18;2
0;57;0;2
1;57;0;2
2;57;0;2
3;57;18;2
4;57;18;2
5;57;18;2
6;57;18;2
7;57;18;2
8;57;18;2
9;57;18;2
10;57;18;2
11;57;18;2
12;57;18;2
13;57;18;2
14;57;18;2
15;57;18;2
16;57;18;2
17;57;18;2
18;57;18;2
19;57;18;2
20;57;18;2
21;57;18;2
22;57;18;2
23;57;18;2
24;57;18;2
25;57;18;2
26;57;18;2
27;57;18;2
28;57;18;2
29;57;18;2
30;57;18;2
31;57;18;2
32;57;18;2
33;57;18;2
34;57;18;2
35;57;18;2
36;57;18;2
37;57;18;2
38;57;18;2
39;57;18;2
40;57;18;2
41;57;18;2
42;57;18;2
43;57;18;2
44;57;18;2
45;57;18;2
46;57;18;2
47;57;18;2
48;57;18;2
49;57;18;2
50;57;18;2
51;57;18;2
52;57;18;2
53;57;18;2
54;57;18;2
55;57;18;2
56;57;18;2
57;57;18;2
58;57;18;2
59;57;18;2
60;57;18;2
61;57;18;2
62;57;18;2
63;57;18;2
0;58;0;2
1;58;0;2
2;58;0;2
3;58;18;2
4;58;18;2
5;58;18;2
6;58;18;2
7;58;18;2
8;58;18;2
9;58;18;2
10;58;18;2
11;58;18;2
12;58;18;2
13;58;18;2
14;58;18;2
15;58;18;2
16;58;18;2
17;58;18;2
18;58;18;2
19;58;18;2
20;58;18;2
21;58;18;2
22;58;18;2
23;58;18;2
24;58;18;2
25;58;18;2
26;58;18;2
27;58;18;2
28;58;18;2
29;58;18;2
30;58;18;2
31;58;18;2
32;58;18;2
33;58;18;2
34;58;18;2
35;58;18;2
36;58;18;2
37;58;18;2
38;58;18;2
39;58;18;2
40;58;18;2
41;58;18;2
42;58;18;2
43;58;18;2
44;58;18;2
45;58;18;2
46;58;18;2
47;58;18;2
48;58;18;2
49;58;18;2
50;58;18;2
51;58;18;2
52;58;18;2
53;58;18;2
54;58;18;2
55;58;18;2
56;58;18;2
57;58;18;2
58;58;18;2
59;58;18;2
60;58;18;2
61;58;18;2
62;58;18;2
63;58;18;2
0;59;0;2
1;59;0;2
2;59;0;2
3;59;18;2
4;59;18;2
5;59;18;2
6;59;18;2
7;59;18;2
8;59;18;2
9;59;18;2
10;59;18;2
11;59;18;2
12;59;18;2
13;59;18;2
14;59;18;2
15;59;18;2
16;59;18;2
17;59;18;2
18;59;18;2
19;59;18;2
20;59;18;2
21;59;18;2
22;59;18;2
23;59;18;2
24;59;18;2
25;59;18;2
26;59;18;2
27;59;18;2
28;59;18;2
29;59;18;2
30;59;18;2
31;59;18;2
32;59;18;2
33;59;18;2
34;59;18;2
35;59;18;2
36;59;18;2
37;59;18;2
38;59;18;2
39;59;18;2
40;59;18;2
41;59;18;2
42;59;18;2
43;59;18;2
44;59;18;2
45;59;18;2
46;59;18;2
47;59;18;2
48;59;18;2
49;59;18;2
50;59;18;2
51;59;18;2
52;59;18;2
53;59;18;2
54;59;18;2
55;59;18;2
56;59;18;2
57;59;18;2
58;59;18;2
59;59;18;2
60;59;18;2
61;59;18;2
62;59;18;2
63;59;18;2
0;60;0;2
1;60;0;2
2;60;0;2
3;60;18;2
4;60;18;2
5;60;18;2
6;60;18;2
7;60;18;2
8;60;18;2
9;60;18;2
10;60;18;2
11;60;18;2
12;60;18;2
13;60;18;2
14;60;18;2
15;60;18;2
16;60;18;2
17;60;18;2
18;60;18;2
19;60;18;2
20;60;18;2
21;60;18;2
22;60;18;2
23;60;18;2
24;60;18;2
25;60;18;2
26;60;18;2
27;60;18;2
28;60;18;2
29;60;18;2
30;60;18;2
31;60;18;2
32;60;18;2
33;60;18;2
34;60;18;2
35;60;18;2
36;60;18;2
37;60;18;2
38;60;18;2
39;60;18;2
40;60;18;2
41;60;18;2
42;60;18;2
43;60;18;2
44;60;18;2
45;60;18;2
46;60;18;2
47;60;18;2
48;60;18;2
49;60;18;2
50;60;18;2
51;60;18;2
52;60;18;2
53;60;18;2
54;60;18;2
55;60;18;2
56;60;18;2
57;60;18;2
58;60;18;2
59;60;18;2
60;60;18;2
61;60;18;2
62;60;18;2
63;60;18;2
0;61;0;2
1;61;0;2
2;61;0;2
3;61;0;2
4;61;0;2
5;61;0;2
6;61;0;2
7;61;0;2
8;61;0;2
9;61;0;2
10;61;0;2
11;61;0;2
12;61;0;2
13;61;0;2
14;61;0;2
15;61;0;2
16;61;0;2
17;61;0;2
18;61;0;2
19;61;0;2
20;61;0;2
21;61;0;2
22;61;0;2
23;61;0;2
24;61;0;2
25;61;0;2
26;61;0;2
27;61;0;2
28;61;0;2
29;61;0;2
30;61;0;2
31;61;0;2
32;61;0;2
33;61;0;2
34;61;0;2
35;61;0;2
36;61;0;2
37;61;0;2
38;61;0;2
39;61;0;2
40;61;0;2
41;61;0;2
42;61;0;2
43;61;0;2
44;61;0;2
45;61;0;2
46;61;0;2
47;61;0;2
48;61;0;2
49;61;0;2
50;61;0;2
51;61;0;2
52;61;0;2
53;61;0;2
54;61;0;2
55;61;0;2
56;61;0;2
57;61;0;2
58;61;0;2
59;61;0;2
60;61;0;2
61;61;0;2
62;61;0;2
63;61;0;2
0;62;0;2
1;62;0;2
2;62;0;2
3;62;0;2
4;62;0;2
5;62;0;2
6;62;0;2
7;62;0;2
8;62;0;2
9;62;0;2
10;62;0;2
11;62;0;2
12;62;0;2
13;62;0;2
14;62;0;2
15;62;0;2
16;62;0;2
17;62;0;2
18;62;0;2
19;62;0;2
20;62;0;2
21;62;0;2
22;62;0;2
23;62;0;2
24;62;0;2
25;62;0;2
26;62;0;2
27;62;0;2
28;62;0;2
29;62;0;2
30;62;0;2
31;62;0;2
32;62;0;2
33;62;0;2
34;62;0;2
35;62;0;2
36;62;0;2
37;62;0;2
38;62;0;2
39;62;0;2
40;62;0;2
41;62;0;2
42;62;0;2
43;62;0;2
44;62;0;2
45;62;0;2
46;62;0;2
47;62;0;2
48;62;0;2
49;62;0;2
50;62;0;2
51;62;0;2
52;62;0;2
53;62;0;2
54;62;0;2
55;62;0;2
56;62;0;2
57;62;0;2
58;62;0;2
59;62;0;2
60;62;0;2
61;62;0;2
62;62;0;2
63;62;0;2
0;63;0;2
1;63;0;2
2;63;0;2
3;63;0;2
4;63;0;2
5;63;0;2
6;63;0;2
7;63;0;2
8;63;0;2
9;63;0;2
10;63;0;2
11;63;0;2
12;63;0;2
13;63;0;2
14;63;0;2
15;63;0;2
16;63;0;2
17;63;0;2
18;63;0;2
19;63;0;2
20;63;0;2
21;63;0;2
22;63;0;2
23;63;0;2
24;63;0;2
25;63;0;2
26;63;0;2
27;63;0;2
28;63;0;2
29;63;0;2
30;63;0;2
31;63;0;2
32;63;0;2
33;63;0;2
34;63;0;2
35;63;0;2
36;63;0;2
37;63;0;2
38;63;0;2
39;63;0;2
40;63;0;2
41;63;0;2
42;63;0;2
43;63;0;2
44;63;0;2
45;63;0;2
46;63;0;2
47;63;0;2
48;63;0;2
49;63;0;2
50;63;0;2
51;63;0;2
52;63;0;2
53;63;0;2
54;63;0;2
55;63;0;2
56;63;0;2
57;63;0;2
58;63;0;2
59;63;0;2
60;63;0;2
61;63;0;2
62;63;0;2
63;63;0;2
