# Illarion Server
# 
# This program is free software: you can redistribute it and/or modify it under
# the terms of the GNU Affero General Public License as published by the Free
# Software Foundation, either version 3 of the License, or (at your option) any
# later version.
# 
# This program is distributed in the hope that it will be useful, but WITHOUT
# ANY WARRANTY; without even the implied warranty of MERCHANTABILITY or FITNESS
# FOR A PARTICULAR PURPOSE.  See the GNU Affero General Public License for more
# details.
# 
# You should have received a copy of the GNU Affero General Public License along
# with this program.  If not, see <http://www.gnu.org/licenses/>.
V: 2
L: -32
X: 247
Y: 473
W: 64
H: 64
0;0;42;2
0;1;42;2
0;2;42;2
0;3;42;2
0;4;42;2
0;5;42;2
0;6;42;2
0;7;42;2
0;8;42;2
0;9;42;2
0;10;42;2
0;11;42;2
0;12;42;2
0;13;42;2
0;14;42;2
0;15;42;2
0;16;42;2
0;17;42;2
0;18;42;2
0;19;42;2
0;20;42;2
0;21;42;2
0;22;42;2
0;23;42;2
0;24;42;2
0;25;42;2
0;26;42;2
0;27;42;2
0;28;42;2
0;29;42;2
0;30;42;2
0;31;42;2
0;32;42;2
0;33;42;2
0;34;42;2
0;35;42;2
0;36;42;2
0;37;42;2
0;38;42;2
0;39;42;2
0;40;42;2
0;41;42;2
0;42;42;2
0;43;42;2
0;44;42;2
0;45;42;2
0;46;42;2
0;47;42;2
0;48;42;2
0;49;42;2
0;50;42;2
0;51;42;2
0;52;42;2
0;53;42;2
0;54;42;2
0;55;42;2
0;56;42;2
0;57;42;2
0;58;42;2
0;59;42;2
0;60;42;2
0;61;42;2
0;62;42;2
0;63;42;2
1;0;42;2
1;1;42;2
1;2;42;2
1;3;42;2
1;4;42;2
1;5;42;2
1;6;42;2
1;7;42;2
1;8;42;2
1;9;42;2
1;10;42;2
1;11;42;2
1;12;42;2
1;13;42;2
1;14;42;2
1;15;42;2
1;16;42;2
1;17;42;2
1;18;42;2
1;19;42;2
1;20;42;2
1;21;42;2
1;22;42;2
1;23;42;2
1;24;42;2
1;25;42;2
1;26;42;2
1;27;42;2
1;28;42;2
1;29;42;2
1;30;42;2
1;31;42;2
1;32;42;2
1;33;42;2
1;34;42;2
1;35;42;2
1;36;42;2
1;37;42;2
1;38;42;2
1;39;42;2
1;40;42;2
1;41;42;2
1;42;42;2
1;43;42;2
1;44;42;2
1;45;42;2
1;46;42;2
1;47;42;2
1;48;42;2
1;49;42;2
1;50;42;2
1;51;42;2
1;52;42;2
1;53;42;2
1;54;42;2
1;55;42;2
1;56;42;2
1;57;42;2
1;58;42;2
1;59;42;2
1;60;42;2
1;61;42;2
1;62;42;2
1;63;42;2
2;0;42;2
2;1;42;2
2;2;42;2
2;3;42;2
2;4;42;2
2;5;42;2
2;6;42;2
2;7;42;2
2;8;42;2
2;9;42;2
2;10;42;2
2;11;42;2
2;12;42;2
2;13;42;2
2;14;42;2
2;15;42;2
2;16;42;2
2;17;42;2
2;18;42;2
2;19;42;2
2;20;42;2
2;21;42;2
2;22;42;2
2;23;42;2
2;24;42;2
2;25;42;2
2;26;42;2
2;27;42;2
2;28;42;2
2;29;42;2
2;30;42;2
2;31;42;2
2;32;42;2
2;33;42;2
2;34;42;2
2;35;42;2
2;36;42;2
2;37;42;2
2;38;42;2
2;39;42;2
2;40;42;2
2;41;42;2
2;42;42;2
2;43;42;2
2;44;42;2
2;45;42;2
2;46;42;2
2;47;42;2
2;48;42;2
2;49;42;2
2;50;42;2
2;51;42;2
2;52;42;2
2;53;42;2
2;54;42;2
2;55;42;2
2;56;42;2
2;57;42;2
2;58;42;2
2;59;42;2
2;60;42;2
2;61;42;2
2;62;42;2
2;63;42;2
3;0;42;2
3;1;42;2
3;2;42;2
3;3;42;2
3;4;42;2
3;5;42;2
3;6;42;2
3;7;42;2
3;8;42;2
3;9;42;2
3;10;42;2
3;11;42;2
3;12;42;2
3;13;42;2
3;14;42;2
3;15;42;2
3;16;42;2
3;17;42;2
3;18;42;2
3;19;42;2
3;20;42;2
3;21;42;2
3;22;42;2
3;23;42;2
3;24;42;2
3;25;42;2
3;26;42;2
3;27;42;2
3;28;42;2
3;29;42;2
3;30;42;2
3;31;42;2
3;32;42;2
3;33;42;2
3;34;42;2
3;35;42;2
3;36;42;2
3;37;42;2
3;38;42;2
3;39;42;2
3;40;42;2
3;41;42;2
3;42;42;2
3;43;42;2
3;44;42;2
3;45;42;2
3;46;42;2
3;47;42;2
3;48;42;2
3;49;42;2
3;50;42;2
3;51;42;2
3;52;42;2
3;53;42;2
3;54;42;2
3;55;42;2
3;56;42;2
3;57;42;2
3;58;42;2
3;59;42;2
3;60;42;2
3;61;42;2
3;62;42;2
3;63;42;2
4;0;42;2
4;1;42;2
4;2;42;2
4;3;42;2
4;4;55;2
4;5;55;2
4;6;55;2
4;7;55;2
4;8;55;2
4;9;55;2
4;10;55;2
4;11;55;2
4;12;55;2
4;13;55;2
4;14;55;2
4;15;55;2
4;16;55;2
4;17;55;2
4;18;55;2
4;19;55;2
4;20;55;2
4;21;55;2
4;22;55;2
4;23;55;2
4;24;55;2
4;25;55;2
4;26;55;2
4;27;55;2
4;28;55;2
4;29;55;2
4;30;55;2
4;31;55;2
4;32;55;2
4;33;55;2
4;34;55;2
4;35;55;2
4;36;55;2
4;37;55;2
4;38;55;2
4;39;55;2
4;40;55;2
4;41;55;2
4;42;55;2
4;43;55;2
4;44;55;2
4;45;55;2
4;46;55;2
4;47;55;2
4;48;55;2
4;49;55;2
4;50;55;2
4;51;55;2
4;52;55;2
4;53;55;2
4;54;55;2
4;55;55;2
4;56;55;2
4;57;55;2
4;58;55;2
4;59;55;2
4;60;42;2
4;61;42;2
4;62;42;2
4;63;42;2
5;0;42;2
5;1;42;2
5;2;42;2
5;3;45;2
5;4;48;2
5;5;51;2
5;6;55;2
5;7;55;2
5;8;55;2
5;9;55;2
5;10;55;2
5;11;55;2
5;12;55;2
5;13;55;2
5;14;55;2
5;15;55;2
5;16;55;2
5;17;55;2
5;18;55;2
5;19;55;2
5;20;55;2
5;21;55;2
5;22;55;2
5;23;55;2
5;24;55;2
5;25;55;2
5;26;55;2
5;27;55;2
5;28;55;2
5;29;55;2
5;30;55;2
5;31;55;2
5;32;55;2
5;33;55;2
5;34;55;2
5;35;55;2
5;36;55;2
5;37;55;2
5;38;55;2
5;39;55;2
5;40;55;2
5;41;55;2
5;42;55;2
5;43;55;2
5;44;55;2
5;45;55;2
5;46;55;2
5;47;55;2
5;48;55;2
5;49;55;2
5;50;55;2
5;51;55;2
5;52;55;2
5;53;55;2
5;54;55;2
5;55;55;2
5;56;55;2
5;57;55;2
5;58;6;2
5;59;55;2
5;60;42;2
5;61;42;2
5;62;42;2
5;63;42;2
6;0;42;2
6;1;42;2
6;2;42;2
6;3;46;2
6;4;6;2
6;5;52;2
6;6;55;2
6;7;55;2
6;8;55;2
6;9;55;2
6;10;55;2
6;11;55;2
6;12;55;2
6;13;55;2
6;14;55;2
6;15;55;2
6;16;55;2
6;17;55;2
6;18;55;2
6;19;55;2
6;20;55;2
6;21;55;2
6;22;55;2
6;23;55;2
6;24;55;2
6;25;55;2
6;26;55;2
6;27;55;2
6;28;55;2
6;29;55;2
6;30;55;2
6;31;55;2
6;32;55;2
6;33;55;2
6;34;55;2
6;35;55;2
6;36;55;2
6;37;55;2
6;38;55;2
6;39;55;2
6;40;55;2
6;41;55;2
6;42;55;2
6;43;55;2
6;44;55;2
6;45;55;2
6;46;55;2
6;47;55;2
6;48;55;2
6;49;55;2
6;50;55;2
6;51;55;2
6;52;55;2
6;53;55;2
6;54;55;2
6;55;55;2
6;56;6;2
6;57;6;2
6;58;6;2
6;59;55;2
6;60;42;2
6;61;42;2
6;62;42;2
6;63;42;2
7;0;42;2
7;1;42;2
7;2;42;2
7;3;47;2
7;4;50;2
7;5;53;2
7;6;55;2
7;7;55;2
7;8;55;2
7;9;55;2
7;10;55;2
7;11;55;2
7;12;55;2
7;13;55;2
7;14;55;2
7;15;55;2
7;16;55;2
7;17;55;2
7;18;55;2
7;19;55;2
7;20;55;2
7;21;55;2
7;22;55;2
7;23;55;2
7;24;55;2
7;25;55;2
7;26;55;2
7;27;55;2
7;28;55;2
7;29;55;2
7;30;55;2
7;31;55;2
7;32;55;2
7;33;55;2
7;34;55;2
7;35;55;2
7;36;55;2
7;37;55;2
7;38;55;2
7;39;55;2
7;40;55;2
7;41;55;2
7;42;55;2
7;43;55;2
7;44;55;2
7;45;55;2
7;46;55;2
7;47;55;2
7;48;55;2
7;49;55;2
7;50;55;2
7;51;55;2
7;52;55;2
7;53;55;2
7;54;55;2
7;55;55;2
7;56;55;2
7;57;55;2
7;58;55;2
7;59;55;2
7;60;42;2
7;61;42;2
7;62;42;2
7;63;42;2
8;0;42;2
8;1;42;2
8;2;42;2
8;3;42;2
8;4;55;2
8;5;55;2
8;6;55;2
8;7;55;2
8;8;55;2
8;9;55;2
8;10;55;2
8;11;55;2
8;12;55;2
8;13;55;2
8;14;55;2
8;15;55;2
8;16;55;2
8;17;55;2
8;18;55;2
8;19;55;2
8;20;55;2
8;21;55;2
8;22;55;2
8;23;55;2
8;24;55;2
8;25;55;2
8;26;55;2
8;27;55;2
8;28;55;2
8;29;55;2
8;30;55;2
8;31;55;2
8;32;55;2
8;33;55;2
8;34;55;2
8;35;55;2
8;36;55;2
8;37;55;2
8;38;55;2
8;39;55;2
8;40;55;2
8;41;55;2
8;42;55;2
8;43;55;2
8;44;55;2
8;45;55;2
8;46;55;2
8;47;55;2
8;48;55;2
8;49;55;2
8;50;55;2
8;51;55;2
8;52;55;2
8;53;55;2
8;54;55;2
8;55;55;2
8;56;6;2
8;57;6;2
8;58;6;2
8;59;55;2
8;60;42;2
8;61;42;2
8;62;42;2
8;63;42;2
9;0;42;2
9;1;42;2
9;2;42;2
9;3;45;2
9;4;48;2
9;5;51;2
9;6;55;2
9;7;55;2
9;8;55;2
9;9;55;2
9;10;55;2
9;11;55;2
9;12;55;2
9;13;55;2
9;14;55;2
9;15;55;2
9;16;55;2
9;17;55;2
9;18;55;2
9;19;6;2
9;20;6;2
9;21;6;2
9;22;55;2
9;23;55;2
9;24;55;2
9;25;55;2
9;26;55;2
9;27;6;2
9;28;6;2
9;29;6;2
9;30;55;2
9;31;55;2
9;32;55;2
9;33;55;2
9;34;6;2
9;35;6;2
9;36;6;2
9;37;55;2
9;38;55;2
9;39;55;2
9;40;55;2
9;41;55;2
9;42;6;2
9;43;6;2
9;44;6;2
9;45;55;2
9;46;55;2
9;47;55;2
9;48;55;2
9;49;55;2
9;50;55;2
9;51;55;2
9;52;55;2
9;53;55;2
9;54;55;2
9;55;55;2
9;56;55;2
9;57;55;2
9;58;55;2
9;59;55;2
9;60;42;2
9;61;42;2
9;62;42;2
9;63;42;2
10;0;42;2
10;1;42;2
10;2;42;2
10;3;46;2
10;4;6;2
10;5;52;2
10;6;55;2
10;7;55;2
10;8;55;2
10;9;55;2
10;10;55;2
10;11;55;2
10;12;55;2
10;13;55;2
10;14;55;2
10;15;55;2
10;16;55;2
10;17;55;2
10;18;55;2
10;19;6;2
10;20;55;2
10;21;6;2
10;22;55;2
10;23;6;2
10;24;6;2
10;25;6;2
10;26;55;2
10;27;6;2
10;28;55;2
10;29;6;2
10;30;55;2
10;31;55;2
10;32;55;2
10;33;55;2
10;34;6;2
10;35;55;2
10;36;6;2
10;37;55;2
10;38;6;2
10;39;6;2
10;40;6;2
10;41;55;2
10;42;6;2
10;43;55;2
10;44;6;2
10;45;55;2
10;46;55;2
10;47;55;2
10;48;55;2
10;49;55;2
10;50;55;2
10;51;55;2
10;52;55;2
10;53;55;2
10;54;55;2
10;55;55;2
10;56;6;2
10;57;6;2
10;58;55;2
10;59;55;2
10;60;42;2
10;61;42;2
10;62;42;2
10;63;42;2
11;0;42;2
11;1;42;2
11;2;42;2
11;3;47;2
11;4;50;2
11;5;53;2
11;6;55;2
11;7;55;2
11;8;55;2
11;9;55;2
11;10;55;2
11;11;55;2
11;12;55;2
11;13;55;2
11;14;55;2
11;15;55;2
11;16;55;2
11;17;6;2
11;18;55;2
11;19;6;2
11;20;55;2
11;21;6;2
11;22;6;2
11;23;6;2
11;24;55;2
11;25;6;2
11;26;55;2
11;27;6;2
11;28;55;2
11;29;55;2
11;30;55;2
11;31;55;2
11;32;55;2
11;33;55;2
11;34;55;2
11;35;55;2
11;36;6;2
11;37;55;2
11;38;6;2
11;39;55;2
11;40;6;2
11;41;6;2
11;42;6;2
11;43;55;2
11;44;6;2
11;45;55;2
11;46;6;2
11;47;55;2
11;48;55;2
11;49;55;2
11;50;55;2
11;51;55;2
11;52;55;2
11;53;55;2
11;54;55;2
11;55;55;2
11;56;55;2
11;57;55;2
11;58;6;2
11;59;55;2
11;60;42;2
11;61;42;2
11;62;42;2
11;63;42;2
12;0;42;2
12;1;42;2
12;2;42;2
12;3;42;2
12;4;55;2
12;5;55;2
12;6;55;2
12;7;55;2
12;8;55;2
12;9;55;2
12;10;55;2
12;11;55;2
12;12;55;2
12;13;55;2
12;14;55;2
12;15;55;2
12;16;55;2
12;17;6;2
12;18;6;2
12;19;6;2
12;20;55;2
12;21;55;2
12;22;55;2
12;23;55;2
12;24;55;2
12;25;6;2
12;26;6;2
12;27;6;2
12;28;55;2
12;29;55;2
12;30;55;2
12;31;55;2
12;32;55;2
12;33;55;2
12;34;55;2
12;35;55;2
12;36;6;2
12;37;6;2
12;38;6;2
12;39;55;2
12;40;55;2
12;41;55;2
12;42;55;2
12;43;55;2
12;44;6;2
12;45;6;2
12;46;6;2
12;47;55;2
12;48;55;2
12;49;55;2
12;50;55;2
12;51;55;2
12;52;55;2
12;53;55;2
12;54;55;2
12;55;55;2
12;56;6;2
12;57;6;2
12;58;55;2
12;59;55;2
12;60;42;2
12;61;42;2
12;62;42;2
12;63;42;2
13;0;42;2
13;1;42;2
13;2;42;2
13;3;45;2
13;4;48;2
13;5;51;2
13;6;55;2
13;7;55;2
13;8;55;2
13;9;55;2
13;10;55;2
13;11;55;2
13;12;55;2
13;13;55;2
13;14;55;2
13;15;55;2
13;16;55;2
13;17;55;2
13;18;55;2
13;19;55;2
13;20;55;2
13;21;55;2
13;22;55;2
13;23;55;2
13;24;55;2
13;25;55;2
13;26;55;2
13;27;55;2
13;28;55;2
13;29;55;2
13;30;55;2
13;31;55;2
13;32;55;2
13;33;55;2
13;34;55;2
13;35;55;2
13;36;55;2
13;37;55;2
13;38;55;2
13;39;55;2
13;40;55;2
13;41;55;2
13;42;55;2
13;43;55;2
13;44;55;2
13;45;55;2
13;46;55;2
13;47;55;2
13;48;55;2
13;49;55;2
13;50;55;2
13;51;55;2
13;52;55;2
13;53;55;2
13;54;55;2
13;55;55;2
13;56;55;2
13;57;55;2
13;58;55;2
13;59;55;2
13;60;42;2
13;61;42;2
13;62;42;2
13;63;42;2
14;0;42;2
14;1;42;2
14;2;42;2
14;3;46;2
14;4;6;2
14;5;52;2
14;6;55;2
14;7;55;2
14;8;55;2
14;9;55;2
14;10;55;2
14;11;55;2
14;12;55;2
14;13;55;2
14;14;55;2
14;15;55;2
14;16;55;2
14;17;55;2
14;18;55;2
14;19;55;2
14;20;55;2
14;21;55;2
14;22;55;2
14;23;55;2
14;24;55;2
14;25;55;2
14;26;55;2
14;27;55;2
14;28;55;2
14;29;55;2
14;30;55;2
14;31;55;2
14;32;55;2
14;33;55;2
14;34;55;2
14;35;55;2
14;36;55;2
14;37;55;2
14;38;55;2
14;39;55;2
14;40;55;2
14;41;55;2
14;42;55;2
14;43;55;2
14;44;55;2
14;45;55;2
14;46;55;2
14;47;55;2
14;48;55;2
14;49;55;2
14;50;55;2
14;51;55;2
14;52;55;2
14;53;55;2
14;54;55;2
14;55;55;2
14;56;55;2
14;57;55;2
14;58;55;2
14;59;55;2
14;60;42;2
14;61;42;2
14;62;42;2
14;63;42;2
15;0;42;2
15;1;42;2
15;2;42;2
15;3;47;2
15;4;50;2
15;5;53;2
15;6;55;2
15;7;55;2
15;8;55;2
15;9;55;2
15;10;55;2
15;11;55;2
15;12;55;2
15;13;55;2
15;14;55;2
15;15;42;2
15;16;42;2
15;17;42;2
15;18;42;2
15;19;42;2
15;20;42;2
15;21;42;2
15;22;42;2
15;23;42;2
15;24;42;2
15;25;42;2
15;26;42;2
15;27;42;2
15;28;42;2
15;29;42;2
15;30;42;2
15;31;55;2
15;32;55;2
15;33;42;2
15;34;42;2
15;35;42;2
15;36;42;2
15;37;42;2
15;38;42;2
15;39;42;2
15;40;42;2
15;41;42;2
15;42;42;2
15;43;42;2
15;44;42;2
15;45;42;2
15;46;42;2
15;47;42;2
15;48;42;2
15;49;55;2
15;50;55;2
15;51;55;2
15;52;55;2
15;53;55;2
15;54;55;2
15;55;55;2
15;56;55;2
15;57;55;2
15;58;55;2
15;59;55;2
15;60;42;2
15;61;42;2
15;62;42;2
15;63;42;2
16;0;42;2
16;1;42;2
16;2;42;2
16;3;42;2
16;4;55;2
16;5;55;2
16;6;55;2
16;7;55;2
16;8;55;2
16;9;55;2
16;10;55;2
16;11;55;2
16;12;55;2
16;13;55;2
16;14;55;2
16;15;42;2
16;16;0;2
16;17;0;2
16;18;0;2
16;19;0;2
16;20;0;2
16;21;0;2
16;22;0;2
16;23;0;2
16;24;0;2
16;25;0;2
16;26;0;2
16;27;0;2
16;28;0;2
16;29;0;2
16;30;42;2
16;31;55;2
16;32;55;2
16;33;42;2
16;34;0;2
16;35;0;2
16;36;0;2
16;37;0;2
16;38;0;2
16;39;0;2
16;40;0;2
16;41;0;2
16;42;0;2
16;43;0;2
16;44;0;2
16;45;0;2
16;46;0;2
16;47;0;2
16;48;42;2
16;49;55;2
16;50;55;2
16;51;55;2
16;52;55;2
16;53;55;2
16;54;55;2
16;55;55;2
16;56;55;2
16;57;55;2
16;58;55;2
16;59;55;2
16;60;42;2
16;61;42;2
16;62;42;2
16;63;42;2
17;0;42;2
17;1;42;2
17;2;42;2
17;3;45;2
17;4;48;2
17;5;51;2
17;6;55;2
17;7;55;2
17;8;55;2
17;9;55;2
17;10;55;2
17;11;6;2
17;12;6;2
17;13;55;2
17;14;55;2
17;15;42;2
17;16;0;2
17;17;0;2
17;18;0;2
17;19;0;2
17;20;0;2
17;21;0;2
17;22;0;2
17;23;0;2
17;24;0;2
17;25;0;2
17;26;0;2
17;27;0;2
17;28;0;2
17;29;0;2
17;30;42;2
17;31;55;2
17;32;55;2
17;33;42;2
17;34;0;2
17;35;0;2
17;36;0;2
17;37;0;2
17;38;0;2
17;39;0;2
17;40;0;2
17;41;0;2
17;42;0;2
17;43;0;2
17;44;0;2
17;45;0;2
17;46;0;2
17;47;0;2
17;48;42;2
17;49;55;2
17;50;55;2
17;51;6;2
17;52;6;2
17;53;55;2
17;54;55;2
17;55;55;2
17;56;55;2
17;57;55;2
17;58;55;2
17;59;55;2
17;60;42;2
17;61;42;2
17;62;42;2
17;63;42;2
18;0;42;2
18;1;42;2
18;2;42;2
18;3;46;2
18;4;6;2
18;5;52;2
18;6;55;2
18;7;55;2
18;8;55;2
18;9;55;2
18;10;55;2
18;11;55;2
18;12;6;2
18;13;55;2
18;14;55;2
18;15;42;2
18;16;0;2
18;17;0;2
18;18;0;2
18;19;0;2
18;20;0;2
18;21;0;2
18;22;0;2
18;23;0;2
18;24;0;2
18;25;0;2
18;26;0;2
18;27;0;2
18;28;0;2
18;29;0;2
18;30;42;2
18;31;55;2
18;32;55;2
18;33;42;2
18;34;0;2
18;35;0;2
18;36;0;2
18;37;0;2
18;38;0;2
18;39;0;2
18;40;0;2
18;41;0;2
18;42;0;2
18;43;0;2
18;44;0;2
18;45;0;2
18;46;0;2
18;47;0;2
18;48;42;2
18;49;55;2
18;50;55;2
18;51;6;2
18;52;55;2
18;53;55;2
18;54;55;2
18;55;55;2
18;56;55;2
18;57;55;2
18;58;55;2
18;59;55;2
18;60;42;2
18;61;42;2
18;62;42;2
18;63;42;2
19;0;42;2
19;1;42;2
19;2;42;2
19;3;47;2
19;4;50;2
19;5;53;2
19;6;55;2
19;7;55;2
19;8;55;2
19;9;6;2
19;10;6;2
19;11;6;2
19;12;6;2
19;13;55;2
19;14;55;2
19;15;42;2
19;16;0;2
19;17;0;2
19;18;0;2
19;19;0;2
19;20;0;2
19;21;0;2
19;22;0;2
19;23;0;2
19;24;0;2
19;25;0;2
19;26;0;2
19;27;0;2
19;28;0;2
19;29;0;2
19;30;42;2
19;31;55;2
19;32;55;2
19;33;42;2
19;34;0;2
19;35;0;2
19;36;0;2
19;37;0;2
19;38;0;2
19;39;0;2
19;40;0;2
19;41;0;2
19;42;0;2
19;43;0;2
19;44;0;2
19;45;0;2
19;46;0;2
19;47;0;2
19;48;42;2
19;49;55;2
19;50;55;2
19;51;6;2
19;52;6;2
19;53;6;2
19;54;6;2
19;55;55;2
19;56;55;2
19;57;55;2
19;58;55;2
19;59;55;2
19;60;42;2
19;61;42;2
19;62;42;2
19;63;42;2
20;0;42;2
20;1;42;2
20;2;42;2
20;3;42;2
20;4;55;2
20;5;55;2
20;6;55;2
20;7;55;2
20;8;55;2
20;9;6;2
20;10;55;2
20;11;55;2
20;12;55;2
20;13;55;2
20;14;55;2
20;15;42;2
20;16;0;2
20;17;0;2
20;18;0;2
20;19;0;2
20;20;0;2
20;21;0;2
20;22;0;2
20;23;0;2
20;24;0;2
20;25;0;2
20;26;0;2
20;27;0;2
20;28;0;2
20;29;0;2
20;30;42;2
20;31;55;2
20;32;55;2
20;33;42;2
20;34;0;2
20;35;0;2
20;36;0;2
20;37;0;2
20;38;0;2
20;39;0;2
20;40;0;2
20;41;0;2
20;42;0;2
20;43;0;2
20;44;0;2
20;45;0;2
20;46;0;2
20;47;0;2
20;48;42;2
20;49;55;2
20;50;55;2
20;51;55;2
20;52;55;2
20;53;55;2
20;54;6;2
20;55;55;2
20;56;55;2
20;57;55;2
20;58;55;2
20;59;55;2
20;60;42;2
20;61;42;2
20;62;42;2
20;63;42;2
21;0;42;2
21;1;42;2
21;2;42;2
21;3;45;2
21;4;48;2
21;5;51;2
21;6;55;2
21;7;55;2
21;8;55;2
21;9;6;2
21;10;6;2
21;11;6;2
21;12;55;2
21;13;55;2
21;14;55;2
21;15;42;2
21;16;0;2
21;17;0;2
21;18;0;2
21;19;0;2
21;20;0;2
21;21;0;2
21;22;0;2
21;23;0;2
21;24;0;2
21;25;0;2
21;26;0;2
21;27;0;2
21;28;0;2
21;29;0;2
21;30;42;2
21;31;55;2
21;32;55;2
21;33;42;2
21;34;0;2
21;35;0;2
21;36;0;2
21;37;0;2
21;38;0;2
21;39;0;2
21;40;0;2
21;41;0;2
21;42;0;2
21;43;0;2
21;44;0;2
21;45;0;2
21;46;0;2
21;47;0;2
21;48;42;2
21;49;55;2
21;50;55;2
21;51;55;2
21;52;6;2
21;53;6;2
21;54;6;2
21;55;55;2
21;56;55;2
21;57;55;2
21;58;55;2
21;59;55;2
21;60;42;2
21;61;42;2
21;62;42;2
21;63;42;2
22;0;42;2
22;1;42;2
22;2;42;2
22;3;46;2
22;4;6;2
22;5;52;2
22;6;55;2
22;7;55;2
22;8;55;2
22;9;55;2
22;10;55;2
22;11;6;2
22;12;55;2
22;13;55;2
22;14;55;2
22;15;42;2
22;16;0;2
22;17;0;2
22;18;0;2
22;19;0;2
22;20;0;2
22;21;0;2
22;22;0;2
22;23;0;2
22;24;0;2
22;25;0;2
22;26;0;2
22;27;0;2
22;28;0;2
22;29;0;2
22;30;42;2
22;31;55;2
22;32;55;2
22;33;42;2
22;34;0;2
22;35;0;2
22;36;0;2
22;37;0;2
22;38;0;2
22;39;0;2
22;40;0;2
22;41;0;2
22;42;0;2
22;43;0;2
22;44;0;2
22;45;0;2
22;46;0;2
22;47;0;2
22;48;42;2
22;49;55;2
22;50;55;2
22;51;55;2
22;52;6;2
22;53;55;2
22;54;55;2
22;55;55;2
22;56;55;2
22;57;55;2
22;58;55;2
22;59;55;2
22;60;42;2
22;61;42;2
22;62;42;2
22;63;42;2
23;0;42;2
23;1;42;2
23;2;42;2
23;3;47;2
23;4;50;2
23;5;53;2
23;6;55;2
23;7;55;2
23;8;55;2
23;9;55;2
23;10;6;2
23;11;6;2
23;12;55;2
23;13;55;2
23;14;55;2
23;15;42;2
23;16;0;2
23;17;0;2
23;18;0;2
23;19;0;2
23;20;0;2
23;21;0;2
23;22;0;2
23;23;0;2
23;24;0;2
23;25;0;2
23;26;0;2
23;27;0;2
23;28;0;2
23;29;0;2
23;30;42;2
23;31;55;2
23;32;55;2
23;33;42;2
23;34;0;2
23;35;0;2
23;36;0;2
23;37;0;2
23;38;0;2
23;39;0;2
23;40;0;2
23;41;0;2
23;42;0;2
23;43;0;2
23;44;0;2
23;45;0;2
23;46;0;2
23;47;0;2
23;48;42;2
23;49;55;2
23;50;55;2
23;51;55;2
23;52;6;2
23;53;6;2
23;54;55;2
23;55;55;2
23;56;55;2
23;57;55;2
23;58;55;2
23;59;55;2
23;60;42;2
23;61;42;2
23;62;42;2
23;63;42;2
24;0;42;2
24;1;42;2
24;2;42;2
24;3;42;2
24;4;55;2
24;5;55;2
24;6;55;2
24;7;55;2
24;8;55;2
24;9;55;2
24;10;6;2
24;11;55;2
24;12;55;2
24;13;55;2
24;14;55;2
24;15;42;2
24;16;0;2
24;17;0;2
24;18;0;2
24;19;0;2
24;20;0;2
24;21;0;2
24;22;0;2
24;23;0;2
24;24;0;2
24;25;0;2
24;26;0;2
24;27;0;2
24;28;0;2
24;29;0;2
24;30;42;2
24;31;55;2
24;32;55;2
24;33;42;2
24;34;0;2
24;35;0;2
24;36;0;2
24;37;0;2
24;38;0;2
24;39;0;2
24;40;0;2
24;41;0;2
24;42;0;2
24;43;0;2
24;44;0;2
24;45;0;2
24;46;0;2
24;47;0;2
24;48;42;2
24;49;55;2
24;50;55;2
24;51;55;2
24;52;55;2
24;53;6;2
24;54;55;2
24;55;55;2
24;56;55;2
24;57;55;2
24;58;55;2
24;59;55;2
24;60;42;2
24;61;42;2
24;62;42;2
24;63;42;2
25;0;42;2
25;1;42;2
25;2;42;2
25;3;45;2
25;4;48;2
25;5;51;2
25;6;55;2
25;7;55;2
25;8;55;2
25;9;55;2
25;10;6;2
25;11;6;2
25;12;6;2
25;13;55;2
25;14;55;2
25;15;42;2
25;16;0;2
25;17;0;2
25;18;0;2
25;19;0;2
25;20;0;2
25;21;0;2
25;22;0;2
25;23;0;2
25;24;0;2
25;25;0;2
25;26;0;2
25;27;0;2
25;28;0;2
25;29;0;2
25;30;42;2
25;31;55;2
25;32;55;2
25;33;42;2
25;34;0;2
25;35;0;2
25;36;0;2
25;37;0;2
25;38;0;2
25;39;0;2
25;40;0;2
25;41;0;2
25;42;0;2
25;43;0;2
25;44;0;2
25;45;0;2
25;46;0;2
25;47;0;2
25;48;42;2
25;49;55;2
25;50;55;2
25;51;6;2
25;52;6;2
25;53;6;2
25;54;55;2
25;55;55;2
25;56;55;2
25;57;55;2
25;58;55;2
25;59;55;2
25;60;42;2
25;61;42;2
25;62;42;2
25;63;42;2
26;0;42;2
26;1;42;2
26;2;42;2
26;3;46;2
26;4;6;2
26;5;52;2
26;6;55;2
26;7;55;2
26;8;55;2
26;9;55;2
26;10;55;2
26;11;55;2
26;12;6;2
26;13;55;2
26;14;55;2
26;15;42;2
26;16;0;2
26;17;0;2
26;18;0;2
26;19;0;2
26;20;0;2
26;21;0;2
26;22;0;2
26;23;0;2
26;24;0;2
26;25;0;2
26;26;0;2
26;27;0;2
26;28;0;2
26;29;0;2
26;30;42;2
26;31;55;2
26;32;55;2
26;33;42;2
26;34;0;2
26;35;0;2
26;36;0;2
26;37;0;2
26;38;0;2
26;39;0;2
26;40;0;2
26;41;0;2
26;42;0;2
26;43;0;2
26;44;0;2
26;45;0;2
26;46;0;2
26;47;0;2
26;48;42;2
26;49;55;2
26;50;55;2
26;51;6;2
26;52;55;2
26;53;55;2
26;54;55;2
26;55;55;2
26;56;55;2
26;57;55;2
26;58;55;2
26;59;55;2
26;60;42;2
26;61;42;2
26;62;42;2
26;63;42;2
27;0;42;2
27;1;42;2
27;2;42;2
27;3;47;2
27;4;50;2
27;5;53;2
27;6;55;2
27;7;55;2
27;8;55;2
27;9;6;2
27;10;6;2
27;11;6;2
27;12;6;2
27;13;55;2
27;14;55;2
27;15;42;2
27;16;0;2
27;17;0;2
27;18;0;2
27;19;0;2
27;20;0;2
27;21;0;2
27;22;0;2
27;23;0;2
27;24;0;2
27;25;0;2
27;26;0;2
27;27;0;2
27;28;0;2
27;29;0;2
27;30;42;2
27;31;55;2
27;32;55;2
27;33;42;2
27;34;0;2
27;35;0;2
27;36;0;2
27;37;0;2
27;38;0;2
27;39;0;2
27;40;0;2
27;41;0;2
27;42;0;2
27;43;0;2
27;44;0;2
27;45;0;2
27;46;0;2
27;47;0;2
27;48;42;2
27;49;55;2
27;50;55;2
27;51;6;2
27;52;6;2
27;53;6;2
27;54;6;2
27;55;55;2
27;56;55;2
27;57;55;2
27;58;55;2
27;59;55;2
27;60;42;2
27;61;42;2
27;62;42;2
27;63;42;2
28;0;42;2
28;1;42;2
28;2;42;2
28;3;42;2
28;4;55;2
28;5;55;2
28;6;55;2
28;7;55;2
28;8;55;2
28;9;6;2
28;10;55;2
28;11;55;2
28;12;55;2
28;13;55;2
28;14;55;2
28;15;42;2
28;16;0;2
28;17;0;2
28;18;0;2
28;19;0;2
28;20;0;2
28;21;0;2
28;22;0;2
28;23;0;2
28;24;0;2
28;25;0;2
28;26;0;2
28;27;0;2
28;28;0;2
28;29;0;2
28;30;42;2
28;31;55;2
28;32;55;2
28;33;42;2
28;34;0;2
28;35;0;2
28;36;0;2
28;37;0;2
28;38;0;2
28;39;0;2
28;40;0;2
28;41;0;2
28;42;0;2
28;43;0;2
28;44;0;2
28;45;0;2
28;46;0;2
28;47;0;2
28;48;42;2
28;49;55;2
28;50;55;2
28;51;55;2
28;52;55;2
28;53;55;2
28;54;6;2
28;55;55;2
28;56;55;2
28;57;55;2
28;58;55;2
28;59;55;2
28;60;42;2
28;61;42;2
28;62;42;2
28;63;42;2
29;0;42;2
29;1;42;2
29;2;42;2
29;3;45;2
29;4;48;2
29;5;51;2
29;6;55;2
29;7;55;2
29;8;55;2
29;9;6;2
29;10;6;2
29;11;55;2
29;12;55;2
29;13;55;2
29;14;55;2
29;15;42;2
29;16;0;2
29;17;0;2
29;18;0;2
29;19;0;2
29;20;0;2
29;21;0;2
29;22;0;2
29;23;0;2
29;24;0;2
29;25;0;2
29;26;0;2
29;27;0;2
29;28;0;2
29;29;0;2
29;30;42;2
29;31;55;2
29;32;55;2
29;33;42;2
29;34;0;2
29;35;0;2
29;36;0;2
29;37;0;2
29;38;0;2
29;39;0;2
29;40;0;2
29;41;0;2
29;42;0;2
29;43;0;2
29;44;0;2
29;45;0;2
29;46;0;2
29;47;0;2
29;48;42;2
29;49;55;2
29;50;55;2
29;51;55;2
29;52;55;2
29;53;6;2
29;54;6;2
29;55;55;2
29;56;55;2
29;57;55;2
29;58;55;2
29;59;55;2
29;60;42;2
29;61;42;2
29;62;42;2
29;63;42;2
30;0;42;2
30;1;42;2
30;2;42;2
30;3;46;2
30;4;6;2
30;5;52;2
30;6;55;2
30;7;55;2
30;8;55;2
30;9;55;2
30;10;55;2
30;11;55;2
30;12;55;2
30;13;55;2
30;14;55;2
30;15;42;2
30;16;42;2
30;17;42;2
30;18;42;2
30;19;42;2
30;20;42;2
30;21;42;2
30;22;42;2
30;23;42;2
30;24;42;2
30;25;42;2
30;26;42;2
30;27;42;2
30;28;42;2
30;29;42;2
30;30;42;2
30;31;55;2
30;32;55;2
30;33;42;2
30;34;42;2
30;35;42;2
30;36;42;2
30;37;42;2
30;38;42;2
30;39;42;2
30;40;42;2
30;41;42;2
30;42;42;2
30;43;42;2
30;44;42;2
30;45;42;2
30;46;42;2
30;47;42;2
30;48;42;2
30;49;55;2
30;50;55;2
30;51;55;2
30;52;55;2
30;53;55;2
30;54;55;2
30;55;55;2
30;56;55;2
30;57;55;2
30;58;55;2
30;59;55;2
30;60;42;2
30;61;42;2
30;62;42;2
30;63;42;2
31;0;42;2
31;1;42;2
31;2;42;2
31;3;47;2
31;4;50;2
31;5;53;2
31;6;55;2
31;7;55;2
31;8;55;2
31;9;55;2
31;10;55;2
31;11;55;2
31;12;55;2
31;13;55;2
31;14;55;2
31;15;55;2
31;16;55;2
31;17;55;2
31;18;55;2
31;19;55;2
31;20;55;2
31;21;55;2
31;22;55;2
31;23;55;2
31;24;55;2
31;25;55;2
31;26;55;2
31;27;55;2
31;28;55;2
31;29;55;2
31;30;55;2
31;31;55;2
31;32;55;2
31;33;55;2
31;34;55;2
31;35;55;2
31;36;55;2
31;37;55;2
31;38;55;2
31;39;55;2
31;40;55;2
31;41;55;2
31;42;55;2
31;43;55;2
31;44;55;2
31;45;55;2
31;46;55;2
31;47;55;2
31;48;55;2
31;49;55;2
31;50;55;2
31;51;55;2
31;52;55;2
31;53;55;2
31;54;55;2
31;55;55;2
31;56;55;2
31;57;55;2
31;58;55;2
31;59;55;2
31;60;42;2
31;61;42;2
31;62;42;2
31;63;42;2
32;0;42;2
32;1;42;2
32;2;42;2
32;3;42;2
32;4;55;2
32;5;55;2
32;6;55;2
32;7;55;2
32;8;55;2
32;9;55;2
32;10;55;2
32;11;55;2
32;12;55;2
32;13;55;2
32;14;55;2
32;15;55;2
32;16;55;2
32;17;55;2
32;18;55;2
32;19;55;2
32;20;55;2
32;21;55;2
32;22;55;2
32;23;55;2
32;24;55;2
32;25;55;2
32;26;55;2
32;27;55;2
32;28;55;2
32;29;55;2
32;30;55;2
32;31;55;2
32;32;55;2
32;33;55;2
32;34;55;2
32;35;55;2
32;36;55;2
32;37;55;2
32;38;55;2
32;39;55;2
32;40;55;2
32;41;55;2
32;42;55;2
32;43;55;2
32;44;55;2
32;45;55;2
32;46;55;2
32;47;55;2
32;48;55;2
32;49;55;2
32;50;55;2
32;51;55;2
32;52;55;2
32;53;55;2
32;54;55;2
32;55;55;2
32;56;55;2
32;57;55;2
32;58;55;2
32;59;55;2
32;60;42;2
32;61;42;2
32;62;42;2
32;63;42;2
33;0;42;2
33;1;42;2
33;2;42;2
33;3;42;2
33;4;55;2
33;5;55;2
33;6;55;2
33;7;55;2
33;8;55;2
33;9;55;2
33;10;55;2
33;11;55;2
33;12;55;2
33;13;55;2
33;14;55;2
33;15;42;2
33;16;42;2
33;17;42;2
33;18;42;2
33;19;42;2
33;20;42;2
33;21;42;2
33;22;42;2
33;23;42;2
33;24;42;2
33;25;42;2
33;26;42;2
33;27;42;2
33;28;42;2
33;29;42;2
33;30;42;2
33;31;55;2
33;32;55;2
33;33;42;2
33;34;42;2
33;35;42;2
33;36;42;2
33;37;42;2
33;38;42;2
33;39;42;2
33;40;42;2
33;41;42;2
33;42;42;2
33;43;42;2
33;44;42;2
33;45;42;2
33;46;42;2
33;47;42;2
33;48;42;2
33;49;55;2
33;50;55;2
33;51;55;2
33;52;55;2
33;53;55;2
33;54;55;2
33;55;55;2
33;56;55;2
33;57;55;2
33;58;55;2
33;59;55;2
33;60;42;2
33;61;42;2
33;62;42;2
33;63;42;2
34;0;42;2
34;1;42;2
34;2;42;2
34;3;42;2
34;4;55;2
34;5;55;2
34;6;55;2
34;7;55;2
34;8;55;2
34;9;6;2
34;10;6;2
34;11;55;2
34;12;55;2
34;13;55;2
34;14;55;2
34;15;42;2
34;16;0;2
34;17;0;2
34;18;0;2
34;19;0;2
34;20;0;2
34;21;0;2
34;22;0;2
34;23;0;2
34;24;0;2
34;25;0;2
34;26;0;2
34;27;0;2
34;28;0;2
34;29;0;2
34;30;42;2
34;31;55;2
34;32;55;2
34;33;42;2
34;34;0;2
34;35;0;2
34;36;0;2
34;37;0;2
34;38;0;2
34;39;0;2
34;40;0;2
34;41;0;2
34;42;0;2
34;43;0;2
34;44;0;2
34;45;0;2
34;46;0;2
34;47;0;2
34;48;42;2
34;49;55;2
34;50;55;2
34;51;55;2
34;52;55;2
34;53;6;2
34;54;6;2
34;55;55;2
34;56;55;2
34;57;55;2
34;58;55;2
34;59;55;2
34;60;42;2
34;61;42;2
34;62;42;2
34;63;42;2
35;0;42;2
35;1;42;2
35;2;42;2
35;3;42;2
35;4;55;2
35;5;55;2
35;6;55;2
35;7;55;2
35;8;55;2
35;9;6;2
35;10;55;2
35;11;55;2
35;12;55;2
35;13;55;2
35;14;55;2
35;15;42;2
35;16;0;2
35;17;0;2
35;18;0;2
35;19;0;2
35;20;0;2
35;21;0;2
35;22;0;2
35;23;0;2
35;24;0;2
35;25;0;2
35;26;0;2
35;27;0;2
35;28;0;2
35;29;0;2
35;30;42;2
35;31;55;2
35;32;55;2
35;33;42;2
35;34;0;2
35;35;0;2
35;36;0;2
35;37;0;2
35;38;0;2
35;39;0;2
35;40;0;2
35;41;0;2
35;42;0;2
35;43;0;2
35;44;0;2
35;45;0;2
35;46;0;2
35;47;0;2
35;48;42;2
35;49;55;2
35;50;55;2
35;51;55;2
35;52;55;2
35;53;55;2
35;54;6;2
35;55;55;2
35;56;55;2
35;57;55;2
35;58;55;2
35;59;55;2
35;60;42;2
35;61;42;2
35;62;42;2
35;63;42;2
36;0;42;2
36;1;42;2
36;2;42;2
36;3;42;2
36;4;55;2
36;5;55;2
36;6;55;2
36;7;55;2
36;8;55;2
36;9;6;2
36;10;6;2
36;11;6;2
36;12;6;2
36;13;55;2
36;14;55;2
36;15;42;2
36;16;0;2
36;17;0;2
36;18;0;2
36;19;0;2
36;20;0;2
36;21;0;2
36;22;0;2
36;23;0;2
36;24;0;2
36;25;0;2
36;26;0;2
36;27;0;2
36;28;0;2
36;29;0;2
36;30;42;2
36;31;55;2
36;32;55;2
36;33;42;2
36;34;0;2
36;35;0;2
36;36;0;2
36;37;0;2
36;38;0;2
36;39;0;2
36;40;0;2
36;41;0;2
36;42;0;2
36;43;0;2
36;44;0;2
36;45;0;2
36;46;0;2
36;47;0;2
36;48;42;2
36;49;55;2
36;50;55;2
36;51;6;2
36;52;6;2
36;53;6;2
36;54;6;2
36;55;55;2
36;56;55;2
36;57;55;2
36;58;55;2
36;59;55;2
36;60;42;2
36;61;42;2
36;62;42;2
36;63;42;2
37;0;42;2
37;1;42;2
37;2;42;2
37;3;42;2
37;4;55;2
37;5;55;2
37;6;55;2
37;7;55;2
37;8;55;2
37;9;55;2
37;10;55;2
37;11;55;2
37;12;6;2
37;13;55;2
37;14;55;2
37;15;42;2
37;16;0;2
37;17;0;2
37;18;0;2
37;19;0;2
37;20;0;2
37;21;0;2
37;22;0;2
37;23;0;2
37;24;0;2
37;25;0;2
37;26;0;2
37;27;0;2
37;28;0;2
37;29;0;2
37;30;42;2
37;31;55;2
37;32;55;2
37;33;42;2
37;34;0;2
37;35;0;2
37;36;0;2
37;37;0;2
37;38;0;2
37;39;0;2
37;40;0;2
37;41;0;2
37;42;0;2
37;43;0;2
37;44;0;2
37;45;0;2
37;46;0;2
37;47;0;2
37;48;42;2
37;49;55;2
37;50;55;2
37;51;6;2
37;52;55;2
37;53;55;2
37;54;55;2
37;55;55;2
37;56;55;2
37;57;55;2
37;58;55;2
37;59;55;2
37;60;42;2
37;61;42;2
37;62;42;2
37;63;42;2
38;0;42;2
38;1;42;2
38;2;42;2
38;3;42;2
38;4;55;2
38;5;55;2
38;6;55;2
38;7;55;2
38;8;55;2
38;9;55;2
38;10;6;2
38;11;6;2
38;12;6;2
38;13;55;2
38;14;55;2
38;15;42;2
38;16;0;2
38;17;0;2
38;18;0;2
38;19;0;2
38;20;0;2
38;21;0;2
38;22;0;2
38;23;0;2
38;24;0;2
38;25;0;2
38;26;0;2
38;27;0;2
38;28;0;2
38;29;0;2
38;30;42;2
38;31;55;2
38;32;55;2
38;33;42;2
38;34;0;2
38;35;0;2
38;36;0;2
38;37;0;2
38;38;0;2
38;39;0;2
38;40;0;2
38;41;0;2
38;42;0;2
38;43;0;2
38;44;0;2
38;45;0;2
38;46;0;2
38;47;0;2
38;48;42;2
38;49;55;2
38;50;55;2
38;51;6;2
38;52;6;2
38;53;6;2
38;54;55;2
38;55;55;2
38;56;55;2
38;57;55;2
38;58;55;2
38;59;55;2
38;60;42;2
38;61;42;2
38;62;42;2
38;63;42;2
39;0;42;2
39;1;42;2
39;2;42;2
39;3;42;2
39;4;55;2
39;5;55;2
39;6;55;2
39;7;55;2
39;8;55;2
39;9;55;2
39;10;6;2
39;11;55;2
39;12;55;2
39;13;55;2
39;14;55;2
39;15;42;2
39;16;0;2
39;17;0;2
39;18;0;2
39;19;0;2
39;20;0;2
39;21;0;2
39;22;0;2
39;23;0;2
39;24;0;2
39;25;0;2
39;26;0;2
39;27;0;2
39;28;0;2
39;29;0;2
39;30;42;2
39;31;55;2
39;32;55;2
39;33;42;2
39;34;0;2
39;35;0;2
39;36;0;2
39;37;0;2
39;38;0;2
39;39;0;2
39;40;0;2
39;41;0;2
39;42;0;2
39;43;0;2
39;44;0;2
39;45;0;2
39;46;0;2
39;47;0;2
39;48;42;2
39;49;55;2
39;50;55;2
39;51;55;2
39;52;55;2
39;53;6;2
39;54;55;2
39;55;55;2
39;56;55;2
39;57;55;2
39;58;55;2
39;59;55;2
39;60;42;2
39;61;42;2
39;62;42;2
39;63;42;2
40;0;42;2
40;1;42;2
40;2;42;2
40;3;42;2
40;4;55;2
40;5;55;2
40;6;55;2
40;7;55;2
40;8;55;2
40;9;55;2
40;10;6;2
40;11;6;2
40;12;55;2
40;13;55;2
40;14;55;2
40;15;42;2
40;16;0;2
40;17;0;2
40;18;0;2
40;19;0;2
40;20;0;2
40;21;0;2
40;22;0;2
40;23;0;2
40;24;0;2
40;25;0;2
40;26;0;2
40;27;0;2
40;28;0;2
40;29;0;2
40;30;42;2
40;31;55;2
40;32;55;2
40;33;42;2
40;34;0;2
40;35;0;2
40;36;0;2
40;37;0;2
40;38;0;2
40;39;0;2
40;40;0;2
40;41;0;2
40;42;0;2
40;43;0;2
40;44;0;2
40;45;0;2
40;46;0;2
40;47;0;2
40;48;42;2
40;49;55;2
40;50;55;2
40;51;55;2
40;52;6;2
40;53;6;2
40;54;55;2
40;55;55;2
40;56;55;2
40;57;55;2
40;58;55;2
40;59;55;2
40;60;42;2
40;61;42;2
40;62;42;2
40;63;42;2
41;0;42;2
41;1;42;2
41;2;42;2
41;3;42;2
41;4;55;2
41;5;55;2
41;6;55;2
41;7;55;2
41;8;55;2
41;9;55;2
41;10;55;2
41;11;6;2
41;12;55;2
41;13;55;2
41;14;55;2
41;15;42;2
41;16;0;2
41;17;0;2
41;18;0;2
41;19;0;2
41;20;0;2
41;21;0;2
41;22;0;2
41;23;0;2
41;24;0;2
41;25;0;2
41;26;0;2
41;27;0;2
41;28;0;2
41;29;0;2
41;30;42;2
41;31;55;2
41;32;55;2
41;33;42;2
41;34;0;2
41;35;0;2
41;36;0;2
41;37;0;2
41;38;0;2
41;39;0;2
41;40;0;2
41;41;0;2
41;42;0;2
41;43;0;2
41;44;0;2
41;45;0;2
41;46;0;2
41;47;0;2
41;48;42;2
41;49;55;2
41;50;55;2
41;51;55;2
41;52;6;2
41;53;55;2
41;54;55;2
41;55;55;2
41;56;55;2
41;57;55;2
41;58;55;2
41;59;55;2
41;60;42;2
41;61;42;2
41;62;42;2
41;63;42;2
42;0;42;2
42;1;42;2
42;2;42;2
42;3;42;2
42;4;55;2
42;5;55;2
42;6;55;2
42;7;55;2
42;8;55;2
42;9;6;2
42;10;6;2
42;11;6;2
42;12;55;2
42;13;55;2
42;14;55;2
42;15;42;2
42;16;0;2
42;17;0;2
42;18;0;2
42;19;0;2
42;20;0;2
42;21;0;2
42;22;0;2
42;23;0;2
42;24;0;2
42;25;0;2
42;26;0;2
42;27;0;2
42;28;0;2
42;29;0;2
42;30;42;2
42;31;55;2
42;32;55;2
42;33;42;2
42;34;0;2
42;35;0;2
42;36;0;2
42;37;0;2
42;38;0;2
42;39;0;2
42;40;0;2
42;41;0;2
42;42;0;2
42;43;0;2
42;44;0;2
42;45;0;2
42;46;0;2
42;47;0;2
42;48;42;2
42;49;55;2
42;50;55;2
42;51;55;2
42;52;6;2
42;53;6;2
42;54;6;2
42;55;55;2
42;56;55;2
42;57;55;2
42;58;55;2
42;59;55;2
42;60;42;2
42;61;42;2
42;62;42;2
42;63;42;2
43;0;42;2
43;1;42;2
43;2;42;2
43;3;45;2
43;4;48;2
43;5;51;2
43;6;55;2
43;7;55;2
43;8;55;2
43;9;6;2
43;10;55;2
43;11;55;2
43;12;55;2
43;13;55;2
43;14;55;2
43;15;42;2
43;16;0;2
43;17;0;2
43;18;0;2
43;19;0;2
43;20;0;2
43;21;0;2
43;22;0;2
43;23;0;2
43;24;0;2
43;25;0;2
43;26;0;2
43;27;0;2
43;28;0;2
43;29;0;2
43;30;42;2
43;31;55;2
43;32;55;2
43;33;42;2
43;34;0;2
43;35;0;2
43;36;0;2
43;37;0;2
43;38;0;2
43;39;0;2
43;40;0;2
43;41;0;2
43;42;0;2
43;43;0;2
43;44;0;2
43;45;0;2
43;46;0;2
43;47;0;2
43;48;42;2
43;49;55;2
43;50;55;2
43;51;55;2
43;52;55;2
43;53;55;2
43;54;6;2
43;55;55;2
43;56;55;2
43;57;55;2
43;58;55;2
43;59;55;2
43;60;42;2
43;61;42;2
43;62;42;2
43;63;42;2
44;0;42;2
44;1;42;2
44;2;42;2
44;3;46;2
44;4;6;2
44;5;52;2
44;6;55;2
44;7;55;2
44;8;55;2
44;9;6;2
44;10;6;2
44;11;6;2
44;12;6;2
44;13;55;2
44;14;55;2
44;15;42;2
44;16;0;2
44;17;0;2
44;18;0;2
44;19;0;2
44;20;0;2
44;21;0;2
44;22;0;2
44;23;0;2
44;24;0;2
44;25;0;2
44;26;0;2
44;27;0;2
44;28;0;2
44;29;0;2
44;30;42;2
44;31;55;2
44;32;55;2
44;33;42;2
44;34;0;2
44;35;0;2
44;36;0;2
44;37;0;2
44;38;0;2
44;39;0;2
44;40;0;2
44;41;0;2
44;42;0;2
44;43;0;2
44;44;0;2
44;45;0;2
44;46;0;2
44;47;0;2
44;48;42;2
44;49;55;2
44;50;55;2
44;51;6;2
44;52;6;2
44;53;6;2
44;54;6;2
44;55;55;2
44;56;55;2
44;57;55;2
44;58;55;2
44;59;55;2
44;60;42;2
44;61;42;2
44;62;42;2
44;63;42;2
45;0;42;2
45;1;42;2
45;2;42;2
45;3;47;2
45;4;50;2
45;5;53;2
45;6;55;2
45;7;55;2
45;8;55;2
45;9;55;2
45;10;55;2
45;11;55;2
45;12;6;2
45;13;55;2
45;14;55;2
45;15;42;2
45;16;0;2
45;17;0;2
45;18;0;2
45;19;0;2
45;20;0;2
45;21;0;2
45;22;0;2
45;23;0;2
45;24;0;2
45;25;0;2
45;26;0;2
45;27;0;2
45;28;0;2
45;29;0;2
45;30;42;2
45;31;55;2
45;32;55;2
45;33;42;2
45;34;0;2
45;35;0;2
45;36;0;2
45;37;0;2
45;38;0;2
45;39;0;2
45;40;0;2
45;41;0;2
45;42;0;2
45;43;0;2
45;44;0;2
45;45;0;2
45;46;0;2
45;47;0;2
45;48;42;2
45;49;55;2
45;50;55;2
45;51;6;2
45;52;55;2
45;53;55;2
45;54;55;2
45;55;55;2
45;56;55;2
45;57;55;2
45;58;55;2
45;59;55;2
45;60;42;2
45;61;42;2
45;62;42;2
45;63;42;2
46;0;42;2
46;1;42;2
46;2;42;2
46;3;42;2
46;4;55;2
46;5;55;2
46;6;55;2
46;7;55;2
46;8;55;2
46;9;55;2
46;10;55;2
46;11;6;2
46;12;6;2
46;13;55;2
46;14;55;2
46;15;42;2
46;16;0;2
46;17;0;2
46;18;0;2
46;19;0;2
46;20;0;2
46;21;0;2
46;22;0;2
46;23;0;2
46;24;0;2
46;25;0;2
46;26;0;2
46;27;0;2
46;28;0;2
46;29;0;2
46;30;42;2
46;31;55;2
46;32;55;2
46;33;42;2
46;34;0;2
46;35;0;2
46;36;0;2
46;37;0;2
46;38;0;2
46;39;0;2
46;40;0;2
46;41;0;2
46;42;0;2
46;43;0;2
46;44;0;2
46;45;0;2
46;46;0;2
46;47;0;2
46;48;42;2
46;49;55;2
46;50;55;2
46;51;6;2
46;52;6;2
46;53;55;2
46;54;55;2
46;55;55;2
46;56;55;2
46;57;55;2
46;58;55;2
46;59;55;2
46;60;42;2
46;61;42;2
46;62;42;2
46;63;42;2
47;0;42;2
47;1;42;2
47;2;42;2
47;3;45;2
47;4;48;2
47;5;51;2
47;6;55;2
47;7;55;2
47;8;55;2
47;9;55;2
47;10;55;2
47;11;55;2
47;12;55;2
47;13;55;2
47;14;55;2
47;15;42;2
47;16;0;2
47;17;0;2
47;18;0;2
47;19;0;2
47;20;0;2
47;21;0;2
47;22;0;2
47;23;0;2
47;24;0;2
47;25;0;2
47;26;0;2
47;27;0;2
47;28;0;2
47;29;0;2
47;30;42;2
47;31;55;2
47;32;55;2
47;33;42;2
47;34;0;2
47;35;0;2
47;36;0;2
47;37;0;2
47;38;0;2
47;39;0;2
47;40;0;2
47;41;0;2
47;42;0;2
47;43;0;2
47;44;0;2
47;45;0;2
47;46;0;2
47;47;0;2
47;48;42;2
47;49;55;2
47;50;55;2
47;51;55;2
47;52;55;2
47;53;55;2
47;54;55;2
47;55;55;2
47;56;55;2
47;57;55;2
47;58;55;2
47;59;55;2
47;60;42;2
47;61;42;2
47;62;42;2
47;63;42;2
48;0;42;2
48;1;42;2
48;2;42;2
48;3;46;2
48;4;6;2
48;5;52;2
48;6;55;2
48;7;55;2
48;8;55;2
48;9;55;2
48;10;55;2
48;11;55;2
48;12;55;2
48;13;55;2
48;14;55;2
48;15;42;2
48;16;42;2
48;17;42;2
48;18;42;2
48;19;42;2
48;20;42;2
48;21;42;2
48;22;42;2
48;23;42;2
48;24;42;2
48;25;42;2
48;26;42;2
48;27;42;2
48;28;42;2
48;29;42;2
48;30;42;2
48;31;55;2
48;32;55;2
48;33;42;2
48;34;42;2
48;35;42;2
48;36;42;2
48;37;42;2
48;38;42;2
48;39;42;2
48;40;42;2
48;41;42;2
48;42;42;2
48;43;42;2
48;44;42;2
48;45;42;2
48;46;42;2
48;47;42;2
48;48;42;2
48;49;55;2
48;50;55;2
48;51;55;2
48;52;55;2
48;53;55;2
48;54;55;2
48;55;55;2
48;56;55;2
48;57;55;2
48;58;55;2
48;59;55;2
48;60;42;2
48;61;42;2
48;62;42;2
48;63;42;2
49;0;42;2
49;1;42;2
49;2;42;2
49;3;47;2
49;4;50;2
49;5;53;2
49;6;55;2
49;7;55;2
49;8;55;2
49;9;55;2
49;10;55;2
49;11;55;2
49;12;55;2
49;13;55;2
49;14;55;2
49;15;55;2
49;16;55;2
49;17;55;2
49;18;55;2
49;19;55;2
49;20;55;2
49;21;55;2
49;22;55;2
49;23;55;2
49;24;55;2
49;25;55;2
49;26;55;2
49;27;55;2
49;28;55;2
49;29;55;2
49;30;55;2
49;31;55;2
49;32;55;2
49;33;55;2
49;34;55;2
49;35;55;2
49;36;55;2
49;37;55;2
49;38;55;2
49;39;55;2
49;40;55;2
49;41;55;2
49;42;55;2
49;43;55;2
49;44;55;2
49;45;55;2
49;46;55;2
49;47;55;2
49;48;55;2
49;49;55;2
49;50;55;2
49;51;55;2
49;52;55;2
49;53;55;2
49;54;55;2
49;55;55;2
49;56;55;2
49;57;55;2
49;58;55;2
49;59;55;2
49;60;42;2
49;61;42;2
49;62;42;2
49;63;42;2
50;0;42;2
50;1;42;2
50;2;42;2
50;3;42;2
50;4;55;2
50;5;55;2
50;6;55;2
50;7;55;2
50;8;55;2
50;9;55;2
50;10;55;2
50;11;55;2
50;12;55;2
50;13;55;2
50;14;55;2
50;15;55;2
50;16;55;2
50;17;55;2
50;18;55;2
50;19;55;2
50;20;55;2
50;21;55;2
50;22;55;2
50;23;55;2
50;24;55;2
50;25;55;2
50;26;55;2
50;27;55;2
50;28;55;2
50;29;55;2
50;30;55;2
50;31;55;2
50;32;55;2
50;33;55;2
50;34;55;2
50;35;55;2
50;36;55;2
50;37;55;2
50;38;55;2
50;39;55;2
50;40;55;2
50;41;55;2
50;42;55;2
50;43;55;2
50;44;55;2
50;45;55;2
50;46;55;2
50;47;55;2
50;48;55;2
50;49;55;2
50;50;55;2
50;51;55;2
50;52;55;2
50;53;55;2
50;54;55;2
50;55;55;2
50;56;55;2
50;57;55;2
50;58;55;2
50;59;55;2
50;60;42;2
50;61;42;2
50;62;42;2
50;63;42;2
51;0;42;2
51;1;42;2
51;2;42;2
51;3;45;2
51;4;48;2
51;5;51;2
51;6;55;2
51;7;55;2
51;8;55;2
51;9;55;2
51;10;55;2
51;11;55;2
51;12;55;2
51;13;55;2
51;14;55;2
51;15;55;2
51;16;55;2
51;17;6;2
51;18;6;2
51;19;6;2
51;20;55;2
51;21;55;2
51;22;55;2
51;23;55;2
51;24;55;2
51;25;6;2
51;26;6;2
51;27;6;2
51;28;55;2
51;29;55;2
51;30;55;2
51;31;55;2
51;32;55;2
51;33;55;2
51;34;55;2
51;35;55;2
51;36;6;2
51;37;6;2
51;38;6;2
51;39;55;2
51;40;55;2
51;41;55;2
51;42;55;2
51;43;55;2
51;44;6;2
51;45;6;2
51;46;6;2
51;47;55;2
51;48;55;2
51;49;55;2
51;50;55;2
51;51;55;2
51;52;55;2
51;53;55;2
51;54;55;2
51;55;55;2
51;56;6;2
51;57;6;2
51;58;55;2
51;59;55;2
51;60;42;2
51;61;42;2
51;62;42;2
51;63;42;2
52;0;42;2
52;1;42;2
52;2;42;2
52;3;46;2
52;4;6;2
52;5;52;2
52;6;55;2
52;7;55;2
52;8;55;2
52;9;55;2
52;10;55;2
52;11;55;2
52;12;55;2
52;13;55;2
52;14;55;2
52;15;55;2
52;16;55;2
52;17;6;2
52;18;55;2
52;19;6;2
52;20;55;2
52;21;6;2
52;22;6;2
52;23;6;2
52;24;55;2
52;25;6;2
52;26;55;2
52;27;6;2
52;28;55;2
52;29;55;2
52;30;55;2
52;31;55;2
52;32;55;2
52;33;55;2
52;34;55;2
52;35;55;2
52;36;6;2
52;37;55;2
52;38;6;2
52;39;55;2
52;40;6;2
52;41;6;2
52;42;6;2
52;43;55;2
52;44;6;2
52;45;55;2
52;46;6;2
52;47;55;2
52;48;55;2
52;49;55;2
52;50;55;2
52;51;55;2
52;52;55;2
52;53;55;2
52;54;55;2
52;55;55;2
52;56;55;2
52;57;55;2
52;58;6;2
52;59;55;2
52;60;42;2
52;61;42;2
52;62;42;2
52;63;42;2
53;0;42;2
53;1;42;2
53;2;42;2
53;3;47;2
53;4;50;2
53;5;53;2
53;6;55;2
53;7;55;2
53;8;55;2
53;9;55;2
53;10;55;2
53;11;55;2
53;12;55;2
53;13;55;2
53;14;55;2
53;15;55;2
53;16;55;2
53;17;55;2
53;18;55;2
53;19;6;2
53;20;55;2
53;21;6;2
53;22;55;2
53;23;6;2
53;24;6;2
53;25;6;2
53;26;55;2
53;27;6;2
53;28;55;2
53;29;6;2
53;30;55;2
53;31;55;2
53;32;55;2
53;33;55;2
53;34;6;2
53;35;55;2
53;36;6;2
53;37;55;2
53;38;6;2
53;39;6;2
53;40;6;2
53;41;55;2
53;42;6;2
53;43;55;2
53;44;6;2
53;45;55;2
53;46;55;2
53;47;55;2
53;48;55;2
53;49;55;2
53;50;55;2
53;51;55;2
53;52;55;2
53;53;55;2
53;54;55;2
53;55;55;2
53;56;6;2
53;57;6;2
53;58;55;2
53;59;55;2
53;60;42;2
53;61;42;2
53;62;42;2
53;63;42;2
54;0;42;2
54;1;42;2
54;2;42;2
54;3;42;2
54;4;55;2
54;5;55;2
54;6;55;2
54;7;55;2
54;8;55;2
54;9;55;2
54;10;55;2
54;11;55;2
54;12;55;2
54;13;55;2
54;14;55;2
54;15;55;2
54;16;55;2
54;17;55;2
54;18;55;2
54;19;6;2
54;20;6;2
54;21;6;2
54;22;55;2
54;23;55;2
54;24;55;2
54;25;55;2
54;26;55;2
54;27;6;2
54;28;6;2
54;29;6;2
54;30;55;2
54;31;55;2
54;32;55;2
54;33;55;2
54;34;6;2
54;35;6;2
54;36;6;2
54;37;55;2
54;38;55;2
54;39;55;2
54;40;55;2
54;41;55;2
54;42;6;2
54;43;6;2
54;44;6;2
54;45;55;2
54;46;55;2
54;47;55;2
54;48;55;2
54;49;55;2
54;50;55;2
54;51;55;2
54;52;55;2
54;53;55;2
54;54;55;2
54;55;55;2
54;56;55;2
54;57;55;2
54;58;55;2
54;59;55;2
54;60;42;2
54;61;42;2
54;62;42;2
54;63;42;2
55;0;42;2
55;1;42;2
55;2;42;2
55;3;45;2
55;4;48;2
55;5;51;2
55;6;55;2
55;7;55;2
55;8;55;2
55;9;55;2
55;10;55;2
55;11;55;2
55;12;55;2
55;13;55;2
55;14;55;2
55;15;55;2
55;16;55;2
55;17;55;2
55;18;55;2
55;19;55;2
55;20;55;2
55;21;55;2
55;22;55;2
55;23;55;2
55;24;55;2
55;25;55;2
55;26;55;2
55;27;55;2
55;28;55;2
55;29;55;2
55;30;55;2
55;31;55;2
55;32;55;2
55;33;55;2
55;34;55;2
55;35;55;2
55;36;55;2
55;37;55;2
55;38;55;2
55;39;55;2
55;40;55;2
55;41;55;2
55;42;55;2
55;43;55;2
55;44;55;2
55;45;55;2
55;46;55;2
55;47;55;2
55;48;55;2
55;49;55;2
55;50;55;2
55;51;55;2
55;52;55;2
55;53;55;2
55;54;55;2
55;55;55;2
55;56;6;2
55;57;6;2
55;58;6;2
55;59;55;2
55;60;42;2
55;61;42;2
55;62;42;2
55;63;42;2
56;0;42;2
56;1;42;2
56;2;42;2
56;3;46;2
56;4;6;2
56;5;52;2
56;6;55;2
56;7;55;2
56;8;55;2
56;9;55;2
56;10;55;2
56;11;55;2
56;12;55;2
56;13;55;2
56;14;55;2
56;15;55;2
56;16;55;2
56;17;55;2
56;18;55;2
56;19;55;2
56;20;55;2
56;21;55;2
56;22;55;2
56;23;55;2
56;24;55;2
56;25;55;2
56;26;55;2
56;27;55;2
56;28;55;2
56;29;55;2
56;30;55;2
56;31;55;2
56;32;55;2
56;33;55;2
56;34;55;2
56;35;55;2
56;36;55;2
56;37;55;2
56;38;55;2
56;39;55;2
56;40;55;2
56;41;55;2
56;42;55;2
56;43;55;2
56;44;55;2
56;45;55;2
56;46;55;2
56;47;55;2
56;48;55;2
56;49;55;2
56;50;55;2
56;51;55;2
56;52;55;2
56;53;55;2
56;54;55;2
56;55;55;2
56;56;55;2
56;57;55;2
56;58;55;2
56;59;55;2
56;60;42;2
56;61;42;2
56;62;42;2
56;63;42;2
57;0;42;2
57;1;42;2
57;2;42;2
57;3;47;2
57;4;50;2
57;5;53;2
57;6;55;2
57;7;55;2
57;8;55;2
57;9;55;2
57;10;55;2
57;11;55;2
57;12;55;2
57;13;55;2
57;14;55;2
57;15;55;2
57;16;55;2
57;17;55;2
57;18;55;2
57;19;55;2
57;20;55;2
57;21;55;2
57;22;55;2
57;23;55;2
57;24;55;2
57;25;55;2
57;26;55;2
57;27;55;2
57;28;55;2
57;29;55;2
57;30;55;2
57;31;55;2
57;32;55;2
57;33;55;2
57;34;55;2
57;35;55;2
57;36;55;2
57;37;55;2
57;38;55;2
57;39;55;2
57;40;55;2
57;41;55;2
57;42;55;2
57;43;55;2
57;44;55;2
57;45;55;2
57;46;55;2
57;47;55;2
57;48;55;2
57;49;55;2
57;50;55;2
57;51;55;2
57;52;55;2
57;53;55;2
57;54;55;2
57;55;55;2
57;56;6;2
57;57;6;2
57;58;6;2
57;59;55;2
57;60;42;2
57;61;42;2
57;62;42;2
57;63;42;2
58;0;42;2
58;1;42;2
58;2;42;2
58;3;42;2
58;4;55;2
58;5;55;2
58;6;55;2
58;7;55;2
58;8;55;2
58;9;55;2
58;10;55;2
58;11;55;2
58;12;55;2
58;13;55;2
58;14;55;2
58;15;55;2
58;16;55;2
58;17;55;2
58;18;55;2
58;19;55;2
58;20;55;2
58;21;55;2
58;22;55;2
58;23;55;2
58;24;55;2
58;25;55;2
58;26;55;2
58;27;55;2
58;28;55;2
58;29;55;2
58;30;55;2
58;31;55;2
58;32;55;2
58;33;55;2
58;34;55;2
58;35;55;2
58;36;55;2
58;37;55;2
58;38;55;2
58;39;55;2
58;40;55;2
58;41;55;2
58;42;55;2
58;43;55;2
58;44;55;2
58;45;55;2
58;46;55;2
58;47;55;2
58;48;55;2
58;49;55;2
58;50;55;2
58;51;55;2
58;52;55;2
58;53;55;2
58;54;55;2
58;55;55;2
58;56;55;2
58;57;55;2
58;58;6;2
58;59;55;2
58;60;42;2
58;61;42;2
58;62;42;2
58;63;42;2
59;0;42;2
59;1;42;2
59;2;42;2
59;3;42;2
59;4;55;2
59;5;55;2
59;6;55;2
59;7;55;2
59;8;55;2
59;9;55;2
59;10;55;2
59;11;55;2
59;12;55;2
59;13;55;2
59;14;55;2
59;15;55;2
59;16;55;2
59;17;55;2
59;18;55;2
59;19;55;2
59;20;55;2
59;21;55;2
59;22;55;2
59;23;55;2
59;24;55;2
59;25;55;2
59;26;55;2
59;27;55;2
59;28;55;2
59;29;55;2
59;30;55;2
59;31;55;2
59;32;55;2
59;33;55;2
59;34;55;2
59;35;55;2
59;36;55;2
59;37;55;2
59;38;55;2
59;39;55;2
59;40;55;2
59;41;55;2
59;42;55;2
59;43;55;2
59;44;55;2
59;45;55;2
59;46;55;2
59;47;55;2
59;48;55;2
59;49;55;2
59;50;55;2
59;51;55;2
59;52;55;2
59;53;55;2
59;54;55;2
59;55;55;2
59;56;55;2
59;57;55;2
59;58;55;2
59;59;55;2
59;60;42;2
59;61;42;2
59;62;42;2
59;63;42;2
60;0;42;2
60;1;42;2
60;2;42;2
60;3;42;2
60;4;42;2
60;5;42;2
60;6;42;2
60;7;42;2
60;8;42;2
60;9;42;2
60;10;42;2
60;11;42;2
60;12;42;2
60;13;42;2
60;14;42;2
60;15;42;2
60;16;42;2
60;17;42;2
60;18;42;2
60;19;42;2
60;20;42;2
60;21;42;2
60;22;42;2
60;23;42;2
60;24;42;2
60;25;42;2
60;26;42;2
60;27;42;2
60;28;42;2
60;29;42;2
60;30;42;2
60;31;42;2
60;32;42;2
60;33;42;2
60;34;42;2
60;35;42;2
60;36;42;2
60;37;42;2
60;38;42;2
60;39;42;2
60;40;42;2
60;41;42;2
60;42;42;2
60;43;42;2
60;44;42;2
60;45;42;2
60;46;42;2
60;47;42;2
60;48;42;2
60;49;42;2
60;50;42;2
60;51;42;2
60;52;42;2
60;53;42;2
60;54;42;2
60;55;42;2
60;56;42;2
60;57;42;2
60;58;42;2
60;59;42;2
60;60;42;2
60;61;42;2
60;62;42;2
60;63;42;2
61;0;42;2
61;1;42;2
61;2;42;2
61;3;42;2
61;4;42;2
61;5;42;2
61;6;42;2
61;7;42;2
61;8;42;2
61;9;42;2
61;10;42;2
61;11;42;2
61;12;42;2
61;13;42;2
61;14;42;2
61;15;42;2
61;16;42;2
61;17;42;2
61;18;42;2
61;19;42;2
61;20;42;2
61;21;42;2
61;22;42;2
61;23;42;2
61;24;42;2
61;25;42;2
61;26;42;2
61;27;42;2
61;28;42;2
61;29;42;2
61;30;42;2
61;31;42;2
61;32;42;2
61;33;42;2
61;34;42;2
61;35;42;2
61;36;42;2
61;37;42;2
61;38;42;2
61;39;42;2
61;40;42;2
61;41;42;2
61;42;42;2
61;43;42;2
61;44;42;2
61;45;42;2
61;46;42;2
61;47;42;2
61;48;42;2
61;49;42;2
61;50;42;2
61;51;42;2
61;52;42;2
61;53;42;2
61;54;42;2
61;55;42;2
61;56;42;2
61;57;42;2
61;58;42;2
61;59;42;2
61;60;42;2
61;61;42;2
61;62;42;2
61;63;42;2
62;0;42;2
62;1;42;2
62;2;42;2
62;3;42;2
62;4;42;2
62;5;42;2
62;6;42;2
62;7;42;2
62;8;42;2
62;9;42;2
62;10;42;2
62;11;42;2
62;12;42;2
62;13;42;2
62;14;42;2
62;15;42;2
62;16;42;2
62;17;42;2
62;18;42;2
62;19;42;2
62;20;42;2
62;21;42;2
62;22;42;2
62;23;42;2
62;24;42;2
62;25;42;2
62;26;42;2
62;27;42;2
62;28;42;2
62;29;42;2
62;30;42;2
62;31;42;2
62;32;42;2
62;33;42;2
62;34;42;2
62;35;42;2
62;36;42;2
62;37;42;2
62;38;42;2
62;39;42;2
62;40;42;2
62;41;42;2
62;42;42;2
62;43;42;2
62;44;42;2
62;45;42;2
62;46;42;2
62;47;42;2
62;48;42;2
62;49;42;2
62;50;42;2
62;51;42;2
62;52;42;2
62;53;42;2
62;54;42;2
62;55;42;2
62;56;42;2
62;57;42;2
62;58;42;2
62;59;42;2
62;60;42;2
62;61;42;2
62;62;42;2
62;63;42;2
63;0;42;2
63;1;42;2
63;2;42;2
63;3;42;2
63;4;42;2
63;5;42;2
63;6;42;2
63;7;42;2
63;8;42;2
63;9;42;2
63;10;42;2
63;11;42;2
63;12;42;2
63;13;42;2
63;14;42;2
63;15;42;2
63;16;42;2
63;17;42;2
63;18;42;2
63;19;42;2
63;20;42;2
63;21;42;2
63;22;42;2
63;23;42;2
63;24;42;2
63;25;42;2
63;26;42;2
63;27;42;2
63;28;42;2
63;29;42;2
63;30;42;2
63;31;42;2
63;32;42;2
63;33;42;2
63;34;42;2
63;35;42;2
63;36;42;2
63;37;42;2
63;38;42;2
63;39;42;2
63;40;42;2
63;41;42;2
63;42;42;2
63;43;42;2
63;44;42;2
63;45;42;2
63;46;42;2
63;47;42;2
63;48;42;2
63;49;42;2
63;50;42;2
63;51;42;2
63;52;42;2
63;53;42;2
63;54;42;2
63;55;42;2
63;56;42;2
63;57;42;2
63;58;42;2
63;59;42;2
63;60;42;2
63;61;42;2
63;62;42;2
63;63;42;2
