# Illarion Server
# 
# This program is free software: you can redistribute it and/or modify it under
# the terms of the GNU Affero General Public License as published by the Free
# Software Foundation, either version 3 of the License, or (at your option) any
# later version.
# 
# This program is distributed in the hope that it will be useful, but WITHOUT
# ANY WARRANTY; without even the implied warranty of MERCHANTABILITY or FITNESS
# FOR A PARTICULAR PURPOSE.  See the GNU Affero General Public License for more
# details.
# 
# You should have received a copy of the GNU Affero General Public License along
# with this program.  If not, see <http://www.gnu.org/licenses/>.
V: 2
L: -3
X: 555
Y: 225
W: 100
H: 50
0;0;8;0
1;0;8;0
2;0;8;0
3;0;8;0
4;0;8;0
5;0;4372;0
6;0;20;0
7;0;20;0
8;0;20;0
9;0;20;0
10;0;20;0
11;0;20;0
12;0;20;0
13;0;20;0
14;0;20;0
15;0;20;0
16;0;20;0
17;0;8468;0
18;0;8;0
19;0;8;0
20;0;8;0
21;0;8;0
22;0;8;0
23;0;8;0
24;0;8;0
25;0;8;0
26;0;8;0
27;0;8;0
28;0;8;0
29;0;8;0
30;0;8;0
31;0;8;0
32;0;16904;0
33;0;16;0
34;0;16;0
35;0;16;0
36;0;16;0
37;0;6;0
38;0;6;0
39;0;6;0
40;0;6;0
41;0;6;0
42;0;8678;0
43;0;15;0
44;0;15;0
45;0;4578;0
46;0;2;0
47;0;2;0
48;0;2;0
49;0;2;0
50;0;2;0
51;0;2;0
52;0;2;0
53;0;2;0
54;0;2;0
55;0;2;0
56;0;2;0
57;0;2;0
58;0;2;0
59;0;2;0
60;0;2;0
61;0;19;0
62;0;19;0
63;0;19;0
64;0;19;0
65;0;19;0
66;0;6675;0
67;0;11795;0
68;0;11795;0
69;0;22035;0
70;0;16;0
71;0;16;0
72;0;16;0
73;0;4616;0
74;0;8;0
75;0;8;0
76;0;8;0
77;0;8;0
78;0;8;0
79;0;8;0
80;0;8;0
81;0;0;0
82;0;0;0
83;0;0;0
84;0;0;0
85;0;0;0
86;0;0;0
87;0;0;0
88;0;20;0
89;0;20;0
90;0;8468;0
91;0;8;0
92;0;0;0
93;0;0;0
94;0;0;0
95;0;0;0
96;0;0;0
97;0;20;0
98;0;20;0
99;0;20;0
0;1;8;0
1;1;8;0
2;1;8;0
3;1;8;0
4;1;8;0
5;1;20756;0
6;1;20;0
7;1;20;0
8;1;20;0
9;1;20;0
10;1;20;0
11;1;20;0
12;1;20;0
13;1;20;0
14;1;20;0
15;1;20;0
16;1;20;0
17;1;24852;0
18;1;8;0
19;1;8;0
20;1;8;0
21;1;8;0
22;1;8;0
23;1;8;0
24;1;8;0
25;1;8;0
26;1;8;0
27;1;8;0
28;1;17684;0
29;1;26900;0
30;1;8;0
31;1;8712;0
32;1;16;0
33;1;16;0
34;1;16;0
35;1;16;0
36;1;19974;0
37;1;6;0
38;1;6;0
39;1;6;0
40;1;6;0
41;1;6;0
42;1;25062;0
43;1;15;0
44;1;15;0
45;1;3572;0
46;1;18516;0
47;1;2;0
48;1;2;0
49;1;2;0
50;1;2;0
51;1;2;0
52;1;2;0
53;1;2;0
54;1;2;0
55;1;2;0
56;1;2;0
57;1;2;0
58;1;2;0
59;1;2;0
60;1;13395;0
61;1;19;0
62;1;19;0
63;1;19;0
64;1;19;0
65;1;8723;0
66;1;16;0
67;1;16;0
68;1;16;0
69;1;16;0
70;1;16;0
71;1;16;0
72;1;16;0
73;1;10760;0
74;1;8;0
75;1;8;0
76;1;8;0
77;1;8;0
78;1;8;0
79;1;25876;0
80;1;1300;0
81;1;0;0
82;1;0;0
83;1;0;0
84;1;0;0
85;1;0;0
86;1;20;0
87;1;20;0
88;1;20;0
89;1;20;0
90;1;12564;0
91;1;8;0
92;1;8;0
93;1;0;0
94;1;0;0
95;1;20;0
96;1;20;0
97;1;20;0
98;1;16916;0
99;1;16;0
0;2;8;0
1;2;8;0
2;2;8;0
3;2;8;0
4;2;8;0
5;2;8;0
6;2;4372;0
7;2;20;0
8;2;20;0
9;2;20;0
10;2;20;0
11;2;20;0
12;2;20;0
13;2;20;0
14;2;20;0
15;2;20;0
16;2;16660;0
17;2;8;0
18;2;8;0
19;2;8;0
20;2;25876;0
21;2;26900;0
22;2;8;0
23;2;8;0
24;2;8;0
25;2;25876;0
26;2;9492;0
27;2;1300;0
28;2;20;0
29;2;24852;0
30;2;8;0
31;2;25096;0
32;2;16;0
33;2;16;0
34;2;16;0
35;2;16;0
36;2;3590;0
37;2;6;0
38;2;6;0
39;2;6;0
40;2;6;0
41;2;16870;0
42;2;15;0
43;2;15;0
44;2;19956;0
45;2;20;0
46;2;20;0
47;2;23636;0
48;2;2;0
49;2;2;0
50;2;2;0
51;2;2;0
52;2;2;0
53;2;2;0
54;2;2;0
55;2;2;0
56;2;2;0
57;2;2;0
58;2;17491;0
59;2;1107;0
60;2;19;0
61;2;19;0
62;2;19;0
63;2;19;0
64;2;19;0
65;2;12819;0
66;2;16;0
67;2;16;0
68;2;16;0
69;2;16;0
70;2;16;0
71;2;16;0
72;2;16;0
73;2;3592;0
74;2;8;0
75;2;8;0
76;2;8;0
77;2;8;0
78;2;8;0
79;2;10516;0
80;2;20;0
81;2;0;0
82;2;0;0
83;2;0;0
84;2;0;0
85;2;20;0
86;2;20;0
87;2;20;0
88;2;20;0
89;2;20;0
90;2;24852;0
91;2;8;0
92;2;8;0
93;2;27924;0
94;2;5396;0
95;2;20;0
96;2;20;0
97;2;16916;0
98;2;16;0
99;2;16;0
0;3;8;0
1;3;8;0
2;3;8;0
3;3;8;0
4;3;8;0
5;3;8;0
6;3;3348;0
7;3;20;0
8;3;20;0
9;3;20;0
10;3;20;0
11;3;20;0
12;3;20;0
13;3;20;0
14;3;20;0
15;3;8468;0
16;3;8;0
17;3;8;0
18;3;8;0
19;3;8;0
20;3;3348;0
21;3;7444;0
22;3;8;0
23;3;8;0
24;3;8;0
25;3;3348;0
26;3;20;0
27;3;20;0
28;3;16660;0
29;3;8;0
30;3;8712;0
31;3;16;0
32;3;16;0
33;3;26118;0
34;3;9734;0
35;3;1542;0
36;3;6;0
37;3;6;0
38;3;6;0
39;3;6;0
40;3;8678;0
41;3;15;0
42;3;15;0
43;3;15;0
44;3;3572;0
45;3;20;0
46;3;20;0
47;3;12372;0
48;3;2;0
49;3;2;0
50;3;2;0
51;3;2;0
52;3;2;0
53;3;2;0
54;3;2;0
55;3;17491;0
56;3;9299;0
57;3;1107;0
58;3;19;0
59;3;19;0
60;3;19;0
61;3;19;0
62;3;19;0
63;3;19;0
64;3;6675;0
65;3;29203;0
66;3;16;0
67;3;16;0
68;3;16;0
69;3;26131;0
70;3;18963;0
71;3;16;0
72;3;13832;0
73;3;8;0
74;3;8;0
75;3;8;0
76;3;8;0
77;3;8;0
78;3;8;0
79;3;3348;0
80;3;20;0
81;3;0;0
82;3;20;0
83;3;20;0
84;3;20;0
85;3;20;0
86;3;20;0
87;3;20;0
88;3;20;0
89;3;8468;0
90;3;8;0
91;3;6664;0
92;3;11784;0
93;3;11784;0
94;3;11784;0
95;3;11796;0
96;3;22036;0
97;3;16;0
98;3;16;0
99;3;16;0
0;4;2324;0
1;4;18708;0
2;4;8;0
3;4;8;0
4;4;17684;0
5;4;1300;0
6;4;20;0
7;4;20;0
8;4;20;0
9;4;20;0
10;4;20;0
11;4;20;0
12;4;20;0
13;4;20;0
14;4;6420;0
15;4;28948;0
16;4;8;0
17;4;8;0
18;4;25876;0
19;4;1300;0
20;4;20;0
21;4;20;0
22;4;2324;0
23;4;9492;0
24;4;1300;0
25;4;20;0
26;4;20;0
27;4;20;0
28;4;6664;0
29;4;11784;0
30;4;29192;0
31;4;16;0
32;4;16;0
33;4;3590;0
34;4;6;0
35;4;6;0
36;4;6;0
37;4;6;0
38;4;6;0
39;4;6;0
40;4;12774;0
41;4;15;0
42;4;15;0
43;4;19956;0
44;4;20;0
45;4;20;0
46;4;20;0
47;4;7252;0
48;4;2;0
49;4;2;0
50;4;2;0
51;4;2;0
52;4;2;0
53;4;2;0
54;4;19539;0
55;4;19;0
56;4;19;0
57;4;19;0
58;4;19;0
59;4;19;0
60;4;19;0
61;4;19;0
62;4;19;0
63;4;16915;0
64;4;16;0
65;4;16;0
66;4;16;0
67;4;16;0
68;4;16;0
69;4;3603;0
70;4;19;0
71;4;12563;0
72;4;8;0
73;4;8;0
74;4;8;0
75;4;8;0
76;4;8;0
77;4;25876;0
78;4;1300;0
79;4;20;0
80;4;20;0
81;4;20;0
82;4;20;0
83;4;20;0
84;4;20;0
85;4;20;0
86;4;20;0
87;4;20;0
88;4;20;0
89;4;12564;0
90;4;8712;0
91;4;16;0
92;4;16;0
93;4;16;0
94;4;16;0
95;4;16;0
96;4;16;0
97;4;16;0
98;4;16;0
99;4;16;0
0;5;20;0
1;5;20;0
2;5;2324;0
3;5;1300;0
4;5;20;0
5;5;20;0
6;5;20;0
7;5;20;0
8;5;20;0
9;5;20;0
10;5;20;0
11;5;20;0
12;5;20;0
13;5;8468;0
14;5;8;0
15;5;8;0
16;5;8;0
17;5;8;0
18;5;3348;0
19;5;20;0
20;5;20;0
21;5;20;0
22;5;20;0
23;5;20;0
24;5;20;0
25;5;20;0
26;5;20;0
27;5;16916;0
28;5;16;0
29;5;16;0
30;5;16;0
31;5;16;0
32;5;19974;0
33;5;6;0
34;5;6;0
35;5;6;0
36;5;6;0
37;5;6;0
38;5;6;0
39;5;6630;0
40;5;29158;0
41;5;15;0
42;5;15;0
43;5;10740;0
44;5;20;0
45;5;20;0
46;5;20;0
47;5;20;0
48;5;2132;0
49;5;9300;0
50;5;26708;0
51;5;2;0
52;5;2;0
53;5;2;0
54;5;10323;0
55;5;19;0
56;5;19;0
57;5;19;0
58;5;19;0
59;5;19;0
60;5;19;0
61;5;19;0
62;5;8723;0
63;5;16;0
64;5;16;0
65;5;16;0
66;5;16;0
67;5;17939;0
68;5;1555;0
69;5;19;0
70;5;19;0
71;5;12563;0
72;5;8;0
73;5;8;0
74;5;8;0
75;5;8;0
76;5;8;0
77;5;27924;0
78;5;5396;0
79;5;20;0
80;5;20;0
81;5;20;0
82;5;20;0
83;5;20;0
84;5;20;0
85;5;6420;0
86;5;11540;0
87;5;11540;0
88;5;11540;0
89;5;28948;0
90;5;7688;0
91;5;16;0
92;5;16;0
93;5;16;0
94;5;16;0
95;5;17928;0
96;5;9736;0
97;5;9747;0
98;5;9747;0
99;5;1555;0
0;6;20;0
1;6;20;0
2;6;20;0
3;6;20;0
4;6;20;0
5;6;20;0
6;6;20;0
7;6;20;0
8;6;20;0
9;6;20;0
10;6;20;0
11;6;20;0
12;6;20;0
13;6;24852;0
14;6;8;0
15;6;8;0
16;6;8;0
17;6;13588;0
18;6;20;0
19;6;20;0
20;6;20;0
21;6;20;0
22;6;20;0
23;6;20;0
24;6;20;0
25;6;20;0
26;6;8724;0
27;6;16;0
28;6;16;0
29;6;16;0
30;6;16;0
31;6;16;0
32;6;10758;0
33;6;6;0
34;6;6;0
35;6;6;0
36;6;6;0
37;6;6;0
38;6;8678;0
39;6;15;0
40;6;15;0
41;6;15;0
42;6;15;0
43;6;10740;0
44;6;20;0
45;6;20;0
46;6;20;0
47;6;20;0
48;6;20;0
49;6;20;0
50;6;7252;0
51;6;2;0
52;6;2;0
53;6;2;0
54;6;20563;0
55;6;19;0
56;6;19;0
57;6;6675;0
58;6;5651;0
59;6;19;0
60;6;19;0
61;6;19;0
62;6;25107;0
63;6;16;0
64;6;16;0
65;6;16;0
66;6;19987;0
67;6;19;0
68;6;19;0
69;6;19;0
70;6;19;0
71;6;12563;0
72;6;8;0
73;6;8;0
74;6;8;0
75;6;8;0
76;6;8;0
77;6;8;0
78;6;8;0
79;6;22804;0
80;6;11540;0
81;6;11540;0
82;6;11540;0
83;6;11540;0
84;6;21780;0
85;6;8;0
86;6;8;0
87;6;8;0
88;6;8;0
89;6;8;0
90;6;8;0
91;6;2568;0
92;6;9736;0
93;6;9736;0
94;6;1544;0
95;6;8;0
96;6;13587;0
97;6;19;0
98;6;19;0
99;6;19;0
0;7;20;0
1;7;20;0
2;7;20;0
3;7;20;0
4;7;20;0
5;7;20;0
6;7;20;0
7;7;20;0
8;7;20;0
9;7;20;0
10;7;20;0
11;7;6420;0
12;7;21780;0
13;7;8;0
14;7;8;0
15;7;8;0
16;7;13588;0
17;7;20;0
18;7;20;0
19;7;20;0
20;7;20;0
21;7;20;0
22;7;20;0
23;7;20;0
24;7;20;0
25;7;6676;0
26;7;29204;0
27;7;16;0
28;7;16;0
29;7;16;0
30;7;16;0
31;7;16;0
32;7;10758;0
33;7;6;0
34;7;6630;0
35;7;5606;0
36;7;6;0
37;7;6;0
38;7;25062;0
39;7;15;0
40;7;15;0
41;7;15;0
42;7;15;0
43;7;3572;0
44;7;20;0
45;7;20;0
46;7;20;0
47;7;20;0
48;7;20;0
49;7;20;0
50;7;20;0
51;7;23636;0
52;7;2;0
53;7;2;0
54;7;2;0
55;7;15443;0
56;7;8723;0
57;7;16;0
58;7;16;0
59;7;4627;0
60;7;19;0
61;7;8723;0
62;7;16;0
63;7;16;0
64;7;16;0
65;7;16;0
66;7;10771;0
67;7;19;0
68;7;19;0
69;7;19;0
70;7;19;0
71;7;7443;0
72;7;8;0
73;7;8;0
74;7;8;0
75;7;8;0
76;7;8;0
77;7;8;0
78;7;8;0
79;7;8;0
80;7;8;0
81;7;8;0
82;7;8;0
83;7;8;0
84;7;8;0
85;7;8;0
86;7;8;0
87;7;8;0
88;7;8;0
89;7;8;0
90;7;8;0
91;7;8;0
92;7;8;0
93;7;8;0
94;7;25875;0
95;7;1299;0
96;7;19;0
97;7;19;0
98;7;19;0
99;7;0;0
0;8;20;0
1;8;20;0
2;8;20;0
3;8;20;0
4;8;20;0
5;8;20;0
6;8;20;0
7;8;20;0
8;8;20;0
9;8;20;0
10;8;8468;0
11;8;8;0
12;8;8;0
13;8;8;0
14;8;25876;0
15;8;1300;0
16;8;20;0
17;8;20;0
18;8;20;0
19;8;20;0
20;8;20;0
21;8;20;0
22;8;20;0
23;8;20;0
24;8;8724;0
25;8;16;0
26;8;16;0
27;8;16;0
28;8;16;0
29;8;16;0
30;8;16;0
31;8;16;0
32;8;10758;0
33;8;8678;0
34;8;15;0
35;8;15;0
36;8;4582;0
37;8;8678;0
38;8;15;0
39;8;15;0
40;8;15;0
41;8;15;0
42;8;19956;0
43;8;20;0
44;8;20;0
45;8;20;0
46;8;20;0
47;8;20;0
48;8;20;0
49;8;20;0
50;8;20;0
51;8;12372;0
52;8;2;0
53;8;2;0
54;8;2;0
55;8;6658;0
56;8;29203;0
57;8;16;0
58;8;16;0
59;8;28179;0
60;8;11795;0
61;8;29203;0
62;8;16;0
63;8;16;0
64;8;16;0
65;8;16;0
66;8;10771;0
67;8;19;0
68;8;19;0
69;8;19;0
70;8;19;0
71;8;19;0
72;8;2323;0
73;8;9491;0
74;8;9491;0
75;8;18707;0
76;8;8;0
77;8;8;0
78;8;8;0
79;8;8;0
80;8;8;0
81;8;8;0
82;8;8;0
83;8;8;0
84;8;8;0
85;8;8;0
86;8;8;0
87;8;8;0
88;8;8;0
89;8;8;0
90;8;8;0
91;8;8;0
92;8;8;0
93;8;8;0
94;8;10515;0
95;8;19;0
96;8;19;0
97;8;19;0
98;8;0;0
99;8;0;0
0;9;20;0
1;9;20;0
2;9;20;0
3;9;20;0
4;9;20;0
5;9;20;0
6;9;20;0
7;9;20;0
8;9;20;0
9;9;6420;0
10;9;28948;0
11;9;8;0
12;9;8;0
13;9;8;0
14;9;10516;0
15;9;20;0
16;9;20;0
17;9;20;0
18;9;20;0
19;9;20;0
20;9;20;0
21;9;20;0
22;9;20;0
23;9;20;0
24;9;12820;0
25;9;16;0
26;9;16;0
27;9;16;0
28;9;16;0
29;9;16;0
30;9;16;0
31;9;16;0
32;9;3590;0
33;9;25062;0
34;9;15;0
35;9;15;0
36;9;28134;0
37;9;29158;0
38;9;15;0
39;9;15;0
40;9;15;0
41;9;15;0
42;9;3572;0
43;9;20;0
44;9;20;0
45;9;20;0
46;9;20;0
47;9;20;0
48;9;20;0
49;9;20;0
50;9;20;0
51;9;12372;0
52;9;2;0
53;9;2;0
54;9;8706;0
55;9;16;0
56;9;16;0
57;9;16;0
58;9;16;0
59;9;16;0
60;9;16;0
61;9;16;0
62;9;16;0
63;9;16;0
64;9;16;0
65;9;16;0
66;9;3603;0
67;9;19;0
68;9;19;0
69;9;19;0
70;9;19;0
71;9;19;0
72;9;19;0
73;9;19;0
74;9;19;0
75;9;19;0
76;9;23827;0
77;9;8;0
78;9;8;0
79;9;8;0
80;9;8;0
81;9;8;0
82;9;8;0
83;9;8;0
84;9;8;0
85;9;8;0
86;9;8;0
87;9;8;0
88;9;8;0
89;9;8;0
90;9;8;0
91;9;8;0
92;9;8;0
93;9;8;0
94;9;3347;0
95;9;19;0
96;9;19;0
97;9;19;0
98;9;0;0
99;9;0;0
0;10;6420;0
1;10;5396;0
2;10;20;0
3;10;20;0
4;10;20;0
5;10;20;0
6;10;6420;0
7;10;11540;0
8;10;21780;0
9;10;8;0
10;10;8;0
11;10;8;0
12;10;8;0
13;10;8;0
14;10;3348;0
15;10;20;0
16;10;20;0
17;10;20;0
18;10;20;0
19;10;20;0
20;10;20;0
21;10;20;0
22;10;20;0
23;10;6676;0
24;10;29204;0
25;10;16;0
26;10;16;0
27;10;16;0
28;10;26118;0
29;10;9734;0
30;10;9734;0
31;10;1542;0
32;10;6;0
33;10;15;0
34;10;15;0
35;10;15;0
36;10;15;0
37;10;15;0
38;10;15;0
39;10;15;0
40;10;15;0
41;10;19956;0
42;10;20;0
43;10;20;0
44;10;20;0
45;10;20;0
46;10;20;0
47;10;20;0
48;10;20;0
49;10;20;0
50;10;20;0
51;10;24660;0
52;10;2;0
53;10;2;0
54;10;25090;0
55;10;16;0
56;10;16;0
57;10;16;0
58;10;16;0
59;10;16;0
60;10;16;0
61;10;16;0
62;10;26131;0
63;10;9747;0
64;10;9747;0
65;10;1555;0
66;10;19;0
67;10;19;0
68;10;19;0
69;10;19;0
70;10;19;0
71;10;19;0
72;10;19;0
73;10;19;0
74;10;19;0
75;10;19;0
76;10;12563;0
77;10;8;0
78;10;8;0
79;10;8;0
80;10;8;0
81;10;8;0
82;10;8;0
83;10;8;0
84;10;8;0
85;10;8;0
86;10;8;0
87;10;8;0
88;10;8;0
89;10;8;0
90;10;8;0
91;10;8;0
92;10;25875;0
93;10;1299;0
94;10;19;0
95;10;19;0
96;10;19;0
97;10;19;0
98;10;0;0
99;10;0;0
0;11;8;0
1;11;8;0
2;11;22804;0
3;11;11540;0
4;11;11540;0
5;11;21780;0
6;11;8;0
7;11;8;0
8;11;8;0
9;11;8;0
10;11;8;0
11;11;8;0
12;11;8;0
13;11;19732;0
14;11;20;0
15;11;20;0
16;11;20;0
17;11;20;0
18;11;20;0
19;11;20;0
20;11;6228;0
21;11;21588;0
22;11;8706;0
23;11;16;0
24;11;16;0
25;11;16;0
26;11;16;0
27;11;16;0
28;11;3590;0
29;11;6;0
30;11;6;0
31;11;6;0
32;11;6;0
33;11;14822;0
34;11;15;0
35;11;15;0
36;11;15;0
37;11;15;0
38;11;15;0
39;11;15;0
40;11;15;0
41;11;3572;0
42;11;20;0
43;11;20;0
44;11;20;0
45;11;20;0
46;11;20;0
47;11;20;0
48;11;20;0
49;11;6228;0
50;11;21588;0
51;11;2;0
52;11;2;0
53;11;2;0
54;11;16;0
55;11;16;0
56;11;16;0
57;11;16;0
58;11;16;0
59;11;16;0
60;11;16;0
61;11;16;0
62;11;10771;0
63;11;19;0
64;11;19;0
65;11;19;0
66;11;19;0
67;11;19;0
68;11;19;0
69;11;19;0
70;11;19;0
71;11;19;0
72;11;19;0
73;11;19;0
74;11;19;0
75;11;19;0
76;11;7443;0
77;11;8;0
78;11;8;0
79;11;8;0
80;11;8;0
81;11;25876;0
82;11;9492;0
83;11;9492;0
84;11;26900;0
85;11;8;0
86;11;8;0
87;11;8;0
88;11;8;0
89;11;8;0
90;11;8;0
91;11;8;0
92;11;3347;0
93;11;19;0
94;11;19;0
95;11;19;0
96;11;19;0
97;11;19;0
98;11;19;0
99;11;0;0
0;12;8;0
1;12;8;0
2;12;8;0
3;12;8;0
4;12;8;0
5;12;8;0
6;12;8;0
7;12;8;0
8;12;8;0
9;12;8;0
10;12;8;0
11;12;8;0
12;12;8;0
13;12;10516;0
14;12;20;0
15;12;20;0
16;12;20;0
17;12;6228;0
18;12;11348;0
19;12;21588;0
20;12;2;0
21;12;2;0
22;12;12802;0
23;12;16;0
24;12;16;0
25;12;16;0
26;12;26118;0
27;12;1542;0
28;12;6;0
29;12;6;0
30;12;6;0
31;12;6;0
32;12;6;0
33;12;6;0
34;12;14822;0
35;12;15;0
36;12;15;0
37;12;15;0
38;12;15;0
39;12;17908;0
40;12;1524;0
41;12;20;0
42;12;6644;0
43;12;11764;0
44;12;5620;0
45;12;20;0
46;12;20;0
47;12;20;0
48;12;8276;0
49;12;2;0
50;12;2;0
51;12;2;0
52;12;2;0
53;12;13396;0
54;12;24084;0
55;12;16;0
56;12;16;0
57;12;16;0
58;12;16;0
59;12;16;0
60;12;16;0
61;12;16;0
62;12;3603;0
63;12;19;0
64;12;19;0
65;12;19;0
66;12;19;0
67;12;19;0
68;12;19;0
69;12;19;0
70;12;19;0
71;12;19;0
72;12;19;0
73;12;19;0
74;12;19;0
75;12;19;0
76;12;19;0
77;12;23827;0
78;12;8;0
79;12;8;0
80;12;8;0
81;12;3348;0
82;12;20;0
83;12;20;0
84;12;7444;0
85;12;8;0
86;12;8;0
87;12;8;0
88;12;8;0
89;12;8;0
90;12;8;0
91;12;19731;0
92;12;19;0
93;12;19;0
94;12;19;0
95;12;19;0
96;12;19;0
97;12;19;0
98;12;19;0
99;12;19;0
0;13;8;0
1;13;8;0
2;13;8;0
3;13;8;0
4;13;8;0
5;13;8;0
6;13;8;0
7;13;8;0
8;13;8;0
9;13;8;0
10;13;8;0
11;13;8;0
12;13;8;0
13;13;27924;0
14;13;11540;0
15;13;5396;0
16;13;16468;0
17;13;2;0
18;13;2;0
19;13;2;0
20;13;2;0
21;13;17492;0
22;13;12820;0
23;13;16;0
24;13;16;0
25;13;16;0
26;13;10758;0
27;13;6;0
28;13;6;0
29;13;6;0
30;13;6;0
31;13;6;0
32;13;6;0
33;13;6;0
34;13;6;0
35;13;24038;0
36;13;15;0
37;13;15;0
38;13;19956;0
39;13;20;0
40;13;6644;0
41;13;22004;0
42;13;15;0
43;13;15;0
44;13;15;0
45;13;15860;0
46;13;20;0
47;13;20;0
48;13;12372;0
49;13;2;0
50;13;2;0
51;13;2;0
52;13;19540;0
53;13;20;0
54;13;7700;0
55;13;16;0
56;13;16;0
57;13;16;0
58;13;16;0
59;13;16;0
60;13;16;0
61;13;19987;0
62;13;19;0
63;13;19;0
64;13;19;0
65;13;19;0
66;13;19;0
67;13;19;0
68;13;19;0
69;13;19;0
70;13;19;0
71;13;19;0
72;13;19;0
73;13;19;0
74;13;19;0
75;13;19;0
76;13;19;0
77;13;24851;0
78;13;8;0
79;13;8;0
80;13;19714;0
81;13;4180;0
82;13;20;0
83;13;20;0
84;13;20;0
85;13;2324;0
86;13;9492;0
87;13;26900;0
88;13;8;0
89;13;8;0
90;13;8;0
91;13;10515;0
92;13;19;0
93;13;19;0
94;13;19;0
95;13;19;0
96;13;19;0
97;13;19;0
98;13;19;0
99;13;19;0
0;14;2323;0
1;14;9491;0
2;14;9491;0
3;14;18707;0
4;14;8;0
5;14;17683;0
6;14;18707;0
7;14;8;0
8;14;8;0
9;14;8;0
10;14;8;0
11;14;8;0
12;14;8;0
13;14;8;0
14;14;8;0
15;14;8;0
16;14;4354;0
17;14;2;0
18;14;2;0
19;14;25684;0
20;14;1108;0
21;14;20;0
22;14;12820;0
23;14;16;0
24;14;16;0
25;14;16;0
26;14;3590;0
27;14;6;0
28;14;6;0
29;14;6;0
30;14;6;0
31;14;6;0
32;14;6;0
33;14;6;0
34;14;6;0
35;14;12774;0
36;14;15;0
37;14;15;0
38;14;28148;0
39;14;22004;0
40;14;15;0
41;14;15;0
42;14;15;0
43;14;15;0
44;14;15;0
45;14;15;0
46;14;11348;0
47;14;11348;0
48;14;28756;0
49;14;2;0
50;14;2;0
51;14;2;0
52;14;10324;0
53;14;20;0
54;14;20;0
55;14;24084;0
56;14;16;0
57;14;16;0
58;14;16;0
59;14;16;0
60;14;16;0
61;14;10771;0
62;14;19;0
63;14;19;0
64;14;19;0
65;14;19;0
66;14;19;0
67;14;19;0
68;14;19;0
69;14;19;0
70;14;19;0
71;14;19;0
72;14;19;0
73;14;19;0
74;14;19;0
75;14;19;0
76;14;8467;0
77;14;8;0
78;14;8;0
79;14;8;0
80;14;10498;0
81;14;10324;0
82;14;20;0
83;14;20;0
84;14;20;0
85;14;20;0
86;14;20;0
87;14;7444;0
88;14;8;0
89;14;8;0
90;14;8;0
91;14;10515;0
92;14;19;0
93;14;19;0
94;14;19;0
95;14;19;0
96;14;19;0
97;14;19;0
98;14;19;0
99;14;19;0
0;15;19;0
1;15;19;0
2;15;19;0
3;15;19;0
4;15;19;0
5;15;19;0
6;15;19;0
7;15;2323;0
8;15;9491;0
9;15;9491;0
10;15;9491;0
11;15;18707;0
12;15;8;0
13;15;8;0
14;15;8;0
15;15;8;0
16;15;3330;0
17;15;2;0
18;15;2;0
19;15;3156;0
20;15;20;0
21;15;20;0
22;15;25108;0
23;15;16;0
24;15;16880;0
25;15;15;0
26;15;15846;0
27;15;6;0
28;15;6;0
29;15;6;0
30;15;6;0
31;15;6;0
32;15;6;0
33;15;6;0
34;15;6;0
35;15;25062;0
36;15;15;0
37;15;15;0
38;15;15;0
39;15;15;0
40;15;15;0
41;15;15;0
42;15;17908;0
43;15;18932;0
44;15;15;0
45;15;13794;0
46;15;2;0
47;15;2;0
48;15;2;0
49;15;2;0
50;15;2;0
51;15;2;0
52;15;3156;0
53;15;20;0
54;15;20;0
55;15;12820;0
56;15;16;0
57;15;16;0
58;15;16;0
59;15;16;0
60;15;16;0
61;15;3603;0
62;15;19;0
63;15;19;0
64;15;19;0
65;15;19;0
66;15;19;0
67;15;19;0
68;15;19;0
69;15;19;0
70;15;19;0
71;15;19;0
72;15;19;0
73;15;19;0
74;15;19;0
75;15;19;0
76;15;7443;0
77;15;8;0
78;15;8;0
79;15;8;0
80;15;3330;0
81;15;10324;0
82;15;20;0
83;15;20;0
84;15;20;0
85;15;20;0
86;15;20;0
87;15;20;0
88;15;14612;0
89;15;8;0
90;15;8;0
91;15;20755;0
92;15;19;0
93;15;19;0
94;15;19;0
95;15;19;0
96;15;19;0
97;15;19;0
98;15;19;0
99;15;19;0
0;16;19;0
1;16;19;0
2;16;19;0
3;16;19;0
4;16;19;0
5;16;19;0
6;16;19;0
7;16;19;0
8;16;19;0
9;16;19;0
10;16;19;0
11;16;19;0
12;16;14611;0
13;16;8;0
14;16;17666;0
15;16;1282;0
16;16;2;0
17;16;17492;0
18;16;1108;0
19;16;20;0
20;16;20;0
21;16;16916;0
22;16;16;0
23;16;16880;0
24;16;15;0
25;16;15;0
26;16;15;0
27;16;15846;0
28;16;6;0
29;16;6;0
30;16;6;0
31;16;6;0
32;16;6;0
33;16;6;0
34;16;16870;0
35;16;15;0
36;16;15;0
37;16;15;0
38;16;15;0
39;16;15;0
40;16;26100;0
41;16;1524;0
42;16;20;0
43;16;20;0
44;16;7252;0
45;16;2;0
46;16;2;0
47;16;2;0
48;16;2;0
49;16;25684;0
50;16;9300;0
51;16;1108;0
52;16;20;0
53;16;20;0
54;16;20;0
55;16;25108;0
56;16;16;0
57;16;16;0
58;16;16;0
59;16;26131;0
60;16;1555;0
61;16;19;0
62;16;19;0
63;16;19;0
64;16;19;0
65;16;19;0
66;16;19;0
67;16;19;0
68;16;6227;0
69;16;5203;0
70;16;19;0
71;16;19;0
72;16;19;0
73;16;6227;0
74;16;11347;0
75;16;11347;0
76;16;21587;0
77;16;2306;0
78;16;9474;0
79;16;1282;0
80;16;2;0
81;16;10324;0
82;16;20;0
83;16;20;0
84;16;20;0
85;16;20;0
86;16;20;0
87;16;20;0
88;16;20;0
89;16;23828;0
90;16;8;0
91;16;8;0
92;16;4371;0
93;16;19;0
94;16;19;0
95;16;19;0
96;16;19;0
97;16;19;0
98;16;19;0
99;16;0;0
0;17;19;0
1;17;19;0
2;17;19;0
3;17;19;0
4;17;19;0
5;17;19;0
6;17;19;0
7;17;19;0
8;17;19;0
9;17;19;0
10;17;19;0
11;17;19;0
12;17;8275;0
13;17;2;0
14;17;2;0
15;17;2;0
16;17;13396;0
17;17;20;0
18;17;20;0
19;17;20;0
20;17;8724;0
21;17;16;0
22;17;16880;0
23;17;15;0
24;17;15;0
25;17;15;0
26;17;15;0
27;17;15;0
28;17;6;0
29;17;6;0
30;17;6;0
31;17;6;0
32;17;6630;0
33;17;21990;0
34;17;15;0
35;17;15;0
36;17;15;0
37;17;15;0
38;17;15;0
39;17;15;0
40;17;3572;0
41;17;20;0
42;17;20;0
43;17;20;0
44;17;20;0
45;17;23636;0
46;17;2;0
47;17;2;0
48;17;2;0
49;17;3156;0
50;17;20;0
51;17;20;0
52;17;20;0
53;17;20;0
54;17;8724;0
55;17;16;0
56;17;16;0
57;17;16;0
58;17;16;0
59;17;3603;0
60;17;19;0
61;17;19;0
62;17;19;0
63;17;19;0
64;17;19;0
65;17;19;0
66;17;19;0
67;17;16467;0
68;17;2;0
69;17;2;0
70;17;22611;0
71;17;11347;0
72;17;21587;0
73;17;2;0
74;17;2;0
75;17;2;0
76;17;2;0
77;17;2;0
78;17;2;0
79;17;2;0
80;17;2;0
81;17;3156;0
82;17;20;0
83;17;20;0
84;17;20;0
85;17;20;0
86;17;20;0
87;17;20;0
88;17;20;0
89;17;12564;0
90;17;8;0
91;17;8;0
92;17;10515;0
93;17;19;0
94;17;19;0
95;17;19;0
96;17;19;0
97;17;19;0
98;17;19;0
99;17;0;0
0;18;19;0
1;18;19;0
2;18;19;0
3;18;19;0
4;18;19;0
5;18;19;0
6;18;19;0
7;18;19;0
8;18;19;0
9;18;19;0
10;18;19;0
11;18;6227;0
12;18;28755;0
13;18;2;0
14;18;2;0
15;18;13396;0
16;18;20;0
17;18;20;0
18;18;20;0
19;18;20;0
20;18;25108;0
21;18;8688;0
22;18;15;0
23;18;15;0
24;18;15;0
25;18;15;0
26;18;15;0
27;18;13798;0
28;18;6;0
29;18;6;0
30;18;6;0
31;18;16870;0
32;18;15;0
33;18;15;0
34;18;15;0
35;18;26100;0
36;18;9716;0
37;18;9716;0
38;18;9716;0
39;18;1524;0
40;18;20;0
41;18;20;0
42;18;20;0
43;18;20;0
44;18;20;0
45;18;24660;0
46;18;2;0
47;18;2;0
48;18;19540;0
49;18;20;0
50;18;20;0
51;18;20;0
52;18;20;0
53;18;6676;0
54;18;29204;0
55;18;16;0
56;18;16;0
57;18;16;0
58;18;13843;0
59;18;19;0
60;18;19;0
61;18;19;0
62;18;19;0
63;18;19;0
64;18;6675;0
65;18;5651;0
66;18;16467;0
67;18;2;0
68;18;2;0
69;18;2;0
70;18;2;0
71;18;2;0
72;18;2;0
73;18;2;0
74;18;2;0
75;18;2;0
76;18;2;0
77;18;2;0
78;18;2;0
79;18;2;0
80;18;13396;0
81;18;20;0
82;18;20;0
83;18;20;0
84;18;20;0
85;18;20;0
86;18;20;0
87;18;20;0
88;18;20;0
89;18;24852;0
90;18;8;0
91;18;8;0
92;18;3347;0
93;18;19;0
94;18;19;0
95;18;19;0
96;18;19;0
97;18;19;0
98;18;0;0
99;18;0;0
0;19;19;0
1;19;19;0
2;19;19;0
3;19;19;0
4;19;19;0
5;19;19;0
6;19;19;0
7;19;19;0
8;19;19;0
9;19;19;0
10;19;8275;0
11;19;2;0
12;19;2;0
13;19;2;0
14;19;13396;0
15;19;20;0
16;19;20;0
17;19;20;0
18;19;16468;0
19;19;8706;0
20;19;16;0
21;19;25072;0
22;19;15;0
23;19;15;0
24;19;15;0
25;19;17894;0
26;19;1510;0
27;19;6;0
28;19;6;0
29;19;6630;0
30;19;21990;0
31;19;15;0
32;19;15;0
33;19;15;0
34;19;15;0
35;19;3572;0
36;19;20;0
37;19;20;0
38;19;20;0
39;19;20;0
40;19;20;0
41;19;20;0
42;19;20;0
43;19;20;0
44;19;8276;0
45;19;2;0
46;19;2;0
47;19;2;0
48;19;10324;0
49;19;20;0
50;19;20;0
51;19;20;0
52;19;8724;0
53;19;16;0
54;19;16;0
55;19;16;0
56;19;16;0
57;19;19987;0
58;19;19;0
59;19;19;0
60;19;19;0
61;19;19;0
62;19;19;0
63;19;16915;0
64;19;16;0
65;19;16;0
66;19;2;0
67;19;2;0
68;19;2;0
69;19;2;0
70;19;2;0
71;19;2;0
72;19;2;0
73;19;2;0
74;19;2;0
75;19;2;0
76;19;2;0
77;19;2;0
78;19;2;0
79;19;13396;0
80;19;20;0
81;19;20;0
82;19;20;0
83;19;20;0
84;19;20;0
85;19;20;0
86;19;20;0
87;19;20;0
88;19;8468;0
89;19;8;0
90;19;8;0
91;19;19731;0
92;19;19;0
93;19;19;0
94;19;19;0
95;19;19;0
96;19;19;0
97;19;19;0
98;19;0;0
99;19;0;0
0;20;19;0
1;20;19;0
2;20;19;0
3;20;19;0
4;20;19;0
5;20;19;0
6;20;19;0
7;20;19;0
8;20;19;0
9;20;19;0
10;20;24659;0
11;20;2;0
12;20;2;0
13;20;13396;0
14;20;20;0
15;20;20;0
16;20;20;0
17;20;8276;0
18;20;2;0
19;20;25090;0
20;20;8688;0
21;20;15;0
22;20;15;0
23;20;15;0
24;20;19942;0
25;20;6;0
26;20;6;0
27;20;6;0
28;20;16870;0
29;20;15;0
30;20;15;0
31;20;15;0
32;20;15;0
33;20;17908;0
34;20;1524;0
35;20;20;0
36;20;20;0
37;20;20;0
38;20;20;0
39;20;20;0
40;20;20;0
41;20;20;0
42;20;20;0
43;20;20;0
44;20;24660;0
45;20;2;0
46;20;2;0
47;20;2;0
48;20;3156;0
49;20;20;0
50;20;20;0
51;20;20;0
52;20;12820;0
53;20;16;0
54;20;16;0
55;20;16;0
56;20;16;0
57;20;10771;0
58;20;19;0
59;20;19;0
60;20;19;0
61;20;19;0
62;20;16915;0
63;20;16;0
64;20;16;0
65;20;13826;0
66;20;2;0
67;20;2;0
68;20;2;0
69;20;2;0
70;20;2;0
71;20;17492;0
72;20;18516;0
73;20;2;0
74;20;2;0
75;20;2;0
76;20;2;0
77;20;2;0
78;20;13396;0
79;20;20;0
80;20;20;0
81;20;20;0
82;20;20;0
83;20;20;0
84;20;20;0
85;20;20;0
86;20;20;0
87;20;20;0
88;20;12564;0
89;20;8;0
90;20;8;0
91;20;27923;0
92;20;5395;0
93;20;19;0
94;20;19;0
95;20;19;0
96;20;19;0
97;20;0;0
98;20;0;0
99;20;0;0
0;21;19;0
1;21;19;0
2;21;19;0
3;21;19;0
4;21;19;0
5;21;19;0
6;21;19;0
7;21;19;0
8;21;19;0
9;21;8275;0
10;21;2;0
11;21;2;0
12;21;13396;0
13;21;20;0
14;21;20;0
15;21;6228;0
16;21;11348;0
17;21;28756;0
18;21;8706;0
19;21;16;0
20;21;12784;0
21;21;15;0
22;21;15;0
23;21;15;0
24;21;10726;0
25;21;6;0
26;21;6;0
27;21;16870;0
28;21;15;0
29;21;15;0
30;21;15;0
31;21;15;0
32;21;13812;0
33;21;20;0
34;21;20;0
35;21;20;0
36;21;20;0
37;21;20;0
38;21;20;0
39;21;20;0
40;21;20;0
41;21;20;0
42;21;20;0
43;21;8276;0
44;21;2;0
45;21;2;0
46;21;25684;0
47;21;1108;0
48;21;20;0
49;21;20;0
50;21;20;0
51;21;20;0
52;21;25108;0
53;21;16;0
54;21;16;0
55;21;16;0
56;21;16;0
57;21;10771;0
58;21;19;0
59;21;19;0
60;21;6675;0
61;21;22035;0
62;21;16;0
63;21;16;0
64;21;13826;0
65;21;2;0
66;21;2;0
67;21;2;0
68;21;2;0
69;21;2;0
70;21;13396;0
71;21;20;0
72;21;20;0
73;21;2132;0
74;21;18516;0
75;21;2;0
76;21;2;0
77;21;19540;0
78;21;20;0
79;21;20;0
80;21;20;0
81;21;20;0
82;21;20;0
83;21;20;0
84;21;20;0
85;21;20;0
86;21;20;0
87;21;20;0
88;21;12564;0
89;21;8;0
90;21;8;0
91;21;8;0
92;21;8;0
93;21;4371;0
94;21;19;0
95;21;19;0
96;21;19;0
97;21;0;0
98;21;0;0
99;21;0;0
0;22;19;0
1;22;19;0
2;22;19;0
3;22;19;0
4;22;19;0
5;22;19;0
6;22;19;0
7;22;19;0
8;22;6227;0
9;22;28755;0
10;22;2;0
11;22;19540;0
12;22;20;0
13;22;20;0
14;22;8276;0
15;22;2;0
16;22;2;0
17;22;2;0
18;22;12802;0
19;22;16;0
20;22;12784;0
21;22;15;0
22;22;15;0
23;22;15;0
24;22;28134;0
25;22;11750;0
26;22;21990;0
27;22;15;0
28;22;15;0
29;22;15;0
30;22;17908;0
31;22;1524;0
32;22;20;0
33;22;20;0
34;22;20;0
35;22;20;0
36;22;20;0
37;22;20;0
38;22;20;0
39;22;20;0
40;22;20;0
41;22;6420;0
42;22;21780;0
43;22;8;0
44;22;4354;0
45;22;2;0
46;22;3156;0
47;22;20;0
48;22;20;0
49;22;20;0
50;22;6676;0
51;22;22036;0
52;22;16;0
53;22;16;0
54;22;16;0
55;22;16;0
56;22;16;0
57;22;28179;0
58;22;11795;0
59;22;22035;0
60;22;16;0
61;22;16;0
62;22;16;0
63;22;19970;0
64;22;2;0
65;22;2;0
66;22;2;0
67;22;2;0
68;22;2;0
69;22;19540;0
70;22;20;0
71;22;20;0
72;22;20;0
73;22;20;0
74;22;20;0
75;22;23636;0
76;22;2;0
77;22;27732;0
78;22;5204;0
79;22;20;0
80;22;20;0
81;22;20;0
82;22;20;0
83;22;20;0
84;22;20;0
85;22;20;0
86;22;20;0
87;22;20;0
88;22;12564;0
89;22;8;0
90;22;8;0
91;22;8;0
92;22;8;0
93;22;27923;0
94;22;5395;0
95;22;19;0
96;22;19;0
97;22;0;0
98;22;0;0
99;22;0;0
0;23;19;0
1;23;19;0
2;23;19;0
3;23;19;0
4;23;19;0
5;23;19;0
6;23;19;0
7;23;16467;0
8;23;2;0
9;23;2;0
10;23;2;0
11;23;20564;0
12;23;20;0
13;23;20;0
14;23;24660;0
15;23;2;0
16;23;2;0
17;23;2;0
18;23;7682;0
19;23;6640;0
20;23;29168;0
21;23;15;0
22;23;15;0
23;23;15;0
24;23;15;0
25;23;15;0
26;23;15;0
27;23;15;0
28;23;15;0
29;23;13812;0
30;23;20;0
31;23;20;0
32;23;20;0
33;23;20;0
34;23;20;0
35;23;20;0
36;23;20;0
37;23;8468;0
38;23;8;0
39;23;22804;0
40;23;21780;0
41;23;8;0
42;23;8;0
43;23;8;0
44;23;3330;0
45;23;19540;0
46;23;20;0
47;23;20;0
48;23;20;0
49;23;8724;0
50;23;16;0
51;23;16;0
52;23;16;0
53;23;16;0
54;23;16;0
55;23;16;0
56;23;16;0
57;23;16;0
58;23;16;0
59;23;16;0
60;23;16;0
61;23;16;0
62;23;16;0
63;23;20994;0
64;23;2;0
65;23;2;0
66;23;2;0
67;23;2;0
68;23;2;0
69;23;3156;0
70;23;20;0
71;23;20;0
72;23;20;0
73;23;20;0
74;23;20;0
75;23;12372;0
76;23;2;0
77;23;2;0
78;23;2;0
79;23;15444;0
80;23;6420;0
81;23;11540;0
82;23;11540;0
83;23;11540;0
84;23;11540;0
85;23;5396;0
86;23;20;0
87;23;20;0
88;23;24852;0
89;23;8;0
90;23;8;0
91;23;8;0
92;23;8;0
93;23;8;0
94;23;8;0
95;23;4371;0
96;23;19;0
97;23;19;0
98;23;0;0
99;23;0;0
0;24;19;0
1;24;19;0
2;24;19;0
3;24;19;0
4;24;19;0
5;24;6227;0
6;24;21587;0
7;24;2;0
8;24;2;0
9;24;2;0
10;24;2;0
11;24;2;0
12;24;22612;0
13;24;21588;0
14;24;2;0
15;24;2;0
16;24;2;0
17;24;2;0
18;24;16866;0
19;24;15;0
20;24;15;0
21;24;15;0
22;24;17896;0
23;24;9704;0
24;24;27112;0
25;24;15;0
26;24;15;0
27;24;15;0
28;24;13812;0
29;24;20;0
30;24;20;0
31;24;20;0
32;24;20;0
33;24;20;0
34;24;20;0
35;24;20;0
36;24;6420;0
37;24;28948;0
38;24;8;0
39;24;8;0
40;24;8;0
41;24;8;0
42;24;8;0
43;24;13570;0
44;24;2;0
45;24;3156;0
46;24;20;0
47;24;20;0
48;24;20;0
49;24;12820;0
50;24;16;0
51;24;16;0
52;24;16;0
53;24;16;0
54;24;16;0
55;24;16;0
56;24;16;0
57;24;16;0
58;24;16;0
59;24;16;0
60;24;16;0
61;24;16;0
62;24;16;0
63;24;16;0
64;24;15874;0
65;24;2;0
66;24;2;0
67;24;2;0
68;24;19540;0
69;24;20;0
70;24;20;0
71;24;20;0
72;24;20;0
73;24;20;0
74;24;20;0
75;24;12372;0
76;24;2;0
77;24;2;0
78;24;2;0
79;24;8450;0
80;24;8;0
81;24;8;0
82;24;8;0
83;24;8;0
84;24;8;0
85;24;8;0
86;24;22804;0
87;24;21780;0
88;24;8;0
89;24;8;0
90;24;8;0
91;24;8;0
92;24;8;0
93;24;8;0
94;24;8;0
95;24;3347;0
96;24;19;0
97;24;19;0
98;24;0;0
99;24;0;0
0;25;19;0
1;25;19;0
2;25;19;0
3;25;6227;0
4;25;21587;0
5;25;2;0
6;25;2;0
7;25;2;0
8;25;17491;0
9;25;9299;0
10;25;26707;0
11;25;2;0
12;25;2;0
13;25;2;0
14;25;2;0
15;25;2;0
16;25;25683;0
17;25;9299;0
18;25;15;0
19;25;15;0
20;25;15;0
21;25;13800;0
22;25;8;0
23;25;8;0
24;25;7656;0
25;25;15;0
26;25;15;0
27;25;13800;0
28;25;4372;0
29;25;20;0
30;25;20;0
31;25;20;0
32;25;20;0
33;25;20;0
34;25;20;0
35;25;8468;0
36;25;8;0
37;25;8;0
38;25;8;0
39;25;8;0
40;25;8;0
41;25;8;0
42;25;19714;0
43;25;2;0
44;25;19540;0
45;25;20;0
46;25;20;0
47;25;20;0
48;25;20;0
49;25;12820;0
50;25;16;0
51;25;16;0
52;25;16;0
53;25;16;0
54;25;16;0
55;25;16;0
56;25;16;0
57;25;16;0
58;25;16;0
59;25;16;0
60;25;16;0
61;25;16;0
62;25;16;0
63;25;16;0
64;25;16;0
65;25;4610;0
66;25;2;0
67;25;2;0
68;25;10324;0
69;25;20;0
70;25;20;0
71;25;20;0
72;25;20;0
73;25;20;0
74;25;20;0
75;25;24660;0
76;25;2;0
77;25;2;0
78;25;2;0
79;25;12546;0
80;25;8;0
81;25;8;0
82;25;8;0
83;25;8;0
84;25;8;0
85;25;8;0
86;25;8;0
87;25;8;0
88;25;8;0
89;25;8;0
90;25;8;0
91;25;8;0
92;25;8;0
93;25;8;0
94;25;13587;0
95;25;19;0
96;25;19;0
97;25;19;0
98;25;19;0
99;25;0;0
0;26;19;0
1;26;19;0
2;26;16467;0
3;26;2;0
4;26;2;0
5;26;2;0
6;26;17491;0
7;26;1107;0
8;26;19;0
9;26;19;0
10;26;12371;0
11;26;2;0
12;26;2;0
13;26;2;0
14;26;2;0
15;26;2;0
16;26;3155;0
17;26;19;0
18;26;14835;0
19;26;15;0
20;26;13808;0
21;26;4616;0
22;26;8;0
23;26;8;0
24;26;8;0
25;26;2536;0
26;26;1512;0
27;26;8;0
28;26;27924;0
29;26;11540;0
30;26;11540;0
31;26;5396;0
32;26;20;0
33;26;20;0
34;26;6420;0
35;26;28948;0
36;26;8;0
37;26;8;0
38;26;8;0
39;26;8;0
40;26;8;0
41;26;8;0
42;26;10498;0
43;26;2;0
44;26;10324;0
45;26;20;0
46;26;20;0
47;26;20;0
48;26;20;0
49;26;25108;0
50;26;16;0
51;26;16;0
52;26;16;0
53;26;16;0
54;26;16;0
55;26;16;0
56;26;16;0
57;26;16;0
58;26;16;0
59;26;16;0
60;26;16;0
61;26;16;0
62;26;16;0
63;26;16;0
64;26;16;0
65;26;3586;0
66;26;2;0
67;26;2;0
68;26;10324;0
69;26;20;0
70;26;20;0
71;26;20;0
72;26;6228;0
73;26;11348;0
74;26;21588;0
75;26;2;0
76;26;2;0
77;26;2;0
78;26;2;0
79;26;12546;0
80;26;8;0
81;26;8;0
82;26;8;0
83;26;8;0
84;26;8;0
85;26;8;0
86;26;8;0
87;26;8;0
88;26;8;0
89;26;8;0
90;26;8;0
91;26;8;0
92;26;8712;0
93;26;16;0
94;26;15891;0
95;26;19;0
96;26;19;0
97;26;19;0
98;26;19;0
99;26;0;0
0;27;19;0
1;27;16467;0
2;27;2;0
3;27;2;0
4;27;2;0
5;27;13395;0
6;27;19;0
7;27;19;0
8;27;19;0
9;27;19;0
10;27;24659;0
11;27;2;0
12;27;2;0
13;27;2;0
14;27;2;0
15;27;13395;0
16;27;19;0
17;27;19;0
18;27;19;0
19;27;12819;0
20;27;16;0
21;27;28168;0
22;27;5640;0
23;27;8;0
24;27;8;0
25;27;8;0
26;27;8;0
27;27;8;0
28;27;8;0
29;27;8;0
30;27;8;0
31;27;8;0
32;27;22804;0
33;27;21780;0
34;27;8;0
35;27;8;0
36;27;8;0
37;27;8;0
38;27;8;0
39;27;8;0
40;27;8;0
41;27;8;0
42;27;10498;0
43;27;2;0
44;27;27732;0
45;27;11348;0
46;27;11348;0
47;27;11348;0
48;27;8724;0
49;27;16;0
50;27;16;0
51;27;16;0
52;27;16;0
53;27;16;0
54;27;16;0
55;27;16;0
56;27;16;0
57;27;16;0
58;27;16;0
59;27;16;0
60;27;16;0
61;27;26131;0
62;27;9747;0
63;27;9747;0
64;27;1538;0
65;27;2;0
66;27;2;0
67;27;2;0
68;27;20564;0
69;27;20;0
70;27;20;0
71;27;8276;0
72;27;2;0
73;27;2;0
74;27;2;0
75;27;2;0
76;27;2;0
77;27;2;0
78;27;2;0
79;27;24834;0
80;27;8;0
81;27;8;0
82;27;8;0
83;27;17684;0
84;27;9492;0
85;27;9492;0
86;27;18708;0
87;27;8712;0
88;27;16;0
89;27;23048;0
90;27;11784;0
91;27;11784;0
92;27;29192;0
93;27;16;0
94;27;16;0
95;27;4627;0
96;27;19;0
97;27;19;0
98;27;19;0
99;27;19;0
0;28;16467;0
1;28;2;0
2;28;2;0
3;28;2;0
4;28;19539;0
5;28;19;0
6;28;19;0
7;28;19;0
8;28;19;0
9;28;8275;0
10;28;2;0
11;28;2;0
12;28;25683;0
13;28;9299;0
14;28;1107;0
15;28;19;0
16;28;19;0
17;28;19;0
18;28;19;0
19;28;12819;0
20;28;16;0
21;28;16;0
22;28;16;0
23;28;15880;0
24;28;8;0
25;28;8;0
26;28;8;0
27;28;8;0
28;28;8;0
29;28;8;0
30;28;8;0
31;28;8;0
32;28;8;0
33;28;8;0
34;28;8;0
35;28;8;0
36;28;8;0
37;28;8;0
38;28;8;0
39;28;8;0
40;28;8;0
41;28;8;0
42;28;3330;0
43;28;2;0
44;28;2;0
45;28;2;0
46;28;2;0
47;28;2;0
48;28;7682;0
49;28;16;0
50;28;16;0
51;28;16;0
52;28;16;0
53;28;16;0
54;28;16;0
55;28;16;0
56;28;16;0
57;28;16;0
58;28;16;0
59;28;16;0
60;28;16;0
61;28;3603;0
62;28;19;0
63;28;19;0
64;28;23635;0
65;28;2;0
66;28;2;0
67;28;2;0
68;28;2;0
69;28;22612;0
70;28;11348;0
71;28;28756;0
72;28;2;0
73;28;2;0
74;28;2;0
75;28;2;0
76;28;2;0
77;28;2;0
78;28;8450;0
79;28;8;0
80;28;8;0
81;28;25876;0
82;28;1300;0
83;28;20;0
84;28;20;0
85;28;20;0
86;28;20;0
87;28;12820;0
88;28;16;0
89;28;16;0
90;28;16;0
91;28;16;0
92;28;16;0
93;28;16;0
94;28;16;0
95;28;10771;0
96;28;19;0
97;28;19;0
98;28;19;0
99;28;19;0
0;29;2;0
1;29;2;0
2;29;2;0
3;29;2;0
4;29;3155;0
5;29;19;0
6;29;19;0
7;29;19;0
8;29;6227;0
9;29;28755;0
10;29;2;0
11;29;2;0
12;29;10323;0
13;29;19;0
14;29;19;0
15;29;19;0
16;29;19;0
17;29;19;0
18;29;19;0
19;29;12819;0
20;29;16;0
21;29;16;0
22;29;16;0
23;29;16;0
24;29;4616;0
25;29;8;0
26;29;8;0
27;29;17684;0
28;29;9492;0
29;29;26900;0
30;29;8;0
31;29;8;0
32;29;8;0
33;29;8;0
34;29;8;0
35;29;8;0
36;29;8;0
37;29;8;0
38;29;8;0
39;29;8;0
40;29;25875;0
41;29;1299;0
42;29;23635;0
43;29;2;0
44;29;2;0
45;29;2;0
46;29;2;0
47;29;2;0
48;29;2;0
49;29;24066;0
50;29;16;0
51;29;16;0
52;29;16;0
53;29;16;0
54;29;16;0
55;29;16;0
56;29;16;0
57;29;16;0
58;29;17939;0
59;29;9747;0
60;29;1555;0
61;29;19;0
62;29;19;0
63;29;19;0
64;29;12371;0
65;29;2;0
66;29;2;0
67;29;2;0
68;29;2;0
69;29;2;0
70;29;2;0
71;29;2;0
72;29;2;0
73;29;2;0
74;29;2;0
75;29;2;0
76;29;2;0
77;29;2;0
78;29;12546;0
79;29;8;0
80;29;8;0
81;29;10516;0
82;29;20;0
83;29;20;0
84;29;20;0
85;29;20;0
86;29;6676;0
87;29;29204;0
88;29;16;0
89;29;16;0
90;29;16;0
91;29;16;0
92;29;16;0
93;29;16;0
94;29;16;0
95;29;10771;0
96;29;19;0
97;29;19;0
98;29;19;0
99;29;19;0
0;30;2;0
1;30;2;0
2;30;2;0
3;30;13395;0
4;30;19;0
5;30;19;0
6;30;19;0
7;30;16467;0
8;30;2;0
9;30;2;0
10;30;2;0
11;30;2;0
12;30;3155;0
13;30;19;0
14;30;19;0
15;30;19;0
16;30;19;0
17;30;19;0
18;30;19;0
19;30;12819;0
20;30;16;0
21;30;16;0
22;30;16;0
23;30;16;0
24;30;28168;0
25;30;5640;0
26;30;13588;0
27;30;20;0
28;30;20;0
29;30;12564;0
30;30;8;0
31;30;8;0
32;30;8;0
33;30;8;0
34;30;8;0
35;30;8;0
36;30;8;0
37;30;8;0
38;30;8;0
39;30;8;0
40;30;3347;0
41;30;19;0
42;30;12371;0
43;30;2;0
44;30;2;0
45;30;2;0
46;30;2;0
47;30;2;0
48;30;2;0
49;30;25090;0
50;30;16;0
51;30;16;0
52;30;16;0
53;30;16;0
54;30;16;0
55;30;16;0
56;30;16;0
57;30;13843;0
58;30;19;0
59;30;19;0
60;30;19;0
61;30;19;0
62;30;19;0
63;30;19;0
64;30;7251;0
65;30;2;0
66;30;2;0
67;30;2;0
68;30;2;0
69;30;2;0
70;30;2;0
71;30;2;0
72;30;2;0
73;30;2;0
74;30;2;0
75;30;17491;0
76;30;9299;0
77;30;18515;0
78;30;12546;0
79;30;8;0
80;30;8;0
81;30;20756;0
82;30;20;0
83;30;6644;0
84;30;5620;0
85;30;16916;0
86;30;16;0
87;30;16;0
88;30;16;0
89;30;16;0
90;30;16;0
91;30;16;0
92;30;16;0
93;30;16;0
94;30;16;0
95;30;10771;0
96;30;19;0
97;30;19;0
98;30;19;0
99;30;19;0
0;31;2;0
1;31;2;0
2;31;19539;0
3;31;19;0
4;31;19;0
5;31;19;0
6;31;16467;0
7;31;2;0
8;31;2;0
9;31;2;0
10;31;17491;0
11;31;1107;0
12;31;19;0
13;31;19;0
14;31;19;0
15;31;19;0
16;31;19;0
17;31;19;0
18;31;19;0
19;31;12819;0
20;31;16;0
21;31;16;0
22;31;16;0
23;31;16;0
24;31;16;0
25;31;16;0
26;31;4628;0
27;31;20;0
28;31;20;0
29;31;12564;0
30;31;8;0
31;31;8;0
32;31;8;0
33;31;8;0
34;31;8;0
35;31;8;0
36;31;8;0
37;31;8;0
38;31;17683;0
39;31;1299;0
40;31;19;0
41;31;19;0
42;31;7251;0
43;31;2;0
44;31;2;0
45;31;2;0
46;31;2;0
47;31;2;0
48;31;16898;0
49;31;16;0
50;31;16;0
51;31;16;0
52;31;16;0
53;31;16;0
54;31;16;0
55;31;16;0
56;31;13843;0
57;31;19;0
58;31;19;0
59;31;19;0
60;31;19;0
61;31;19;0
62;31;19;0
63;31;19;0
64;31;19;0
65;31;2131;0
66;31;18515;0
67;31;2;0
68;31;2;0
69;31;2;0
70;31;2;0
71;31;17491;0
72;31;18515;0
73;31;2;0
74;31;13395;0
75;31;19;0
76;31;19;0
77;31;19;0
78;31;12563;0
79;31;8;0
80;31;8;0
81;31;6632;0
82;31;22004;0
83;31;15;0
84;31;15;0
85;31;4592;0
86;31;16;0
87;31;16;0
88;31;16;0
89;31;16;0
90;31;16;0
91;31;16;0
92;31;16;0
93;31;16;0
94;31;16;0
95;31;3603;0
96;31;19;0
97;31;19;0
98;31;19;0
99;31;19;0
0;32;2;0
1;32;2;0
2;32;27731;0
3;32;11347;0
4;32;11347;0
5;32;21587;0
6;32;2;0
7;32;2;0
8;32;2;0
9;32;13395;0
10;32;19;0
11;32;19;0
12;32;19;0
13;32;19;0
14;32;19;0
15;32;19;0
16;32;19;0
17;32;19;0
18;32;19;0
19;32;25107;0
20;32;16;0
21;32;16;0
22;32;16;0
23;32;16;0
24;32;16;0
25;32;16;0
26;32;10772;0
27;32;20;0
28;32;20;0
29;32;12564;0
30;32;8;0
31;32;8;0
32;32;8;0
33;32;8;0
34;32;8;0
35;32;17683;0
36;32;9491;0
37;32;1299;0
38;32;19;0
39;32;19;0
40;32;19;0
41;32;19;0
42;32;19;0
43;32;2131;0
44;32;9299;0
45;32;26707;0
46;32;2;0
47;32;8706;0
48;32;16;0
49;32;16;0
50;32;16;0
51;32;16;0
52;32;16;0
53;32;16;0
54;32;16;0
55;32;13843;0
56;32;19;0
57;32;19;0
58;32;19;0
59;32;19;0
60;32;19;0
61;32;19;0
62;32;19;0
63;32;19;0
64;32;19;0
65;32;19;0
66;32;19;0
67;32;23635;0
68;32;2;0
69;32;2;0
70;32;19539;0
71;32;19;0
72;32;19;0
73;32;19;0
74;32;19;0
75;32;19;0
76;32;19;0
77;32;19;0
78;32;7443;0
79;32;6632;0
80;32;21992;0
81;32;15;0
82;32;15;0
83;32;15;0
84;32;15;0
85;32;3568;0
86;32;16;0
87;32;16;0
88;32;16;0
89;32;16;0
90;32;16;0
91;32;16;0
92;32;16;0
93;32;16;0
94;32;13843;0
95;32;19;0
96;32;19;0
97;32;19;0
98;32;19;0
99;32;19;0
0;33;2;0
1;33;2;0
2;33;2;0
3;33;2;0
4;33;2;0
5;33;2;0
6;33;2;0
7;33;25683;0
8;33;1107;0
9;33;19;0
10;33;19;0
11;33;19;0
12;33;19;0
13;33;19;0
14;33;19;0
15;33;19;0
16;33;19;0
17;33;19;0
18;33;8723;0
19;33;16;0
20;33;16;0
21;33;16;0
22;33;16;0
23;33;16;0
24;33;16;0
25;33;16;0
26;33;3604;0
27;33;20;0
28;33;20;0
29;33;24852;0
30;33;8;0
31;33;8;0
32;33;8;0
33;33;17683;0
34;33;1299;0
35;33;19;0
36;33;19;0
37;33;19;0
38;33;19;0
39;33;19;0
40;33;19;0
41;33;19;0
42;33;19;0
43;33;19;0
44;33;19;0
45;33;24659;0
46;33;2;0
47;33;7682;0
48;33;16;0
49;33;16;0
50;33;16;0
51;33;16;0
52;33;16;0
53;33;16;0
54;33;13843;0
55;33;19;0
56;33;19;0
57;33;19;0
58;33;19;0
59;33;19;0
60;33;19;0
61;33;19;0
62;33;19;0
63;33;19;0
64;33;19;0
65;33;19;0
66;33;19;0
67;33;24659;0
68;33;2;0
69;33;2;0
70;33;10323;0
71;33;19;0
72;33;19;0
73;33;19;0
74;33;19;0
75;33;19;0
76;33;19;0
77;33;19;0
78;33;8691;0
79;33;15;0
80;33;15;0
81;33;15;0
82;33;15;0
83;33;15;0
84;33;19956;0
85;33;16;0
86;33;16;0
87;33;16;0
88;33;16;0
89;33;16;0
90;33;16;0
91;33;16;0
92;33;16;0
93;33;13843;0
94;33;19;0
95;33;19;0
96;33;19;0
97;33;19;0
98;33;19;0
99;33;19;0
0;34;2;0
1;34;2;0
2;34;2;0
3;34;2;0
4;34;2;0
5;34;2;0
6;34;2;0
7;34;3155;0
8;34;19;0
9;34;19;0
10;34;19;0
11;34;19;0
12;34;19;0
13;34;19;0
14;34;19;0
15;34;19;0
16;34;19;0
17;34;19;0
18;34;25107;0
19;34;16;0
20;34;16;0
21;34;16;0
22;34;16;0
23;34;16;0
24;34;26132;0
25;34;1556;0
26;34;20;0
27;34;20;0
28;34;8468;0
29;34;8;0
30;34;8;0
31;34;8;0
32;34;13587;0
33;34;19;0
34;34;19;0
35;34;19;0
36;34;19;0
37;34;19;0
38;34;19;0
39;34;19;0
40;34;19;0
41;34;19;0
42;34;19;0
43;34;19;0
44;34;16467;0
45;34;2;0
46;34;2;0
47;34;2;0
48;34;24066;0
49;34;16;0
50;34;16;0
51;34;16;0
52;34;26131;0
53;34;1555;0
54;34;19;0
55;34;19;0
56;34;19;0
57;34;19;0
58;34;19;0
59;34;19;0
60;34;19;0
61;34;19;0
62;34;19;0
63;34;19;0
64;34;19;0
65;34;19;0
66;34;8275;0
67;34;2;0
68;34;2;0
69;34;2;0
70;34;3155;0
71;34;19;0
72;34;19;0
73;34;19;0
74;34;19;0
75;34;19;0
76;34;19;0
77;34;19;0
78;34;25075;0
79;34;15;0
80;34;15;0
81;34;15;0
82;34;15;0
83;34;15;0
84;34;3572;0
85;34;2580;0
86;34;18964;0
87;34;16;0
88;34;16;0
89;34;16;0
90;34;16;0
91;34;16;0
92;34;13843;0
93;34;19;0
94;34;19;0
95;34;19;0
96;34;19;0
97;34;19;0
98;34;19;0
99;34;19;0
0;35;6626;0
1;35;5602;0
2;35;2;0
3;35;2;0
4;35;17491;0
5;35;9299;0
6;35;1107;0
7;35;19;0
8;35;19;0
9;35;19;0
10;35;19;0
11;35;19;0
12;35;19;0
13;35;19;0
14;35;19;0
15;35;19;0
16;35;16883;0
17;35;15;0
18;35;4592;0
19;35;16;0
20;35;16;0
21;35;16;0
22;35;16;0
23;35;16;0
24;35;10772;0
25;35;20;0
26;35;20;0
27;35;20;0
28;35;12564;0
29;35;8;0
30;35;8;0
31;35;13587;0
32;35;19;0
33;35;19;0
34;35;19;0
35;35;19;0
36;35;19;0
37;35;19;0
38;35;19;0
39;35;19;0
40;35;19;0
41;35;19;0
42;35;19;0
43;35;16467;0
44;35;2;0
45;35;2;0
46;35;2;0
47;35;17492;0
48;35;7700;0
49;35;16;0
50;35;16;0
51;35;16;0
52;35;10771;0
53;35;19;0
54;35;19;0
55;35;19;0
56;35;19;0
57;35;19;0
58;35;19;0
59;35;19;0
60;35;19;0
61;35;19;0
62;35;19;0
63;35;19;0
64;35;6419;0
65;35;21779;0
66;35;8;0
67;35;4354;0
68;35;2;0
69;35;19539;0
70;35;19;0
71;35;19;0
72;35;19;0
73;35;19;0
74;35;19;0
75;35;19;0
76;35;19;0
77;35;8691;0
78;35;15;0
79;35;15;0
80;35;26100;0
81;35;9716;0
82;35;9716;0
83;35;1524;0
84;35;20;0
85;35;20;0
86;35;16468;0
87;35;24066;0
88;35;16;0
89;35;16;0
90;35;16;0
91;35;19987;0
92;35;19;0
93;35;19;0
94;35;19;0
95;35;19;0
96;35;19;0
97;35;19;0
98;35;19;0
99;35;19;0
0;36;15;0
1;36;15;0
2;36;4578;0
3;36;13395;0
4;36;19;0
5;36;19;0
6;36;19;0
7;36;19;0
8;36;19;0
9;36;19;0
10;36;19;0
11;36;19;0
12;36;19;0
13;36;19;0
14;36;19;0
15;36;16883;0
16;36;15;0
17;36;15;0
18;36;3568;0
19;36;16;0
20;36;16;0
21;36;16;0
22;36;16;0
23;36;16;0
24;36;3604;0
25;36;20;0
26;36;20;0
27;36;20;0
28;36;12564;0
29;36;8;0
30;36;19731;0
31;36;19;0
32;36;19;0
33;36;19;0
34;36;19;0
35;36;19;0
36;36;19;0
37;36;19;0
38;36;19;0
39;36;19;0
40;36;19;0
41;36;6227;0
42;36;21587;0
43;36;2;0
44;36;2;0
45;36;2;0
46;36;19540;0
47;36;20;0
48;36;20;0
49;36;2580;0
50;36;27156;0
51;36;16;0
52;36;28179;0
53;36;11795;0
54;36;5651;0
55;36;19;0
56;36;19;0
57;36;19;0
58;36;16659;0
59;36;8;0
60;36;4371;0
61;36;19;0
62;36;6419;0
63;36;21779;0
64;36;8;0
65;36;8;0
66;36;8;0
67;36;10498;0
68;36;2;0
69;36;20563;0
70;36;19;0
71;36;19;0
72;36;19;0
73;36;19;0
74;36;19;0
75;36;19;0
76;36;19;0
77;36;25075;0
78;36;15;0
79;36;15;0
80;36;3572;0
81;36;20;0
82;36;20;0
83;36;20;0
84;36;20;0
85;36;8276;0
86;36;2;0
87;36;7682;0
88;36;16;0
89;36;16;0
90;36;16;0
91;36;3603;0
92;36;19;0
93;36;19;0
94;36;19;0
95;36;19;0
96;36;19;0
97;36;19;0
98;36;19;0
99;36;19;0
0;37;15;0
1;37;15;0
2;37;28147;0
3;37;5619;0
4;37;19;0
5;37;19;0
6;37;19;0
7;37;19;0
8;37;19;0
9;37;19;0
10;37;19;0
11;37;19;0
12;37;19;0
13;37;19;0
14;37;16883;0
15;37;15;0
16;37;15;0
17;37;13808;0
18;37;16;0
19;37;16;0
20;37;16;0
21;37;17940;0
22;37;9748;0
23;37;1556;0
24;37;20;0
25;37;20;0
26;37;20;0
27;37;20;0
28;37;24852;0
29;37;8;0
30;37;20755;0
31;37;19;0
32;37;19;0
33;37;19;0
34;37;19;0
35;37;19;0
36;37;19;0
37;37;19;0
38;37;19;0
39;37;19;0
40;37;8275;0
41;37;2;0
42;37;2;0
43;37;2;0
44;37;2;0
45;37;2;0
46;37;3156;0
47;37;20;0
48;37;20;0
49;37;20;0
50;37;12820;0
51;37;16;0
52;37;16;0
53;37;16;0
54;37;16;0
55;37;19;0
56;37;19;0
57;37;16659;0
58;37;8;0
59;37;8;0
60;37;27923;0
61;37;21779;0
62;37;8;0
63;37;8;0
64;37;8;0
65;37;8;0
66;37;8;0
67;37;20738;0
68;37;2;0
69;37;2;0
70;37;15443;0
71;37;19;0
72;37;19;0
73;37;19;0
74;37;19;0
75;37;19;0
76;37;8691;0
77;37;15;0
78;37;15;0
79;37;19956;0
80;37;20;0
81;37;20;0
82;37;20;0
83;37;20;0
84;37;20;0
85;37;24660;0
86;37;2;0
87;37;2;0
88;37;2562;0
89;37;9747;0
90;37;1555;0
91;37;19;0
92;37;19;0
93;37;19;0
94;37;19;0
95;37;19;0
96;37;19;0
97;37;19;0
98;37;19;0
99;37;19;0
0;38;15;0
1;38;15;0
2;38;15;0
3;38;15;0
4;38;4595;0
5;38;19;0
6;38;19;0
7;38;19;0
8;38;19;0
9;38;19;0
10;38;19;0
11;38;19;0
12;38;19;0
13;38;16883;0
14;38;15;0
15;38;15;0
16;38;13808;0
17;38;16;0
18;38;16;0
19;38;26132;0
20;38;1556;0
21;38;20;0
22;38;20;0
23;38;20;0
24;38;6420;0
25;38;11540;0
26;38;11540;0
27;38;21780;0
28;38;8;0
29;38;8;0
30;38;8;0
31;38;4371;0
32;38;19;0
33;38;19;0
34;38;19;0
35;38;19;0
36;38;19;0
37;38;19;0
38;38;19;0
39;38;19;0
40;38;24659;0
41;38;2;0
42;38;2;0
43;38;2;0
44;38;25684;0
45;38;1108;0
46;38;20;0
47;38;20;0
48;38;20;0
49;38;20;0
50;38;7700;0
51;38;16;0
52;38;16;0
53;38;26120;0
54;38;1544;0
55;38;22803;0
56;38;21779;0
57;38;8;0
58;38;8;0
59;38;8;0
60;38;8;0
61;38;8;0
62;38;8;0
63;38;25876;0
64;38;18708;0
65;38;8;0
66;38;8;0
67;38;8;0
68;38;22786;0
69;38;11522;0
70;38;11522;0
71;38;11539;0
72;38;5395;0
73;38;6227;0
74;38;11347;0
75;38;5203;0
76;38;25075;0
77;38;15;0
78;38;15;0
79;38;3572;0
80;38;20;0
81;38;20;0
82;38;20;0
83;38;20;0
84;38;8276;0
85;38;2;0
86;38;2;0
87;38;2;0
88;38;2;0
89;38;20563;0
90;38;19;0
91;38;19;0
92;38;19;0
93;38;19;0
94;38;19;0
95;38;19;0
96;38;19;0
97;38;19;0
98;38;19;0
99;38;19;0
0;39;15;0
1;39;15;0
2;39;15;0
3;39;15;0
4;39;20979;0
5;39;19;0
6;39;19;0
7;39;19;0
8;39;19;0
9;39;19;0
10;39;19;0
11;39;19;0
12;39;16883;0
13;39;15;0
14;39;15;0
15;39;19955;0
16;39;16;0
17;39;16;0
18;39;16;0
19;39;10772;0
20;39;20;0
21;39;6420;0
22;39;11540;0
23;39;21780;0
24;39;8;0
25;39;8;0
26;39;8;0
27;39;8;0
28;39;8;0
29;39;8;0
30;39;8;0
31;39;10515;0
32;39;19;0
33;39;19;0
34;39;19;0
35;39;19;0
36;39;19;0
37;39;19;0
38;39;19;0
39;39;16467;0
40;39;2;0
41;39;2;0
42;39;2;0
43;39;2;0
44;39;10324;0
45;39;20;0
46;39;20;0
47;39;20;0
48;39;20;0
49;39;20;0
50;39;20;0
51;39;14868;0
52;39;16;0
53;39;3592;0
54;39;8;0
55;39;8;0
56;39;8;0
57;39;8;0
58;39;8;0
59;39;8;0
60;39;8;0
61;39;8;0
62;39;8;0
63;39;3348;0
64;39;20;0
65;39;23828;0
66;39;8;0
67;39;8;0
68;39;8;0
69;39;8;0
70;39;8;0
71;39;8;0
72;39;8;0
73;39;22786;0
74;39;11522;0
75;39;8674;0
76;39;15;0
77;39;15;0
78;39;19956;0
79;39;20;0
80;39;20;0
81;39;20;0
82;39;20;0
83;39;20;0
84;39;12372;0
85;39;2;0
86;39;2;0
87;39;2;0
88;39;2;0
89;39;2;0
90;39;4179;0
91;39;19;0
92;39;19;0
93;39;19;0
94;39;19;0
95;39;19;0
96;39;19;0
97;39;19;0
98;39;19;0
99;39;19;0
0;40;15;0
1;40;15;0
2;40;15;0
3;40;15;0
4;40;15;0
5;40;4595;0
6;40;19;0
7;40;19;0
8;40;19;0
9;40;19;0
10;40;19;0
11;40;8691;0
12;40;15;0
13;40;15;0
14;40;15;0
15;40;10739;0
16;40;24083;0
17;40;16;0
18;40;16;0
19;40;10772;0
20;40;8468;0
21;40;8;0
22;40;8;0
23;40;8;0
24;40;8;0
25;40;8;0
26;40;8;0
27;40;8;0
28;40;8;0
29;40;8;0
30;40;8;0
31;40;20755;0
32;40;19;0
33;40;19;0
34;40;19;0
35;40;19;0
36;40;19;0
37;40;19;0
38;40;8275;0
39;40;2;0
40;40;2;0
41;40;2;0
42;40;2;0
43;40;2;0
44;40;3156;0
45;40;20;0
46;40;20;0
47;40;20;0
48;40;20;0
49;40;20;0
50;40;20;0
51;40;8468;0
52;40;8;0
53;40;8;0
54;40;8;0
55;40;8;0
56;40;8;0
57;40;8;0
58;40;8;0
59;40;8;0
60;40;8;0
61;40;17684;0
62;40;1300;0
63;40;20;0
64;40;20;0
65;40;12564;0
66;40;8;0
67;40;8;0
68;40;8;0
69;40;8;0
70;40;8;0
71;40;8;0
72;40;8;0
73;40;8;0
74;40;8;0
75;40;12776;0
76;40;15;0
77;40;15;0
78;40;10740;0
79;40;20;0
80;40;20;0
81;40;20;0
82;40;6644;0
83;40;5620;0
84;40;24660;0
85;40;2;0
86;40;2;0
87;40;2;0
88;40;2;0
89;40;2;0
90;40;10323;0
91;40;19;0
92;40;19;0
93;40;19;0
94;40;19;0
95;40;19;0
96;40;19;0
97;40;19;0
98;40;19;0
99;40;19;0
0;41;15;0
1;41;15;0
2;41;15;0
3;41;15;0
4;41;15;0
5;41;28147;0
6;41;5619;0
7;41;19;0
8;41;19;0
9;41;19;0
10;41;19;0
11;41;25075;0
12;41;15;0
13;41;15;0
14;41;15;0
15;41;10739;0
16;41;12819;0
17;41;16;0
18;41;16;0
19;41;10772;0
20;41;12564;0
21;41;8;0
22;41;8;0
23;41;8;0
24;41;8;0
25;41;8;0
26;41;8;0
27;41;8;0
28;41;8;0
29;41;8;0
30;41;8;0
31;41;8;0
32;41;4371;0
33;41;19;0
34;41;19;0
35;41;19;0
36;41;19;0
37;41;19;0
38;41;12371;0
39;41;2;0
40;41;2;0
41;41;2;0
42;41;2;0
43;41;19540;0
44;41;20;0
45;41;20;0
46;41;20;0
47;41;20;0
48;41;20;0
49;41;20;0
50;41;20;0
51;41;24852;0
52;41;8;0
53;41;8;0
54;41;8;0
55;41;8;0
56;41;8;0
57;41;8;0
58;41;8;0
59;41;8;0
60;41;13588;0
61;41;20;0
62;41;20;0
63;41;20;0
64;41;20;0
65;41;24852;0
66;41;8;0
67;41;8;0
68;41;8;0
69;41;8;0
70;41;8;0
71;41;8;0
72;41;8;0
73;41;8;0
74;41;8;0
75;41;7656;0
76;41;15;0
77;41;15;0
78;41;20980;0
79;41;20;0
80;41;20;0
81;41;16884;0
82;41;15;0
83;41;15;0
84;41;4578;0
85;41;2;0
86;41;2;0
87;41;2;0
88;41;2;0
89;41;2;0
90;41;27731;0
91;41;11347;0
92;41;5203;0
93;41;19;0
94;41;19;0
95;41;19;0
96;41;19;0
97;41;19;0
98;41;19;0
99;41;19;0
0;42;15;0
1;42;15;0
2;42;15;0
3;42;15;0
4;42;15;0
5;42;15;0
6;42;15;0
7;42;19;0
8;42;19;0
9;42;6643;0
10;42;22003;0
11;42;15;0
12;42;15;0
13;42;15;0
14;42;15;0
15;42;3571;0
16;42;7699;0
17;42;16;0
18;42;16;0
19;42;21012;0
20;42;24852;0
21;42;8;0
22;42;8;0
23;42;8;0
24;42;8;0
25;42;8;0
26;42;25875;0
27;42;9491;0
28;42;9491;0
29;42;18707;0
30;42;8;0
31;42;8;0
32;42;10515;0
33;42;19;0
34;42;19;0
35;42;19;0
36;42;19;0
37;42;19;0
38;42;12371;0
39;42;2;0
40;42;2;0
41;42;2;0
42;42;2;0
43;42;3156;0
44;42;20;0
45;42;20;0
46;42;20;0
47;42;20;0
48;42;20;0
49;42;20;0
50;42;20;0
51;42;8;0
52;42;8;0
53;42;8;0
54;42;8;0
55;42;8;0
56;42;8;0
57;42;8;0
58;42;8;0
59;42;19732;0
60;42;20;0
61;42;20;0
62;42;20;0
63;42;20;0
64;42;16660;0
65;42;8;0
66;42;8;0
67;42;25862;0
68;42;26886;0
69;42;8;0
70;42;8;0
71;42;8;0
72;42;8;0
73;42;8;0
74;42;8;0
75;42;13587;0
76;42;24051;0
77;42;15;0
78;42;15;0
79;42;23028;0
80;42;22004;0
81;42;15;0
82;42;15;0
83;42;15;0
84;42;20962;0
85;42;2;0
86;42;2;0
87;42;2;0
88;42;2;0
89;42;2;0
90;42;2;0
91;42;2;0
92;42;2;0
93;42;4179;0
94;42;19;0
95;42;19;0
96;42;19;0
97;42;19;0
98;42;19;0
99;42;19;0
0;43;15;0
1;43;15;0
2;43;15;0
3;43;15;0
4;43;15;0
5;43;15;0
6;43;19955;0
7;43;19;0
8;43;8691;0
9;43;15;0
10;43;15;0
11;43;15;0
12;43;17907;0
13;43;9715;0
14;43;1523;0
15;43;19;0
16;43;19;0
17;43;24083;0
18;43;16;0
19;43;16;0
20;43;8;0
21;43;8;0
22;43;8;0
23;43;8;0
24;43;8;0
25;43;8;0
26;43;3347;0
27;43;19;0
28;43;19;0
29;43;19;0
30;43;23827;0
31;43;8;0
32;43;20755;0
33;43;19;0
34;43;19;0
35;43;19;0
36;43;19;0
37;43;6227;0
38;43;28755;0
39;43;2;0
40;43;2;0
41;43;25684;0
42;43;1108;0
43;43;20;0
44;43;20;0
45;43;20;0
46;43;20;0
47;43;20;0
48;43;20;0
49;43;20;0
50;43;20;0
51;43;2324;0
52;43;26900;0
53;43;8;0
54;43;8;0
55;43;8;0
56;43;8;0
57;43;8;0
58;43;8;0
59;43;3348;0
60;43;20;0
61;43;20;0
62;43;20;0
63;43;16660;0
64;43;8;0
65;43;8;0
66;43;8;0
67;43;27910;0
68;43;28934;0
69;43;8;0
70;43;8;0
71;43;8;0
72;43;17683;0
73;43;9491;0
74;43;1299;0
75;43;19;0
76;43;7667;0
77;43;15;0
78;43;15;0
79;43;15;0
80;43;15;0
81;43;15;0
82;43;15;0
83;43;15;0
84;43;15;0
85;43;15842;0
86;43;2;0
87;43;2;0
88;43;2;0
89;43;2;0
90;43;2;0
91;43;2;0
92;43;2;0
93;43;3155;0
94;43;19;0
95;43;19;0
96;43;19;0
97;43;19;0
98;43;19;0
99;43;19;0
0;44;15;0
1;44;15;0
2;44;15;0
3;44;15;0
4;44;15;0
5;44;15;0
6;44;10739;0
7;44;19;0
8;44;25075;0
9;44;15;0
10;44;15;0
11;44;19955;0
12;44;19;0
13;44;19;0
14;44;19;0
15;44;19;0
16;44;19;0
17;44;7699;0
18;44;16;0
19;44;13832;0
20;44;8;0
21;44;8;0
22;44;8;0
23;44;8;0
24;44;25875;0
25;44;1299;0
26;44;19;0
27;44;19;0
28;44;19;0
29;44;19;0
30;44;12563;0
31;44;8;0
32;44;8;0
33;44;4371;0
34;44;19;0
35;44;19;0
36;44;8275;0
37;44;2;0
38;44;2;0
39;44;2;0
40;44;2;0
41;44;10324;0
42;44;20;0
43;44;20;0
44;44;20;0
45;44;20;0
46;44;20;0
47;44;20;0
48;44;20;0
49;44;20;0
50;44;6420;0
51;44;11540;0
52;44;28948;0
53;44;8;0
54;44;8;0
55;44;8;0
56;44;8;0
57;44;8;0
58;44;13588;0
59;44;20;0
60;44;20;0
61;44;20;0
62;44;16660;0
63;44;8;0
64;44;8;0
65;44;8;0
66;44;8;0
67;44;8;0
68;44;8;0
69;44;8;0
70;44;8;0
71;44;19731;0
72;44;19;0
73;44;19;0
74;44;19;0
75;44;19;0
76;44;19;0
77;44;14835;0
78;44;15;0
79;44;15;0
80;44;15;0
81;44;15;0
82;44;15;0
83;44;15;0
84;44;15;0
85;44;15;0
86;44;2;0
87;44;2;0
88;44;2;0
89;44;2;0
90;44;2;0
91;44;25683;0
92;44;1107;0
93;44;19;0
94;44;19;0
95;44;19;0
96;44;19;0
97;44;19;0
98;44;19;0
99;44;19;0
0;45;15;0
1;45;15;0
2;45;15;0
3;45;15;0
4;45;15;0
5;45;15;0
6;45;28147;0
7;45;22003;0
8;45;15;0
9;45;15;0
10;45;15;0
11;45;3571;0
12;45;19;0
13;45;19;0
14;45;19;0
15;45;19;0
16;45;19;0
17;45;6419;0
18;45;28947;0
19;45;8;0
20;45;8;0
21;45;8;0
22;45;8;0
23;45;8;0
24;45;3347;0
25;45;19;0
26;45;19;0
27;45;19;0
28;45;19;0
29;45;19;0
30;45;7443;0
31;45;8;0
32;45;8;0
33;45;27923;0
34;45;5395;0
35;45;6227;0
36;45;28755;0
37;45;2;0
38;45;2;0
39;45;2;0
40;45;2;0
41;45;3156;0
42;45;20;0
43;45;20;0
44;45;20;0
45;45;20;0
46;45;20;0
47;45;20;0
48;45;20;0
49;45;8468;0
50;45;8;0
51;45;8;0
52;45;8;0
53;45;8;0
54;45;8;0
55;45;8;0
56;45;8;0
57;45;13588;0
58;45;20;0
59;45;20;0
60;45;20;0
61;45;8468;0
62;45;8;0
63;45;8;0
64;45;8;0
65;45;25875;0
66;45;9491;0
67;45;18707;0
68;45;8;0
69;45;8;0
70;45;8;0
71;45;10515;0
72;45;19;0
73;45;19;0
74;45;19;0
75;45;19;0
76;45;19;0
77;45;19;0
78;45;2547;0
79;45;9715;0
80;45;27123;0
81;45;15;0
82;45;15;0
83;45;15;0
84;45;15;0
85;45;13811;0
86;45;23635;0
87;45;2;0
88;45;2;0
89;45;2;0
90;45;2;0
91;45;3155;0
92;45;19;0
93;45;19;0
94;45;19;0
95;45;19;0
96;45;19;0
97;45;19;0
98;45;19;0
99;45;19;0
0;46;15;0
1;46;15;0
2;46;15;0
3;46;15;0
4;46;15;0
5;46;15;0
6;46;15;0
7;46;15;0
8;46;15;0
9;46;26099;0
10;46;1523;0
11;46;19;0
12;46;19;0
13;46;19;0
14;46;19;0
15;46;19;0
16;46;8467;0
17;46;8;0
18;46;8;0
19;46;8;0
20;46;8;0
21;46;8;0
22;46;17683;0
23;46;1299;0
24;46;19;0
25;46;19;0
26;46;19;0
27;46;19;0
28;46;19;0
29;46;19;0
30;46;19;0
31;46;14611;0
32;46;8;0
33;46;8;0
34;46;8;0
35;46;2;0
36;46;2;0
37;46;2;0
38;46;2;0
39;46;2;0
40;46;13396;0
41;46;20;0
42;46;20;0
43;46;20;0
44;46;20;0
45;46;20;0
46;46;20;0
47;46;20;0
48;46;20;0
49;46;7444;0
50;46;8;0
51;46;8;0
52;46;8;0
53;46;8;0
54;46;8;0
55;46;8;0
56;46;19732;0
57;46;20;0
58;46;20;0
59;46;20;0
60;46;20;0
61;46;24852;0
62;46;8;0
63;46;8;0
64;46;8;0
65;46;3347;0
66;46;19;0
67;46;19;0
68;46;14611;0
69;46;8;0
70;46;8;0
71;46;3347;0
72;46;19;0
73;46;19;0
74;46;19;0
75;46;19;0
76;46;19;0
77;46;19;0
78;46;19;0
79;46;19;0
80;46;12787;0
81;46;15;0
82;46;26099;0
83;46;9715;0
84;46;1523;0
85;46;19;0
86;46;24659;0
87;46;2;0
88;46;2;0
89;46;2;0
90;46;19539;0
91;46;19;0
92;46;19;0
93;46;19;0
94;46;19;0
95;46;19;0
96;46;19;0
97;46;19;0
98;46;19;0
99;46;19;0
0;47;15;0
1;47;15;0
2;47;15;0
3;47;15;0
4;47;15;0
5;47;15;0
6;47;15;0
7;47;15;0
8;47;15;0
9;47;3571;0
10;47;19;0
11;47;19;0
12;47;19;0
13;47;19;0
14;47;19;0
15;47;19;0
16;47;12563;0
17;47;8;0
18;47;8;0
19;47;8;0
20;47;8;0
21;47;19731;0
22;47;19;0
23;47;19;0
24;47;19;0
25;47;19;0
26;47;19;0
27;47;19;0
28;47;19;0
29;47;19;0
30;47;19;0
31;47;19;0
32;47;14611;0
33;47;8;0
34;47;13570;0
35;47;2;0
36;47;2;0
37;47;2;0
38;47;25684;0
39;47;1108;0
40;47;20;0
41;47;20;0
42;47;20;0
43;47;20;0
44;47;20;0
45;47;20;0
46;47;20;0
47;47;20;0
48;47;20;0
49;47;20;0
50;47;14612;0
51;47;8;0
52;47;8;0
53;47;8;0
54;47;8;0
55;47;8;0
56;47;10516;0
57;47;20;0
58;47;20;0
59;47;20;0
60;47;16660;0
61;47;8;0
62;47;8;0
63;47;8;0
64;47;13587;0
65;47;19;0
66;47;19;0
67;47;19;0
68;47;19;0
69;47;2323;0
70;47;1299;0
71;47;19;0
72;47;19;0
73;47;19;0
74;47;19;0
75;47;19;0
76;47;19;0
77;47;19;0
78;47;19;0
79;47;19;0
80;47;25075;0
81;47;15;0
82;47;10739;0
83;47;19;0
84;47;19;0
85;47;8275;0
86;47;2;0
87;47;2;0
88;47;2;0
89;47;2;0
90;47;10323;0
91;47;19;0
92;47;19;0
93;47;19;0
94;47;19;0
95;47;19;0
96;47;19;0
97;47;19;0
98;47;19;0
99;47;19;0
0;48;15;0
1;48;15;0
2;48;15;0
3;48;15;0
4;48;15;0
5;48;15;0
6;48;15;0
7;48;26099;0
8;48;1523;0
9;48;19;0
10;48;19;0
11;48;19;0
12;48;19;0
13;48;19;0
14;48;19;0
15;48;19;0
16;48;12563;0
17;48;8;0
18;48;8;0
19;48;8;0
20;48;8;0
21;48;10515;0
22;48;19;0
23;48;19;0
24;48;19;0
25;48;19;0
26;48;19;0
27;48;19;0
28;48;19;0
29;48;19;0
30;48;19;0
31;48;19;0
32;48;19;0
33;48;12371;0
34;48;2;0
35;48;2;0
36;48;2;0
37;48;2;0
38;48;10324;0
39;48;20;0
40;48;20;0
41;48;20;0
42;48;20;0
43;48;20;0
44;48;20;0
45;48;20;0
46;48;20;0
47;48;20;0
48;48;20;0
49;48;20;0
50;48;20;0
51;48;2324;0
52;48;9492;0
53;48;18708;0
54;48;8;0
55;48;8;0
56;48;27924;0
57;48;11540;0
58;48;11540;0
59;48;21780;0
60;48;8;0
61;48;8;0
62;48;25875;0
63;48;1299;0
64;48;19;0
65;48;19;0
66;48;19;0
67;48;19;0
68;48;19;0
69;48;19;0
70;48;19;0
71;48;19;0
72;48;19;0
73;48;19;0
74;48;19;0
75;48;19;0
76;48;19;0
77;48;19;0
78;48;19;0
79;48;8691;0
80;48;15;0
81;48;15;0
82;48;3571;0
83;48;19;0
84;48;19;0
85;48;12371;0
86;48;2;0
87;48;2;0
88;48;2;0
89;48;2;0
90;48;10323;0
91;48;19;0
92;48;19;0
93;48;19;0
94;48;19;0
95;48;19;0
96;48;19;0
97;48;19;0
98;48;19;0
99;48;19;0
0;49;15;0
1;49;15;0
2;49;15;0
3;49;15;0
4;49;15;0
5;49;15;0
6;49;15;0
7;49;3571;0
8;49;19;0
9;49;19;0
10;49;19;0
11;49;19;0
12;49;19;0
13;49;19;0
14;49;19;0
15;49;19;0
16;49;7443;0
17;49;8;0
18;49;8;0
19;49;8;0
20;49;8;0
21;49;3347;0
22;49;19;0
23;49;19;0
24;49;19;0
25;49;19;0
26;49;19;0
27;49;19;0
28;49;19;0
29;49;19;0
30;49;19;0
31;49;19;0
32;49;19;0
33;49;7251;0
34;49;2;0
35;49;2;0
36;49;2;0
37;49;2;0
38;49;3156;0
39;49;20;0
40;49;20;0
41;49;20;0
42;49;20;0
43;49;20;0
44;49;20;0
45;49;20;0
46;49;20;0
47;49;20;0
48;49;20;0
49;49;20;0
50;49;20;0
51;49;20;0
52;49;20;0
53;49;20;0
54;49;14612;0
55;49;8;0
56;49;8;0
57;49;8;0
58;49;8;0
59;49;8;0
60;49;8;0
61;49;8;0
62;49;3347;0
63;49;19;0
64;49;19;0
65;49;19;0
66;49;19;0
67;49;19;0
68;49;19;0
69;49;19;0
70;49;19;0
71;49;19;0
72;49;19;0
73;49;19;0
74;49;19;0
75;49;19;0
76;49;19;0
77;49;19;0
78;49;19;0
79;49;7667;0
80;49;15;0
81;49;13811;0
82;49;19;0
83;49;19;0
84;49;19;0
85;49;7251;0
86;49;2;0
87;49;2;0
88;49;2;0
89;49;2;0
90;49;3155;0
91;49;19;0
92;49;19;0
93;49;19;0
94;49;19;0
95;49;19;0
96;49;19;0
97;49;19;0
98;49;19;0
99;49;19;0
