# Illarion Server
# 
# This program is free software: you can redistribute it and/or modify it under
# the terms of the GNU Affero General Public License as published by the Free
# Software Foundation, either version 3 of the License, or (at your option) any
# later version.
# 
# This program is distributed in the hope that it will be useful, but WITHOUT
# ANY WARRANTY; without even the implied warranty of MERCHANTABILITY or FITNESS
# FOR A PARTICULAR PURPOSE.  See the GNU Affero General Public License for more
# details.
# 
# You should have received a copy of the GNU Affero General Public License along
# with this program.  If not, see <http://www.gnu.org/licenses/>.
52;5;1134;333
53;5;1134;333
54;5;1134;333
55;5;1134;333
56;5;1134;333
57;5;1134;333
58;5;1134;333
59;5;1134;333
60;5;1134;333
61;5;1134;333
62;5;1134;333
63;5;1134;333
64;5;1134;333
65;5;1134;333
66;5;1134;333
67;5;1134;333
68;5;1134;333
69;5;1134;333
70;5;1134;333
71;5;1134;333
72;5;1134;333
73;5;1134;333
74;5;1134;333
75;5;1134;333
76;5;1134;333
104;5;1134;333
105;5;1134;333
106;5;1134;333
107;5;1134;333
108;5;1134;333
109;5;1134;333
110;5;1134;333
111;5;1134;333
112;5;1134;333
113;5;1134;333
47;6;1134;333
48;6;1134;333
49;6;1134;333
50;6;1134;333
51;6;1134;333
51;6;1132;333
52;6;1135;333
53;6;1135;333
54;6;1135;333
55;6;1135;333
56;6;1135;333
57;6;1135;333
58;6;1135;333
59;6;1135;333
60;6;1135;333
61;6;1135;333
62;6;1135;333
63;6;1135;333
64;6;1135;333
65;6;1135;333
66;6;1135;333
67;6;1135;333
68;6;1135;333
69;6;1135;333
70;6;1135;333
71;6;1135;333
72;6;1135;333
73;6;1135;333
74;6;1135;333
75;6;1135;333
76;6;1135;333
77;6;1134;333
77;6;1133;333
78;6;1134;333
78;6;1134;333
103;6;1132;333
104;6;1135;333
105;6;1135;333
106;6;1135;333
106;6;1135;333
107;6;1135;333
108;6;1135;333
109;6;1135;333
110;6;1135;333
111;6;1135;333
112;6;1135;333
113;6;1135;333
114;6;1133;333
46;7;1132;333
47;7;1135;333
48;7;1135;333
49;7;1135;333
50;7;1135;333
51;7;1135;333
52;7;1135;333
52;7;1135;333
53;7;1135;333
54;7;1135;333
55;7;1135;333
56;7;1135;333
57;7;1135;333
58;7;1135;333
59;7;1135;333
60;7;1135;333
61;7;1135;333
62;7;1135;333
63;7;1135;333
64;7;1135;333
65;7;1135;333
66;7;1135;333
67;7;1135;333
68;7;1135;333
69;7;1135;333
70;7;1135;333
71;7;1135;333
72;7;1135;333
73;7;1135;333
74;7;1135;333
75;7;1135;333
76;7;1135;333
77;7;1136;333
78;7;1136;333
79;7;1133;333
103;7;1132;333
104;7;1135;333
105;7;1135;333
106;7;1135;333
106;7;1135;333
107;7;1135;333
108;7;1135;333
109;7;1135;333
110;7;1135;333
111;7;1135;333
112;7;1135;333
113;7;1135;333
114;7;1134;333
114;7;1133;333
115;7;1134;333
116;7;1134;333
117;7;1134;333
118;7;1134;333
119;7;1134;333
120;7;1134;333
121;7;1134;333
46;8;1132;333
47;8;1135;333
48;8;1135;333
49;8;1135;333
50;8;1135;333
51;8;1135;333
52;8;1135;333
52;8;1135;333
53;8;1135;333
54;8;1135;333
55;8;1135;333
56;8;1135;333
57;8;1135;333
58;8;1135;333
59;8;1135;333
60;8;1135;333
61;8;1135;333
62;8;1135;333
63;8;1135;333
64;8;1135;333
65;8;1135;333
66;8;1135;333
67;8;1135;333
68;8;1135;333
69;8;1135;333
70;8;1135;333
71;8;1135;333
72;8;1135;333
73;8;1135;333
74;8;1135;333
75;8;1135;333
76;8;1135;333
77;8;1136;333
78;8;1136;333
79;8;1134;333
79;8;1133;333
80;8;1134;333
94;8;1134;333
95;8;1134;333
96;8;1134;333
97;8;1134;333
98;8;1134;333
99;8;1134;333
100;8;1134;333
101;8;1134;333
102;8;1134;333
103;8;1134;333
104;8;1135;333
104;8;1134;333
105;8;1135;333
105;8;1135;333
106;8;1135;333
106;8;1135;333
107;8;1135;333
107;8;1135;333
108;8;1135;333
108;8;1135;333
109;8;1135;333
109;8;1135;333
110;8;1135;333
111;8;1135;333
112;8;1135;333
113;8;1135;333
114;8;1135;333
115;8;1135;333
116;8;1135;333
117;8;1135;333
118;8;1135;333
119;8;1135;333
120;8;1135;333
121;8;1135;333
122;8;1133;333
46;9;1132;333
47;9;1135;333
48;9;1135;333
49;9;1135;333
50;9;1135;333
51;9;1135;333
52;9;1135;333
53;9;1131;333
54;9;1131;333
55;9;1131;333
56;9;1131;333
57;9;1131;333
58;9;1139;333
59;9;1135;333
60;9;1135;333
61;9;1131;333
62;9;1131;333
63;9;1131;333
64;9;1131;333
65;9;1131;333
66;9;1131;333
67;9;1131;333
68;9;1131;333
69;9;1131;333
70;9;1131;333
71;9;1131;333
72;9;1131;333
73;9;1131;333
74;9;1131;333
75;9;1131;333
76;9;1131;333
77;9;1131;333
78;9;1136;333
79;9;1136;333
80;9;1136;333
81;9;1134;333
81;9;1133;333
82;9;1134;333
93;9;1132;333
94;9;1136;333
95;9;1136;333
96;9;1136;333
97;9;1136;333
98;9;1136;333
99;9;1136;333
100;9;1136;333
101;9;1136;333
102;9;1136;333
103;9;1136;333
105;9;1135;333
106;9;1135;333
107;9;1135;333
108;9;1135;333
109;9;1135;333
110;9;1135;333
111;9;1135;333
112;9;1135;333
113;9;1135;333
114;9;1135;333
115;9;1135;333
116;9;1135;333
117;9;1135;333
118;9;1135;333
119;9;1135;333
120;9;1135;333
121;9;1135;333
122;9;1133;333
46;10;1132;333
47;10;1135;333
48;10;1135;333
49;10;1135;333
50;10;1135;333
51;10;1135;333
52;10;1135;333
58;10;1132;333
59;10;1135;333
60;10;1135;333
77;10;1139;333
78;10;1131;333
79;10;1139;333
80;10;1136;333
81;10;1136;333
82;10;1136;333
83;10;1133;333
93;10;1132;333
94;10;1136;333
95;10;1136;333
96;10;1136;333
97;10;1136;333
98;10;1136;333
99;10;1136;333
100;10;1136;333
101;10;1136;333
102;10;1136;333
103;10;1136;333
104;10;1135;333
105;10;1135;333
106;10;1135;333
107;10;1135;333
108;10;1135;333
109;10;1135;333
109;10;1135;333
110;10;1131;333
111;10;1131;333
112;10;1131;333
113;10;1131;333
114;10;1131;333
115;10;1139;333
116;10;1135;333
117;10;1135;333
118;10;1135;333
119;10;1135;333
120;10;1135;333
121;10;1135;333
122;10;1134;333
122;10;1133;333
46;11;1132;333
47;11;1135;333
48;11;1135;333
49;11;1135;333
50;11;1135;333
51;11;1135;333
52;11;1135;333
58;11;1139;333
59;11;1131;333
60;11;1131;333
80;11;1139;333
81;11;1136;333
82;11;1136;333
83;11;1134;333
83;11;1133;333
84;11;1134;333
85;11;1134;333
86;11;1134;333
87;11;1134;333
87;11;1134;333
93;11;1132;333
94;11;1136;333
95;11;1136;333
96;11;1136;333
97;11;1136;333
98;11;1136;333
99;11;1136;333
100;11;1136;333
101;11;1136;333
102;11;1136;333
103;11;1136;333
104;11;1135;333
105;11;1135;333
106;11;1135;333
107;11;1131;333
108;11;1131;333
109;11;1131;333
110;11;1141;333
115;11;1140;333
116;11;1135;333
117;11;1135;333
118;11;1135;333
119;11;1135;333
120;11;1135;333
121;11;1135;333
122;11;1135;333
123;11;1133;333
46;12;1132;333
47;12;1135;333
48;12;1135;333
49;12;1135;333
50;12;1135;333
51;12;1135;333
52;12;1135;333
81;12;1139;333
82;12;1136;333
83;12;1136;333
84;12;1136;333
85;12;1136;333
86;12;1136;333
87;12;1136;333
88;12;1133;333
88;12;1133;333
88;12;1133;333
93;12;1132;333
94;12;1136;333
95;12;1136;333
96;12;1136;333
97;12;1136;333
98;12;1131;333
99;12;1131;333
100;12;1131;333
101;12;1131;333
102;12;1131;333
103;12;1131;333
104;12;1131;333
105;12;1131;333
106;12;1131;333
107;12;1141;333
114;12;1140;333
115;12;1135;333
116;12;1141;333
117;12;1139;333
118;12;1135;333
119;12;1135;333
120;12;1135;333
121;12;1135;333
122;12;1135;333
123;12;1133;333
47;13;1132;333
48;13;1135;333
49;13;1135;333
51;13;1131;333
52;13;1131;333
81;13;1139;333
82;13;1131;333
83;13;1131;333
84;13;1139;333
85;13;1136;333
86;13;1136;333
87;13;1136;333
88;13;1134;333
88;13;1133;333
89;13;1134;333
90;13;1134;333
91;13;1134;333
92;13;1134;333
93;13;1134;333
94;13;1136;333
95;13;1136;333
96;13;1136;333
97;13;1133;333
114;13;1139;333
115;13;1141;333
118;13;1139;333
119;13;1135;333
120;13;1135;333
121;13;1135;333
122;13;1135;333
123;13;1134;333
123;13;1133;333
47;14;1132;333
48;14;1135;333
49;14;1135;333
82;14;1139;333
83;14;1139;333
84;14;1139;333
85;14;1132;333
86;14;1136;333
87;14;1136;333
88;14;1136;333
89;14;1136;333
90;14;1136;333
91;14;1136;333
92;14;1136;333
93;14;1136;333
94;14;1136;333
95;14;1136;333
96;14;1136;333
97;14;1133;333
119;14;1139;333
120;14;1135;333
121;14;1135;333
122;14;1135;333
123;14;1135;333
124;14;1133;333
47;15;1132;333
48;15;1135;333
49;15;1135;333
84;15;1139;333
85;15;1132;333
86;15;1135;333
87;15;1135;333
88;15;1135;333
89;15;1135;333
90;15;1135;333
91;15;1135;333
92;15;1135;333
93;15;1131;333
94;15;1131;333
95;15;1131;333
96;15;1131;333
97;15;1141;333
101;15;1134;333
120;15;1139;333
121;15;1135;333
122;15;1135;333
123;15;1135;333
124;15;1133;333
47;16;1139;333
48;16;1131;333
49;16;1131;333
57;16;1140;333
58;16;1134;333
85;16;1139;333
86;16;1139;333
87;16;1135;333
88;16;1135;333
88;16;1135;333
89;16;1135;333
89;16;1135;333
90;16;1135;333
90;16;1135;333
92;16;439;333
99;16;1134;333
100;16;1134;333
100;16;1132;333
101;16;1135;333
102;16;1133;333
120;16;1132;333
121;16;1135;333
122;16;1135;333
123;16;1135;333
124;16;1133;333
57;17;1132;333
58;17;1135;333
59;17;1134;333
60;17;1134;333
61;17;1134;333
62;17;1134;333
63;17;1134;333
86;17;1139;333
87;17;1139;333
88;17;1135;333
89;17;1135;333
89;17;1135;333
90;17;1135;333
98;17;1134;333
98;17;1132;333
99;17;1135;333
100;17;1135;333
101;17;1133;333
101;17;1131;333
102;17;1141;333
120;17;1139;333
121;17;1131;333
122;17;1135;333
123;17;1135;333
124;17;1133;333
57;18;1132;333
57;18;1132;333
58;18;1135;333
59;18;1135;333
60;18;1135;333
61;18;1135;333
62;18;1135;333
63;18;1135;333
64;18;1134;333
87;18;1139;333
88;18;1139;333
89;18;1135;333
90;18;1135;333
91;18;1135;333
92;18;1135;333
93;18;1135;333
94;18;1135;333
95;18;1134;333
96;18;1134;333
97;18;1134;333
97;18;1134;333
97;18;1132;333
98;18;1135;333
99;18;1133;333
100;18;1131;333
101;18;1141;333
107;18;1140;333
108;18;1143;333
121;18;1132;333
122;18;1135;333
123;18;1135;333
124;18;1133;333
124;18;1133;333
57;19;1139;333
58;19;1131;333
59;19;1131;333
60;19;1131;333
61;19;1139;333
62;19;1135;333
63;19;1135;333
63;19;1135;333
64;19;1135;333
65;19;1133;333
88;19;1139;333
89;19;1131;333
90;19;1131;333
91;19;1139;333
92;19;1135;333
93;19;1135;333
94;19;1135;333
95;19;1135;333
96;19;1135;333
97;19;1135;333
98;19;1133;333
98;19;1131;333
99;19;1141;333
107;19;1139;333
108;19;1141;333
121;19;1132;333
122;19;1135;333
123;19;1135;333
124;19;1134;333
124;19;1133;333
62;20;1132;333
63;20;1135;333
64;20;1135;333
65;20;1133;333
91;20;1132;333
92;20;1135;333
93;20;1135;333
94;20;1135;333
95;20;1135;333
96;20;1133;333
97;20;1131;333
98;20;1141;333
121;20;1139;333
122;20;1131;333
123;20;1135;333
124;20;1135;333
125;20;1133;333
46;21;1140;333
47;21;1143;333
62;21;1132;333
63;21;1135;333
64;21;1135;333
65;21;1133;333
91;21;1139;333
92;21;1131;333
93;21;1131;333
94;21;1131;333
95;21;1131;333
96;21;1141;333
122;21;1132;333
123;21;1135;333
124;21;1135;333
125;21;1133;333
46;22;1139;333
47;22;1141;333
62;22;1132;333
63;22;1135;333
64;22;1135;333
65;22;1133;333
122;22;1132;333
123;22;1135;333
124;22;1135;333
125;22;1133;333
62;23;1132;333
63;23;1135;333
64;23;1135;333
65;23;1133;333
122;23;1132;333
123;23;1135;333
124;23;1135;333
125;23;1134;333
125;23;1133;333
62;24;1132;333
63;24;1135;333
64;24;1135;333
65;24;1133;333
122;24;1139;333
123;24;1131;333
124;24;1135;333
125;24;1135;333
126;24;1133;333
51;25;1140;333
52;25;1143;333
61;25;1140;333
62;25;1132;333
63;25;1135;333
64;25;1135;333
65;25;1135;333
122;25;1139;333
123;25;1132;333
124;25;1135;333
125;25;1135;333
126;25;1133;333
37;26;1140;333
38;26;1143;333
51;26;1139;333
52;26;1141;333
61;26;1132;333
62;26;1134;333
63;26;1135;333
64;26;1135;333
65;26;1135;333
123;26;1132;333
124;26;1135;333
125;26;1135;333
126;26;1133;333
37;27;1139;333
38;27;1141;333
46;27;1140;333
47;27;1143;333
61;27;1132;333
62;27;1135;333
63;27;1135;333
64;27;1135;333
65;27;1135;333
123;27;1132;333
124;27;1135;333
125;27;1135;333
126;27;1133;333
46;28;1139;333
47;28;1141;333
58;28;1134;333
58;28;1134;333
59;28;1134;333
60;28;1134;333
61;28;1134;333
62;28;1135;333
63;28;1135;333
64;28;1135;333
65;28;1135;333
66;28;1134;333
123;28;1132;333
124;28;1135;333
125;28;1135;333
126;28;1133;333
30;29;1135;333
56;29;1134;333
57;29;1134;333
58;29;1135;333
59;29;1135;333
60;29;1135;333
61;29;1135;333
62;29;1135;333
63;29;1135;333
64;29;1135;333
65;29;1135;333
66;29;1135;333
67;29;1134;333
68;29;1134;333
123;29;1132;333
124;29;1135;333
125;29;1135;333
126;29;1133;333
28;30;1135;333
29;30;1135;333
53;30;1140;333
54;30;1134;333
55;30;1134;333
55;30;1134;333
56;30;1135;333
57;30;1135;333
58;30;1135;333
59;30;1135;333
60;30;1135;333
61;30;1135;333
62;30;1135;333
63;30;1135;333
64;30;1135;333
65;30;1135;333
66;30;1135;333
67;30;1135;333
68;30;1135;333
69;30;1134;333
70;30;1134;333
71;30;1134;333
72;30;1134;333
73;30;1134;333
74;30;1134;333
75;30;1134;333
76;30;1134;333
77;30;1134;333
78;30;1134;333
79;30;1134;333
80;30;1134;333
81;30;1134;333
82;30;1134;333
83;30;1134;333
84;30;1134;333
85;30;1134;333
86;30;1134;333
87;30;1134;333
88;30;1134;333
89;30;1134;333
90;30;1134;333
91;30;1134;333
92;30;1134;333
93;30;1134;333
94;30;1134;333
123;30;1132;333
124;30;1135;333
125;30;1135;333
126;30;1133;333
27;31;1135;333
28;31;1135;333
53;31;1132;333
54;31;1135;333
55;31;1135;333
56;31;1135;333
57;31;1135;333
58;31;1135;333
59;31;1135;333
60;31;1135;333
61;31;1135;333
62;31;1135;333
63;31;1135;333
64;31;1135;333
65;31;1135;333
66;31;1135;333
67;31;1135;333
68;31;1135;333
69;31;1135;333
70;31;1135;333
71;31;1135;333
72;31;1135;333
73;31;1135;333
74;31;1135;333
75;31;1135;333
76;31;1135;333
77;31;1135;333
78;31;1135;333
79;31;1135;333
80;31;1135;333
81;31;1135;333
82;31;1135;333
83;31;1135;333
84;31;1135;333
85;31;1135;333
86;31;1135;333
87;31;1135;333
88;31;1135;333
89;31;1135;333
90;31;1135;333
91;31;1135;333
92;31;1135;333
93;31;1135;333
94;31;1135;333
95;31;1133;333
123;31;1132;333
124;31;1135;333
125;31;1135;333
126;31;1133;333
26;32;1135;333
27;32;1135;333
53;32;1139;333
54;32;1131;333
55;32;1131;333
56;32;1131;333
57;32;1131;333
58;32;1131;333
59;32;1131;333
60;32;1131;333
61;32;1131;333
62;32;1131;333
63;32;1131;333
64;32;1131;333
65;32;1131;333
66;32;1131;333
67;32;1131;333
68;32;1131;333
69;32;1131;333
70;32;1131;333
71;32;1131;333
72;32;1131;333
73;32;1131;333
74;32;1131;333
75;32;1131;333
76;32;1131;333
77;32;1131;333
78;32;1131;333
79;32;1131;333
80;32;1131;333
81;32;1131;333
82;32;1131;333
83;32;1131;333
84;32;1131;333
85;32;1131;333
86;32;1139;333
87;32;1135;333
88;32;1135;333
89;32;1135;333
90;32;1135;333
91;32;1135;333
92;32;1135;333
93;32;1135;333
94;32;1135;333
95;32;1133;333
123;32;1132;333
124;32;1135;333
125;32;1135;333
126;32;1133;333
25;33;1135;333
86;33;1139;333
87;33;1131;333
88;33;1131;333
89;33;1131;333
90;33;1131;333
91;33;1131;333
92;33;1139;333
93;33;1135;333
94;33;1135;333
95;33;1133;333
121;33;1140;333
123;33;1132;333
124;33;1135;333
125;33;1135;333
126;33;1133;333
24;34;1135;333
25;34;1135;333
36;34;1140;333
37;34;1134;333
38;34;1134;333
92;34;1132;333
93;34;1135;333
94;34;1135;333
95;34;1133;333
121;34;1132;333
122;34;1135;333
123;34;1135;333
124;34;1135;333
125;34;1135;333
126;34;1133;333
23;35;1135;333
24;35;1135;333
36;35;1132;333
37;35;1135;333
38;35;1135;333
39;35;1133;333
92;35;1132;333
93;35;1135;333
94;35;1135;333
95;35;1133;333
117;35;1140;333
118;35;1143;333
121;35;1132;333
122;35;1135;333
123;35;1135;333
124;35;1135;333
125;35;1135;333
126;35;1133;333
22;36;1135;333
23;36;1135;333
36;36;1132;333
37;36;1135;333
38;36;1135;333
39;36;1133;333
39;36;1133;333
39;36;1133;333
39;36;1133;333
92;36;1132;333
93;36;1135;333
94;36;1135;333
95;36;1133;333
117;36;1139;333
118;36;1141;333
121;36;1132;333
122;36;1135;333
123;36;1135;333
124;36;1135;333
125;36;1135;333
126;36;1133;333
21;37;1135;333
22;37;1135;333
36;37;1132;333
37;37;1135;333
38;37;1135;333
39;37;1133;333
92;37;1132;333
93;37;1135;333
94;37;1135;333
95;37;1133;333
121;37;1132;333
122;37;1135;333
123;37;1135;333
124;37;1135;333
125;37;1135;333
126;37;1133;333
20;38;1135;333
35;38;1140;333
36;38;1134;333
37;38;1135;333
38;38;1133;333
39;38;1141;333
92;38;1132;333
93;38;1135;333
94;38;1135;333
95;38;1133;333
119;38;1140;333
121;38;1132;333
122;38;1135;333
123;38;1135;333
124;38;1135;333
124;38;1131;333
125;38;1135;333
125;38;1131;333
126;38;1133;333
19;39;1135;333
35;39;1132;333
36;39;1135;333
37;39;1135;333
38;39;1133;333
38;39;1133;333
92;39;1132;333
93;39;1135;333
94;39;1135;333
95;39;1135;333
96;39;1135;333
97;39;1135;333
98;39;1135;333
99;39;1135;333
100;39;1133;333
119;39;1132;333
120;39;1135;333
121;39;1135;333
122;39;1135;333
123;39;1135;333
124;39;1131;333
124;39;1133;333
125;39;1131;333
18;40;1135;333
34;40;1140;333
35;40;1134;333
36;40;1135;333
37;40;1133;333
38;40;1141;333
92;40;1132;333
93;40;1135;333
94;40;1135;333
95;40;1135;333
96;40;1135;333
97;40;1135;333
98;40;1135;333
99;40;1135;333
100;40;1133;333
119;40;1132;333
120;40;1135;333
121;40;1135;333
122;40;1135;333
123;40;1135;333
124;40;1133;333
17;41;1135;333
18;41;1135;333
33;41;1140;333
34;41;1134;333
35;41;1135;333
36;41;1133;333
37;41;1141;333
92;41;1139;333
93;41;1131;333
94;41;1139;333
95;41;1135;333
96;41;1135;333
97;41;1135;333
98;41;1135;333
99;41;1135;333
100;41;1133;333
119;41;1132;333
120;41;1135;333
121;41;1135;333
122;41;1135;333
123;41;1135;333
124;41;1133;333
16;42;1135;333
17;42;1135;333
18;42;1135;333
33;42;1134;333
34;42;1135;333
35;42;1133;333
36;42;1141;333
95;42;1132;333
96;42;1135;333
97;42;1135;333
98;42;1135;333
99;42;1135;333
100;42;1135;333
101;42;1133;333
119;42;1132;333
120;42;1135;333
121;42;1135;333
122;42;1135;333
123;42;1135;333
124;42;1133;333
16;43;1135;333
32;43;1132;333
33;43;1135;333
34;43;1135;333
35;43;1133;333
95;43;1132;333
96;43;1135;333
97;43;1135;333
98;43;1135;333
99;43;1135;333
100;43;1135;333
100;43;1135;333
101;43;1135;333
102;43;1135;333
103;43;1135;333
104;43;1133;333
117;43;1132;333
118;43;1135;333
119;43;1135;333
120;43;1135;333
121;43;1135;333
122;43;1135;333
123;43;1135;333
124;43;1133;333
15;44;1135;333
31;44;1140;333
32;44;1134;333
33;44;1135;333
34;44;1133;333
35;44;1141;333
95;44;1139;333
96;44;1131;333
97;44;1131;333
98;44;1139;333
99;44;1132;333
100;44;1135;333
101;44;1135;333
102;44;1135;333
103;44;1135;333
104;44;1133;333
117;44;1132;333
118;44;1135;333
119;44;1135;333
120;44;1131;333
121;44;1131;333
122;44;1131;333
123;44;1131;333
14;45;1135;333
31;45;1132;333
32;45;1135;333
33;45;1133;333
33;45;1133;333
99;45;1132;333
100;45;1135;333
101;45;1135;333
102;45;1135;333
103;45;1135;333
104;45;1133;333
117;45;1132;333
118;45;1135;333
119;45;1135;333
120;45;1133;333
14;46;1135;333
31;46;1132;333
32;46;1135;333
33;46;1133;333
99;46;1132;333
100;46;1135;333
101;46;1135;333
102;46;1135;333
103;46;1135;333
103;46;1135;333
104;46;1135;333
105;46;1133;333
117;46;1132;333
118;46;1135;333
119;46;1135;333
120;46;1133;333
14;47;1135;333
31;47;1139;333
32;47;1131;333
33;47;1141;333
100;47;1131;333
101;47;1139;333
102;47;1132;333
103;47;1135;333
104;47;1135;333
105;47;1133;333
117;47;1132;333
118;47;1135;333
119;47;1135;333
120;47;1133;333
14;48;1135;333
102;48;1132;333
103;48;1135;333
104;48;1135;333
105;48;1133;333
117;48;1132;333
118;48;1135;333
119;48;1135;333
120;48;1133;333
13;49;1135;333
13;49;1135;333
14;49;1135;333
45;49;1140;333
46;49;1143;333
102;49;1132;333
103;49;1135;333
104;49;1135;333
105;49;1133;333
117;49;1132;333
118;49;1135;333
119;49;1135;333
120;49;1133;333
12;50;1135;333
13;50;1135;333
29;50;1134;333
30;50;1134;333
31;50;1134;333
32;50;1134;333
33;50;1143;333
45;50;1139;333
46;50;1141;333
48;50;1140;333
49;50;1134;333
52;50;1134;333
53;50;1134;333
53;50;1134;333
102;50;1132;333
103;50;1135;333
104;50;1135;333
105;50;1133;333
117;50;1139;333
118;50;1131;333
118;50;1131;333
119;50;1131;333
11;51;1135;333
12;51;1135;333
13;51;1135;333
28;51;1134;333
29;51;1135;333
30;51;1135;333
30;51;1141;333
31;51;1135;333
32;51;1135;333
33;51;1134;333
33;51;1133;333
34;51;1143;333
48;51;1132;333
49;51;1135;333
50;51;1133;333
50;51;1134;333
51;51;1134;333
52;51;1135;333
53;51;1135;333
53;51;1135;333
54;51;1133;333
54;51;1134;333
102;51;1132;333
103;51;1135;333
104;51;1135;333
105;51;1133;333
10;52;1135;333
11;52;1135;333
12;52;1135;333
13;52;1135;333
27;52;1132;333
28;52;1135;333
29;52;1133;333
33;52;1135;333
34;52;1134;333
34;52;1133;333
35;52;1134;333
36;52;1143;333
48;52;1139;333
49;52;1132;333
50;52;1135;333
51;52;1135;333
52;52;1133;333
53;52;1139;333
54;52;1135;333
55;52;1133;333
55;52;1134;333
102;52;1132;333
103;52;1135;333
104;52;1135;333
105;52;1133;333
9;53;1135;333
10;53;1135;333
11;53;1135;333
12;53;1135;333
27;53;1132;333
28;53;1135;333
28;53;1135;333
29;53;1133;333
34;53;1135;333
35;53;1135;333
36;53;1134;333
36;53;1133;333
37;53;1143;333
49;53;1139;333
50;53;1131;333
51;53;1131;333
52;53;1141;333
53;53;1139;333
54;53;1139;333
55;53;1135;333
56;53;1133;333
56;53;1134;333
57;53;1134;333
101;53;1140;333
102;53;1135;333
103;53;1131;333
104;53;1131;333
105;53;1141;333
9;54;1135;333
10;54;1135;333
11;54;1135;333
27;54;1134;333
28;54;1135;333
29;54;1133;333
36;54;1135;333
37;54;1133;333
55;54;1139;333
56;54;1135;333
57;54;1135;333
58;54;1133;333
101;54;1139;333
102;54;1141;333
9;55;1135;333
10;55;1135;333
26;55;1140;333
27;55;1135;333
28;55;1133;333
56;55;1139;333
57;55;1141;333
58;55;1135;333
59;55;1133;333
97;55;621;333
98;55;620;333
99;55;619;333
100;55;619;333
101;55;619;333
102;55;620;333
103;55;618;333
9;56;1135;333
10;56;1135;333
25;56;1140;333
26;56;1134;333
27;56;1135;333
28;56;1133;333
57;56;1139;333
58;56;1132;333
59;56;1135;333
60;56;1133;333
25;57;1132;333
26;57;1135;333
27;57;1135;333
58;57;1139;333
59;57;1131;333
60;57;1141;333
24;58;1140;333
25;58;1135;333
26;58;1133;333
46;58;1140;333
47;58;1134;333
48;58;1143;333
24;59;1132;333
25;59;1135;333
26;59;1133;333
46;59;1132;333
47;59;1135;333
48;59;1133;333
23;60;1140;333
24;60;1134;333
25;60;1135;333
26;60;1133;333
29;60;621;333
30;60;620;333
31;60;619;333
32;60;619;333
33;60;620;333
34;60;619;333
35;60;619;333
36;60;619;333
37;60;620;333
38;60;619;333
39;60;619;333
40;60;619;333
41;60;619;333
42;60;619;333
43;60;620;333
44;60;618;333
46;60;1139;333
47;60;1131;333
48;60;1141;333
94;60;1140;333
95;60;1143;333
23;61;1132;333
24;61;1135;333
25;61;1133;333
94;61;1132;333
95;61;1135;333
96;61;1135;333
22;62;1140;333
23;62;1134;333
24;62;1135;333
25;62;1133;333
25;62;1133;333
51;62;1140;333
52;62;1134;333
53;62;1143;333
94;62;1139;333
95;62;1135;333
96;62;1135;333
97;62;1143;333
21;63;1140;333
22;63;1132;333
23;63;1135;333
24;63;1133;333
51;63;1132;333
52;63;1135;333
53;63;1133;333
94;63;1139;333
95;63;1139;333
96;63;1131;333
97;63;1141;333
20;64;1134;333
21;64;1135;333
22;64;1135;333
23;64;1133;333
23;64;1133;333
24;64;1141;333
51;64;1139;333
52;64;1131;333
52;64;1131;333
53;64;1141;333
18;65;1140;333
19;65;1134;333
20;65;1135;333
21;65;1133;333
22;65;1141;333
23;65;1141;333
97;65;614;333
98;65;614;333
18;66;1132;333
19;66;1135;333
20;66;1133;333
97;66;616;333
98;66;616;333
18;67;1132;333
19;67;1135;333
20;67;1133;333
18;68;1132;333
19;68;1135;333
20;68;1133;333
18;69;1132;333
19;69;1135;333
20;69;1133;333
20;69;1133;333
17;70;1134;333
17;70;1134;333
17;70;1134;333
17;70;1134;333
18;70;1135;333
19;70;1131;333
15;71;1140;333
16;71;1132;333
16;71;1134;333
17;71;1135;333
18;71;1131;333
15;72;1132;333
16;72;1135;333
17;72;1131;333
15;73;1132;333
16;73;1135;333
20;73;1140;333
21;73;1134;333
44;73;1134;333
45;73;1134;333
46;73;1134;333
46;73;1134;333
47;73;1134;333
14;74;1140;333
15;74;1132;333
16;74;1135;333
16;74;1134;333
16;74;1134;333
20;74;1132;333
21;74;1135;333
22;74;1134;333
44;74;1135;333
45;74;1135;333
46;74;1135;333
47;74;1135;333
48;74;1133;333
14;75;1132;333
14;75;1132;333
15;75;1135;333
16;75;1131;333
20;75;1132;333
21;75;1135;333
22;75;1135;333
23;75;1133;333
44;75;1135;333
45;75;1135;333
46;75;1135;333
47;75;1135;333
48;75;1133;333
15;76;1131;333
19;76;1140;333
20;76;1132;333
21;76;1135;333
22;76;1135;333
23;76;1133;333
41;76;1134;333
42;76;1134;333
43;76;1135;333
44;76;1135;333
45;76;1135;333
46;76;1135;333
47;76;1135;333
48;76;1133;333
48;76;1133;333
19;77;1132;333
20;77;1135;333
20;77;1132;333
21;77;1135;333
22;77;1131;333
22;77;1133;333
23;77;1141;333
38;77;1134;333
39;77;1134;333
40;77;1134;333
41;77;1135;333
41;77;1135;333
42;77;1135;333
42;77;1135;333
43;77;1135;333
44;77;1135;333
45;77;1135;333
46;77;1135;333
47;77;1135;333
48;77;1133;333
18;78;1140;333
19;78;1132;333
20;78;1135;333
20;78;1132;333
21;78;1135;333
22;78;1133;333
38;78;1135;333
39;78;1135;333
40;78;1135;333
41;78;1135;333
42;78;1135;333
43;78;1135;333
44;78;1135;333
45;78;1135;333
46;78;1131;333
47;78;1131;333
17;79;1140;333
18;79;1132;333
19;79;1135;333
20;79;1135;333
21;79;1135;333
22;79;1133;333
38;79;1135;333
39;79;1135;333
40;79;1135;333
41;79;1135;333
42;79;1135;333
43;79;1135;333
44;79;1135;333
45;79;1135;333
46;79;1133;333
11;80;1140;333
12;80;1134;333
13;80;1134;333
14;80;1134;333
15;80;1134;333
16;80;1135;333
17;80;1135;333
18;80;1135;333
19;80;1135;333
20;80;1131;333
20;80;1131;333
20;80;1131;333
20;80;1133;333
21;80;1131;333
22;80;1141;333
35;80;1134;333
35;80;1134;333
36;80;1134;333
37;80;1134;333
38;80;1135;333
39;80;1135;333
40;80;1135;333
41;80;1135;333
42;80;1135;333
43;80;1135;333
44;80;1135;333
45;80;1135;333
46;80;1133;333
7;81;1144;333
11;81;1132;333
12;81;1135;333
13;81;1135;333
14;81;1135;333
15;81;1135;333
16;81;1135;333
17;81;1135;333
18;81;1135;333
19;81;1135;333
20;81;1133;333
20;81;1133;333
33;81;1134;333
34;81;1134;333
35;81;1135;333
36;81;1135;333
37;81;1135;333
38;81;1135;333
39;81;1135;333
39;81;1135;333
40;81;1135;333
41;81;1131;333
42;81;1131;333
43;81;1131;333
44;81;1131;333
45;81;1131;333
46;81;1141;333
113;81;1148;333
11;82;1132;333
12;82;1135;333
13;82;1135;333
14;82;1135;333
15;82;1135;333
16;82;1135;333
17;82;1135;333
18;82;1135;333
19;82;1135;333
20;82;1133;333
30;82;1140;333
31;82;1134;333
32;82;1134;333
33;82;1135;333
34;82;1135;333
35;82;1135;333
35;82;1135;333
36;82;1135;333
37;82;1135;333
38;82;1135;333
39;82;1135;333
40;82;1141;333
97;82;616;333
98;82;616;333
104;82;1148;333
107;82;1135;333
108;82;1135;333
152;82;1134;333
153;82;1134;333
154;82;1134;333
155;82;1134;333
11;83;1139;333
12;83;1131;333
13;83;1131;333
14;83;1131;333
15;83;1131;333
16;83;1135;333
17;83;1135;333
18;83;1135;333
19;83;1135;333
20;83;1133;333
20;83;1133;333
20;83;1133;333
30;83;1132;333
31;83;1135;333
32;83;1135;333
33;83;1135;333
34;83;1135;333
35;83;1135;333
35;83;1135;333
36;83;1135;333
37;83;1135;333
38;83;1135;333
39;83;1141;333
39;83;1141;333
39;83;1141;333
97;83;617;333
98;83;617;333
107;83;1135;333
108;83;1135;333
115;83;1148;333
143;83;1140;333
144;83;1134;333
150;83;1134;333
151;83;1134;333
152;83;1135;333
153;83;1135;333
154;83;1135;333
155;83;1135;333
162;83;1136;333
163;83;1136;333
163;83;1136;333
164;83;1133;333
14;84;1139;333
15;84;1131;333
16;84;1131;333
17;84;1131;333
18;84;1135;333
19;84;1135;333
20;84;1133;333
20;84;1133;333
20;84;1133;333
20;84;1133;333
20;84;1133;333
20;84;1133;333
20;84;1133;333
30;84;1132;333
31;84;1135;333
32;84;1135;333
33;84;1135;333
34;84;1135;333
35;84;1135;333
35;84;1135;333
36;84;1135;333
37;84;1135;333
38;84;1135;333
39;84;1141;333
99;84;1144;333
102;84;1144;333
105;84;1148;333
106;84;1135;333
107;84;1135;333
108;84;1135;333
143;84;1132;333
144;84;1135;333
145;84;1134;333
149;84;1140;333
150;84;1135;333
151;84;1135;333
152;84;1135;333
153;84;1131;333
154;84;1131;333
155;84;1131;333
156;84;1135;333
159;84;1135;333
160;84;1136;333
161;84;1131;333
162;84;1136;333
163;84;1136;333
164;84;1133;333
17;85;1139;333
18;85;1135;333
19;85;1135;333
20;85;1133;333
20;85;1133;333
30;85;1132;333
31;85;1132;333
32;85;1135;333
33;85;1135;333
34;85;1135;333
35;85;1135;333
35;85;1135;333
36;85;1135;333
37;85;1135;333
38;85;1141;333
106;85;1135;333
107;85;1135;333
108;85;1135;333
143;85;1139;333
144;85;1132;333
145;85;1135;333
146;85;1134;333
147;85;1134;333
148;85;1134;333
149;85;1135;333
150;85;1135;333
151;85;1131;333
152;85;1131;333
153;85;1141;333
155;85;1139;333
156;85;1131;333
157;85;1135;333
158;85;1135;333
159;85;1131;333
160;85;1131;333
161;85;1141;333
162;85;1132;333
163;85;1136;333
164;85;1133;333
17;86;1132;333
18;86;1135;333
19;86;1135;333
20;86;1133;333
30;86;1132;333
31;86;1132;333
32;86;1135;333
33;86;1135;333
34;86;1135;333
35;86;1135;333
35;86;1135;333
36;86;1135;333
37;86;1135;333
38;86;1133;333
99;86;1148;333
103;86;1144;333
105;86;1135;333
106;86;1135;333
107;86;1135;333
108;86;1135;333
144;86;1132;333
145;86;1135;333
146;86;1135;333
147;86;1135;333
148;86;1135;333
149;86;1135;333
150;86;1131;333
151;86;1141;333
156;86;1139;333
157;86;1131;333
158;86;1131;333
158;86;1131;333
159;86;1141;333
162;86;1132;333
163;86;1136;333
164;86;1133;333
17;87;1132;333
18;87;1135;333
19;87;1133;333
19;87;1131;333
20;87;1141;333
30;87;1132;333
31;87;1132;333
32;87;1135;333
33;87;1135;333
34;87;1133;333
35;87;1135;333
36;87;1131;333
37;87;1131;333
38;87;1141;333
97;87;1148;333
100;87;1148;333
105;87;1135;333
106;87;1135;333
107;87;1135;333
111;87;1144;333
114;87;1148;333
144;87;1132;333
145;87;1135;333
146;87;1135;333
147;87;1135;333
148;87;1131;333
149;87;1131;333
150;87;1141;333
162;87;1132;333
163;87;1136;333
164;87;1133;333
14;88;1134;333
15;88;1134;333
18;88;1135;333
19;88;1133;333
30;88;1132;333
31;88;1132;333
32;88;1135;333
33;88;1135;333
34;88;1133;333
102;88;1140;333
103;88;1135;333
104;88;1135;333
105;88;1135;333
106;88;1135;333
107;88;1135;333
144;88;1139;333
145;88;1131;333
146;88;1131;333
146;88;1131;333
147;88;1131;333
148;88;1141;333
162;88;1132;333
162;88;1132;333
163;88;1136;333
164;88;1133;333
13;89;1134;333
14;89;1135;333
15;89;1135;333
16;89;1133;333
18;89;1135;333
19;89;1133;333
30;89;1132;333
31;89;1132;333
32;89;1135;333
33;89;1135;333
34;89;1133;333
85;89;1144;333
96;89;1148;333
102;89;1132;333
103;89;1135;333
104;89;1135;333
105;89;1135;333
106;89;1135;333
106;89;1135;333
107;89;1135;333
112;89;1148;333
162;89;1132;333
162;89;1140;333
163;89;1136;333
164;89;1133;333
12;90;1134;333
13;90;1135;333
13;90;1135;333
14;90;1135;333
15;90;1141;333
16;90;1141;333
18;90;1135;333
19;90;1133;333
30;90;1132;333
31;90;1132;333
32;90;1135;333
33;90;1135;333
34;90;1133;333
85;90;1148;333
93;90;1148;333
97;90;1140;333
102;90;1132;333
103;90;1135;333
104;90;1135;333
105;90;1135;333
106;90;1135;333
111;90;1148;333
160;90;1140;333
161;90;1132;333
162;90;1136;333
162;90;1133;333
163;90;1131;333
164;90;1141;333
11;91;1134;333
12;91;1140;333
13;91;1135;333
14;91;1141;333
15;91;1141;333
18;91;1135;333
19;91;1133;333
30;91;1132;333
31;91;1132;333
32;91;1135;333
33;91;1135;333
34;91;1133;333
34;91;1133;333
42;91;1140;333
43;91;1143;333
87;91;1134;333
88;91;1134;333
89;91;1134;333
90;91;1134;333
91;91;1134;333
92;91;1134;333
93;91;1134;333
94;91;1134;333
95;91;1134;333
96;91;1148;333
97;91;1132;333
98;91;1135;333
98;91;1135;333
102;91;1132;333
103;91;1135;333
104;91;1135;333
105;91;1135;333
106;91;1135;333
111;91;1144;333
160;91;1132;333
161;91;1136;333
162;91;1133;333
163;91;1141;333
9;92;1134;333
10;92;1134;333
11;92;1135;333
11;92;1134;333
12;92;1135;333
12;92;1141;333
13;92;1141;333
14;92;1141;333
17;92;1132;333
18;92;1135;333
19;92;1133;333
30;92;1132;333
31;92;1132;333
32;92;1135;333
33;92;1135;333
34;92;1133;333
34;92;1133;333
42;92;1139;333
43;92;1141;333
80;92;1148;333
82;92;1148;333
86;92;1132;333
87;92;1135;333
88;92;1135;333
89;92;1135;333
90;92;1135;333
91;92;1135;333
92;92;1135;333
93;92;1135;333
94;92;1135;333
95;92;1135;333
96;92;1135;333
97;92;1135;333
98;92;1135;333
102;92;1132;333
103;92;1135;333
104;92;1135;333
105;92;1135;333
106;92;1135;333
160;92;1132;333
161;92;1136;333
162;92;1133;333
6;93;1134;333
7;93;1134;333
8;93;1134;333
9;93;1140;333
9;93;1134;333
10;93;1140;333
11;93;1135;333
12;93;1141;333
13;93;1141;333
17;93;1132;333
18;93;1135;333
19;93;1133;333
29;93;1132;333
30;93;1135;333
31;93;1135;333
32;93;1135;333
33;93;1135;333
34;93;1133;333
34;93;1133;333
84;93;1134;333
85;93;1134;333
86;93;1134;333
87;93;1135;333
88;93;1135;333
89;93;1135;333
90;93;1135;333
91;93;1135;333
92;93;1131;333
93;93;1131;333
94;93;1131;333
95;93;1144;333
96;93;1148;333
97;93;1132;333
98;93;1135;333
99;93;1135;333
103;93;1135;333
104;93;1135;333
105;93;1135;333
113;93;1148;333
160;93;1132;333
161;93;1136;333
162;93;1133;333
5;94;1132;333
6;94;1135;333
7;94;1135;333
8;94;1135;333
9;94;1135;333
10;94;1135;333
11;94;1141;333
12;94;1141;333
17;94;1132;333
18;94;1135;333
19;94;1133;333
29;94;1132;333
30;94;1135;333
31;94;1135;333
32;94;1135;333
33;94;1135;333
34;94;1133;333
78;94;1144;333
80;94;1148;333
83;94;1134;333
84;94;1135;333
85;94;1135;333
86;94;1135;333
87;94;1131;333
88;94;1131;333
89;94;1131;333
90;94;1131;333
91;94;1141;333
97;94;1132;333
98;94;1135;333
99;94;1135;333
100;94;1135;333
101;94;1135;333
101;94;1135;333
102;94;1135;333
103;94;1135;333
103;94;1135;333
104;94;1135;333
105;94;1135;333
160;94;1139;333
161;94;1132;333
162;94;1136;333
163;94;1133;333
5;95;1132;333
6;95;1135;333
7;95;1135;333
8;95;1135;333
9;95;1135;333
10;95;1141;333
10;95;1141;333
11;95;1141;333
16;95;1140;333
16;95;1140;333
16;95;1140;333
17;95;1135;333
18;95;1133;333
19;95;1141;333
29;95;1132;333
30;95;1135;333
31;95;1135;333
32;95;1133;333
33;95;1131;333
34;95;1141;333
82;95;1134;333
83;95;1135;333
84;95;1131;333
85;95;1131;333
86;95;1131;333
87;95;1141;333
97;95;1139;333
98;95;1135;333
99;95;1135;333
100;95;1135;333
101;95;1135;333
101;95;1135;333
102;95;1135;333
103;95;1135;333
103;95;1135;333
104;95;1135;333
105;95;1135;333
106;95;1135;333
107;95;1135;333
108;95;1135;333
160;95;1139;333
161;95;1132;333
162;95;1135;333
162;95;1135;333
163;95;1133;333
3;96;1134;333
4;96;1134;333
5;96;1134;333
6;96;1135;333
6;96;1134;333
7;96;1135;333
8;96;1131;333
9;96;1131;333
10;96;1141;333
15;96;1140;333
16;96;1132;333
17;96;1135;333
18;96;1133;333
29;96;1132;333
30;96;1135;333
31;96;1135;333
32;96;1133;333
81;96;1134;333
82;96;1135;333
82;96;1135;333
83;96;1131;333
90;96;1148;333
93;96;1148;333
98;96;1132;333
99;96;1132;333
100;96;1135;333
101;96;1135;333
102;96;1135;333
103;96;1135;333
103;96;1135;333
104;96;1135;333
105;96;1135;333
106;96;1135;333
107;96;1135;333
108;96;1135;333
161;96;1139;333
162;96;1132;333
163;96;1133;333
2;97;1132;333
3;97;1135;333
4;97;1135;333
5;97;1135;333
6;97;1135;333
7;97;1135;333
8;97;1141;333
9;97;1141;333
14;97;1186;333
15;97;1132;333
16;97;1135;333
16;97;1132;333
17;97;1133;333
18;97;1141;333
28;97;1132;333
29;97;1132;333
30;97;1135;333
31;97;1135;333
32;97;1133;333
80;97;1134;333
80;97;1134;333
81;97;1135;333
82;97;1131;333
92;97;1144;333
98;97;1132;333
99;97;1132;333
100;97;1135;333
101;97;1135;333
102;97;1135;333
103;97;1135;333
105;97;1135;333
106;97;1135;333
107;97;1135;333
108;97;1135;333
109;97;1141;333
111;97;1148;333
161;97;1140;333
162;97;1132;333
163;97;1133;333
2;98;1132;333
3;98;1135;333
4;98;1135;333
5;98;1135;333
6;98;1135;333
7;98;1135;333
14;98;1140;333
15;98;1132;333
16;98;1135;333
17;98;1133;333
23;98;1140;333
24;98;1143;333
28;98;1132;333
29;98;1135;333
30;98;1135;333
31;98;1135;333
32;98;1133;333
32;98;1141;333
79;98;1134;333
80;98;1135;333
95;98;1148;333
97;98;1148;333
98;98;1132;333
99;98;1132;333
100;98;1135;333
101;98;1135;333
102;98;1135;333
103;98;1135;333
104;98;1131;333
105;98;1131;333
106;98;1131;333
107;98;1131;333
108;98;1131;333
109;98;1141;333
161;98;1132;333
162;98;1136;333
163;98;1133;333
1;99;1134;333
2;99;1134;333
3;99;1135;333
3;99;1134;333
4;99;1135;333
5;99;1135;333
6;99;1135;333
7;99;1135;333
14;99;1132;333
15;99;1135;333
16;99;1133;333
17;99;1141;333
23;99;1139;333
24;99;1141;333
25;99;1140;333
26;99;1134;333
27;99;1134;333
28;99;1132;333
29;99;1135;333
30;99;1133;333
31;99;1131;333
32;99;1141;333
37;99;621;333
38;99;620;333
39;99;619;333
40;99;619;333
41;99;619;333
42;99;619;333
43;99;619;333
44;99;619;333
45;99;619;333
46;99;619;333
47;99;620;333
48;99;1140;333
49;99;1143;333
77;99;1134;333
78;99;1132;333
79;99;1135;333
83;99;1148;333
92;99;1144;333
98;99;1135;333
99;99;1135;333
100;99;1135;333
100;99;1135;333
101;99;1135;333
102;99;1131;333
103;99;1131;333
104;99;1141;333
120;99;621;333
121;99;620;333
122;99;619;333
123;99;619;333
124;99;619;333
125;99;620;333
126;99;618;333
160;99;1140;333
161;99;1132;333
161;99;1136;333
162;99;1136;333
163;99;1133;333
163;99;1133;333
1;100;1135;333
2;100;1135;333
3;100;1135;333
4;100;1135;333
5;100;1135;333
6;100;1135;333
7;100;1135;333
14;100;1135;333
15;100;1133;333
16;100;1141;333
25;100;1132;333
26;100;1135;333
27;100;1135;333
28;100;1135;333
29;100;1135;333
30;100;1133;333
37;100;621;333
38;100;620;333
39;100;619;333
40;100;619;333
41;100;619;333
42;100;619;333
43;100;619;333
44;100;619;333
45;100;619;333
46;100;619;333
47;100;620;333
48;100;1139;333
49;100;1141;333
69;100;1144;333
73;100;1148;333
76;100;1134;333
77;100;1135;333
78;100;1131;333
83;100;1144;333
97;100;1135;333
98;100;1135;333
98;100;1135;333
99;100;1135;333
100;100;1135;333
101;100;1131;333
160;100;1132;333
161;100;1136;333
162;100;1136;333
163;100;1133;333
1;101;1135;333
2;101;1135;333
3;101;1135;333
4;101;1135;333
5;101;1135;333
6;101;1131;333
7;101;1131;333
12;101;1140;333
13;101;1143;333
14;101;1141;333
25;101;1132;333
26;101;1135;333
27;101;1135;333
28;101;1135;333
29;101;1135;333
30;101;1133;333
75;101;1134;333
76;101;1135;333
77;101;1131;333
97;101;1135;333
98;101;1135;333
99;101;1131;333
100;101;1131;333
103;101;1148;333
106;101;1144;333
160;101;1132;333
161;101;1136;333
162;101;1131;333
163;101;1141;333
1;102;1135;333
2;102;1135;333
3;102;1135;333
4;102;1135;333
5;102;1135;333
6;102;1141;333
12;102;1139;333
13;102;1141;333
25;102;1132;333
26;102;1135;333
27;102;1135;333
28;102;1135;333
29;102;1135;333
29;102;1135;333
30;102;1133;333
69;102;1148;333
71;102;1144;333
74;102;1134;333
75;102;1135;333
76;102;1131;333
80;102;1148;333
97;102;1135;333
98;102;1135;333
105;102;1144;333
159;102;1140;333
160;102;1136;333
161;102;1133;333
1;103;1135;333
2;103;1135;333
3;103;1135;333
3;103;1135;333
4;103;1135;333
5;103;1135;333
6;103;1141;333
25;103;1139;333
26;103;1131;333
27;103;1131;333
28;103;1131;333
29;103;1131;333
30;103;1141;333
37;103;1140;333
38;103;1143;333
73;103;1134;333
74;103;1135;333
75;103;1131;333
75;103;1131;333
78;103;1148;333
91;103;1132;333
92;103;1135;333
93;103;1135;333
93;103;1135;333
94;103;1135;333
95;103;1135;333
96;103;1135;333
97;103;1135;333
98;103;1135;333
159;103;1132;333
160;103;1136;333
161;103;1133;333
1;104;1135;333
2;104;1135;333
3;104;1131;333
4;104;1131;333
5;104;1131;333
11;104;1148;333
37;104;1139;333
38;104;1141;333
72;104;1132;333
73;104;1135;333
74;104;1131;333
78;104;1144;333
88;104;1148;333
91;104;1132;333
92;104;1135;333
93;104;1135;333
94;104;1131;333
95;104;1131;333
96;104;1131;333
97;104;1131;333
98;104;1141;333
106;104;1144;333
159;104;1132;333
160;104;1136;333
161;104;1133;333
1;105;1135;333
2;105;1135;333
3;105;1141;333
3;105;1141;333
4;105;1141;333
69;105;1148;333
72;105;1139;333
73;105;1131;333
89;105;1148;333
91;105;1132;333
92;105;1135;333
93;105;1135;333
96;105;1144;333
100;105;1144;333
102;105;1148;333
159;105;1132;333
160;105;1136;333
161;105;1136;333
162;105;1133;333
1;106;1135;333
2;106;1135;333
3;106;1141;333
27;106;1140;333
28;106;1143;333
90;106;1144;333
91;106;1132;333
91;106;1132;333
92;106;1135;333
93;106;1135;333
97;106;1148;333
159;106;1139;333
160;106;1132;333
161;106;1136;333
162;106;1133;333
1;107;1131;333
2;107;1131;333
3;107;1141;333
27;107;1139;333
28;107;1141;333
91;107;1139;333
92;107;1131;333
93;107;1131;333
94;107;1141;333
160;107;1132;333
161;107;1136;333
161;107;1136;333
162;107;1133;333
10;108;1140;333
11;108;1143;333
74;108;1148;333
92;108;1144;333
93;108;1148;333
96;108;1144;333
160;108;1139;333
161;108;1131;333
162;108;1141;333
10;109;1139;333
11;109;1141;333
96;110;1148;333
71;111;1148;333
72;111;1144;333
81;111;1144;333
156;111;614;333
156;112;616;333
78;113;1148;333
156;113;615;333
80;114;1148;333
156;114;615;333
156;115;615;333
77;116;1148;333
156;116;616;333
79;117;1144;333
81;117;1148;333
156;117;617;333
141;118;1148;333
110;119;621;333
111;119;620;333
112;119;619;333
113;119;619;333
114;119;619;333
115;119;619;333
116;119;619;333
117;119;620;333
118;119;618;333
143;119;1148;333
144;119;1140;333
145;119;1134;333
145;119;1134;333
146;119;1134;333
147;119;1143;333
144;120;1132;333
145;120;1135;333
146;120;1135;333
147;120;1133;333
144;121;1132;333
145;121;1135;333
146;121;1135;333
147;121;1133;333
142;122;1144;333
144;122;1139;333
145;122;1131;333
146;122;1131;333
147;122;1141;333
143;124;1144;333
143;125;1148;333
