# Illarion Server
# 
# This program is free software: you can redistribute it and/or modify it under
# the terms of the GNU Affero General Public License as published by the Free
# Software Foundation, either version 3 of the License, or (at your option) any
# later version.
# 
# This program is distributed in the hope that it will be useful, but WITHOUT
# ANY WARRANTY; without even the implied warranty of MERCHANTABILITY or FITNESS
# FOR A PARTICULAR PURPOSE.  See the GNU Affero General Public License for more
# details.
# 
# You should have received a copy of the GNU Affero General Public License along
# with this program.  If not, see <http://www.gnu.org/licenses/>.
V: 2
L: -30
X: 25
Y: 600
W: 70
H: 10
0;0;2;0
1;0;2;0
2;0;2;0
3;0;2;0
4;0;2;0
5;0;2;0
6;0;2;0
7;0;2;0
8;0;2;0
9;0;2;0
10;0;8674;0
11;0;15;0
12;0;15;0
13;0;15;0
14;0;15;0
15;0;15;0
16;0;15841;0
17;0;1;0
18;0;1;0
19;0;8673;0
20;0;15;0
21;0;15;0
22;0;15;0
23;0;15;0
24;0;15;0
25;0;15;0
26;0;4578;0
27;0;2;0
28;0;2;0
29;0;2;0
30;0;6626;0
31;0;21986;0
32;0;15;0
33;0;15;0
34;0;15;0
35;0;15;0
36;0;2;0
37;0;2;0
38;0;8674;0
39;0;15;0
40;0;15;0
41;0;15;0
42;0;15;0
43;0;15;0
44;0;15;0
45;0;4577;0
46;0;1;0
47;0;1;0
48;0;8673;0
49;0;15;0
50;0;23010;0
51;0;5602;0
52;0;2;0
53;0;2;0
54;0;2;0
55;0;2;0
56;0;2;0
57;0;2;0
58;0;2;0
59;0;2;0
60;0;2;0
61;0;2;0
62;0;2;0
63;0;15;0
64;0;15;0
65;0;15;0
66;0;15;0
67;0;15;0
68;0;15;0
69;0;15;0
0;1;2;0
1;1;2;0
2;1;2;0
3;1;2;0
4;1;2;0
5;1;2;0
6;1;2;0
7;1;2;0
8;1;2;0
9;1;2;0
10;1;12770;0
11;1;15;0
12;1;15;0
13;1;15;0
14;1;15;0
15;1;15;0
16;1;15;0
17;1;23009;0
18;1;11745;0
19;1;29153;0
20;1;15;0
21;1;26082;0
22;1;9698;0
23;1;9698;0
24;1;18914;0
25;1;15;0
26;1;3554;0
27;1;2;0
28;1;2;0
29;1;8674;0
30;1;15;0
31;1;15;0
32;1;15;0
33;1;15;0
34;1;26082;0
35;1;1506;0
36;1;2;0
37;1;2;0
38;1;7650;0
39;1;15;0
40;1;15;0
41;1;15;0
42;1;15;0
43;1;15;0
44;1;15;0
45;1;28129;0
46;1;11745;0
47;1;11745;0
48;1;29153;0
49;1;15;0
50;1;15;0
51;1;15;0
52;1;23010;0
53;1;11746;0
54;1;5602;0
55;1;2;0
56;1;2;0
57;1;2;0
58;1;2;0
59;1;2;0
60;1;2;0
61;1;2;0
62;1;2;0
63;1;14818;0
64;1;15;0
65;1;15;0
66;1;15;0
67;1;15;0
68;1;15;0
69;1;15;0
0;2;2;0
1;2;2;0
2;2;2;0
3;2;2;0
4;2;2;0
5;2;2;0
6;2;2;0
7;2;2;0
8;2;2;0
9;2;2;0
10;2;12770;0
11;2;15;0
12;2;15;0
13;2;15;0
14;2;17889;0
15;2;27105;0
16;2;15;0
17;2;15;0
18;2;15;0
19;2;15;0
20;2;15;0
21;2;3554;0
22;2;2;0
23;2;2;0
24;2;2;0
25;2;2;0
26;2;2;0
27;2;2;0
28;2;2;0
29;2;25058;0
30;2;15;0
31;2;15;0
32;2;15;0
33;2;15;0
34;2;3554;0
35;2;2;0
36;2;6626;0
37;2;5602;0
38;2;2;0
39;2;2530;0
40;2;18914;0
41;2;15;0
42;2;15;0
43;2;15;0
44;2;15;0
45;2;15;0
46;2;15;0
47;2;15;0
48;2;15;0
49;2;15;0
50;2;15;0
51;2;15;0
52;2;15;0
53;2;15;0
54;2;15;0
55;2;15842;0
56;2;2;0
57;2;2;0
58;2;2;0
59;2;2;0
60;2;2;0
61;2;2;0
62;2;2;0
63;2;2;0
64;2;14818;0
65;2;15;0
66;2;15;0
67;2;15;0
68;2;15;0
69;2;15;0
0;3;2;0
1;3;2;0
2;3;2;0
3;3;2;0
4;3;2;0
5;3;2;0
6;3;2;0
7;3;2;0
8;3;2;0
9;3;2;0
10;3;12770;0
11;3;15;0
12;3;26081;0
13;3;1505;0
14;3;1;0
15;3;25057;0
16;3;15;0
17;3;15;0
18;3;15;0
19;3;15;0
20;3;13794;0
21;3;2;0
22;3;2;0
23;3;6626;0
24;3;5602;0
25;3;2;0
26;3;2;0
27;3;2;0
28;3;8674;0
29;3;15;0
30;3;15;0
31;3;15;0
32;3;17890;0
33;3;1506;0
34;3;2;0
35;3;8674;0
36;3;15;0
37;3;15;0
38;3;4578;0
39;3;2;0
40;3;2;0
41;3;2530;0
42;3;9698;0
43;3;9698;0
44;3;18914;0
45;3;15;0
46;3;15;0
47;3;15;0
48;3;15;0
49;3;17889;0
50;3;27105;0
51;3;15;0
52;3;15;0
53;3;15;0
54;3;15;0
55;3;15;0
56;3;4578;0
57;3;2;0
58;3;2;0
59;3;2;0
60;3;2;0
61;3;2;0
62;3;2;0
63;3;2;0
64;3;2;0
65;3;14818;0
66;3;15;0
67;3;15;0
68;3;15;0
69;3;15;0
0;4;2;0
1;4;2;0
2;4;2;0
3;4;2;0
4;4;2;0
5;4;2;0
6;4;2;0
7;4;2;0
8;4;2;0
9;4;2;0
10;4;7650;0
11;4;15;0
12;4;3553;0
13;4;1;0
14;4;16865;0
15;4;15;0
16;4;15;0
17;4;15;0
18;4;17890;0
19;4;1506;0
20;4;2;0
21;4;2;0
22;4;8674;0
23;4;15;0
24;4;15;0
25;4;4578;0
26;4;2;0
27;4;2;0
28;4;12770;0
29;4;15;0
30;4;15;0
31;4;19938;0
32;4;2;0
33;4;2;0
34;4;2;0
35;4;12770;0
36;4;15;0
37;4;15;0
38;4;10722;0
39;4;2;0
40;4;2;0
41;4;2;0
42;4;2;0
43;4;2;0
44;4;2;0
45;4;24034;0
46;4;15;0
47;4;15;0
48;4;13793;0
49;4;1;0
50;4;7649;0
51;4;15;0
52;4;15;0
53;4;15;0
54;4;15;0
55;4;15;0
56;4;10722;0
57;4;2;0
58;4;2;0
59;4;2;0
60;4;2;0
61;4;2;0
62;4;2;0
63;4;2;0
64;4;2;0
65;4;2;0
66;4;2530;0
67;4;27106;0
68;4;15;0
69;4;15;0
0;5;2;0
1;5;2;0
2;5;2;0
3;5;2;0
4;5;2;0
5;5;2;0
6;5;2;0
7;5;2;0
8;5;25665;0
9;5;9281;0
10;5;1089;0
11;5;1;0
12;5;1;0
13;5;16865;0
14;5;15;0
15;5;15;0
16;5;26082;0
17;5;1506;0
18;5;2;0
19;5;2;0
20;5;2;0
21;5;2;0
22;5;12770;0
23;5;15;0
24;5;15;0
25;5;10722;0
26;5;2;0
27;5;2;0
28;5;7650;0
29;5;15;0
30;5;15;0
31;5;3554;0
32;5;2;0
33;5;2;0
34;5;2;0
35;5;7650;0
36;5;15;0
37;5;15;0
38;5;20962;0
39;5;2;0
40;5;2;0
41;5;2;0
42;5;2;0
43;5;2;0
44;5;2;0
45;5;25058;0
46;5;15;0
47;5;19937;0
48;5;1;0
49;5;1;0
50;5;1;0
51;5;14817;0
52;5;15;0
53;5;15;0
54;5;15;0
55;5;15;0
56;5;20962;0
57;5;2;0
58;5;2;0
59;5;2;0
60;5;2;0
61;5;2;0
62;5;2;0
63;5;2;0
64;5;2;0
65;5;2;0
66;5;2;0
67;5;12770;0
68;5;15;0
69;5;15;0
0;6;2;0
1;6;2;0
2;6;2;0
3;6;2;0
4;6;6626;0
5;6;11746;0
6;6;11746;0
7;6;11746;0
8;6;11745;0
9;6;5601;0
10;6;1;0
11;6;1;0
12;6;1;0
13;6;15;0
14;6;15;0
15;6;15;0
16;6;3554;0
17;6;2;0
18;6;2;0
19;6;2;0
20;6;2;0
21;6;2;0
22;6;12769;0
23;6;15;0
24;6;15;0
25;6;20962;0
26;6;2;0
27;6;2;0
28;6;2;0
29;6;2530;0
30;6;1506;0
31;6;2;0
32;6;6626;0
33;6;5602;0
34;6;17473;0
35;6;1089;0
36;6;14817;0
37;6;15;0
38;6;15;0
39;6;15842;0
40;6;2;0
41;6;2;0
42;6;2;0
43;6;2;0
44;6;16866;0
45;6;15;0
46;6;15;0
47;6;3553;0
48;6;1;0
49;6;1;0
50;6;1;0
51;6;1;0
52;6;14817;0
53;6;15;0
54;6;15;0
55;6;15;0
56;6;15;0
57;6;15842;0
58;6;2;0
59;6;2;0
60;6;2;0
61;6;2;0
62;6;2;0
63;6;2;0
64;6;2;0
65;6;2;0
66;6;2;0
67;6;7650;0
68;6;15;0
69;6;15;0
0;7;2;0
1;7;2;0
2;7;2;0
3;7;16866;0
4;7;15;0
5;7;15;0
6;7;15;0
7;7;15;0
8;7;15;0
9;7;15;0
10;7;15841;0
11;7;6209;0
12;7;21569;0
13;7;2530;0
14;7;9698;0
15;7;1506;0
16;7;2;0
17;7;6626;0
18;7;11746;0
19;7;5602;0
20;7;17473;0
21;7;1089;0
22;7;7649;0
23;7;15;0
24;7;15;0
25;7;15;0
26;7;15842;0
27;7;2;0
28;7;2;0
29;7;2;0
30;7;2;0
31;7;16866;0
32;7;15;0
33;7;15;0
34;7;4577;0
35;7;1;0
36;7;1;0
37;7;24033;0
38;7;15;0
39;7;15;0
40;7;23010;0
41;7;11746;0
42;7;11746;0
43;7;21986;0
44;7;15;0
45;7;15;0
46;7;19937;0
47;7;1;0
48;7;1;0
49;7;1;0
50;7;1;0
51;7;1;0
52;7;1;0
53;7;14817;0
54;7;15;0
55;7;15;0
56;7;15;0
57;7;15;0
58;7;4578;0
59;7;2;0
60;7;2;0
61;7;2;0
62;7;2;0
63;7;2;0
64;7;2;0
65;7;2;0
66;7;2;0
67;7;2;0
68;7;2530;0
69;7;1506;0
0;8;2;0
1;8;2;0
2;8;2;0
3;8;15;0
4;8;15;0
5;8;15;0
6;8;15;0
7;8;15;0
8;8;15;0
9;8;15;0
10;8;15;0
11;8;4578;0
12;8;2;0
13;8;2;0
14;8;2;0
15;8;2;0
16;8;8674;0
17;8;15;0
18;8;15;0
19;8;15;0
20;8;4577;0
21;8;1;0
22;8;1;0
23;8;24033;0
24;8;15;0
25;8;15;0
26;8;15;0
27;8;4578;0
28;8;2;0
29;8;2;0
30;8;2;0
31;8;15;0
32;8;15;0
33;8;15;0
34;8;10721;0
35;8;1;0
36;8;1;0
37;8;7649;0
38;8;15;0
39;8;15;0
40;8;15;0
41;8;15;0
42;8;15;0
43;8;15;0
44;8;15;0
45;8;15;0
46;8;10721;0
47;8;1;0
48;8;1;0
49;8;1;0
50;8;1;0
51;8;1;0
52;8;1;0
53;8;1;0
54;8;24033;0
55;8;15;0
56;8;15;0
57;8;15;0
58;8;10722;0
59;8;2;0
60;8;2;0
61;8;2;0
62;8;2;0
63;8;2;0
64;8;2;0
65;8;2;0
66;8;2;0
67;8;2;0
68;8;2;0
69;8;2;0
0;9;2;0
1;9;2;0
2;9;2;0
3;9;2530;0
4;9;18914;0
5;9;15;0
6;9;15;0
7;9;15;0
8;9;15;0
9;9;15;0
10;9;15;0
11;9;3554;0
12;9;2;0
13;9;2;0
14;9;2;0
15;9;2;0
16;9;7650;0
17;9;15;0
18;9;15;0
19;9;15;0
20;9;3553;0
21;9;1;0
22;9;1;0
23;9;7649;0
24;9;15;0
25;9;15;0
26;9;15;0
27;9;3554;0
28;9;2;0
29;9;2;0
30;9;2;0
31;9;14818;0
32;9;15;0
33;9;15;0
34;9;3553;0
35;9;1;0
36;9;1;0
37;9;1;0
38;9;2529;0
39;9;9697;0
40;9;9697;0
41;9;18913;0
42;9;15;0
43;9;15;0
44;9;15;0
45;9;15;0
46;9;3553;0
47;9;1;0
48;9;1;0
49;9;1;0
50;9;1;0
51;9;1;0
52;9;1;0
53;9;1;0
54;9;7649;0
55;9;15;0
56;9;15;0
57;9;15;0
58;9;3554;0
59;9;2;0
60;9;2;0
61;9;2;0
62;9;2;0
63;9;2;0
64;9;2;0
65;9;2;0
66;9;2;0
67;9;2;0
68;9;2;0
69;9;2;0
