# Illarion Server
# 
# This program is free software: you can redistribute it and/or modify it under
# the terms of the GNU Affero General Public License as published by the Free
# Software Foundation, either version 3 of the License, or (at your option) any
# later version.
# 
# This program is distributed in the hope that it will be useful, but WITHOUT
# ANY WARRANTY; without even the implied warranty of MERCHANTABILITY or FITNESS
# FOR A PARTICULAR PURPOSE.  See the GNU Affero General Public License for more
# details.
# 
# You should have received a copy of the GNU Affero General Public License along
# with this program.  If not, see <http://www.gnu.org/licenses/>.
V: 2
L: -26
X: 95
Y: 600
W: 100
H: 35
0;0;0;0
1;0;0;0
2;0;0;0
3;0;0;0
4;0;0;0
5;0;0;0
6;0;0;0
7;0;0;0
8;0;0;0
9;0;0;0
10;0;15;0
11;0;15;0
12;0;15;0
13;0;15;0
14;0;15;0
15;0;15;0
16;0;15;0
17;0;15;0
18;0;15;0
19;0;15;0
20;0;15;0
21;0;15;0
22;0;15;0
23;0;15;0
24;0;15;0
25;0;15;0
26;0;15;0
27;0;15;0
28;0;15;0
29;0;15;0
30;0;15;0
31;0;15;0
32;0;15;0
33;0;15;0
34;0;15;0
35;0;15;0
36;0;15;0
37;0;15;0
38;0;15;0
39;0;15;0
40;0;15;0
41;0;15;0
42;0;15;0
43;0;15;0
44;0;15;0
45;0;15;0
46;0;15;0
47;0;15;0
48;0;15;0
49;0;15;0
50;0;15;0
51;0;15;0
52;0;15;0
53;0;15;0
54;0;15;0
55;0;15;0
56;0;15;0
57;0;15;0
58;0;15;0
59;0;15;0
60;0;15;0
61;0;15;0
62;0;15;0
63;0;15;0
64;0;15;0
65;0;15;0
66;0;15;0
67;0;15;0
68;0;15;0
69;0;15;0
70;0;15;0
71;0;15;0
72;0;15;0
73;0;15;0
74;0;15;0
75;0;15;0
76;0;15;0
77;0;15;0
78;0;15;0
79;0;15;0
80;0;15;0
81;0;15;0
82;0;15;0
83;0;15;0
84;0;15;0
85;0;15;0
86;0;15;0
87;0;15;0
88;0;15;0
89;0;15;0
90;0;15;0
91;0;15;0
92;0;15;0
93;0;15;0
94;0;15;0
95;0;15;0
96;0;15;0
97;0;15;0
98;0;15;0
99;0;15;0
0;1;0;0
1;1;0;0
2;1;0;0
3;1;0;0
4;1;0;0
5;1;0;0
6;1;0;0
7;1;0;0
8;1;15;0
9;1;15;0
10;1;15;0
11;1;15;0
12;1;15;0
13;1;15;0
14;1;15;0
15;1;15;0
16;1;15;0
17;1;15;0
18;1;15;0
19;1;15;0
20;1;15;0
21;1;15;0
22;1;15;0
23;1;15;0
24;1;15;0
25;1;15;0
26;1;15;0
27;1;15;0
28;1;15;0
29;1;15;0
30;1;15;0
31;1;0;0
32;1;0;0
33;1;0;0
34;1;0;0
35;1;0;0
36;1;0;0
37;1;0;0
38;1;0;0
39;1;0;0
40;1;15;0
41;1;15;0
42;1;15;0
43;1;15;0
44;1;15;0
45;1;15;0
46;1;15;0
47;1;15;0
48;1;15;0
49;1;15;0
50;1;15;0
51;1;15;0
52;1;15;0
53;1;15;0
54;1;15;0
55;1;15;0
56;1;15;0
57;1;0;0
58;1;0;0
59;1;15;0
60;1;15;0
61;1;15;0
62;1;15;0
63;1;15;0
64;1;15;0
65;1;15;0
66;1;15;0
67;1;15;0
68;1;15;0
69;1;15;0
70;1;15;0
71;1;15;0
72;1;15;0
73;1;15;0
74;1;15;0
75;1;15;0
76;1;15;0
77;1;15;0
78;1;15;0
79;1;15;0
80;1;15;0
81;1;15;0
82;1;15;0
83;1;15;0
84;1;15;0
85;1;15;0
86;1;15;0
87;1;15;0
88;1;15;0
89;1;15;0
90;1;15;0
91;1;15;0
92;1;15;0
93;1;15;0
94;1;15;0
95;1;15;0
96;1;15;0
97;1;15;0
98;1;15;0
99;1;15;0
0;2;0;0
1;2;0;0
2;2;0;0
3;2;0;0
4;2;0;0
5;2;0;0
6;2;15;0
7;2;15;0
8;2;15;0
9;2;15;0
10;2;15;0
11;2;15;0
12;2;15;0
13;2;15;0
14;2;15;0
15;2;15;0
16;2;15;0
17;2;15;0
18;2;15;0
19;2;15;0
20;2;15;0
21;2;0;0
22;2;0;0
23;2;0;0
24;2;0;0
25;2;0;0
26;2;0;0
27;2;15;0
28;2;15;0
29;2;15;0
30;2;15;0
31;2;0;0
32;2;0;0
33;2;0;0
34;2;0;0
35;2;0;0
36;2;0;0
37;2;0;0
38;2;0;0
39;2;0;0
40;2;0;0
41;2;0;0
42;2;15;0
43;2;15;0
44;2;15;0
45;2;15;0
46;2;15;0
47;2;0;0
48;2;0;0
49;2;0;0
50;2;0;0
51;2;15;0
52;2;15;0
53;2;15;0
54;2;15;0
55;2;0;0
56;2;0;0
57;2;0;0
58;2;0;0
59;2;0;0
60;2;15;0
61;2;15;0
62;2;15;0
63;2;15;0
64;2;15;0
65;2;15;0
66;2;15;0
67;2;15;0
68;2;15;0
69;2;15;0
70;2;15;0
71;2;15;0
72;2;15;0
73;2;15;0
74;2;15;0
75;2;15;0
76;2;15;0
77;2;15;0
78;2;15;0
79;2;15;0
80;2;15;0
81;2;15;0
82;2;15;0
83;2;15;0
84;2;15;0
85;2;15;0
86;2;15;0
87;2;15;0
88;2;15;0
89;2;15;0
90;2;15;0
91;2;15;0
92;2;15;0
93;2;15;0
94;2;15;0
95;2;15;0
96;2;15;0
97;2;15;0
98;2;15;0
99;2;15;0
0;3;0;0
1;3;0;0
2;3;0;0
3;3;0;0
4;3;0;0
5;3;0;0
6;3;15;0
7;3;15;0
8;3;15;0
9;3;15;0
10;3;15;0
11;3;15;0
12;3;15;0
13;3;15;0
14;3;15;0
15;3;0;0
16;3;0;0
17;3;15;0
18;3;0;0
19;3;15;0
20;3;0;0
21;3;0;0
22;3;0;0
23;3;0;0
24;3;0;0
25;3;0;0
26;3;0;0
27;3;0;0
28;3;0;0
29;3;0;0
30;3;0;0
31;3;0;0
32;3;0;0
33;3;0;0
34;3;0;0
35;3;0;0
36;3;0;0
37;3;0;0
38;3;0;0
39;3;0;0
40;3;0;0
41;3;0;0
42;3;0;0
43;3;0;0
44;3;0;0
45;3;0;0
46;3;0;0
47;3;0;0
48;3;0;0
49;3;0;0
50;3;0;0
51;3;0;0
52;3;0;0
53;3;0;0
54;3;0;0
55;3;0;0
56;3;0;0
57;3;0;0
58;3;0;0
59;3;0;0
60;3;0;0
61;3;15;0
62;3;15;0
63;3;15;0
64;3;15;0
65;3;15;0
66;3;15;0
67;3;15;0
68;3;15;0
69;3;15;0
70;3;15;0
71;3;15;0
72;3;15;0
73;3;15;0
74;3;15;0
75;3;15;0
76;3;15;0
77;3;15;0
78;3;15;0
79;3;15;0
80;3;15;0
81;3;15;0
82;3;15;0
83;3;15;0
84;3;15;0
85;3;15;0
86;3;15;0
87;3;15;0
88;3;15;0
89;3;15;0
90;3;15;0
91;3;15;0
92;3;15;0
93;3;15;0
94;3;15;0
95;3;15;0
96;3;15;0
97;3;15;0
98;3;15;0
99;3;15;0
0;4;0;0
1;4;0;0
2;4;0;0
3;4;0;0
4;4;0;0
5;4;15;0
6;4;15;0
7;4;0;0
8;4;0;0
9;4;0;0
10;4;0;0
11;4;0;0
12;4;0;0
13;4;0;0
14;4;0;0
15;4;0;0
16;4;0;0
17;4;0;0
18;4;0;0
19;4;0;0
20;4;34;0
21;4;0;0
22;4;0;0
23;4;0;0
24;4;0;0
25;4;0;0
26;4;0;0
27;4;0;0
28;4;0;0
29;4;0;0
30;4;0;0
31;4;0;0
32;4;0;0
33;4;0;0
34;4;0;0
35;4;0;0
36;4;0;0
37;4;0;0
38;4;0;0
39;4;0;0
40;4;0;0
41;4;0;0
42;4;0;0
43;4;0;0
44;4;0;0
45;4;0;0
46;4;0;0
47;4;0;0
48;4;0;0
49;4;0;0
50;4;0;0
51;4;0;0
52;4;0;0
53;4;0;0
54;4;0;0
55;4;0;0
56;4;0;0
57;4;0;0
58;4;0;0
59;4;0;0
60;4;0;0
61;4;0;0
62;4;15;0
63;4;15;0
64;4;15;0
65;4;15;0
66;4;15;0
67;4;15;0
68;4;15;0
69;4;15;0
70;4;15;0
71;4;15;0
72;4;15;0
73;4;15;0
74;4;15;0
75;4;15;0
76;4;15;0
77;4;15;0
78;4;15;0
79;4;15;0
80;4;15;0
81;4;15;0
82;4;15;0
83;4;15;0
84;4;15;0
85;4;15;0
86;4;15;0
87;4;15;0
88;4;15;0
89;4;15;0
90;4;15;0
91;4;15;0
92;4;15;0
93;4;15;0
94;4;15;0
95;4;15;0
96;4;15;0
97;4;15;0
98;4;15;0
99;4;15;0
0;5;0;0
1;5;0;0
2;5;0;0
3;5;0;0
4;5;15;0
5;5;15;0
6;5;0;0
7;5;0;0
8;5;0;0
9;5;0;0
10;5;0;0
11;5;0;0
12;5;0;0
13;5;0;0
14;5;0;0
15;5;0;0
16;5;0;0
17;5;0;0
18;5;0;0
19;5;0;0
20;5;34;0
21;5;0;0
22;5;0;0
23;5;0;0
24;5;0;0
25;5;0;0
26;5;0;0
27;5;0;0
28;5;0;0
29;5;0;0
30;5;0;0
31;5;0;0
32;5;0;0
33;5;0;0
34;5;0;0
35;5;0;0
36;5;0;0
37;5;0;0
38;5;0;0
39;5;0;0
40;5;0;0
41;5;0;0
42;5;0;0
43;5;0;0
44;5;0;0
45;5;0;0
46;5;0;0
47;5;0;0
48;5;0;0
49;5;0;0
50;5;0;0
51;5;0;0
52;5;0;0
53;5;0;0
54;5;0;0
55;5;0;0
56;5;0;0
57;5;0;0
58;5;0;0
59;5;0;0
60;5;0;0
61;5;0;0
62;5;0;0
63;5;15;0
64;5;15;0
65;5;15;0
66;5;15;0
67;5;15;0
68;5;15;0
69;5;15;0
70;5;15;0
71;5;15;0
72;5;15;0
73;5;15;0
74;5;15;0
75;5;15;0
76;5;15;0
77;5;15;0
78;5;15;0
79;5;15;0
80;5;15;0
81;5;15;0
82;5;15;0
83;5;15;0
84;5;15;0
85;5;15;0
86;5;15;0
87;5;15;0
88;5;15;0
89;5;15;0
90;5;15;0
91;5;15;0
92;5;15;0
93;5;15;0
94;5;15;0
95;5;15;0
96;5;15;0
97;5;15;0
98;5;15;0
99;5;15;0
0;6;0;0
1;6;0;0
2;6;15;0
3;6;15;0
4;6;15;0
5;6;0;0
6;6;0;0
7;6;0;0
8;6;0;0
9;6;0;0
10;6;0;0
11;6;0;0
12;6;0;0
13;6;0;0
14;6;0;0
15;6;0;0
16;6;0;0
17;6;0;0
18;6;0;0
19;6;0;0
20;6;34;0
21;6;0;0
22;6;0;0
23;6;0;0
24;6;0;0
25;6;0;0
26;6;0;0
27;6;0;0
28;6;0;0
29;6;0;0
30;6;0;0
31;6;0;0
32;6;0;0
33;6;0;0
34;6;0;0
35;6;0;0
36;6;0;0
37;6;0;0
38;6;0;0
39;6;0;0
40;6;0;0
41;6;0;0
42;6;0;0
43;6;0;0
44;6;0;0
45;6;0;0
46;6;0;0
47;6;0;0
48;6;0;0
49;6;0;0
50;6;0;0
51;6;0;0
52;6;0;0
53;6;0;0
54;6;0;0
55;6;0;0
56;6;0;0
57;6;0;0
58;6;0;0
59;6;0;0
60;6;0;0
61;6;0;0
62;6;0;0
63;6;15;0
64;6;15;0
65;6;15;0
66;6;15;0
67;6;15;0
68;6;15;0
69;6;15;0
70;6;15;0
71;6;15;0
72;6;15;0
73;6;15;0
74;6;15;0
75;6;15;0
76;6;15;0
77;6;15;0
78;6;15;0
79;6;15;0
80;6;15;0
81;6;15;0
82;6;15;0
83;6;15;0
84;6;15;0
85;6;15;0
86;6;15;0
87;6;15;0
88;6;15;0
89;6;15;0
90;6;15;0
91;6;15;0
92;6;15;0
93;6;15;0
94;6;15;0
95;6;15;0
96;6;15;0
97;6;15;0
98;6;15;0
99;6;15;0
0;7;0;0
1;7;0;0
2;7;15;0
3;7;15;0
4;7;0;0
5;7;0;0
6;7;0;0
7;7;0;0
8;7;0;0
9;7;0;0
10;7;0;0
11;7;0;0
12;7;0;0
13;7;0;0
14;7;0;0
15;7;0;0
16;7;0;0
17;7;0;0
18;7;0;0
19;7;0;0
20;7;34;0
21;7;0;0
22;7;0;0
23;7;0;0
24;7;0;0
25;7;0;0
26;7;0;0
27;7;0;0
28;7;0;0
29;7;0;0
30;7;0;0
31;7;0;0
32;7;0;0
33;7;0;0
34;7;0;0
35;7;0;0
36;7;0;0
37;7;0;0
38;7;0;0
39;7;0;0
40;7;0;0
41;7;0;0
42;7;0;0
43;7;0;0
44;7;0;0
45;7;0;0
46;7;0;0
47;7;0;0
48;7;0;0
49;7;0;0
50;7;0;0
51;7;0;0
52;7;0;0
53;7;0;0
54;7;0;0
55;7;0;0
56;7;0;0
57;7;0;0
58;7;0;0
59;7;0;0
60;7;0;0
61;7;0;0
62;7;0;0
63;7;0;0
64;7;15;0
65;7;1;0
66;7;15;0
67;7;15;0
68;7;15;0
69;7;15;0
70;7;15;0
71;7;15;0
72;7;15;0
73;7;15;0
74;7;15;0
75;7;15;0
76;7;15;0
77;7;15;0
78;7;15;0
79;7;15;0
80;7;15;0
81;7;15;0
82;7;15;0
83;7;15;0
84;7;15;0
85;7;15;0
86;7;15;0
87;7;15;0
88;7;15;0
89;7;15;0
90;7;15;0
91;7;15;0
92;7;15;0
93;7;15;0
94;7;15;0
95;7;15;0
96;7;15;0
97;7;15;0
98;7;15;0
99;7;15;0
0;8;0;0
1;8;15;0
2;8;15;0
3;8;0;0
4;8;0;0
5;8;0;0
6;8;0;0
7;8;0;0
8;8;0;0
9;8;0;0
10;8;0;0
11;8;0;0
12;8;0;0
13;8;0;0
14;8;0;0
15;8;0;0
16;8;0;0
17;8;0;0
18;8;0;0
19;8;0;0
20;8;34;0
21;8;0;0
22;8;0;0
23;8;0;0
24;8;0;0
25;8;0;0
26;8;0;0
27;8;0;0
28;8;0;0
29;8;0;0
30;8;0;0
31;8;0;0
32;8;0;0
33;8;0;0
34;8;0;0
35;8;0;0
36;8;0;0
37;8;0;0
38;8;0;0
39;8;0;0
40;8;0;0
41;8;0;0
42;8;0;0
43;8;0;0
44;8;0;0
45;8;0;0
46;8;0;0
47;8;0;0
48;8;0;0
49;8;0;0
50;8;0;0
51;8;0;0
52;8;0;0
53;8;0;0
54;8;0;0
55;8;0;0
56;8;0;0
57;8;0;0
58;8;0;0
59;8;0;0
60;8;0;0
61;8;0;0
62;8;0;0
63;8;0;0
64;8;15;0
65;8;15;0
66;8;15;0
67;8;15;0
68;8;15;0
69;8;15;0
70;8;15;0
71;8;15;0
72;8;15;0
73;8;15;0
74;8;15;0
75;8;15;0
76;8;15;0
77;8;15;0
78;8;15;0
79;8;15;0
80;8;15;0
81;8;15;0
82;8;15;0
83;8;15;0
84;8;15;0
85;8;15;0
86;8;15;0
87;8;15;0
88;8;15;0
89;8;15;0
90;8;15;0
91;8;15;0
92;8;15;0
93;8;15;0
94;8;15;0
95;8;15;0
96;8;15;0
97;8;15;0
98;8;15;0
99;8;15;0
0;9;0;0
1;9;15;0
2;9;15;0
3;9;0;0
4;9;0;0
5;9;0;0
6;9;0;0
7;9;0;0
8;9;0;0
9;9;0;0
10;9;0;0
11;9;0;0
12;9;0;0
13;9;0;0
14;9;0;0
15;9;0;0
16;9;0;0
17;9;0;0
18;9;0;0
19;9;0;0
20;9;34;0
21;9;0;0
22;9;0;0
23;9;0;0
24;9;0;0
25;9;0;0
26;9;0;0
27;9;0;0
28;9;0;0
29;9;0;0
30;9;0;0
31;9;0;0
32;9;0;0
33;9;0;0
34;9;0;0
35;9;0;0
36;9;0;0
37;9;0;0
38;9;0;0
39;9;0;0
40;9;0;0
41;9;0;0
42;9;0;0
43;9;0;0
44;9;0;0
45;9;0;0
46;9;0;0
47;9;0;0
48;9;0;0
49;9;0;0
50;9;0;0
51;9;0;0
52;9;0;0
53;9;0;0
54;9;0;0
55;9;0;0
56;9;0;0
57;9;0;0
58;9;0;0
59;9;0;0
60;9;0;0
61;9;0;0
62;9;0;0
63;9;0;0
64;9;15;0
65;9;15;0
66;9;15;0
67;9;15;0
68;9;15;0
69;9;15;0
70;9;26082;0
71;9;9698;0
72;9;27106;0
73;9;15;0
74;9;15;0
75;9;15;0
76;9;15;0
77;9;15;0
78;9;15;0
79;9;15;0
80;9;15;0
81;9;15;0
82;9;15;0
83;9;15;0
84;9;15;0
85;9;15;0
86;9;15;0
87;9;15;0
88;9;15;0
89;9;15;0
90;9;15;0
91;9;15;0
92;9;15;0
93;9;15;0
94;9;15;0
95;9;15;0
96;9;15;0
97;9;15;0
98;9;15;0
99;9;15;0
0;10;0;0
1;10;15;0
2;10;15;0
3;10;0;0
4;10;0;0
5;10;0;0
6;10;0;0
7;10;0;0
8;10;0;0
9;10;0;0
10;10;0;0
11;10;0;0
12;10;0;0
13;10;0;0
14;10;0;0
15;10;0;0
16;10;0;0
17;10;0;0
18;10;0;0
19;10;0;0
20;10;34;0
21;10;0;0
22;10;0;0
23;10;0;0
24;10;0;0
25;10;0;0
26;10;0;0
27;10;0;0
28;10;0;0
29;10;0;0
30;10;0;0
31;10;0;0
32;10;0;0
33;10;0;0
34;10;0;0
35;10;0;0
36;10;0;0
37;10;0;0
38;10;0;0
39;10;0;0
40;10;0;0
41;10;0;0
42;10;0;0
43;10;0;0
44;10;0;0
45;10;0;0
46;10;0;0
47;10;0;0
48;10;0;0
49;10;0;0
50;10;0;0
51;10;0;0
52;10;0;0
53;10;0;0
54;10;0;0
55;10;0;0
56;10;0;0
57;10;0;0
58;10;0;0
59;10;0;0
60;10;0;0
61;10;0;0
62;10;0;0
63;10;0;0
64;10;15;0
65;10;15;0
66;10;15;0
67;10;15;0
68;10;15;0
69;10;15;0
70;10;3554;0
71;10;2;0
72;10;12770;0
73;10;15;0
74;10;15;0
75;10;15;0
76;10;15;0
77;10;15;0
78;10;15;0
79;10;15;0
80;10;15;0
81;10;26088;0
82;10;9704;0
83;10;27112;0
84;10;15;0
85;10;15;0
86;10;15;0
87;10;15;0
88;10;15;0
89;10;15;0
90;10;15;0
91;10;15;0
92;10;15;0
93;10;15;0
94;10;15;0
95;10;15;0
96;10;15;0
97;10;15;0
98;10;15;0
99;10;15;0
0;11;0;0
1;11;0;0
2;11;15;0
3;11;0;0
4;11;0;0
5;11;0;0
6;11;0;0
7;11;0;0
8;11;0;0
9;11;0;0
10;11;0;0
11;11;0;0
12;11;0;0
13;11;0;0
14;11;0;0
15;11;0;0
16;11;0;0
17;11;0;0
18;11;0;0
19;11;0;0
20;11;34;0
21;11;0;0
22;11;0;0
23;11;0;0
24;11;0;0
25;11;0;0
26;11;0;0
27;11;0;0
28;11;0;0
29;11;0;0
30;11;0;0
31;11;0;0
32;11;0;0
33;11;0;0
34;11;0;0
35;11;0;0
36;11;0;0
37;11;0;0
38;11;0;0
39;11;0;0
40;11;0;0
41;11;0;0
42;11;0;0
43;11;0;0
44;11;0;0
45;11;0;0
46;11;0;0
47;11;0;0
48;11;0;0
49;11;0;0
50;11;0;0
51;11;0;0
52;11;0;0
53;11;0;0
54;11;0;0
55;11;0;0
56;11;0;0
57;11;0;0
58;11;0;0
59;11;0;0
60;11;0;0
61;11;0;0
62;11;0;0
63;11;0;0
64;11;15;0
65;11;26081;0
66;11;18913;0
67;11;15;0
68;11;15;0
69;11;13794;0
70;11;2;0
71;11;2;0
72;11;12770;0
73;11;15;0
74;11;15;0
75;11;15;0
76;11;15;0
77;11;15;0
78;11;15;0
79;11;15;0
80;11;15;0
81;11;3560;0
82;11;8;0
83;11;25064;0
84;11;15;0
85;11;15;0
86;11;15;0
87;11;15;0
88;11;15;0
89;11;15;0
90;11;15;0
91;11;15;0
92;11;15;0
93;11;15;0
94;11;15;0
95;11;15;0
96;11;15;0
97;11;15;0
98;11;15;0
99;11;15;0
0;12;0;0
1;12;0;0
2;12;15;0
3;12;0;0
4;12;0;0
5;12;0;0
6;12;0;0
7;12;0;0
8;12;0;0
9;12;0;0
10;12;0;0
11;12;0;0
12;12;0;0
13;12;0;0
14;12;0;0
15;12;0;0
16;12;0;0
17;12;0;0
18;12;0;0
19;12;0;0
20;12;34;0
21;12;0;0
22;12;0;0
23;12;0;0
24;12;0;0
25;12;0;0
26;12;0;0
27;12;0;0
28;12;0;0
29;12;0;0
30;12;0;0
31;12;0;0
32;12;0;0
33;12;0;0
34;12;0;0
35;12;0;0
36;12;0;0
37;12;0;0
38;12;0;0
39;12;0;0
40;12;0;0
41;12;0;0
42;12;0;0
43;12;0;0
44;12;0;0
45;12;0;0
46;12;0;0
47;12;0;0
48;12;0;0
49;12;0;0
50;12;0;0
51;12;0;0
52;12;0;0
53;12;0;0
54;12;0;0
55;12;0;0
56;12;0;0
57;12;0;0
58;12;0;0
59;12;0;0
60;12;0;0
61;12;0;0
62;12;0;0
63;12;0;0
64;12;15;0
65;12;10721;0
66;12;1;0
67;12;8257;0
68;12;2;0
69;12;2;0
70;12;2;0
71;12;2;0
72;12;7650;0
73;12;15;0
74;12;15;0
75;12;15;0
76;12;15;0
77;12;15;0
78;12;15;0
79;12;26088;0
80;12;1512;0
81;12;8;0
82;12;8680;0
83;12;15;0
84;12;15;0
85;12;15;0
86;12;15;0
87;12;15;0
88;12;15;0
89;12;15;0
90;12;15;0
91;12;15;0
92;12;15;0
93;12;15;0
94;12;15;0
95;12;15;0
96;12;15;0
97;12;15;0
98;12;15;0
99;12;15;0
0;13;0;0
1;13;0;0
2;13;15;0
3;13;0;0
4;13;0;0
5;13;0;0
6;13;0;0
7;13;0;0
8;13;0;0
9;13;0;0
10;13;0;0
11;13;0;0
12;13;0;0
13;13;0;0
14;13;0;0
15;13;0;0
16;13;0;0
17;13;0;0
18;13;0;0
19;13;0;0
20;13;34;0
21;13;0;0
22;13;0;0
23;13;0;0
24;13;0;0
25;13;0;0
26;13;0;0
27;13;0;0
28;13;0;0
29;13;0;0
30;13;0;0
31;13;0;0
32;13;0;0
33;13;0;0
34;13;0;0
35;13;0;0
36;13;0;0
37;13;0;0
38;13;0;0
39;13;0;0
40;13;0;0
41;13;0;0
42;13;0;0
43;13;0;0
44;13;0;0
45;13;0;0
46;13;0;0
47;13;0;0
48;13;0;0
49;13;0;0
50;13;0;0
51;13;0;0
52;13;0;0
53;13;0;0
54;13;0;0
55;13;0;0
56;13;0;0
57;13;0;0
58;13;0;0
59;13;0;0
60;13;0;0
61;13;0;0
62;13;0;0
63;13;0;0
64;13;15;0
65;13;28129;0
66;13;21985;0
67;13;15;0
68;13;15842;0
69;13;2;0
70;13;2;0
71;13;2;0
72;13;2;0
73;13;2530;0
74;13;18914;0
75;13;15;0
76;13;15;0
77;13;15;0
78;13;15;0
79;13;10728;0
80;13;8;0
81;13;8;0
82;13;25064;0
83;13;15;0
84;13;15;0
85;13;15;0
86;13;15;0
87;13;15;0
88;13;15;0
89;13;15;0
90;13;15;0
91;13;15;0
92;13;15;0
93;13;15;0
94;13;15;0
95;13;15;0
96;13;15;0
97;13;15;0
98;13;15;0
99;13;15;0
0;14;0;0
1;14;0;0
2;14;15;0
3;14;0;0
4;14;0;0
5;14;0;0
6;14;0;0
7;14;0;0
8;14;0;0
9;14;0;0
10;14;0;0
11;14;0;0
12;14;0;0
13;14;0;0
14;14;0;0
15;14;0;0
16;14;0;0
17;14;0;0
18;14;0;0
19;14;0;0
20;14;34;0
21;14;0;0
22;14;0;0
23;14;0;0
24;14;0;0
25;14;0;0
26;14;0;0
27;14;0;0
28;14;0;0
29;14;0;0
30;14;0;0
31;14;0;0
32;14;0;0
33;14;0;0
34;14;0;0
35;14;0;0
36;14;0;0
37;14;0;0
38;14;0;0
39;14;0;0
40;14;0;0
41;14;0;0
42;14;0;0
43;14;0;0
44;14;0;0
45;14;0;0
46;14;0;0
47;14;0;0
48;14;0;0
49;14;0;0
50;14;0;0
51;14;0;0
52;14;0;0
53;14;0;0
54;14;0;0
55;14;0;0
56;14;0;0
57;14;0;0
58;14;0;0
59;14;0;0
60;14;0;0
61;14;0;0
62;14;0;0
63;14;0;0
64;14;15;0
65;14;15;0
66;14;15;0
67;14;15;0
68;14;15;0
69;14;15842;0
70;14;2;0
71;14;2;0
72;14;2;0
73;14;2;0
74;14;2;0
75;14;24034;0
76;14;15;0
77;14;15;0
78;14;15;0
79;14;10728;0
80;14;8;0
81;14;8680;0
82;14;15;0
83;14;15;0
84;14;15;0
85;14;15;0
86;14;15;0
87;14;15;0
88;14;15;0
89;14;15;0
90;14;15;0
91;14;15;0
92;14;15;0
93;14;15;0
94;14;15;0
95;14;15;0
96;14;15;0
97;14;15;0
98;14;15;0
99;14;15;0
0;15;0;0
1;15;0;0
2;15;15;0
3;15;15;0
4;15;0;0
5;15;0;0
6;15;0;0
7;15;0;0
8;15;0;0
9;15;0;0
10;15;0;0
11;15;0;0
12;15;0;0
13;15;0;0
14;15;0;0
15;15;0;0
16;15;0;0
17;15;0;0
18;15;0;0
19;15;0;0
20;15;34;0
21;15;0;0
22;15;0;0
23;15;0;0
24;15;0;0
25;15;0;0
26;15;0;0
27;15;0;0
28;15;0;0
29;15;0;0
30;15;0;0
31;15;0;0
32;15;0;0
33;15;0;0
34;15;0;0
35;15;0;0
36;15;0;0
37;15;0;0
38;15;0;0
39;15;0;0
40;15;0;0
41;15;0;0
42;15;0;0
43;15;0;0
44;15;0;0
45;15;0;0
46;15;0;0
47;15;0;0
48;15;0;0
49;15;0;0
50;15;0;0
51;15;0;0
52;15;0;0
53;15;0;0
54;15;0;0
55;15;0;0
56;15;0;0
57;15;0;0
58;15;0;0
59;15;0;0
60;15;0;0
61;15;0;0
62;15;0;0
63;15;0;0
64;15;15;0
65;15;15;0
66;15;15;0
67;15;15;0
68;15;15;0
69;15;15;0
70;15;2;0
71;15;2;0
72;15;2;0
73;15;2;0
74;15;2;0
75;15;12770;0
76;15;15;0
77;15;15;0
78;15;15;0
79;15;10728;0
80;15;8;0
81;15;12776;0
82;15;15;0
83;15;15;0
84;15;15;0
85;15;15;0
86;15;15;0
87;15;15;0
88;15;15;0
89;15;15;0
90;15;15;0
91;15;15;0
92;15;15;0
93;15;15;0
94;15;15;0
95;15;15;0
96;15;15;0
97;15;15;0
98;15;15;0
99;15;15;0
0;16;0;0
1;16;15;0
2;16;15;0
3;16;0;0
4;16;0;0
5;16;0;0
6;16;0;0
7;16;0;0
8;16;0;0
9;16;0;0
10;16;0;0
11;16;0;0
12;16;0;0
13;16;0;0
14;16;0;0
15;16;0;0
16;16;0;0
17;16;0;0
18;16;0;0
19;16;0;0
20;16;34;0
21;16;0;0
22;16;0;0
23;16;0;0
24;16;0;0
25;16;0;0
26;16;0;0
27;16;0;0
28;16;0;0
29;16;0;0
30;16;0;0
31;16;0;0
32;16;0;0
33;16;0;0
34;16;0;0
35;16;0;0
36;16;0;0
37;16;0;0
38;16;0;0
39;16;0;0
40;16;0;0
41;16;0;0
42;16;0;0
43;16;0;0
44;16;0;0
45;16;0;0
46;16;0;0
47;16;0;0
48;16;0;0
49;16;0;0
50;16;0;0
51;16;0;0
52;16;0;0
53;16;0;0
54;16;0;0
55;16;0;0
56;16;0;0
57;16;0;0
58;16;0;0
59;16;0;0
60;16;0;0
61;16;0;0
62;16;0;0
63;16;0;0
64;16;15;0
65;16;15;0
66;16;15;0
67;16;15;0
68;16;15;0
69;16;13794;0
70;16;2;0
71;16;2;0
72;16;2;0
73;16;2;0
74;16;2;0
75;16;7650;0
76;16;15;0
77;16;15;0
78;16;15;0
79;16;3560;0
80;16;8;0
81;16;12776;0
82;16;15;0
83;16;15;0
84;16;15;0
85;16;15;0
86;16;15;0
87;16;15;0
88;16;15;0
89;16;15;0
90;16;15;0
91;16;15;0
92;16;15;0
93;16;15;0
94;16;15;0
95;16;15;0
96;16;15;0
97;16;15;0
98;16;15;0
99;16;15;0
0;17;0;0
1;17;15;0
2;17;15;0
3;17;0;0
4;17;0;0
5;17;0;0
6;17;0;0
7;17;0;0
8;17;0;0
9;17;0;0
10;17;0;0
11;17;0;0
12;17;0;0
13;17;0;0
14;17;0;0
15;17;0;0
16;17;0;0
17;17;0;0
18;17;0;0
19;17;0;0
20;17;34;0
21;17;0;0
22;17;0;0
23;17;0;0
24;17;0;0
25;17;0;0
26;17;0;0
27;17;0;0
28;17;0;0
29;17;0;0
30;17;0;0
31;17;0;0
32;17;0;0
33;17;0;0
34;17;0;0
35;17;0;0
36;17;0;0
37;17;0;0
38;17;0;0
39;17;0;0
40;17;0;0
41;17;0;0
42;17;0;0
43;17;0;0
44;17;0;0
45;17;0;0
46;17;0;0
47;17;0;0
48;17;0;0
49;17;0;0
50;17;0;0
51;17;0;0
52;17;0;0
53;17;0;0
54;17;0;0
55;17;0;0
56;17;0;0
57;17;0;0
58;17;0;0
59;17;0;0
60;17;0;0
61;17;0;0
62;17;0;0
63;17;0;0
64;17;15;0
65;17;15;0
66;17;15;0
67;17;15;0
68;17;13794;0
69;17;2;0
70;17;6626;0
71;17;11746;0
72;17;5602;0
73;17;2;0
74;17;2;0
75;17;2;0
76;17;2530;0
77;17;9698;0
78;17;1506;0
79;17;14594;0
80;17;8;0
81;17;12776;0
82;17;15;0
83;17;15;0
84;17;15;0
85;17;15;0
86;17;15;0
87;17;15;0
88;17;15;0
89;17;15;0
90;17;15;0
91;17;15;0
92;17;15;0
93;17;15;0
94;17;15;0
95;17;15;0
96;17;15;0
97;17;15;0
98;17;15;0
99;17;15;0
0;18;0;0
1;18;15;0
2;18;15;0
3;18;0;0
4;18;0;0
5;18;0;0
6;18;0;0
7;18;0;0
8;18;0;0
9;18;0;0
10;18;0;0
11;18;0;0
12;18;0;0
13;18;0;0
14;18;0;0
15;18;0;0
16;18;0;0
17;18;0;0
18;18;0;0
19;18;0;0
20;18;34;0
21;18;0;0
22;18;0;0
23;18;0;0
24;18;0;0
25;18;0;0
26;18;0;0
27;18;0;0
28;18;0;0
29;18;0;0
30;18;0;0
31;18;0;0
32;18;0;0
33;18;0;0
34;18;0;0
35;18;0;0
36;18;0;0
37;18;0;0
38;18;0;0
39;18;0;0
40;18;0;0
41;18;0;0
42;18;0;0
43;18;0;0
44;18;0;0
45;18;0;0
46;18;0;0
47;18;0;0
48;18;0;0
49;18;0;0
50;18;0;0
51;18;0;0
52;18;0;0
53;18;0;0
54;18;0;0
55;18;0;0
56;18;0;0
57;18;0;0
58;18;0;0
59;18;0;0
60;18;0;0
61;18;0;0
62;18;0;0
63;18;0;0
64;18;15;0
65;18;15;0
66;18;15;0
67;18;13794;0
68;18;2;0
69;18;8674;0
70;18;15;0
71;18;15;0
72;18;15;0
73;18;4578;0
74;18;2;0
75;18;2;0
76;18;2;0
77;18;2;0
78;18;2;0
79;18;2;0
80;18;2306;0
81;18;12770;0
82;18;15;0
83;18;15;0
84;18;15;0
85;18;15;0
86;18;15;0
87;18;15;0
88;18;15;0
89;18;15;0
90;18;15;0
91;18;15;0
92;18;15;0
93;18;15;0
94;18;15;0
95;18;15;0
96;18;15;0
97;18;15;0
98;18;15;0
99;18;15;0
0;19;0;0
1;19;15;0
2;19;15;0
3;19;15;0
4;19;15;0
5;19;0;0
6;19;0;0
7;19;0;0
8;19;0;0
9;19;0;0
10;19;0;0
11;19;0;0
12;19;0;0
13;19;0;0
14;19;0;0
15;19;0;0
16;19;0;0
17;19;0;0
18;19;0;0
19;19;0;0
20;19;34;0
21;19;0;0
22;19;0;0
23;19;0;0
24;19;0;0
25;19;0;0
26;19;0;0
27;19;0;0
28;19;0;0
29;19;0;0
30;19;0;0
31;19;0;0
32;19;0;0
33;19;0;0
34;19;0;0
35;19;0;0
36;19;0;0
37;19;0;0
38;19;0;0
39;19;0;0
40;19;0;0
41;19;0;0
42;19;0;0
43;19;0;0
44;19;0;0
45;19;0;0
46;19;0;0
47;19;0;0
48;19;0;0
49;19;0;0
50;19;0;0
51;19;0;0
52;19;0;0
53;19;0;0
54;19;0;0
55;19;0;0
56;19;0;0
57;19;0;0
58;19;0;0
59;19;0;0
60;19;0;0
61;19;0;0
62;19;0;0
63;19;0;0
64;19;15;0
65;19;15;0
66;19;19938;0
67;19;2;0
68;19;6626;0
69;19;29154;0
70;19;15;0
71;19;15;0
72;19;15;0
73;19;28130;0
74;19;11746;0
75;19;5602;0
76;19;2;0
77;19;2;0
78;19;2;0
79;19;2;0
80;19;2;0
81;19;7650;0
82;19;15;0
83;19;15;0
84;19;15;0
85;19;15;0
86;19;15;0
87;19;15;0
88;19;15;0
89;19;15;0
90;19;15;0
91;19;15;0
92;19;15;0
93;19;15;0
94;19;15;0
95;19;15;0
96;19;15;0
97;19;15;0
98;19;15;0
99;19;15;0
0;20;0;0
1;20;0;0
2;20;0;0
3;20;15;0
4;20;15;0
5;20;0;0
6;20;0;0
7;20;0;0
8;20;0;0
9;20;0;0
10;20;0;0
11;20;0;0
12;20;0;0
13;20;0;0
14;20;0;0
15;20;0;0
16;20;0;0
17;20;0;0
18;20;0;0
19;20;0;0
20;20;15;0
21;20;0;0
22;20;0;0
23;20;0;0
24;20;0;0
25;20;0;0
26;20;0;0
27;20;0;0
28;20;0;0
29;20;0;0
30;20;0;0
31;20;0;0
32;20;0;0
33;20;0;0
34;20;0;0
35;20;0;0
36;20;0;0
37;20;0;0
38;20;0;0
39;20;0;0
40;20;0;0
41;20;0;0
42;20;0;0
43;20;0;0
44;20;0;0
45;20;0;0
46;20;0;0
47;20;0;0
48;20;0;0
49;20;0;0
50;20;0;0
51;20;0;0
52;20;0;0
53;20;0;0
54;20;0;0
55;20;0;0
56;20;0;0
57;20;0;0
58;20;0;0
59;20;0;0
60;20;0;0
61;20;0;0
62;20;0;0
63;20;0;0
64;20;15;0
65;20;15;0
66;20;28130;0
67;20;21986;0
68;20;15;0
69;20;15;0
70;20;15;0
71;20;15;0
72;20;15;0
73;20;15;0
74;20;15;0
75;20;15;0
76;20;23010;0
77;20;11746;0
78;20;11746;0
79;20;5602;0
80;20;2;0
81;20;2;0
82;20;2530;0
83;20;9698;0
84;20;9698;0
85;20;27106;0
86;20;15;0
87;20;15;0
88;20;15;0
89;20;15;0
90;20;15;0
91;20;15;0
92;20;15;0
93;20;15;0
94;20;15;0
95;20;15;0
96;20;15;0
97;20;15;0
98;20;15;0
99;20;15;0
0;21;0;0
1;21;0;0
2;21;15;0
3;21;15;0
4;21;15;0
5;21;0;0
6;21;0;0
7;21;0;0
8;21;0;0
9;21;0;0
10;21;0;0
11;21;0;0
12;21;0;0
13;21;0;0
14;21;0;0
15;21;0;0
16;21;0;0
17;21;0;0
18;21;0;0
19;21;0;0
20;21;15;0
21;21;0;0
22;21;0;0
23;21;0;0
24;21;0;0
25;21;0;0
26;21;0;0
27;21;0;0
28;21;0;0
29;21;0;0
30;21;0;0
31;21;0;0
32;21;0;0
33;21;0;0
34;21;0;0
35;21;0;0
36;21;0;0
37;21;0;0
38;21;0;0
39;21;0;0
40;21;0;0
41;21;0;0
42;21;0;0
43;21;0;0
44;21;0;0
45;21;0;0
46;21;0;0
47;21;0;0
48;21;0;0
49;21;0;0
50;21;0;0
51;21;0;0
52;21;0;0
53;21;0;0
54;21;0;0
55;21;0;0
56;21;0;0
57;21;0;0
58;21;0;0
59;21;0;0
60;21;0;0
61;21;0;0
62;21;0;0
63;21;0;0
64;21;15;0
65;21;15;0
66;21;15;0
67;21;15;0
68;21;15;0
69;21;15;0
70;21;15;0
71;21;15;0
72;21;15;0
73;21;15;0
74;21;15;0
75;21;15;0
76;21;15;0
77;21;15;0
78;21;15;0
79;21;15;0
80;21;23010;0
81;21;11746;0
82;21;5602;0
83;21;2;0
84;21;2;0
85;21;12770;0
86;21;15;0
87;21;15;0
88;21;15;0
89;21;15;0
90;21;15;0
91;21;15;0
92;21;15;0
93;21;15;0
94;21;15;0
95;21;15;0
96;21;15;0
97;21;15;0
98;21;15;0
99;21;15;0
0;22;0;0
1;22;0;0
2;22;15;0
3;22;15;0
4;22;15;0
5;22;0;0
6;22;0;0
7;22;0;0
8;22;0;0
9;22;0;0
10;22;0;0
11;22;0;0
12;22;0;0
13;22;0;0
14;22;0;0
15;22;0;0
16;22;0;0
17;22;0;0
18;22;0;0
19;22;0;0
20;22;15;0
21;22;0;0
22;22;0;0
23;22;0;0
24;22;0;0
25;22;0;0
26;22;0;0
27;22;0;0
28;22;0;0
29;22;0;0
30;22;0;0
31;22;0;0
32;22;0;0
33;22;0;0
34;22;0;0
35;22;0;0
36;22;0;0
37;22;0;0
38;22;0;0
39;22;0;0
40;22;0;0
41;22;0;0
42;22;0;0
43;22;0;0
44;22;0;0
45;22;0;0
46;22;0;0
47;22;0;0
48;22;0;0
49;22;0;0
50;22;0;0
51;22;0;0
52;22;0;0
53;22;0;0
54;22;0;0
55;22;0;0
56;22;0;0
57;22;0;0
58;22;0;0
59;22;0;0
60;22;0;0
61;22;0;0
62;22;0;0
63;22;0;0
64;22;2529;0
65;22;18913;0
66;22;15;0
67;22;17889;0
68;22;9697;0
69;22;9697;0
70;22;9697;0
71;22;27105;0
72;22;15;0
73;22;15;0
74;22;15;0
75;22;15;0
76;22;15;0
77;22;15;0
78;22;15;0
79;22;15;0
80;22;15;0
81;22;15;0
82;22;15;0
83;22;23010;0
84;22;11746;0
85;22;29154;0
86;22;15;0
87;22;15;0
88;22;15;0
89;22;15;0
90;22;15;0
91;22;15;0
92;22;15;0
93;22;15;0
94;22;15;0
95;22;15;0
96;22;15;0
97;22;15;0
98;22;15;0
99;22;15;0
0;23;0;0
1;23;0;0
2;23;15;0
3;23;15;0
4;23;15;0
5;23;0;0
6;23;0;0
7;23;0;0
8;23;0;0
9;23;0;0
10;23;0;0
11;23;0;0
12;23;0;0
13;23;0;0
14;23;0;0
15;23;0;0
16;23;0;0
17;23;0;0
18;23;0;0
19;23;0;0
20;23;15;0
21;23;0;0
22;23;0;0
23;23;0;0
24;23;0;0
25;23;0;0
26;23;0;0
27;23;0;0
28;23;0;0
29;23;0;0
30;23;0;0
31;23;0;0
32;23;0;0
33;23;0;0
34;23;0;0
35;23;0;0
36;23;0;0
37;23;0;0
38;23;0;0
39;23;0;0
40;23;0;0
41;23;0;0
42;23;0;0
43;23;0;0
44;23;0;0
45;23;0;0
46;23;0;0
47;23;0;0
48;23;0;0
49;23;0;0
50;23;0;0
51;23;0;0
52;23;0;0
53;23;0;0
54;23;0;0
55;23;0;0
56;23;0;0
57;23;0;0
58;23;0;0
59;23;0;0
60;23;0;0
61;23;0;0
62;23;0;0
63;23;0;0
64;23;1;0
65;23;1;0
66;23;1;0
67;23;1;0
68;23;1;0
69;23;1;0
70;23;1;0
71;23;12769;0
72;23;15;0
73;23;15;0
74;23;15;0
75;23;15;0
76;23;15;0
77;23;15;0
78;23;15;0
79;23;15;0
80;23;15;0
81;23;15;0
82;23;15;0
83;23;15;0
84;23;15;0
85;23;15;0
86;23;15;0
87;23;15;0
88;23;15;0
89;23;15;0
90;23;15;0
91;23;15;0
92;23;15;0
93;23;15;0
94;23;15;0
95;23;15;0
96;23;15;0
97;23;15;0
98;23;15;0
99;23;15;0
0;24;0;0
1;24;0;0
2;24;0;0
3;24;15;0
4;24;15;0
5;24;0;0
6;24;0;0
7;24;0;0
8;24;0;0
9;24;0;0
10;24;0;0
11;24;0;0
12;24;0;0
13;24;0;0
14;24;0;0
15;24;0;0
16;24;0;0
17;24;0;0
18;24;0;0
19;24;0;0
20;24;15;0
21;24;15;0
22;24;0;0
23;24;0;0
24;24;0;0
25;24;0;0
26;24;0;0
27;24;0;0
28;24;0;0
29;24;0;0
30;24;0;0
31;24;0;0
32;24;0;0
33;24;0;0
34;24;0;0
35;24;0;0
36;24;0;0
37;24;0;0
38;24;0;0
39;24;0;0
40;24;0;0
41;24;0;0
42;24;0;0
43;24;0;0
44;24;0;0
45;24;0;0
46;24;0;0
47;24;0;0
48;24;0;0
49;24;0;0
50;24;0;0
51;24;0;0
52;24;0;0
53;24;0;0
54;24;0;0
55;24;0;0
56;24;0;0
57;24;0;0
58;24;0;0
59;24;0;0
60;24;0;0
61;24;0;0
62;24;0;0
63;24;0;0
64;24;1;0
65;24;1;0
66;24;1;0
67;24;1;0
68;24;1;0
69;24;1;0
70;24;1;0
71;24;12769;0
72;24;15;0
73;24;15;0
74;24;15;0
75;24;15;0
76;24;15;0
77;24;15;0
78;24;15;0
79;24;15;0
80;24;15;0
81;24;15;0
82;24;15;0
83;24;15;0
84;24;15;0
85;24;15;0
86;24;15;0
87;24;15;0
88;24;15;0
89;24;15;0
90;24;15;0
91;24;15;0
92;24;15;0
93;24;15;0
94;24;15;0
95;24;15;0
96;24;15;0
97;24;15;0
98;24;15;0
99;24;15;0
0;25;0;0
1;25;0;0
2;25;0;0
3;25;0;0
4;25;15;0
5;25;15;0
6;25;0;0
7;25;0;0
8;25;0;0
9;25;0;0
10;25;0;0
11;25;0;0
12;25;0;0
13;25;0;0
14;25;0;0
15;25;0;0
16;25;0;0
17;25;0;0
18;25;0;0
19;25;15;0
20;25;15;0
21;25;15;0
22;25;15;0
23;25;0;0
24;25;0;0
25;25;0;0
26;25;0;0
27;25;0;0
28;25;0;0
29;25;0;0
30;25;0;0
31;25;0;0
32;25;0;0
33;25;0;0
34;25;0;0
35;25;0;0
36;25;0;0
37;25;0;0
38;25;0;0
39;25;0;0
40;25;0;0
41;25;0;0
42;25;0;0
43;25;0;0
44;25;0;0
45;25;0;0
46;25;0;0
47;25;0;0
48;25;0;0
49;25;0;0
50;25;0;0
51;25;0;0
52;25;0;0
53;25;0;0
54;25;0;0
55;25;0;0
56;25;0;0
57;25;0;0
58;25;0;0
59;25;0;0
60;25;0;0
61;25;0;0
62;25;0;0
63;25;0;0
64;25;11745;0
65;25;5601;0
66;25;1;0
67;25;1;0
68;25;1;0
69;25;1;0
70;25;1;0
71;25;12769;0
72;25;15;0
73;25;15;0
74;25;15;0
75;25;15;0
76;25;15;0
77;25;15;0
78;25;15;0
79;25;15;0
80;25;15;0
81;25;15;0
82;25;15;0
83;25;15;0
84;25;15;0
85;25;15;0
86;25;15;0
87;25;15;0
88;25;15;0
89;25;15;0
90;25;15;0
91;25;15;0
92;25;15;0
93;25;15;0
94;25;15;0
95;25;15;0
96;25;15;0
97;25;15;0
98;25;15;0
99;25;15;0
0;26;0;0
1;26;0;0
2;26;0;0
3;26;0;0
4;26;0;0
5;26;15;0
6;26;15;0
7;26;0;0
8;26;0;0
9;26;0;0
10;26;0;0
11;26;0;0
12;26;0;0
13;26;0;0
14;26;0;0
15;26;0;0
16;26;0;0
17;26;0;0
18;26;0;0
19;26;15;0
20;26;15;0
21;26;15;0
22;26;15;0
23;26;0;0
24;26;0;0
25;26;0;0
26;26;0;0
27;26;0;0
28;26;15;0
29;26;15;0
30;26;15;0
31;26;0;0
32;26;0;0
33;26;0;0
34;26;0;0
35;26;0;0
36;26;0;0
37;26;0;0
38;26;0;0
39;26;0;0
40;26;0;0
41;26;0;0
42;26;0;0
43;26;0;0
44;26;0;0
45;26;0;0
46;26;0;0
47;26;0;0
48;26;0;0
49;26;0;0
50;26;0;0
51;26;0;0
52;26;0;0
53;26;0;0
54;26;0;0
55;26;0;0
56;26;0;0
57;26;0;0
58;26;0;0
59;26;0;0
60;26;0;0
61;26;0;0
62;26;0;0
63;26;15;0
64;26;15;0
65;26;15;0
66;26;4577;0
67;26;1;0
68;26;1;0
69;26;1;0
70;26;1;0
71;26;12769;0
72;26;15;0
73;26;15;0
74;26;15;0
75;26;15;0
76;26;15;0
77;26;15;0
78;26;15;0
79;26;15;0
80;26;15;0
81;26;15;0
82;26;15;0
83;26;15;0
84;26;15;0
85;26;15;0
86;26;15;0
87;26;15;0
88;26;15;0
89;26;15;0
90;26;15;0
91;26;15;0
92;26;15;0
93;26;15;0
94;26;15;0
95;26;15;0
96;26;15;0
97;26;15;0
98;26;15;0
99;26;15;0
0;27;0;0
1;27;0;0
2;27;0;0
3;27;0;0
4;27;0;0
5;27;0;0
6;27;15;0
7;27;15;0
8;27;0;0
9;27;0;0
10;27;0;0
11;27;0;0
12;27;0;0
13;27;0;0
14;27;0;0
15;27;0;0
16;27;0;0
17;27;15;0
18;27;15;0
19;27;0;0
20;27;0;0
21;27;15;0
22;27;15;0
23;27;15;0
24;27;15;0
25;27;15;0
26;27;15;0
27;27;15;0
28;27;15;0
29;27;0;0
30;27;15;0
31;27;15;0
32;27;15;0
33;27;15;0
34;27;0;0
35;27;0;0
36;27;0;0
37;27;0;0
38;27;0;0
39;27;0;0
40;27;0;0
41;27;0;0
42;27;0;0
43;27;0;0
44;27;0;0
45;27;0;0
46;27;0;0
47;27;0;0
48;27;0;0
49;27;0;0
50;27;0;0
51;27;0;0
52;27;0;0
53;27;0;0
54;27;0;0
55;27;0;0
56;27;0;0
57;27;0;0
58;27;0;0
59;27;0;0
60;27;0;0
61;27;0;0
62;27;15;0
63;27;15;0
64;27;15;0
65;27;15;0
66;27;28129;0
67;27;11745;0
68;27;11745;0
69;27;11745;0
70;27;11745;0
71;27;29153;0
72;27;15;0
73;27;15;0
74;27;15;0
75;27;15;0
76;27;15;0
77;27;15;0
78;27;15;0
79;27;15;0
80;27;15;0
81;27;15;0
82;27;15;0
83;27;15;0
84;27;15;0
85;27;15;0
86;27;15;0
87;27;15;0
88;27;15;0
89;27;15;0
90;27;15;0
91;27;15;0
92;27;15;0
93;27;15;0
94;27;15;0
95;27;15;0
96;27;15;0
97;27;15;0
98;27;15;0
99;27;15;0
0;28;0;0
1;28;0;0
2;28;0;0
3;28;0;0
4;28;0;0
5;28;0;0
6;28;15;0
7;28;15;0
8;28;15;0
9;28;0;0
10;28;0;0
11;28;0;0
12;28;0;0
13;28;0;0
14;28;0;0
15;28;0;0
16;28;15;0
17;28;15;0
18;28;0;0
19;28;0;0
20;28;0;0
21;28;0;0
22;28;0;0
23;28;15;0
24;28;15;0
25;28;15;0
26;28;15;0
27;28;0;0
28;28;0;0
29;28;0;0
30;28;0;0
31;28;0;0
32;28;0;0
33;28;15;0
34;28;15;0
35;28;15;0
36;28;15;0
37;28;0;0
38;28;0;0
39;28;0;0
40;28;0;0
41;28;0;0
42;28;0;0
43;28;0;0
44;28;15;0
45;28;15;0
46;28;15;0
47;28;0;0
48;28;0;0
49;28;0;0
50;28;0;0
51;28;0;0
52;28;0;0
53;28;0;0
54;28;0;0
55;28;0;0
56;28;0;0
57;28;0;0
58;28;0;0
59;28;0;0
60;28;0;0
61;28;15;0
62;28;15;0
63;28;15;0
64;28;15;0
65;28;15;0
66;28;15;0
67;28;15;0
68;28;15;0
69;28;15;0
70;28;15;0
71;28;15;0
72;28;15;0
73;28;15;0
74;28;15;0
75;28;15;0
76;28;15;0
77;28;15;0
78;28;15;0
79;28;15;0
80;28;15;0
81;28;15;0
82;28;15;0
83;28;15;0
84;28;15;0
85;28;15;0
86;28;15;0
87;28;15;0
88;28;15;0
89;28;15;0
90;28;15;0
91;28;15;0
92;28;15;0
93;28;15;0
94;28;15;0
95;28;15;0
96;28;15;0
97;28;15;0
98;28;15;0
99;28;15;0
0;29;0;0
1;29;0;0
2;29;0;0
3;29;0;0
4;29;0;0
5;29;0;0
6;29;0;0
7;29;0;0
8;29;15;0
9;29;0;0
10;29;0;0
11;29;0;0
12;29;0;0
13;29;0;0
14;29;0;0
15;29;15;0
16;29;15;0
17;29;0;0
18;29;0;0
19;29;0;0
20;29;0;0
21;29;0;0
22;29;0;0
23;29;0;0
24;29;0;0
25;29;0;0
26;29;0;0
27;29;0;0
28;29;0;0
29;29;0;0
30;29;0;0
31;29;0;0
32;29;0;0
33;29;0;0
34;29;0;0
35;29;0;0
36;29;15;0
37;29;0;0
38;29;0;0
39;29;0;0
40;29;0;0
41;29;15;0
42;29;15;0
43;29;15;0
44;29;15;0
45;29;0;0
46;29;15;0
47;29;15;0
48;29;0;0
49;29;0;0
50;29;0;0
51;29;0;0
52;29;0;0
53;29;0;0
54;29;0;0
55;29;0;0
56;29;0;0
57;29;0;0
58;29;0;0
59;29;0;0
60;29;0;0
61;29;15;0
62;29;15;0
63;29;15;0
64;29;15;0
65;29;15;0
66;29;15;0
67;29;15;0
68;29;15;0
69;29;15;0
70;29;15;0
71;29;15;0
72;29;15;0
73;29;15;0
74;29;15;0
75;29;15;0
76;29;15;0
77;29;15;0
78;29;15;0
79;29;15;0
80;29;15;0
81;29;15;0
82;29;15;0
83;29;15;0
84;29;15;0
85;29;15;0
86;29;15;0
87;29;15;0
88;29;15;0
89;29;15;0
90;29;15;0
91;29;15;0
92;29;15;0
93;29;15;0
94;29;15;0
95;29;15;0
96;29;15;0
97;29;15;0
98;29;15;0
99;29;15;0
0;30;0;0
1;30;0;0
2;30;0;0
3;30;0;0
4;30;0;0
5;30;0;0
6;30;0;0
7;30;15;0
8;30;15;0
9;30;15;0
10;30;0;0
11;30;0;0
12;30;0;0
13;30;0;0
14;30;15;0
15;30;15;0
16;30;0;0
17;30;0;0
18;30;0;0
19;30;0;0
20;30;0;0
21;30;0;0
22;30;0;0
23;30;0;0
24;30;0;0
25;30;0;0
26;30;0;0
27;30;0;0
28;30;0;0
29;30;0;0
30;30;0;0
31;30;0;0
32;30;0;0
33;30;0;0
34;30;0;0
35;30;0;0
36;30;15;0
37;30;15;0
38;30;15;0
39;30;15;0
40;30;15;0
41;30;15;0
42;30;0;0
43;30;0;0
44;30;0;0
45;30;0;0
46;30;0;0
47;30;15;0
48;30;15;0
49;30;15;0
50;30;15;0
51;30;15;0
52;30;0;0
53;30;0;0
54;30;0;0
55;30;0;0
56;30;0;0
57;30;0;0
58;30;0;0
59;30;0;0
60;30;0;0
61;30;15;0
62;30;15;0
63;30;15;0
64;30;15;0
65;30;15;0
66;30;15;0
67;30;15;0
68;30;15;0
69;30;15;0
70;30;15;0
71;30;15;0
72;30;15;0
73;30;15;0
74;30;15;0
75;30;15;0
76;30;15;0
77;30;15;0
78;30;15;0
79;30;15;0
80;30;15;0
81;30;15;0
82;30;15;0
83;30;15;0
84;30;15;0
85;30;15;0
86;30;15;0
87;30;15;0
88;30;15;0
89;30;15;0
90;30;15;0
91;30;15;0
92;30;15;0
93;30;15;0
94;30;15;0
95;30;15;0
96;30;15;0
97;30;15;0
98;30;15;0
99;30;15;0
0;31;0;0
1;31;0;0
2;31;0;0
3;31;0;0
4;31;0;0
5;31;0;0
6;31;0;0
7;31;15;0
8;31;15;0
9;31;15;0
10;31;0;0
11;31;0;0
12;31;0;0
13;31;15;0
14;31;15;0
15;31;0;0
16;31;0;0
17;31;0;0
18;31;0;0
19;31;0;0
20;31;0;0
21;31;0;0
22;31;0;0
23;31;0;0
24;31;0;0
25;31;0;0
26;31;0;0
27;31;0;0
28;31;0;0
29;31;0;0
30;31;0;0
31;31;0;0
32;31;0;0
33;31;0;0
34;31;0;0
35;31;0;0
36;31;0;0
37;31;0;0
38;31;0;0
39;31;0;0
40;31;0;0
41;31;0;0
42;31;0;0
43;31;0;0
44;31;0;0
45;31;0;0
46;31;0;0
47;31;15;0
48;31;15;0
49;31;15;0
50;31;0;0
51;31;15;0
52;31;15;0
53;31;15;0
54;31;0;0
55;31;0;0
56;31;0;0
57;31;0;0
58;31;0;0
59;31;0;0
60;31;0;0
61;31;15;0
62;31;15;0
63;31;15;0
64;31;15;0
65;31;15;0
66;31;15;0
67;31;15;0
68;31;15;0
69;31;15;0
70;31;15;0
71;31;15;0
72;31;15;0
73;31;15;0
74;31;15;0
75;31;15;0
76;31;15;0
77;31;15;0
78;31;15;0
79;31;15;0
80;31;15;0
81;31;15;0
82;31;15;0
83;31;15;0
84;31;15;0
85;31;15;0
86;31;15;0
87;31;15;0
88;31;15;0
89;31;15;0
90;31;15;0
91;31;15;0
92;31;15;0
93;31;15;0
94;31;15;0
95;31;15;0
96;31;15;0
97;31;15;0
98;31;15;0
99;31;15;0
0;32;0;0
1;32;0;0
2;32;0;0
3;32;0;0
4;32;0;0
5;32;0;0
6;32;0;0
7;32;0;0
8;32;15;0
9;32;15;0
10;32;15;0
11;32;0;0
12;32;15;0
13;32;15;0
14;32;0;0
15;32;0;0
16;32;0;0
17;32;0;0
18;32;0;0
19;32;0;0
20;32;0;0
21;32;0;0
22;32;0;0
23;32;0;0
24;32;0;0
25;32;0;0
26;32;0;0
27;32;0;0
28;32;0;0
29;32;0;0
30;32;0;0
31;32;0;0
32;32;0;0
33;32;0;0
34;32;0;0
35;32;0;0
36;32;0;0
37;32;0;0
38;32;0;0
39;32;0;0
40;32;0;0
41;32;0;0
42;32;0;0
43;32;0;0
44;32;0;0
45;32;0;0
46;32;0;0
47;32;0;0
48;32;0;0
49;32;0;0
50;32;0;0
51;32;0;0
52;32;0;0
53;32;15;0
54;32;15;0
55;32;15;0
56;32;15;0
57;32;0;0
58;32;0;0
59;32;0;0
60;32;15;0
61;32;15;0
62;32;15;0
63;32;15;0
64;32;15;0
65;32;15;0
66;32;15;0
67;32;15;0
68;32;15;0
69;32;15;0
70;32;15;0
71;32;15;0
72;32;15;0
73;32;15;0
74;32;15;0
75;32;15;0
76;32;15;0
77;32;15;0
78;32;15;0
79;32;15;0
80;32;15;0
81;32;15;0
82;32;15;0
83;32;15;0
84;32;15;0
85;32;15;0
86;32;15;0
87;32;15;0
88;32;15;0
89;32;15;0
90;32;15;0
91;32;15;0
92;32;15;0
93;32;15;0
94;32;15;0
95;32;15;0
96;32;15;0
97;32;15;0
98;32;15;0
99;32;15;0
0;33;0;0
1;33;0;0
2;33;0;0
3;33;0;0
4;33;0;0
5;33;0;0
6;33;0;0
7;33;0;0
8;33;0;0
9;33;0;0
10;33;15;0
11;33;15;0
12;33;15;0
13;33;0;0
14;33;0;0
15;33;0;0
16;33;0;0
17;33;0;0
18;33;0;0
19;33;0;0
20;33;0;0
21;33;0;0
22;33;0;0
23;33;0;0
24;33;0;0
25;33;0;0
26;33;0;0
27;33;0;0
28;33;0;0
29;33;0;0
30;33;0;0
31;33;0;0
32;33;0;0
33;33;0;0
34;33;0;0
35;33;0;0
36;33;0;0
37;33;0;0
38;33;0;0
39;33;0;0
40;33;0;0
41;33;0;0
42;33;0;0
43;33;0;0
44;33;0;0
45;33;0;0
46;33;0;0
47;33;0;0
48;33;0;0
49;33;0;0
50;33;0;0
51;33;0;0
52;33;0;0
53;33;0;0
54;33;0;0
55;33;0;0
56;33;15;0
57;33;0;0
58;33;0;0
59;33;15;0
60;33;15;0
61;33;15;0
62;33;15;0
63;33;15;0
64;33;15;0
65;33;15;0
66;33;15;0
67;33;15;0
68;33;15;0
69;33;15;0
70;33;15;0
71;33;15;0
72;33;15;0
73;33;15;0
74;33;15;0
75;33;15;0
76;33;15;0
77;33;15;0
78;33;15;0
79;33;15;0
80;33;15;0
81;33;15;0
82;33;15;0
83;33;15;0
84;33;15;0
85;33;15;0
86;33;15;0
87;33;15;0
88;33;15;0
89;33;15;0
90;33;15;0
91;33;15;0
92;33;15;0
93;33;15;0
94;33;15;0
95;33;15;0
96;33;15;0
97;33;15;0
98;33;15;0
99;33;15;0
0;34;0;0
1;34;0;0
2;34;0;0
3;34;0;0
4;34;0;0
5;34;0;0
6;34;0;0
7;34;0;0
8;34;0;0
9;34;0;0
10;34;0;0
11;34;0;0
12;34;0;0
13;34;0;0
14;34;0;0
15;34;0;0
16;34;0;0
17;34;0;0
18;34;0;0
19;34;0;0
20;34;0;0
21;34;0;0
22;34;0;0
23;34;0;0
24;34;0;0
25;34;0;0
26;34;0;0
27;34;0;0
28;34;0;0
29;34;0;0
30;34;0;0
31;34;0;0
32;34;0;0
33;34;0;0
34;34;0;0
35;34;0;0
36;34;0;0
37;34;0;0
38;34;0;0
39;34;0;0
40;34;0;0
41;34;0;0
42;34;0;0
43;34;0;0
44;34;0;0
45;34;0;0
46;34;0;0
47;34;0;0
48;34;0;0
49;34;0;0
50;34;0;0
51;34;0;0
52;34;0;0
53;34;0;0
54;34;0;0
55;34;0;0
56;34;15;0
57;34;15;0
58;34;15;0
59;34;15;0
60;34;15;0
61;34;15;0
62;34;15;0
63;34;15;0
64;34;15;0
65;34;15;0
66;34;15;0
67;34;15;0
68;34;15;0
69;34;15;0
70;34;15;0
71;34;15;0
72;34;15;0
73;34;15;0
74;34;15;0
75;34;15;0
76;34;15;0
77;34;15;0
78;34;15;0
79;34;15;0
80;34;15;0
81;34;15;0
82;34;15;0
83;34;15;0
84;34;15;0
85;34;15;0
86;34;15;0
87;34;15;0
88;34;15;0
89;34;15;0
90;34;15;0
91;34;15;0
92;34;15;0
93;34;15;0
94;34;15;0
95;34;15;0
96;34;15;0
97;34;15;0
98;34;15;0
99;34;15;0
