# Illarion Server
# 
# This program is free software: you can redistribute it and/or modify it under
# the terms of the GNU Affero General Public License as published by the Free
# Software Foundation, either version 3 of the License, or (at your option) any
# later version.
# 
# This program is distributed in the hope that it will be useful, but WITHOUT
# ANY WARRANTY; without even the implied warranty of MERCHANTABILITY or FITNESS
# FOR A PARTICULAR PURPOSE.  See the GNU Affero General Public License for more
# details.
# 
# You should have received a copy of the GNU Affero General Public License along
# with this program.  If not, see <http://www.gnu.org/licenses/>.
66;0;623;333
67;0;287;333
68;0;287;333
69;0;287;333
70;0;287;333
71;0;287;333
72;0;287;333
73;0;287;333
74;0;287;333
75;0;287;333
76;0;287;333
77;0;287;333
78;0;287;333
79;0;287;333
80;0;287;333
81;0;287;333
82;0;287;333
83;0;287;333
84;0;287;333
85;0;287;333
86;0;287;333
87;0;287;333
88;0;287;333
89;0;287;333
90;0;287;333
91;0;287;333
92;0;287;333
93;0;287;333
94;0;287;333
95;0;287;333
96;0;287;333
97;0;287;333
98;0;287;333
99;0;287;333
100;0;287;333
101;0;287;333
102;0;287;333
103;0;287;333
104;0;287;333
105;0;287;333
106;0;287;333
107;0;287;333
108;0;287;333
109;0;287;333
66;1;623;333
67;1;287;333
68;1;287;333
69;1;287;333
70;1;287;333
71;1;287;333
72;1;287;333
73;1;287;333
74;1;287;333
75;1;287;333
76;1;287;333
77;1;287;333
78;1;287;333
79;1;287;333
80;1;287;333
81;1;287;333
82;1;287;333
83;1;287;333
84;1;597;333
85;1;622;333
86;1;597;333
87;1;597;333
88;1;622;333
89;1;622;333
90;1;622;333
91;1;597;333
92;1;287;333
93;1;287;333
94;1;287;333
95;1;287;333
96;1;287;333
97;1;287;333
98;1;287;333
99;1;287;333
100;1;287;333
101;1;287;333
102;1;287;333
103;1;287;333
104;1;287;333
105;1;287;333
106;1;287;333
107;1;287;333
108;1;287;333
109;1;287;333
66;2;623;333
67;2;287;333
68;2;287;333
69;2;287;333
70;2;287;333
71;2;287;333
72;2;287;333
73;2;287;333
74;2;287;333
75;2;287;333
76;2;287;333
78;2;629;333
79;2;622;333
80;2;622;333
81;2;597;333
82;2;622;333
92;2;629;333
93;2;622;333
94;2;622;333
95;2;597;333
96;2;597;333
97;2;287;333
98;2;287;333
99;2;287;333
100;2;287;333
101;2;287;333
102;2;287;333
103;2;287;333
104;2;287;333
105;2;287;333
106;2;287;333
107;2;287;333
108;2;287;333
109;2;287;333
66;3;623;333
67;3;287;333
68;3;287;333
69;3;287;333
70;3;287;333
71;3;287;333
72;3;287;333
73;3;287;333
74;3;287;333
75;3;287;333
76;3;287;333
97;3;629;333
98;3;287;333
99;3;287;333
100;3;287;333
101;3;287;333
102;3;287;333
103;3;287;333
104;3;287;333
105;3;287;333
106;3;287;333
107;3;287;333
108;3;287;333
109;3;287;333
66;4;623;333
67;4;287;333
68;4;287;333
69;4;287;333
70;4;287;333
71;4;287;333
72;4;287;333
73;4;287;333
73;4;599;333
73;4;597;333
74;4;287;333
74;4;597;333
74;4;597;333
75;4;597;333
75;4;597;333
76;4;622;333
97;4;623;333
98;4;287;333
99;4;287;333
100;4;287;333
101;4;287;333
102;4;287;333
103;4;287;333
104;4;287;333
105;4;287;333
106;4;287;333
107;4;287;333
108;4;287;333
109;4;287;333
66;5;623;333
67;5;287;333
68;5;287;333
69;5;287;333
70;5;287;333
71;5;287;333
72;5;287;333
97;5;596;333
98;5;287;333
99;5;287;333
100;5;287;333
101;5;287;333
102;5;287;333
102;5;287;333
103;5;287;333
104;5;287;333
105;5;287;333
106;5;287;333
107;5;287;333
108;5;287;333
109;5;287;333
4;6;627;333
66;6;623;333
67;6;287;333
68;6;287;333
69;6;287;333
70;6;287;333
71;6;287;333
72;6;599;333
97;6;623;333
98;6;287;333
99;6;287;333
100;6;287;333
101;6;287;333
102;6;287;333
102;6;287;333
103;6;287;333
104;6;287;333
105;6;287;333
106;6;287;333
107;6;287;333
108;6;287;333
109;6;287;333
4;7;623;333
5;7;287;333
6;7;287;333
7;7;287;333
8;7;287;333
9;7;287;333
10;7;287;333
11;7;287;333
12;7;287;333
13;7;287;333
14;7;287;333
15;7;287;333
16;7;287;333
17;7;287;333
18;7;287;333
19;7;287;333
20;7;287;333
21;7;287;333
22;7;287;333
23;7;287;333
24;7;287;333
25;7;287;333
26;7;287;333
27;7;287;333
28;7;287;333
29;7;287;333
30;7;287;333
31;7;287;333
32;7;287;333
33;7;287;333
34;7;287;333
35;7;287;333
36;7;287;333
37;7;287;333
38;7;287;333
39;7;287;333
40;7;287;333
41;7;287;333
42;7;287;333
43;7;287;333
44;7;287;333
45;7;287;333
46;7;287;333
47;7;287;333
48;7;287;333
49;7;287;333
50;7;287;333
51;7;287;333
52;7;287;333
53;7;287;333
54;7;287;333
55;7;287;333
56;7;287;333
57;7;287;333
58;7;287;333
59;7;287;333
60;7;287;333
61;7;287;333
62;7;287;333
63;7;287;333
64;7;287;333
65;7;287;333
66;7;287;333
67;7;287;333
68;7;287;333
69;7;287;333
70;7;287;333
97;7;623;333
97;7;596;333
98;7;287;333
99;7;287;333
100;7;287;333
101;7;287;333
102;7;287;333
103;7;287;333
104;7;287;333
105;7;287;333
106;7;287;333
107;7;287;333
108;7;287;333
109;7;287;333
4;8;623;333
5;8;287;333
6;8;622;333
7;8;622;333
8;8;597;333
9;8;597;333
10;8;597;333
11;8;597;333
12;8;622;333
13;8;622;333
14;8;622;333
15;8;622;333
16;8;597;333
17;8;622;333
18;8;622;333
19;8;597;333
20;8;597;333
20;8;419;333
21;8;622;333
22;8;622;333
23;8;630;333
24;8;287;333
25;8;622;333
26;8;622;333
27;8;622;333
28;8;622;333
29;8;622;333
30;8;622;333
31;8;597;333
32;8;622;333
33;8;622;333
34;8;622;333
35;8;622;333
36;8;597;333
37;8;597;333
38;8;622;333
39;8;622;333
40;8;622;333
41;8;622;333
42;8;622;333
43;8;597;333
44;8;597;333
45;8;622;333
46;8;622;333
47;8;622;333
48;8;597;333
49;8;622;333
50;8;622;333
51;8;622;333
52;8;630;333
53;8;287;333
54;8;622;333
55;8;622;333
56;8;597;333
57;8;622;333
58;8;622;333
59;8;597;333
60;8;597;333
61;8;622;333
62;8;622;333
63;8;597;333
64;8;622;333
65;8;623;333
65;8;630;333
66;8;287;333
67;8;287;333
68;8;287;333
69;8;287;333
70;8;287;333
97;8;596;333
98;8;287;333
99;8;287;333
100;8;287;333
101;8;287;333
102;8;287;333
103;8;287;333
104;8;287;333
105;8;287;333
106;8;287;333
107;8;287;333
108;8;287;333
109;8;287;333
4;9;623;333
5;9;287;333
8;9;266;333
10;9;266;333
12;9;266;333
13;9;703;333
16;9;320;333
16;9;2662;333
17;9;513;333
19;9;514;333
20;9;514;333
22;9;513;333
23;9;623;333
24;9;287;333
26;9;422;333
29;9;2907;333
32;9;721;333
32;9;420;333
34;9;295;333
36;9;2805;333
36;9;467;333
37;9;692;333
38;9;692;333
39;9;692;333
40;9;692;333
41;9;692;333
41;9;2907;333
42;9;692;333
43;9;692;333
44;9;692;333
45;9;2805;333
45;9;467;333
47;9;295;333
50;9;2907;333
52;9;623;333
53;9;287;333
57;9;411;333
62;9;413;333
65;9;623;333
66;9;287;333
67;9;287;333
68;9;287;333
69;9;287;333
70;9;287;333
89;9;627;333
90;9;598;333
91;9;598;333
92;9;598;333
93;9;598;333
94;9;598;333
95;9;598;333
96;9;598;333
97;9;596;333
97;9;598;333
98;9;287;333
99;9;287;333
100;9;287;333
101;9;287;333
102;9;287;333
103;9;287;333
104;9;287;333
105;9;287;333
106;9;287;333
107;9;287;333
108;9;287;333
109;9;287;333
4;10;623;333
5;10;287;333
7;10;320;333
8;10;320;333
9;10;320;333
10;10;320;333
11;10;320;333
12;10;320;333
12;10;394;333
13;10;703;333
16;10;320;333
16;10;2708;333
22;10;513;333
23;10;623;333
24;10;287;333
27;10;3596;333
28;10;3590;333
29;10;3590;333
30;10;3597;333
30;10;3603;333
32;10;721;333
45;10;272;333
52;10;596;333
53;10;287;333
63;10;36;333
65;10;623;333
66;10;287;333
67;10;287;333
68;10;287;333
69;10;287;333
70;10;287;333
89;10;596;333
90;10;287;333
91;10;287;333
92;10;287;333
93;10;287;333
94;10;287;333
95;10;287;333
96;10;287;333
97;10;287;333
98;10;287;333
99;10;287;333
100;10;287;333
101;10;287;333
102;10;287;333
103;10;287;333
104;10;622;333
105;10;622;333
106;10;622;333
107;10;622;333
108;10;287;333
109;10;287;333
4;11;623;333
5;11;287;333
13;11;703;333
13;11;267;333
16;11;320;333
16;11;237;333
22;11;415;333
22;11;516;333
23;11;623;333
24;11;287;333
26;11;420;333
27;11;3592;333
27;11;433;333
28;11;432;333
29;11;432;333
30;11;433;333
30;11;432;333
32;11;721;333
52;11;623;333
53;11;287;333
57;11;740;333
59;11;740;333
61;11;740;333
65;11;596;333
65;11;596;333
66;11;287;333
67;11;287;333
68;11;287;333
69;11;287;333
70;11;287;333
89;11;596;333
90;11;287;333
91;11;287;333
92;11;287;333
93;11;287;333
94;11;287;333
95;11;287;333
96;11;287;333
97;11;287;333
98;11;287;333
99;11;287;333
100;11;287;333
101;11;287;333
102;11;622;333
103;11;622;333
107;11;629;333
108;11;623;333
109;11;287;333
4;12;623;333
5;12;287;333
10;12;2877;333
13;12;703;333
16;12;320;333
16;12;2629;333
19;12;212;333
21;12;220;333
21;12;394;333
23;12;623;333
24;12;287;333
27;12;3592;333
27;12;433;333
30;12;433;333
36;12;320;333
36;12;516;333
37;12;2877;333
38;12;2877;333
39;12;2877;333
40;12;2915;333
41;12;2915;333
42;12;2877;333
43;12;2877;333
44;12;2877;333
45;12;320;333
45;12;516;333
51;12;2908;333
52;12;623;333
53;12;287;333
64;12;36;333
65;12;596;333
66;12;287;333
67;12;287;333
68;12;287;333
69;12;287;333
69;12;599;333
70;12;287;333
89;12;596;333
90;12;287;333
91;12;287;333
92;12;287;333
93;12;287;333
94;12;287;333
95;12;287;333
96;12;287;333
97;12;287;333
98;12;287;333
99;12;287;333
100;12;287;333
101;12;622;333
102;12;628;333
108;12;623;333
108;12;625;333
109;12;287;333
4;13;623;333
5;13;287;333
9;13;2876;333
10;13;2885;333
10;13;130;333
11;13;2878;333
13;13;703;333
13;13;267;333
16;13;320;333
17;13;320;333
17;13;70;333
18;13;320;333
18;13;18;333
19;13;320;333
19;13;237;333
20;13;320;333
21;13;320;333
21;13;88;333
22;13;320;333
22;13;70;333
23;13;623;333
24;13;287;333
27;13;3594;333
28;13;3591;333
28;13;432;333
29;13;3591;333
29;13;432;333
30;13;3595;333
30;13;432;333
30;13;3602;333
36;13;320;333
36;13;2851;333
37;13;320;333
38;13;320;333
39;13;320;333
39;13;2851;333
40;13;320;333
40;13;1060;333
41;13;320;333
41;13;1060;333
42;13;320;333
42;13;2851;333
43;13;320;333
44;13;320;333
45;13;320;333
45;13;2851;333
51;13;396;333
52;13;623;333
53;13;287;333
63;13;741;333
65;13;623;333
66;13;287;333
67;13;287;333
68;13;287;333
69;13;599;333
89;13;287;333
90;13;287;333
91;13;287;333
92;13;287;333
93;13;287;333
94;13;287;333
95;13;287;333
96;13;287;333
97;13;287;333
98;13;287;333
99;13;622;333
100;13;622;333
108;13;623;333
109;13;287;333
4;14;623;333
5;14;287;333
13;14;703;333
23;14;623;333
24;14;287;333
26;14;422;333
32;14;721;333
36;14;2046;333
43;14;66;0;markerstone=124
45;14;2046;333
52;14;596;333
53;14;287;333
56;14;212;333
57;14;212;333
58;14;212;333
65;14;623;333
66;14;287;333
67;14;287;333
68;14;287;333
69;14;599;333
87;14;287;333
88;14;287;333
89;14;287;333
90;14;287;333
91;14;287;333
92;14;287;333
93;14;287;333
94;14;287;333
95;14;287;333
96;14;287;333
97;14;287;333
98;14;622;333
99;14;628;333
108;14;623;333
109;14;287;333
4;15;623;333
5;15;287;333
13;15;703;333
13;15;267;333
23;15;596;333
24;15;287;333
26;15;420;333
32;15;721;333
32;15;422;333
51;15;221;333
52;15;623;333
53;15;287;333
55;15;320;333
56;15;320;333
56;15;1001;333
57;15;320;333
57;15;2935;333
58;15;320;333
58;15;516;333
59;15;215;333
63;15;741;333
65;15;623;333
66;15;287;333
67;15;287;333
68;15;287;333
69;15;287;333
85;15;287;333
86;15;287;333
87;15;287;333
88;15;287;333
89;15;287;333
90;15;287;333
91;15;287;333
92;15;287;333
93;15;287;333
94;15;287;333
95;15;287;333
96;15;287;333
97;15;287;333
98;15;628;333
108;15;623;333
109;15;287;333
4;16;623;333
5;16;287;333
12;16;36;333
12;16;394;333
13;16;703;333
23;16;596;333
23;16;596;333
24;16;287;333
25;16;721;333
26;16;721;333
27;16;721;333
28;16;721;333
29;16;721;333
30;16;721;333
31;16;721;333
32;16;721;333
52;16;596;333
53;16;287;333
57;16;516;333
58;16;320;333
58;16;2952;333
59;16;215;333
65;16;623;333
66;16;287;333
67;16;287;333
68;16;287;333
69;16;287;333
85;16;287;333
86;16;287;333
87;16;287;333
88;16;287;333
89;16;287;333
90;16;287;333
91;16;287;333
92;16;287;333
93;16;287;333
94;16;287;333
95;16;287;333
96;16;622;333
97;16;622;333
108;16;623;333
109;16;287;333
4;17;623;333
5;17;287;333
13;17;703;333
23;17;623;333
24;17;287;333
52;17;623;333
53;17;287;333
57;17;2501;333
58;17;320;333
58;17;2952;333
58;17;2647;333
59;17;215;333
63;17;741;333
64;17;408;333
65;17;623;333
66;17;287;333
67;17;287;333
68;17;287;333
69;17;287;333
69;17;599;333
83;17;287;333
84;17;287;333
85;17;287;333
86;17;287;333
87;17;287;333
88;17;287;333
89;17;287;333
90;17;287;333
91;17;287;333
92;17;287;333
93;17;287;333
94;17;287;333
95;17;622;333
96;17;628;333
108;17;623;333
109;17;287;333
4;18;623;333
5;18;287;333
13;18;703;333
23;18;623;333
24;18;287;333
36;18;396;333
45;18;396;333
51;18;2908;333
52;18;623;333
53;18;287;333
57;18;420;333
58;18;320;333
58;18;310;333
59;18;215;333
64;18;408;333
65;18;623;333
66;18;287;333
67;18;287;333
68;18;287;333
69;18;599;333
70;18;599;333
82;18;287;333
83;18;287;333
84;18;287;333
85;18;287;333
86;18;287;333
87;18;287;333
88;18;287;333
88;18;287;333
89;18;287;333
90;18;287;333
91;18;287;333
92;18;287;333
93;18;622;333
94;18;622;333
95;18;628;333
107;18;287;333
108;18;287;333
109;18;287;333
4;19;623;333
5;19;287;333
6;19;701;333
7;19;701;333
8;19;701;333
9;19;701;333
10;19;709;333
11;19;701;333
12;19;701;333
13;19;701;333
22;19;404;333
23;19;629;333
24;19;287;333
25;19;2805;333
25;19;467;333
35;19;213;333
37;19;215;333
44;19;213;333
46;19;215;333
52;19;623;333
53;19;287;333
54;19;320;333
55;19;320;333
56;19;320;333
56;19;1908;333
57;19;320;333
57;19;2031;333
58;19;320;333
58;19;516;333
63;19;741;333
65;19;623;333
66;19;287;333
67;19;287;333
68;19;287;333
69;19;287;333
70;19;599;333
80;19;287;333
81;19;287;333
82;19;287;333
83;19;287;333
84;19;287;333
85;19;287;333
86;19;287;333
87;19;287;333
88;19;287;333
89;19;287;333
90;19;287;333
91;19;287;333
92;19;622;333
92;19;628;333
93;19;628;333
103;19;623;333
104;19;287;333
105;19;287;333
106;19;287;333
107;19;287;333
108;19;287;333
109;19;287;333
4;20;623;333
5;20;287;333
24;20;710;333
35;20;213;333
36;20;2879;333
36;20;2852;333
37;20;215;333
44;20;213;333
45;20;2879;333
45;20;2852;333
46;20;215;333
51;20;693;333
52;20;623;333
53;20;287;333
56;20;214;333
57;20;214;333
65;20;596;333
66;20;287;333
67;20;287;333
68;20;287;333
69;20;287;333
70;20;599;333
80;20;287;333
81;20;287;333
82;20;287;333
83;20;287;333
84;20;287;333
85;20;287;333
86;20;287;333
87;20;287;333
88;20;287;333
89;20;622;333
90;20;622;333
91;20;622;333
91;20;624;333
92;20;628;333
102;20;627;333
103;20;623;333
104;20;287;333
105;20;287;333
106;20;287;333
107;20;287;333
108;20;287;333
109;20;287;333
4;21;623;333
5;21;287;333
24;21;710;333
28;21;3596;333
29;21;3590;333
30;21;3603;333
35;21;213;333
36;21;2879;333
37;21;215;333
44;21;213;333
45;21;2879;333
46;21;215;333
51;21;2805;333
51;21;467;333
52;21;629;333
53;21;287;333
63;21;741;333
65;21;596;333
66;21;287;333
67;21;287;333
68;21;287;333
69;21;287;333
70;21;599;333
77;21;623;333
78;21;287;333
79;21;287;333
80;21;287;333
81;21;287;333
82;21;287;333
83;21;287;333
84;21;287;333
85;21;287;333
86;21;287;333
87;21;622;333
88;21;622;333
89;21;628;333
100;21;66;333;markerstone=121
102;21;623;333
103;21;287;333
104;21;287;333
105;21;287;333
106;21;622;333
107;21;622;333
108;21;623;333
109;21;287;333
4;22;623;333
4;22;625;333
5;22;287;333
22;22;404;333
23;22;627;333
24;22;287;333
25;22;2805;333
25;22;467;333
28;22;3592;333
29;22;320;333
29;22;3597;333
29;22;329;333
35;22;213;333
36;22;2879;333
37;22;215;333
44;22;213;333
45;22;2879;333
46;22;215;333
53;22;710;333
65;22;596;333
66;22;287;333
67;22;287;333
68;22;287;333
69;22;287;333
70;22;599;333
77;22;623;333
78;22;287;333
79;22;287;333
80;22;287;333
81;22;287;333
82;22;287;333
83;22;287;333
84;22;287;333
85;22;287;333
86;22;622;333
87;22;622;333
88;22;628;333
102;22;623;333
103;22;287;333
104;22;287;333
105;22;628;333
107;22;629;333
108;22;623;333
109;22;287;333
4;23;623;333
5;23;287;333
6;23;701;333
7;23;701;333
8;23;701;333
9;23;701;333
9;23;276;333
10;23;701;333
11;23;701;333
11;23;953;333
12;23;701;333
12;23;703;333
23;23;623;333
24;23;287;333
28;23;3594;333
29;23;3591;333
30;23;3595;333
30;23;3602;333
35;23;213;333
36;23;2879;333
37;23;215;333
44;23;213;333
45;23;2879;333
46;23;215;333
53;23;710;333
63;23;741;333
65;23;623;333
66;23;287;333
67;23;287;333
68;23;287;333
69;23;287;333
70;23;599;333
77;23;623;333
78;23;287;333
79;23;287;333
80;23;287;333
81;23;287;333
82;23;287;333
83;23;287;333
84;23;287;333
85;23;287;333
86;23;622;333
87;23;628;333
102;23;629;333
103;23;622;333
104;23;622;333
108;23;623;333
109;23;287;333
4;24;623;333
5;24;287;333
8;24;337;333
10;24;337;333
12;24;703;333
12;24;693;333
23;24;623;333
24;24;287;333
35;24;213;333
36;24;2879;333
37;24;215;333
44;24;213;333
45;24;2879;333
46;24;215;333
51;24;2805;333
51;24;467;333
52;24;627;333
53;24;287;333
65;24;623;333
66;24;287;333
67;24;287;333
68;24;287;333
69;24;287;333
70;24;599;333
77;24;623;333
78;24;287;333
79;24;287;333
80;24;287;333
81;24;287;333
82;24;287;333
83;24;287;333
84;24;287;333
85;24;622;333
85;24;628;333
86;24;628;333
108;24;623;333
109;24;287;333
4;25;623;333
5;25;287;333
11;25;404;333
12;25;703;333
12;25;2805;333
23;25;623;333
24;25;287;333
28;25;3596;333
29;25;3590;333
30;25;3597;333
30;25;3603;333
35;25;213;333
36;25;2879;333
37;25;215;333
44;25;213;333
45;25;2879;333
46;25;215;333
51;25;693;333
52;25;623;333
53;25;287;333
63;25;741;333
65;25;623;333
66;25;287;333
67;25;287;333
68;25;287;333
69;25;287;333
70;25;599;333
75;25;623;333
76;25;287;333
77;25;287;333
78;25;287;333
79;25;287;333
80;25;287;333
81;25;287;333
82;25;287;333
83;25;287;333
84;25;622;333
84;25;628;333
84;25;628;333
84;25;628;333
84;25;628;333
85;25;628;333
108;25;623;333
108;25;625;333
109;25;287;333
4;26;623;333
5;26;287;333
12;26;711;333
23;26;596;333
24;26;287;333
28;26;3592;333
29;26;320;333
29;26;23;333
35;26;213;333
36;26;2879;333
36;26;2852;333
37;26;215;333
44;26;213;333
45;26;2879;333
46;26;215;333
52;26;623;333
53;26;287;333
63;26;66;0;markerstone=125
64;26;414;333
65;26;623;333
66;26;287;333
67;26;287;333
68;26;287;333
69;26;287;333
70;26;599;333
75;26;623;333
76;26;287;333
77;26;287;333
78;26;287;333
79;26;287;333
80;26;287;333
81;26;287;333
82;26;287;333
83;26;287;333
84;26;628;333
108;26;623;333
109;26;287;333
4;27;623;333
5;27;287;333
11;27;404;333
12;27;703;333
12;27;2805;333
23;27;596;333
23;27;596;333
23;27;596;333
23;27;415;333
24;27;287;333
28;27;3594;333
29;27;3591;333
30;27;3595;333
30;27;3602;333
35;27;213;333
36;27;2879;333
37;27;215;333
44;27;213;333
45;27;2879;333
45;27;2852;333
46;27;215;333
51;27;2908;333
52;27;623;333
53;27;287;333
65;27;623;333
66;27;287;333
67;27;287;333
68;27;287;333
69;27;287;333
70;27;599;333
75;27;623;333
76;27;287;333
77;27;287;333
78;27;287;333
79;27;287;333
80;27;287;333
81;27;287;333
82;27;287;333
83;27;287;333
108;27;287;333
109;27;287;333
4;28;623;333
5;28;287;333
8;28;337;333
10;28;337;333
12;28;703;333
12;28;693;333
23;28;596;333
24;28;287;333
35;28;213;333
36;28;2879;333
37;28;215;333
44;28;213;333
45;28;2879;333
46;28;215;333
52;28;623;333
53;28;287;333
65;28;623;333
66;28;287;333
67;28;287;333
68;28;287;333
69;28;287;333
70;28;599;333
75;28;626;333
76;28;622;333
77;28;597;333
78;28;622;333
79;28;597;333
80;28;597;333
81;28;622;333
82;28;622;333
83;28;622;333
84;28;628;333
106;28;287;333
107;28;287;333
108;28;287;333
109;28;287;333
4;29;623;333
5;29;287;333
6;29;700;333
7;29;700;333
8;29;700;333
9;29;276;333
9;29;700;333
10;29;700;333
11;29;700;333
12;29;703;333
12;29;700;333
18;29;320;333
18;29;322;333
19;29;320;333
20;29;320;333
20;29;322;333
21;29;320;333
21;29;65;333
22;29;320;333
22;29;2645;333
23;29;623;333
24;29;287;333
28;29;3596;333
29;29;3590;333
30;29;3597;333
30;29;3603;333
35;29;213;333
36;29;2879;333
37;29;215;333
44;29;213;333
45;29;2879;333
46;29;215;333
52;29;596;333
53;29;287;333
65;29;596;333
66;29;287;333
67;29;287;333
68;29;287;333
69;29;287;333
70;29;599;333
103;29;287;333
104;29;287;333
105;29;287;333
106;29;287;333
107;29;287;333
108;29;287;333
109;29;287;333
4;30;623;333
5;30;287;333
12;30;703;333
18;30;320;333
18;30;88;333
22;30;513;333
23;30;623;333
24;30;287;333
28;30;3592;333
29;30;320;333
29;30;172;333
35;30;213;333
36;30;2879;333
37;30;215;333
44;30;213;333
45;30;2879;333
46;30;215;333
51;30;221;333
52;30;623;333
53;30;287;333
54;30;701;333
55;30;701;333
56;30;709;333
57;30;709;333
58;30;701;333
59;30;701;333
60;30;701;333
61;30;702;333
65;30;623;333
66;30;287;333
67;30;287;333
68;30;287;333
69;30;287;333
70;30;599;333
102;30;287;333
103;30;287;333
104;30;287;333
105;30;287;333
106;30;287;333
107;30;287;333
108;30;287;333
109;30;287;333
4;31;623;333
5;31;287;333
11;31;404;333
12;31;703;333
12;31;2805;333
18;31;320;333
18;31;237;333
22;31;513;333
23;31;596;333
23;31;596;333
24;31;287;333
28;31;3594;333
29;31;3591;333
30;31;3595;333
30;31;3602;333
35;31;213;333
36;31;2879;333
36;31;2852;333
37;31;215;333
44;31;213;333
45;31;2879;333
45;31;2852;333
46;31;215;333
52;31;623;333
53;31;287;333
58;31;22;333
61;31;702;333
65;31;596;333
65;31;415;333
66;31;287;333
67;31;287;333
68;31;287;333
69;31;287;333
70;31;599;333
96;31;287;333
97;31;287;333
98;31;287;333
99;31;287;333
100;31;287;333
101;31;287;333
102;31;287;333
103;31;287;333
104;31;287;333
105;31;287;333
106;31;287;333
107;31;287;333
108;31;287;333
109;31;287;333
4;32;623;333
5;32;287;333
12;32;711;333
18;32;320;333
18;32;294;333
19;32;220;333
19;32;394;333
22;32;220;333
22;32;220;333
23;32;596;333
24;32;287;333
51;32;2908;333
52;32;623;333
53;32;287;333
59;32;1276;333
61;32;702;333
65;32;623;333
66;32;287;333
67;32;287;333
68;32;287;333
69;32;287;333
70;32;599;333
89;32;287;333
90;32;287;333
91;32;287;333
92;32;287;333
93;32;287;333
94;32;287;333
95;32;287;333
96;32;287;333
97;32;287;333
98;32;287;333
99;32;287;333
100;32;287;333
101;32;287;333
102;32;287;333
103;32;287;333
104;32;287;333
105;32;287;333
106;32;287;333
107;32;287;333
108;32;287;333
109;32;287;333
4;33;623;333
5;33;287;333
11;33;404;333
12;33;703;333
12;33;2805;333
18;33;320;333
18;33;294;333
19;33;215;333
22;33;515;333
23;33;623;333
24;33;287;333
52;33;623;333
53;33;287;333
59;33;22;333
60;33;1254;333
61;33;702;333
65;33;623;333
66;33;287;333
67;33;287;333
68;33;287;333
69;33;287;333
70;33;287;333
71;33;599;333
87;33;287;333
88;33;287;333
89;33;287;333
90;33;287;333
91;33;287;333
92;33;287;333
93;33;287;333
94;33;287;333
95;33;287;333
96;33;287;333
97;33;287;333
98;33;287;333
99;33;287;333
100;33;287;333
101;33;287;333
102;33;287;333
103;33;287;333
104;33;287;333
105;33;287;333
106;33;287;333
107;33;287;333
108;33;287;333
109;33;287;333
4;34;623;333
5;34;287;333
12;34;703;333
18;34;320;333
18;34;70;333
22;34;415;333
23;34;623;333
24;34;287;333
39;34;2805;333
39;34;467;333
42;34;2805;333
42;34;467;333
52;34;623;333
53;34;287;333
58;34;257;333
59;34;735;333
60;34;409;333
61;34;702;333
65;34;623;333
66;34;287;333
67;34;287;333
68;34;287;333
69;34;287;333
70;34;287;333
71;34;287;333
72;34;599;333
73;34;599;333
86;34;287;333
87;34;287;333
88;34;287;333
89;34;287;333
90;34;287;333
91;34;287;333
92;34;287;333
93;34;287;333
94;34;287;333
95;34;287;333
96;34;287;333
97;34;287;333
98;34;287;333
99;34;287;333
100;34;287;333
101;34;287;333
102;34;287;333
103;34;287;333
104;34;287;333
105;34;287;333
106;34;287;333
107;34;287;333
108;34;287;333
109;34;287;333
4;35;623;333
5;35;287;333
12;35;703;333
18;35;320;333
18;35;2645;333
23;35;623;333
24;35;287;333
24;35;287;333
24;35;287;333
25;35;287;333
26;35;287;333
27;35;287;333
28;35;287;333
29;35;287;333
30;35;287;333
31;35;287;333
32;35;287;333
33;35;287;333
34;35;287;333
35;35;287;333
36;35;287;333
37;35;287;333
38;35;287;333
39;35;287;333
40;35;708;333
41;35;708;333
42;35;287;333
43;35;287;333
44;35;287;333
45;35;287;333
46;35;287;333
47;35;287;333
48;35;287;333
49;35;287;333
50;35;287;333
51;35;287;333
52;35;287;333
53;35;287;333
60;35;22;333
61;35;702;333
65;35;623;333
66;35;287;333
67;35;287;333
68;35;287;333
69;35;287;333
70;35;287;333
71;35;287;333
72;35;287;333
73;35;599;333
85;35;287;333
86;35;287;333
87;35;287;333
88;35;287;333
89;35;287;333
90;35;287;333
91;35;287;333
92;35;287;333
93;35;287;333
94;35;287;333
95;35;287;333
96;35;287;333
97;35;287;333
98;35;287;333
99;35;287;333
100;35;287;333
101;35;287;333
102;35;287;333
103;35;287;333
104;35;287;333
105;35;287;333
106;35;287;333
107;35;287;333
108;35;287;333
109;35;287;333
4;36;623;333
5;36;287;333
12;36;703;333
18;36;320;333
18;36;294;333
19;36;320;333
19;36;322;333
20;36;320;333
20;36;294;333
21;36;320;333
21;36;2645;333
22;36;320;333
22;36;65;333
23;36;623;333
24;36;287;333
25;36;622;333
26;36;622;333
27;36;622;333
28;36;597;333
29;36;597;333
30;36;622;333
31;36;622;333
32;36;622;333
33;36;622;333
34;36;597;333
35;36;597;333
35;36;597;333
36;36;622;333
37;36;622;333
38;36;622;333
38;36;630;333
39;36;287;333
42;36;629;333
43;36;622;333
44;36;622;333
45;36;622;333
46;36;597;333
47;36;597;333
48;36;622;333
49;36;622;333
50;36;622;333
51;36;622;333
52;36;623;333
52;36;630;333
53;36;287;333
60;36;2763;333
60;36;22;333
60;36;22;333
61;36;702;333
65;36;623;333
66;36;287;333
67;36;287;333
68;36;287;333
69;36;287;333
70;36;287;333
71;36;287;333
72;36;287;333
73;36;599;333
84;36;287;333
85;36;287;333
86;36;287;333
87;36;287;333
88;36;287;333
89;36;287;333
90;36;287;333
91;36;287;333
92;36;287;333
93;36;287;333
94;36;287;333
95;36;287;333
96;36;287;333
97;36;287;333
98;36;287;333
99;36;287;333
100;36;287;333
101;36;287;333
102;36;287;333
103;36;287;333
104;36;287;333
105;36;287;333
106;36;287;333
107;36;287;333
108;36;287;333
109;36;287;333
4;37;623;333
5;37;287;333
11;37;1404;333
12;37;703;333
23;37;623;333
24;37;287;333
25;37;267;333
31;37;36;333
31;37;2851;333
34;37;266;333
38;37;629;333
39;37;287;333
43;37;2907;333
46;37;218;333
48;37;1360;333
49;37;2907;333
49;37;1360;333
50;37;1360;333
51;37;1360;333
52;37;623;333
53;37;287;333
59;37;255;333
60;37;1273;333
61;37;702;333
62;37;28;333
65;37;623;333
66;37;287;333
67;37;287;333
68;37;287;333
69;37;287;333
70;37;287;333
71;37;287;333
72;37;287;333
73;37;599;333
84;37;287;333
85;37;287;333
86;37;287;333
87;37;287;333
88;37;287;333
89;37;287;333
90;37;287;333
91;37;287;333
92;37;287;333
93;37;287;333
94;37;287;333
95;37;287;333
96;37;287;333
97;37;287;333
98;37;287;333
99;37;287;333
100;37;287;333
101;37;287;333
102;37;287;333
103;37;287;333
104;37;287;333
105;37;287;333
106;37;287;333
107;37;287;333
108;37;287;333
109;37;287;333
4;38;623;333
5;38;287;333
12;38;703;333
23;38;596;333
24;38;287;333
29;38;743;333
39;38;710;333
45;38;217;333
46;38;2885;333
46;38;3109;333
46;38;2851;333
47;38;219;333
51;38;8;333
52;38;623;333
53;38;287;333
59;38;735;333
61;38;702;333
61;38;700;333
62;38;700;333
63;38;700;333
64;38;700;333
65;38;623;333
65;38;700;333
66;38;287;333
67;38;287;333
68;38;287;333
69;38;287;333
70;38;287;333
71;38;287;333
72;38;287;333
73;38;599;333
84;38;287;333
85;38;287;333
86;38;287;333
87;38;287;333
88;38;287;333
89;38;287;333
90;38;287;333
91;38;287;333
92;38;287;333
93;38;287;333
94;38;287;333
95;38;287;333
96;38;287;333
97;38;287;333
98;38;287;333
99;38;287;333
100;38;287;333
101;38;287;333
102;38;287;333
103;38;287;333
104;38;287;333
105;38;287;333
106;38;287;333
107;38;287;333
108;38;287;333
109;38;287;333
4;39;623;333
5;39;287;333
12;39;703;333
23;39;623;333
24;39;287;333
25;39;267;333
39;39;710;333
51;39;8;333
52;39;596;333
53;39;287;333
60;39;256;333
61;39;257;333
62;39;1251;333
63;39;2536;333
64;39;735;333
64;39;415;333
65;39;623;333
66;39;287;333
67;39;287;333
68;39;287;333
69;39;287;333
70;39;287;333
71;39;287;333
72;39;287;333
73;39;599;333
74;39;599;333
82;39;287;333
83;39;287;333
84;39;287;333
85;39;287;333
86;39;287;333
87;39;287;333
88;39;287;333
89;39;287;333
90;39;287;333
91;39;287;333
92;39;287;333
93;39;287;333
94;39;287;333
95;39;287;333
96;39;287;333
97;39;287;333
98;39;287;333
99;39;287;333
100;39;287;333
101;39;287;333
102;39;287;333
103;39;287;333
104;39;287;333
105;39;287;333
106;39;287;333
107;39;287;333
108;39;287;333
109;39;287;333
4;40;623;333
5;40;287;333
12;40;703;333
23;40;623;333
24;40;287;333
37;40;404;333
38;40;623;333
39;40;287;333
51;40;8;333
52;40;623;333
52;40;596;333
53;40;287;333
56;40;257;333
61;40;255;333
64;40;1254;333
65;40;623;333
66;40;287;333
67;40;287;333
68;40;287;333
69;40;287;333
70;40;287;333
71;40;287;333
72;40;287;333
73;40;287;333
74;40;599;333
81;40;287;333
82;40;287;333
83;40;287;333
84;40;287;333
85;40;287;333
86;40;287;333
87;40;287;333
88;40;287;333
89;40;287;333
90;40;287;333
91;40;287;333
92;40;287;333
93;40;287;333
94;40;287;333
95;40;287;333
96;40;287;333
97;40;287;333
98;40;287;333
99;40;287;333
100;40;287;333
101;40;287;333
102;40;287;333
103;40;287;333
104;40;287;333
105;40;287;333
106;40;287;333
107;40;287;333
108;40;287;333
109;40;287;333
4;41;623;333
5;41;287;333
6;41;287;333
7;41;287;333
8;41;287;333
9;41;287;333
10;41;287;333
11;41;287;333
12;41;287;333
13;41;287;333
14;41;287;333
15;41;287;333
16;41;287;333
17;41;287;333
18;41;287;333
19;41;287;333
20;41;287;333
21;41;287;333
22;41;287;333
23;41;287;333
24;41;287;333
25;41;287;333
26;41;287;333
27;41;287;333
28;41;287;333
29;41;287;333
30;41;287;333
31;41;287;333
32;41;287;333
33;41;287;333
34;41;287;333
35;41;287;333
36;41;287;333
37;41;287;333
38;41;287;333
38;41;287;333
39;41;287;333
40;41;287;333
41;41;287;333
42;41;287;333
43;41;287;333
44;41;287;333
45;41;287;333
46;41;287;333
47;41;287;333
48;41;287;333
49;41;287;333
50;41;287;333
51;41;287;333
52;41;287;333
53;41;287;333
63;41;1254;333
64;41;623;333
65;41;287;333
66;41;287;333
67;41;287;333
68;41;287;333
69;41;287;333
70;41;287;333
71;41;287;333
72;41;287;333
73;41;287;333
74;41;599;333
80;41;287;333
81;41;287;333
82;41;287;333
82;41;287;333
83;41;287;333
83;41;287;333
84;41;287;333
84;41;287;333
85;41;287;333
85;41;287;333
86;41;287;333
87;41;287;333
88;41;287;333
89;41;287;333
90;41;287;333
91;41;287;333
92;41;287;333
93;41;287;333
94;41;287;333
95;41;287;333
96;41;287;333
97;41;287;333
98;41;287;333
99;41;287;333
100;41;287;333
101;41;287;333
102;41;287;333
103;41;287;333
104;41;287;333
105;41;287;333
106;41;287;333
107;41;287;333
108;41;287;333
109;41;287;333
4;42;629;333
5;42;622;333
6;42;622;333
7;42;622;333
8;42;622;333
9;42;622;333
10;42;622;333
11;42;622;333
12;42;622;333
13;42;622;333
14;42;622;333
15;42;622;333
16;42;622;333
17;42;622;333
18;42;622;333
19;42;622;333
20;42;622;333
21;42;622;333
22;42;622;333
23;42;622;333
24;42;622;333
25;42;622;333
26;42;622;333
27;42;622;333
28;42;622;333
29;42;622;333
30;42;622;333
31;42;622;333
32;42;622;333
33;42;622;333
34;42;622;333
35;42;622;333
36;42;622;333
37;42;622;333
38;42;622;333
39;42;622;333
40;42;622;333
41;42;622;333
42;42;622;333
42;42;630;333
43;42;287;333
44;42;622;333
45;42;622;333
45;42;622;333
46;42;622;333
47;42;622;333
48;42;597;333
49;42;622;333
50;42;622;333
50;42;624;333
50;42;3093;333
50;42;420;333
51;42;622;333
52;42;622;333
53;42;597;333
54;42;628;333
57;42;735;333
62;42;256;333
64;42;623;333
65;42;287;333
66;42;622;333
66;42;287;333
67;42;287;333
68;42;287;333
69;42;287;333
70;42;287;333
71;42;287;333
72;42;287;333
73;42;287;333
74;42;599;333
80;42;629;333
81;42;287;333
82;42;287;333
83;42;287;333
84;42;287;333
85;42;287;333
86;42;287;333
87;42;287;333
88;42;287;333
89;42;287;333
90;42;287;333
91;42;287;333
92;42;287;333
93;42;287;333
94;42;287;333
95;42;287;333
96;42;287;333
97;42;287;333
98;42;287;333
99;42;287;333
100;42;287;333
101;42;287;333
102;42;287;333
103;42;287;333
104;42;287;333
105;42;287;333
106;42;287;333
107;42;287;333
108;42;287;333
109;42;287;333
42;43;623;333
43;43;287;333
47;43;525;333
49;43;915;333
50;43;234;333
51;43;1273;333
52;43;1245;333
53;43;3095;333
54;43;401;333
60;43;735;333
63;43;522;333
63;43;2501;333
64;43;596;333
65;43;287;333
66;43;287;333
67;43;287;333
68;43;287;333
69;43;287;333
70;43;287;333
71;43;287;333
72;43;287;333
73;43;287;333
74;43;599;333
80;43;623;333
81;43;287;333
82;43;287;333
83;43;287;333
84;43;287;333
85;43;287;333
86;43;287;333
87;43;287;333
88;43;287;333
89;43;287;333
90;43;287;333
91;43;287;333
92;43;287;333
93;43;287;333
94;43;287;333
95;43;287;333
96;43;287;333
97;43;287;333
98;43;287;333
99;43;287;333
100;43;287;333
101;43;287;333
102;43;287;333
103;43;287;333
104;43;287;333
105;43;287;333
106;43;287;333
107;43;287;333
108;43;287;333
109;43;287;333
42;44;623;333
43;44;287;333
47;44;1276;333
48;44;253;333
50;44;2763;333
51;44;257;333
53;44;735;333
61;44;255;333
63;44;8;333
63;44;234;333
64;44;596;333
65;44;287;333
66;44;287;333
67;44;287;333
68;44;287;333
69;44;287;333
70;44;287;333
71;44;287;333
72;44;287;333
73;44;287;333
73;44;599;333
80;44;623;333
81;44;287;333
82;44;287;333
82;44;287;333
83;44;287;333
83;44;287;333
84;44;287;333
84;44;287;333
85;44;287;333
85;44;287;333
86;44;287;333
87;44;287;333
88;44;287;333
89;44;287;333
90;44;287;333
91;44;287;333
92;44;287;333
93;44;287;333
94;44;287;333
95;44;287;333
96;44;287;333
97;44;287;333
98;44;287;333
99;44;287;333
100;44;287;333
101;44;287;333
102;44;287;333
103;44;287;333
104;44;287;333
105;44;287;333
106;44;287;333
107;44;287;333
108;44;287;333
109;44;287;333
42;45;623;333
43;45;287;333
47;45;251;333
51;45;252;333
53;45;252;333
59;45;1273;333
63;45;232;333
63;45;233;333
64;45;596;333
65;45;287;333
66;45;287;333
67;45;287;333
68;45;287;333
69;45;287;333
70;45;287;333
71;45;287;333
72;45;287;333
73;45;599;333
80;45;623;333
81;45;287;333
82;45;287;333
83;45;287;333
84;45;287;333
85;45;287;333
86;45;287;333
87;45;287;333
88;45;287;333
89;45;287;333
90;45;287;333
91;45;287;333
92;45;287;333
93;45;287;333
94;45;287;333
95;45;287;333
96;45;287;333
97;45;287;333
98;45;287;333
99;45;287;333
100;45;287;333
101;45;287;333
102;45;287;333
103;45;287;333
104;45;287;333
105;45;287;333
106;45;287;333
107;45;287;333
108;45;287;333
109;45;287;333
42;46;623;333
43;46;287;333
52;46;914;333
56;46;1276;333
63;46;3093;333
64;46;596;333
65;46;287;333
66;46;287;333
67;46;287;333
68;46;287;333
69;46;287;333
70;46;287;333
71;46;287;333
72;46;287;333
73;46;599;333
80;46;623;333
81;46;287;333
81;46;287;333
82;46;287;333
83;46;287;333
84;46;287;333
85;46;287;333
86;46;287;333
87;46;287;333
88;46;287;333
89;46;287;333
90;46;287;333
91;46;287;333
92;46;287;333
93;46;287;333
94;46;287;333
95;46;287;333
96;46;287;333
97;46;287;333
98;46;287;333
99;46;287;333
100;46;287;333
101;46;287;333
102;46;287;333
103;46;287;333
104;46;287;333
105;46;287;333
106;46;287;333
107;46;287;333
108;46;287;333
109;46;287;333
42;47;623;333
43;47;287;333
47;47;735;333
50;47;735;333
63;47;415;333
64;47;623;333
65;47;287;333
66;47;287;333
67;47;287;333
68;47;287;333
69;47;287;333
70;47;287;333
71;47;287;333
72;47;287;333
73;47;599;333
80;47;623;333
81;47;287;333
82;47;287;333
83;47;287;333
84;47;287;333
85;47;287;333
86;47;287;333
87;47;287;333
88;47;287;333
89;47;287;333
90;47;287;333
91;47;287;333
92;47;287;333
93;47;287;333
94;47;287;333
95;47;287;333
96;47;287;333
97;47;287;333
98;47;287;333
99;47;287;333
100;47;287;333
101;47;287;333
102;47;287;333
103;47;287;333
104;47;287;333
105;47;287;333
106;47;287;333
107;47;287;333
108;47;287;333
109;47;287;333
42;48;623;333
43;48;287;333
48;48;1273;333
54;48;735;333
64;48;623;333
65;48;287;333
66;48;287;333
67;48;287;333
68;48;287;333
69;48;287;333
70;48;287;333
71;48;287;333
72;48;287;333
73;48;599;333
80;48;623;333
81;48;287;333
82;48;287;333
83;48;287;333
84;48;287;333
85;48;287;333
86;48;287;333
87;48;287;333
88;48;287;333
89;48;287;333
90;48;287;333
91;48;287;333
92;48;287;333
93;48;287;333
94;48;287;333
95;48;287;333
96;48;287;333
97;48;287;333
98;48;287;333
99;48;287;333
100;48;287;333
101;48;287;333
102;48;287;333
103;48;287;333
104;48;287;333
105;48;287;333
106;48;287;333
107;48;287;333
108;48;287;333
109;48;287;333
42;49;623;333
43;49;287;333
53;49;915;333
54;49;627;333
64;49;623;333
65;49;287;333
66;49;287;333
67;49;287;333
68;49;287;333
69;49;287;333
70;49;287;333
71;49;287;333
72;49;287;333
72;49;287;333
73;49;287;333
74;49;599;333
80;49;629;333
81;49;622;333
82;49;597;333
83;49;622;333
84;49;622;333
85;49;597;333
86;49;622;333
87;49;622;333
87;49;624;333
88;49;622;333
89;49;287;333
90;49;287;333
91;49;287;333
92;49;287;333
93;49;287;333
94;49;287;333
95;49;287;333
96;49;287;333
97;49;287;333
98;49;287;333
99;49;287;333
100;49;287;333
101;49;287;333
102;49;287;333
103;49;287;333
104;49;287;333
105;49;287;333
106;49;287;333
107;49;287;333
108;49;287;333
109;49;287;333
42;50;623;333
43;50;287;333
47;50;1251;333
48;50;256;333
50;50;735;333
52;50;735;333
53;50;1276;333
54;50;623;333
55;50;287;333
56;50;287;333
57;50;287;333
58;50;287;333
59;50;287;333
60;50;287;333
61;50;287;333
62;50;287;333
63;50;287;333
64;50;623;333
64;50;287;333
65;50;287;333
66;50;287;333
67;50;287;333
68;50;287;333
69;50;287;333
70;50;287;333
71;50;287;333
72;50;287;333
73;50;287;333
74;50;599;333
88;50;629;333
89;50;622;333
90;50;597;333
91;50;597;333
92;50;622;333
93;50;622;333
94;50;622;333
95;50;597;333
96;50;622;333
97;50;597;333
98;50;622;333
99;50;622;333
100;50;287;333
101;50;287;333
102;50;287;333
103;50;287;333
104;50;287;333
105;50;287;333
106;50;287;333
107;50;287;333
108;50;287;333
109;50;287;333
42;51;623;333
43;51;287;333
46;51;421;333
47;51;1276;333
53;51;1254;333
54;51;623;333
55;51;287;333
56;51;622;333
57;51;622;333
58;51;622;333
59;51;622;333
60;51;622;333
61;51;622;333
61;51;624;333
61;51;3093;333
62;51;622;333
63;51;622;333
64;51;623;333
64;51;630;333
65;51;287;333
66;51;287;333
67;51;287;333
68;51;287;333
69;51;287;333
70;51;287;333
71;51;287;333
72;51;287;333
73;51;287;333
74;51;599;333
99;51;629;333
100;51;623;333
101;51;287;333
102;51;287;333
103;51;287;333
104;51;287;333
105;51;287;333
106;51;287;333
107;51;287;333
108;51;287;333
109;51;287;333
27;52;627;333
42;52;623;333
43;52;287;333
53;52;1254;333
54;52;596;333
55;52;287;333
58;52;412;333
59;52;1361;333
60;52;914;333
61;52;2536;333
62;52;1273;333
63;52;2763;333
64;52;623;333
65;52;287;333
66;52;287;333
67;52;287;333
68;52;287;333
69;52;287;333
70;52;287;333
71;52;287;333
72;52;287;333
73;52;287;333
74;52;599;333
100;52;623;333
101;52;287;333
102;52;287;333
103;52;287;333
104;52;287;333
105;52;287;333
106;52;287;333
107;52;287;333
108;52;287;333
109;52;287;333
27;53;623;333
28;53;287;333
29;53;287;333
30;53;287;333
31;53;287;333
32;53;287;333
33;53;287;333
34;53;287;333
35;53;287;333
36;53;287;333
37;53;287;333
38;53;287;333
39;53;287;333
40;53;287;333
41;53;287;333
42;53;287;333
43;53;287;333
53;53;1273;333
54;53;596;333
55;53;287;333
63;53;1276;333
64;53;623;333
65;53;287;333
66;53;287;333
67;53;287;333
68;53;287;333
69;53;287;333
70;53;287;333
71;53;287;333
72;53;287;333
73;53;287;333
74;53;599;333
100;53;623;333
101;53;287;333
102;53;287;333
103;53;287;333
104;53;287;333
105;53;287;333
106;53;287;333
107;53;287;333
108;53;287;333
109;53;287;333
27;54;623;333
28;54;287;333
29;54;622;333
30;54;622;333
31;54;622;333
32;54;622;333
33;54;622;333
34;54;622;333
35;54;622;333
35;54;624;333
35;54;3093;333
36;54;622;333
37;54;597;333
38;54;597;333
38;54;597;333
39;54;622;333
40;54;622;333
41;54;622;333
42;54;622;333
42;54;630;333
43;54;622;333
43;54;287;333
46;54;1273;333
52;54;2536;333
53;54;416;333
54;54;623;333
55;54;287;333
62;54;2534;333
63;54;523;333
64;54;596;333
65;54;287;333
66;54;287;333
67;54;287;333
68;54;287;333
69;54;287;333
70;54;287;333
71;54;287;333
72;54;287;333
73;54;287;333
74;54;598;333
74;54;599;333
75;54;598;333
76;54;598;333
77;54;598;333
78;54;598;333
79;54;598;333
80;54;598;333
81;54;598;333
82;54;598;333
83;54;598;333
84;54;598;333
85;54;598;333
86;54;598;333
87;54;598;333
88;54;598;333
96;54;3576;333
100;54;623;333
101;54;287;333
102;54;287;333
103;54;287;333
104;54;287;333
105;54;287;333
106;54;287;333
107;54;287;333
108;54;287;333
109;54;287;333
27;55;623;333
28;55;287;333
32;55;412;333
33;55;524;333
33;55;2501;333
35;55;251;333
36;55;253;333
37;55;2763;333
38;55;1251;333
39;55;1360;333
40;55;1246;333
41;55;1276;333
42;55;623;333
43;55;287;333
54;55;623;333
55;55;287;333
63;55;914;333
64;55;596;333
64;55;596;333
65;55;287;333
66;55;287;333
67;55;287;333
68;55;287;333
69;55;287;333
70;55;287;333
71;55;287;333
72;55;287;333
73;55;287;333
74;55;287;333
75;55;287;333
76;55;287;333
77;55;287;333
78;55;287;333
79;55;287;333
80;55;287;333
81;55;287;333
82;55;287;333
83;55;287;333
83;55;287;333
84;55;287;333
84;55;287;333
85;55;287;333
86;55;287;333
87;55;287;333
88;55;287;333
89;55;599;333
96;55;3576;333
100;55;596;333
101;55;287;333
102;55;287;333
103;55;287;333
104;55;287;333
105;55;287;333
106;55;287;333
107;55;287;333
108;55;287;333
109;55;287;333
27;56;623;333
28;56;287;333
32;56;1254;333
34;56;24;333
36;56;735;333
39;56;66;0;markerstone=123
40;56;234;333
41;56;1273;333
42;56;596;333
43;56;287;333
52;56;627;333
54;56;623;333
55;56;287;333
57;56;1254;333
61;56;256;333
63;56;3093;333
64;56;623;333
65;56;287;333
66;56;287;333
67;56;287;333
68;56;287;333
69;56;287;333
70;56;287;333
71;56;287;333
72;56;287;333
73;56;287;333
74;56;287;333
75;56;287;333
76;56;287;333
77;56;287;333
78;56;287;333
79;56;287;333
80;56;287;333
81;56;287;333
82;56;287;333
83;56;287;333
84;56;287;333
85;56;287;333
86;56;287;333
87;56;287;333
88;56;287;333
89;56;599;333
96;56;3576;333
100;56;623;333
101;56;287;333
102;56;287;333
103;56;287;333
104;56;287;333
105;56;287;333
106;56;287;333
107;56;287;333
108;56;287;333
109;56;287;333
27;57;623;333
28;57;287;333
33;57;253;333
34;57;2763;333
38;57;735;333
42;57;623;333
43;57;287;333
44;57;287;333
45;57;287;333
46;57;287;333
47;57;287;333
52;57;623;333
53;57;287;333
54;57;287;333
55;57;287;333
58;57;1254;333
63;57;915;333
64;57;623;333
65;57;287;333
66;57;287;333
67;57;287;333
68;57;287;333
69;57;287;333
70;57;287;333
71;57;287;333
72;57;287;333
73;57;287;333
74;57;287;333
75;57;287;333
76;57;287;333
77;57;287;333
78;57;287;333
79;57;287;333
80;57;287;333
81;57;287;333
82;57;287;333
83;57;287;333
84;57;287;333
85;57;287;333
86;57;287;333
87;57;287;333
88;57;287;333
89;57;598;333
89;57;599;333
90;57;598;333
91;57;598;333
92;57;599;333
96;57;3576;333
100;57;596;333
101;57;287;333
102;57;287;333
103;57;287;333
104;57;287;333
105;57;287;333
106;57;287;333
107;57;287;333
108;57;287;333
109;57;287;333
27;58;623;333
27;58;625;333
27;58;3095;333
28;58;287;333
32;58;1251;333
33;58;2534;333
38;58;256;333
40;58;251;333
41;58;2536;333
42;58;629;333
43;58;622;333
44;58;597;333
45;58;597;333
46;58;622;333
47;58;622;333
48;58;628;333
50;58;735;333
52;58;629;333
53;58;622;333
54;58;597;333
55;58;622;333
56;58;628;333
57;58;1251;333
58;58;2534;333
62;58;253;333
63;58;1254;333
64;58;623;333
64;58;625;333
64;58;3095;333
65;58;287;333
66;58;287;333
67;58;287;333
68;58;287;333
69;58;287;333
70;58;287;333
71;58;287;333
72;58;287;333
73;58;287;333
74;58;287;333
75;58;287;333
76;58;287;333
77;58;287;333
78;58;287;333
79;58;287;333
80;58;287;333
81;58;287;333
82;58;287;333
83;58;287;333
84;58;287;333
85;58;287;333
86;58;287;333
87;58;287;333
88;58;287;333
89;58;287;333
90;58;287;333
91;58;287;333
92;58;599;333
96;58;3576;333
100;58;623;333
101;58;287;333
102;58;287;333
103;58;287;333
104;58;287;333
105;58;287;333
106;58;287;333
107;58;287;333
108;58;287;333
109;58;287;333
27;59;623;333
28;59;287;333
42;59;3095;333
43;59;3095;333
47;59;418;333
48;59;1251;333
53;59;524;333
53;59;2501;333
54;59;252;333
55;59;232;333
56;59;417;333
61;59;1251;333
62;59;22;333
63;59;416;333
64;59;623;333
65;59;287;333
66;59;287;333
67;59;287;333
68;59;287;333
69;59;287;333
70;59;287;333
71;59;287;333
72;59;287;333
73;59;287;333
74;59;287;333
75;59;287;333
76;59;287;333
77;59;287;333
78;59;287;333
79;59;287;333
80;59;287;333
81;59;287;333
82;59;287;333
83;59;287;333
84;59;287;333
85;59;287;333
86;59;287;333
87;59;287;333
88;59;287;333
89;59;287;333
90;59;287;333
91;59;287;333
92;59;599;333
96;59;3576;333
100;59;623;333
101;59;287;333
102;59;287;333
103;59;287;333
104;59;287;333
105;59;287;333
106;59;287;333
107;59;287;333
108;59;287;333
109;59;287;333
27;60;623;333
28;60;287;333
63;60;915;333
64;60;623;333
65;60;287;333
66;60;287;333
67;60;287;333
68;60;287;333
69;60;287;333
70;60;287;333
71;60;287;333
72;60;287;333
73;60;287;333
74;60;287;333
75;60;287;333
76;60;287;333
77;60;287;333
78;60;287;333
79;60;287;333
80;60;287;333
81;60;287;333
82;60;287;333
83;60;287;333
84;60;287;333
85;60;287;333
86;60;287;333
87;60;287;333
88;60;287;333
89;60;287;333
90;60;287;333
91;60;287;333
92;60;599;333
96;60;3576;333
100;60;596;333
101;60;287;333
102;60;287;333
103;60;287;333
104;60;287;333
105;60;287;333
106;60;287;333
107;60;287;333
108;60;287;333
109;60;287;333
27;61;623;333
28;61;287;333
64;61;623;333
65;61;287;333
66;61;287;333
67;61;287;333
68;61;287;333
69;61;287;333
70;61;287;333
71;61;287;333
72;61;287;333
73;61;287;333
74;61;287;333
75;61;287;333
76;61;287;333
77;61;287;333
78;61;287;333
79;61;287;333
80;61;287;333
81;61;287;333
82;61;287;333
83;61;287;333
84;61;287;333
85;61;287;333
86;61;287;333
87;61;287;333
88;61;287;333
89;61;287;333
90;61;287;333
91;61;287;333
92;61;599;333
96;61;3576;333
100;61;596;333
101;61;287;333
102;61;287;333
103;61;287;333
104;61;287;333
105;61;287;333
106;61;287;333
107;61;287;333
108;61;287;333
109;61;287;333
27;62;623;333
28;62;287;333
64;62;623;333
65;62;287;333
66;62;287;333
67;62;287;333
68;62;287;333
69;62;287;333
70;62;287;333
71;62;287;333
72;62;287;333
73;62;287;333
74;62;287;333
75;62;287;333
76;62;287;333
77;62;287;333
78;62;287;333
79;62;287;333
80;62;287;333
81;62;287;333
82;62;287;333
83;62;287;333
84;62;287;333
85;62;287;333
86;62;287;333
87;62;287;333
88;62;287;333
89;62;287;333
90;62;287;333
91;62;287;333
92;62;599;333
92;62;599;333
96;62;3576;333
100;62;596;333
101;62;287;333
102;62;287;333
103;62;287;333
104;62;287;333
105;62;287;333
106;62;287;333
107;62;287;333
108;62;287;333
109;62;287;333
27;63;623;333
28;63;287;333
64;63;623;333
65;63;287;333
66;63;287;333
67;63;287;333
68;63;287;333
69;63;287;333
70;63;287;333
71;63;287;333
72;63;287;333
73;63;287;333
74;63;287;333
75;63;287;333
76;63;287;333
77;63;287;333
78;63;287;333
79;63;287;333
80;63;287;333
81;63;287;333
82;63;287;333
83;63;287;333
84;63;287;333
85;63;287;333
86;63;287;333
87;63;287;333
88;63;287;333
89;63;287;333
90;63;287;333
91;63;287;333
91;63;287;333
92;63;628;333
96;63;3576;333
100;63;623;333
101;63;287;333
102;63;287;333
103;63;287;333
104;63;287;333
105;63;287;333
106;63;287;333
107;63;287;333
108;63;287;333
109;63;287;333
27;64;623;333
28;64;287;333
64;64;623;333
65;64;287;333
66;64;287;333
67;64;287;333
68;64;287;333
69;64;287;333
70;64;287;333
71;64;287;333
72;64;287;333
73;64;287;333
74;64;287;333
75;64;287;333
76;64;287;333
77;64;287;333
78;64;597;333
79;64;287;333
80;64;287;333
81;64;287;333
82;64;287;333
83;64;287;333
84;64;287;333
85;64;597;333
86;64;287;333
87;64;287;333
88;64;287;333
89;64;287;333
89;64;287;333
90;64;287;333
91;64;628;333
96;64;3576;333
100;64;623;333
101;64;287;333
102;64;287;333
103;64;287;333
104;64;287;333
105;64;287;333
106;64;287;333
107;64;287;333
108;64;287;333
109;64;287;333
27;65;623;333
28;65;287;333
64;65;623;333
65;65;287;333
66;65;287;333
67;65;287;333
68;65;287;333
69;65;287;333
70;65;287;333
71;65;287;333
72;65;287;333
73;65;287;333
74;65;287;333
75;65;287;333
76;65;287;333
77;65;287;333
78;65;622;333
79;65;622;333
80;65;597;333
81;65;597;333
82;65;622;333
83;65;622;333
83;65;624;333
84;65;622;333
86;65;287;333
87;65;287;333
88;65;287;333
89;65;287;333
89;65;599;333
90;65;628;333
96;65;3576;333
100;65;623;333
100;65;625;333
101;65;287;333
102;65;287;333
103;65;287;333
104;65;287;333
105;65;287;333
106;65;287;333
107;65;287;333
108;65;287;333
109;65;287;333
27;66;623;333
28;66;287;333
29;66;287;333
30;66;287;333
31;66;287;333
32;66;287;333
33;66;287;333
34;66;287;333
35;66;287;333
36;66;287;333
37;66;287;333
38;66;287;333
39;66;287;333
40;66;287;333
41;66;287;333
42;66;287;333
43;66;287;333
44;66;287;333
45;66;287;333
46;66;287;333
47;66;287;333
48;66;287;333
49;66;287;333
50;66;287;333
51;66;287;333
52;66;287;333
53;66;287;333
54;66;287;333
55;66;287;333
56;66;287;333
57;66;287;333
58;66;287;333
59;66;287;333
60;66;287;333
61;66;287;333
62;66;287;333
63;66;287;333
64;66;287;333
65;66;287;333
66;66;287;333
67;66;287;333
68;66;287;333
69;66;287;333
70;66;287;333
71;66;287;333
72;66;622;333
73;66;622;333
74;66;622;333
75;66;622;333
76;66;597;333
77;66;622;333
78;66;628;333
84;66;629;333
85;66;629;333
86;66;623;333
87;66;287;333
88;66;287;333
89;66;599;333
96;66;3576;333
100;66;623;333
101;66;287;333
102;66;287;333
103;66;287;333
104;66;287;333
105;66;287;333
106;66;287;333
107;66;287;333
108;66;287;333
109;66;287;333
27;67;623;333
28;67;287;333
29;67;622;333
30;67;622;333
31;67;622;333
32;67;622;333
33;67;622;333
34;67;622;333
35;67;597;333
36;67;622;333
37;67;622;333
38;67;622;333
39;67;622;333
40;67;622;333
40;67;624;333
41;67;622;333
42;67;622;333
43;67;622;333
44;67;622;333
45;67;622;333
46;67;622;333
47;67;622;333
48;67;597;333
49;67;622;333
50;67;597;333
51;67;622;333
52;67;622;333
53;67;622;333
53;67;624;333
54;67;622;333
55;67;622;333
56;67;597;333
57;67;597;333
58;67;622;333
59;67;622;333
60;67;622;333
61;67;622;333
62;67;622;333
63;67;622;333
64;67;623;333
65;67;287;333
66;67;622;333
67;67;622;333
68;67;622;333
69;67;622;333
70;67;622;333
71;67;597;333
72;67;628;333
85;67;66;333;markerstone=122
86;67;623;333
87;67;287;333
88;67;287;333
89;67;599;333
96;67;3576;333
100;67;623;333
101;67;287;333
102;67;287;333
103;67;287;333
104;67;287;333
105;67;287;333
106;67;287;333
107;67;287;333
108;67;287;333
109;67;287;333
27;68;623;333
28;68;287;333
63;68;629;333
64;68;623;333
65;68;287;333
86;68;629;333
87;68;622;333
88;68;622;333
89;68;628;333
96;68;3576;333
100;68;623;333
101;68;287;333
102;68;287;333
103;68;287;333
104;68;287;333
105;68;287;333
106;68;287;333
107;68;287;333
108;68;287;333
109;68;287;333
27;69;623;333
28;69;287;333
64;69;623;333
65;69;287;333
96;69;3576;333
100;69;623;333
101;69;287;333
102;69;287;333
103;69;287;333
104;69;287;333
105;69;287;333
106;69;287;333
107;69;287;333
108;69;287;333
109;69;287;333
27;70;623;333
28;70;287;333
64;70;597;333
65;70;597;333
97;70;623;333
98;70;287;333
99;70;287;333
100;70;287;333
101;70;287;333
102;70;287;333
103;70;287;333
104;70;287;333
105;70;287;333
106;70;287;333
107;70;287;333
108;70;287;333
109;70;287;333
27;71;623;333
28;71;287;333
29;71;3577;333
30;71;3577;333
31;71;3577;333
32;71;3577;333
33;71;3577;333
34;71;3577;333
35;71;3577;333
36;71;3577;333
37;71;3577;333
38;71;3577;333
39;71;3577;333
40;71;3577;333
41;71;3577;333
42;71;3577;333
42;71;3575;333
43;71;3577;333
43;71;3575;333
44;71;3577;333
44;71;3575;333
45;71;3577;333
46;71;3577;333
47;71;3577;333
48;71;3577;333
49;71;3577;333
50;71;3577;333
51;71;3577;333
52;71;3577;333
53;71;3577;333
54;71;3577;333
55;71;3577;333
56;71;3577;333
57;71;3577;333
58;71;3577;333
59;71;3577;333
60;71;3577;333
61;71;3577;333
61;71;3575;333
62;71;3577;333
63;71;3577;333
64;71;3577;333
65;71;3577;333
66;71;3577;333
67;71;3577;333
68;71;3577;333
69;71;3577;333
70;71;3577;333
71;71;3577;333
72;71;3577;333
73;71;3577;333
74;71;3577;333
75;71;3577;333
76;71;3577;333
77;71;3577;333
78;71;3577;333
79;71;3577;333
80;71;3577;333
81;71;3577;333
82;71;3577;333
83;71;3577;333
84;71;3577;333
85;71;3577;333
86;71;3577;333
87;71;3577;333
88;71;3577;333
88;71;3575;333
89;71;3577;333
89;71;3575;333
90;71;3577;333
91;71;3577;333
92;71;3577;333
93;71;3577;333
93;71;3575;333
94;71;3577;333
94;71;3575;333
97;71;623;333
97;71;625;333
98;71;287;333
99;71;287;333
100;71;287;333
101;71;287;333
102;71;287;333
103;71;287;333
104;71;287;333
105;71;287;333
106;71;287;333
107;71;287;333
108;71;287;333
109;71;287;333
27;72;623;333
28;72;287;333
64;72;598;333
65;72;598;333
97;72;623;333
98;72;287;333
99;72;287;333
100;72;287;333
101;72;287;333
102;72;287;333
103;72;287;333
104;72;287;333
105;72;287;333
106;72;287;333
107;72;287;333
108;72;287;333
109;72;287;333
27;73;623;333
28;73;287;333
64;73;623;333
65;73;287;333
97;73;623;333
98;73;287;333
99;73;287;333
100;73;287;333
101;73;287;333
102;73;287;333
103;73;287;333
104;73;287;333
105;73;287;333
106;73;287;333
107;73;287;333
108;73;287;333
109;73;287;333
27;74;623;333
27;74;625;333
28;74;287;333
64;74;623;333
64;74;625;333
65;74;287;333
95;74;623;333
96;74;287;333
97;74;287;333
98;74;287;333
99;74;287;333
100;74;287;333
101;74;287;333
102;74;287;333
103;74;287;333
104;74;287;333
105;74;287;333
106;74;287;333
107;74;287;333
108;74;287;333
109;74;287;333
27;75;623;333
28;75;287;333
64;75;623;333
65;75;287;333
95;75;623;333
96;75;287;333
97;75;287;333
98;75;287;333
99;75;287;333
100;75;287;333
101;75;287;333
102;75;287;333
103;75;287;333
104;75;287;333
105;75;287;333
106;75;287;333
107;75;287;333
108;75;287;333
109;75;287;333
27;76;623;333
28;76;287;333
64;76;623;333
65;76;287;333
89;76;623;333
90;76;287;333
91;76;287;333
92;76;287;333
93;76;287;333
94;76;287;333
95;76;287;333
96;76;287;333
97;76;287;333
98;76;287;333
99;76;287;333
100;76;287;333
101;76;287;333
102;76;287;333
103;76;287;333
104;76;287;333
105;76;287;333
106;76;287;333
107;76;287;333
108;76;287;333
109;76;287;333
27;77;623;333
28;77;287;333
64;77;623;333
65;77;287;333
89;77;623;333
90;77;287;333
91;77;287;333
92;77;287;333
93;77;287;333
94;77;287;333
95;77;287;333
96;77;287;333
97;77;287;333
98;77;287;333
99;77;287;333
100;77;287;333
101;77;287;333
102;77;287;333
103;77;287;333
104;77;287;333
105;77;287;333
106;77;287;333
107;77;287;333
108;77;287;333
109;77;287;333
27;78;623;333
28;78;287;333
29;78;287;333
30;78;287;333
31;78;287;333
32;78;287;333
33;78;287;333
34;78;287;333
35;78;287;333
36;78;287;333
37;78;287;333
38;78;287;333
39;78;287;333
40;78;287;333
41;78;287;333
42;78;287;333
43;78;287;333
44;78;287;333
45;78;287;333
46;78;287;333
47;78;287;333
48;78;287;333
49;78;287;333
50;78;287;333
51;78;287;333
52;78;287;333
53;78;287;333
54;78;287;333
55;78;287;333
56;78;287;333
57;78;287;333
58;78;287;333
59;78;287;333
60;78;287;333
61;78;287;333
62;78;287;333
63;78;287;333
64;78;287;333
65;78;287;333
66;78;287;333
67;78;287;333
68;78;287;333
69;78;287;333
70;78;287;333
71;78;287;333
72;78;287;333
73;78;287;333
74;78;287;333
75;78;287;333
76;78;287;333
77;78;287;333
78;78;287;333
79;78;287;333
80;78;287;333
81;78;287;333
82;78;287;333
83;78;287;333
84;78;287;333
85;78;287;333
86;78;287;333
87;78;287;333
88;78;287;333
89;78;287;333
90;78;287;333
91;78;287;333
92;78;287;333
93;78;287;333
94;78;287;333
95;78;287;333
96;78;287;333
97;78;287;333
98;78;287;333
99;78;287;333
100;78;287;333
101;78;287;333
102;78;287;333
103;78;287;333
104;78;287;333
105;78;287;333
106;78;287;333
107;78;287;333
108;78;287;333
109;78;287;333
27;79;629;333
28;79;622;333
29;79;622;333
30;79;622;333
31;79;622;333
32;79;622;333
33;79;622;333
34;79;622;333
35;79;622;333
36;79;622;333
37;79;622;333
38;79;622;333
39;79;622;333
40;79;622;333
41;79;622;333
42;79;622;333
43;79;622;333
44;79;622;333
45;79;622;333
46;79;622;333
47;79;622;333
48;79;622;333
49;79;622;333
50;79;622;333
51;79;622;333
52;79;622;333
53;79;622;333
54;79;622;333
55;79;622;333
56;79;622;333
57;79;622;333
57;79;624;333
58;79;622;333
59;79;622;333
60;79;622;333
61;79;622;333
62;79;622;333
63;79;622;333
64;79;622;333
65;79;622;333
66;79;622;333
67;79;622;333
68;79;622;333
69;79;622;333
70;79;622;333
71;79;622;333
72;79;622;333
73;79;622;333
74;79;622;333
75;79;622;333
76;79;622;333
77;79;622;333
78;79;622;333
79;79;622;333
80;79;622;333
81;79;622;333
82;79;622;333
83;79;622;333
84;79;622;333
85;79;622;333
86;79;622;333
87;79;622;333
88;79;622;333
89;79;622;333
90;79;622;333
91;79;622;333
92;79;622;333
93;79;622;333
94;79;622;333
95;79;622;333
96;79;622;333
97;79;622;333
98;79;622;333
99;79;622;333
100;79;622;333
101;79;622;333
102;79;622;333
103;79;622;333
104;79;622;333
105;79;622;333
106;79;622;333
107;79;622;333
108;79;622;333
109;79;622;333
