# Illarion Server
# 
# This program is free software: you can redistribute it and/or modify it under
# the terms of the GNU Affero General Public License as published by the Free
# Software Foundation, either version 3 of the License, or (at your option) any
# later version.
# 
# This program is distributed in the hope that it will be useful, but WITHOUT
# ANY WARRANTY; without even the implied warranty of MERCHANTABILITY or FITNESS
# FOR A PARTICULAR PURPOSE.  See the GNU Affero General Public License for more
# details.
# 
# You should have received a copy of the GNU Affero General Public License along
# with this program.  If not, see <http://www.gnu.org/licenses/>.
0;0;600;-1
1;0;600;-1
2;0;600;-1
3;0;600;-1
4;0;600;-1
5;0;600;-1
6;0;600;-1
7;0;600;-1
8;0;600;-1
9;0;600;-1
10;0;600;-1
11;0;600;-1
12;0;600;-1
13;0;600;-1
14;0;600;-1
15;0;600;-1
16;0;600;-1
17;0;600;-1
18;0;600;-1
19;0;600;-1
20;0;600;-1
21;0;600;-1
22;0;600;-1
23;0;600;-1
24;0;600;-1
25;0;600;-1
26;0;600;-1
27;0;600;-1
28;0;600;-1
29;0;600;-1
30;0;600;-1
31;0;600;-1
32;0;600;-1
33;0;600;-1
34;0;600;-1
35;0;600;-1
36;0;600;-1
37;0;600;-1
38;0;600;-1
39;0;600;-1
40;0;600;-1
41;0;600;-1
42;0;600;-1
43;0;600;-1
44;0;600;-1
45;0;600;-1
46;0;600;-1
47;0;600;-1
48;0;600;-1
49;0;600;-1
50;0;600;-1
51;0;600;-1
52;0;600;-1
53;0;600;-1
54;0;600;-1
55;0;600;-1
56;0;600;-1
57;0;600;-1
58;0;600;-1
59;0;600;-1
60;0;600;-1
61;0;600;-1
62;0;600;-1
63;0;600;-1
64;0;600;-1
65;0;600;-1
66;0;600;-1
67;0;600;-1
68;0;600;-1
69;0;600;-1
70;0;600;-1
71;0;600;-1
72;0;600;-1
73;0;600;-1
74;0;600;-1
75;0;600;-1
76;0;600;-1
77;0;600;-1
78;0;600;-1
79;0;600;-1
80;0;600;-1
81;0;600;-1
82;0;600;-1
83;0;600;-1
84;0;600;-1
85;0;600;-1
86;0;600;-1
87;0;600;-1
88;0;600;-1
89;0;600;-1
90;0;600;-1
91;0;600;-1
92;0;600;-1
93;0;600;-1
94;0;600;-1
95;0;600;-1
96;0;600;-1
97;0;600;-1
98;0;600;-1
99;0;600;-1
0;1;600;-1
4;1;412;-1
4;1;2937;-1
8;1;3100;-1
10;1;412;-1
10;1;1278;-1
11;1;3095;-1
13;1;513;-1
14;1;600;-1
36;1;600;-1
40;1;412;-1
42;1;3102;-1
43;1;3095;-1
44;1;411;-1
45;1;411;-1
47;1;513;-1
48;1;513;-1
50;1;417;-1
51;1;3102;-1
52;1;600;-1
67;1;600;-1
71;1;417;-1
72;1;3097;-1
73;1;600;-1
87;1;600;-1
89;1;417;-1
91;1;3102;-1
92;1;1796;-1
95;1;419;-1
95;1;3098;-1
97;1;2805;-1
98;1;513;-1
99;1;600;-1
0;2;600;-1
4;2;3100;-1
5;2;2805;-1
7;2;2805;-1
8;2;2039;-1
9;2;2805;-1
11;2;2805;-1
12;2;3100;-1
14;2;600;-1
36;2;600;-1
44;2;2805;-1
46;2;2805;-1
47;2;498;-1
52;2;600;-1
67;2;600;-1
72;2;416;-1
73;2;600;-1
87;2;600;-1
92;2;1796;-1
94;2;3101;-1
97;2;3098;-1
98;2;513;-1
99;2;600;-1
0;3;600;-1
4;3;2805;-1
12;3;2805;-1
14;3;600;-1
19;3;600;-1
20;3;600;-1
21;3;600;-1
22;3;600;-1
29;3;600;-1
30;3;600;-1
31;3;600;-1
32;3;600;-1
33;3;600;-1
36;3;600;-1
39;3;3100;-1
39;3;2937;-1
43;3;2805;-1
47;3;2805;-1
51;3;3093;-1
52;3;600;-1
67;3;600;-1
73;3;600;-1
74;3;600;-1
87;3;600;-1
91;3;3098;-1
92;3;1794;-1
95;3;2832;-1
98;3;415;-1
99;3;600;-1
0;4;600;-1
4;4;3093;-1
5;4;2805;-1
11;4;2805;-1
13;4;410;-1
14;4;600;-1
15;4;600;-1
16;4;600;-1
17;4;600;-1
18;4;600;-1
19;4;600;-1
22;4;600;-1
23;4;600;-1
24;4;600;-1
25;4;600;-1
26;4;600;-1
27;4;600;-1
28;4;600;-1
29;4;600;-1
31;4;418;-1
33;4;600;-1
34;4;600;-1
35;4;600;-1
36;4;600;-1
39;4;3101;-1
42;4;2805;-1
43;4;2937;-1
46;4;3101;-1
48;4;2805;-1
52;4;600;-1
53;4;600;-1
67;4;600;-1
73;4;513;-1
74;4;600;-1
87;4;600;-1
92;4;2937;-1
95;4;1033;-1
96;4;1032;-1
97;4;1037;-1
98;4;1794;-1
99;4;600;-1
0;5;600;-1
8;5;3102;-1
11;5;3099;-1
14;5;600;-1
36;5;419;-1
48;5;3100;-1
48;5;2937;-1
52;5;415;-1
53;5;600;-1
67;5;600;-1
74;5;600;-1
75;5;600;-1
87;5;600;-1
89;5;421;-1
93;5;3102;-1
96;5;3102;-1
99;5;600;-1
0;6;600;-1
8;6;3102;-1
13;6;1793;-1
14;6;600;-1
42;6;3100;-1
52;6;996;-1
53;6;600;-1
67;6;600;-1
73;6;2937;-1
75;6;600;-1
87;6;600;-1
93;6;3101;-1
99;6;600;-1
0;7;600;-1
4;7;422;-1
7;7;420;-1
8;7;421;-1
12;7;2937;-1
13;7;994;-1
14;7;600;-1
34;7;422;-1
52;7;997;-1
53;7;600;-1
67;7;600;-1
68;7;600;-1
74;7;414;-1
75;7;600;-1
87;7;600;-1
92;7;3109;0;nameDe=Tagebuch eines Abenteurers I;nameEn=Journal of an adventurer I;descriptionDe=--13. El*s 30: Sie trä** heu*t* einen bl*uen R*ck, sie si*ht wunder***ön aus.-- --15. Elos 3*: Heu*e hat sie mich angelä***lt, sol*te ich sie ansp**chen?-- --7. Zh*s 30: Die le**ten Tage wa**n s*hr anstr***end, i*h sollte m**h au***hen.-- --13. S**os 30: ** *st S**os, ob i*h ihr et*as sc**nken so**te?--;descriptionEn=--13. El*s 30: She w**rs a bl*e sk*rt, s*e l*oks so be****ful to**y.-- --15. Elos 3*: T**ay s*e sm**ed *t me, sh**ld I talk wi*h h*r?-- --7. Zh*s 30: The p**t da*s we*e v**y exha**ting, I sh**ld re*t for a *****.-- --13. S**os 30: I*'s S**os, sh**ld I get a g**t for h**?--
93;7;2038;-1
94;7;3098;-1
99;7;600;-1
0;8;600;-1
11;8;3102;-1
13;8;996;-1
14;8;600;-1
38;8;422;-1
49;8;3101;-1
51;8;1034;-1
52;8;990;-1
52;8;1032;-1
53;8;600;-1
54;8;600;-1
55;8;600;-1
56;8;600;-1
57;8;600;-1
68;8;600;-1
75;8;600;-1
76;8;600;-1
86;8;600;-1
87;8;600;-1
95;8;600;-1
96;8;600;-1
97;8;600;-1
98;8;600;-1
99;8;600;-1
0;9;600;-1
0;9;600;-1
1;9;600;-1
2;9;600;-1
3;9;600;-1
4;9;600;-1
5;9;600;-1
6;9;600;-1
13;9;408;-1
14;9;600;-1
18;9;600;-1
19;9;600;-1
20;9;600;-1
21;9;600;-1
22;9;600;-1
23;9;600;-1
24;9;600;-1
25;9;600;-1
31;9;600;-1
32;9;600;-1
33;9;600;-1
34;9;600;-1
35;9;600;-1
36;9;600;-1
37;9;600;-1
42;9;3102;-1
51;9;2937;-1
52;9;990;-1
54;9;419;-1
56;9;3097;-1
57;9;600;-1
68;9;600;-1
72;9;3098;-1
76;9;600;-1
86;9;600;-1
94;9;410;-1
95;9;600;-1
99;9;600;-1
0;10;600;-1
6;10;600;-1
13;10;3097;-1
14;10;600;-1
18;10;600;-1
25;10;600;-1
26;10;600;-1
27;10;600;-1
28;10;600;-1
29;10;600;-1
30;10;600;-1
31;10;600;-1
37;10;600;-1
52;10;990;-1
52;10;3093;-1
56;10;513;-1
57;10;600;-1
58;10;600;-1
68;10;600;-1
74;10;3101;-1
75;10;3093;-1
76;10;600;-1
77;10;600;-1
78;10;600;-1
79;10;600;-1
80;10;600;-1
86;10;600;-1
87;10;420;-1
92;10;3098;-1
95;10;600;-1
99;10;600;-1
0;11;600;-1
6;11;600;-1
13;11;600;-1
14;11;600;-1
15;11;600;-1
16;11;600;-1
17;11;600;-1
18;11;600;-1
37;11;600;-1
43;11;3100;-1
49;11;3099;-1
52;11;1793;-1
57;11;513;-1
58;11;600;-1
67;11;600;-1
68;11;600;-1
77;11;413;-1
78;11;3098;-1
80;11;600;-1
86;11;600;-1
90;11;3101;-1
92;11;600;-1
93;11;600;-1
94;11;600;-1
95;11;600;-1
99;11;600;-1
0;12;600;-1
5;12;600;-1
6;12;600;-1
9;12;3097;-1
9;12;2937;-1
13;12;600;-1
37;12;600;-1
38;12;600;-1
40;12;421;-1
46;12;3101;-1
52;12;991;-1
54;12;2039;-1
58;12;600;-1
67;12;600;-1
71;12;3101;-1
77;12;2937;-1
80;12;600;-1
81;12;600;-1
82;12;600;-1
83;12;600;-1
84;12;600;-1
85;12;600;-1
86;12;600;-1
92;12;600;-1
99;12;600;-1
0;13;600;-1
5;13;600;-1
12;13;3093;-1
13;13;600;-1
38;13;600;-1
48;13;1019;-1
49;13;1022;-1
50;13;1023;-1
50;13;1797;-1
51;13;1024;-1
52;13;994;-1
52;13;1024;-1
52;13;513;-1
57;13;409;-1
58;13;600;-1
67;13;600;-1
73;13;3102;-1
75;13;3098;-1
84;13;417;-1
86;13;3098;-1
91;13;3093;-1
92;13;600;-1
99;13;600;-1
0;14;600;-1
5;14;600;-1
13;14;600;-1
14;14;600;-1
15;14;600;-1
16;14;600;-1
17;14;600;-1
18;14;600;-1
38;14;600;-1
42;14;422;-1
50;14;1797;-1
52;14;995;-1
57;14;2038;-1
58;14;600;-1
67;14;600;-1
78;14;3102;-1
80;14;3102;-1
81;14;621;-1
82;14;620;-1
83;14;619;-1
84;14;619;-1
85;14;619;-1
86;14;620;-1
87;14;618;-1
88;14;3102;-1
91;14;3098;-1
92;14;600;-1
99;14;600;-1
0;15;600;-1
5;15;600;-1
7;15;422;-1
13;15;498;-1
15;15;419;-1
15;15;3097;-1
17;15;513;-1
18;15;600;-1
19;15;600;-1
20;15;600;-1
21;15;600;-1
22;15;600;-1
23;15;600;-1
38;15;600;-1
39;15;600;-1
40;15;600;-1
41;15;600;-1
50;15;1797;-1
51;15;2937;-1
52;15;990;-1
58;15;600;-1
59;15;600;-1
60;15;600;-1
65;15;600;-1
66;15;600;-1
67;15;600;-1
78;15;3101;-1
81;15;621;-1
82;15;620;-1
83;15;619;-1
84;15;619;-1
85;15;619;-1
86;15;620;-1
87;15;618;-1
91;15;416;-1
92;15;600;-1
99;15;600;-1
0;16;600;-1
5;16;600;-1
19;16;3097;-1
21;16;417;-1
23;16;600;-1
41;16;600;-1
53;16;1023;-1
54;16;1025;-1
54;16;3099;-1
59;16;419;-1
60;16;600;-1
61;16;600;-1
62;16;600;-1
63;16;600;-1
64;16;600;-1
65;16;600;-1
67;16;412;-1
92;16;600;-1
99;16;600;-1
0;17;600;-1
5;17;600;-1
6;17;600;-1
19;17;3102;-1
23;17;600;-1
24;17;600;-1
25;17;600;-1
26;17;600;-1
41;17;600;-1
49;17;3101;-1
56;17;3102;-1
59;17;3099;-1
63;17;412;-1
71;17;3101;-1
77;17;420;-1
92;17;600;-1
99;17;600;-1
0;18;600;-1
6;18;600;-1
24;18;3097;-1
26;18;600;-1
41;18;600;-1
42;18;600;-1
45;18;3101;-1
57;18;3098;-1
60;18;3101;-1
64;18;3101;-1
85;18;422;-1
86;18;600;-1
87;18;600;-1
88;18;600;-1
89;18;600;-1
90;18;600;-1
91;18;600;-1
92;18;600;-1
99;18;600;-1
0;19;600;-1
6;19;600;-1
11;19;3097;-1
16;19;2937;-1
25;19;415;-1
26;19;600;-1
27;19;600;-1
28;19;600;-1
42;19;600;-1
44;19;422;-1
71;19;409;-1
72;19;600;-1
73;19;600;-1
74;19;600;-1
75;19;600;-1
76;19;600;-1
77;19;600;-1
78;19;600;-1
81;19;421;-1
86;19;600;-1
94;19;600;-1
95;19;600;-1
96;19;600;-1
97;19;600;-1
98;19;600;-1
99;19;600;-1
0;20;600;-1
6;20;600;-1
7;20;600;-1
9;20;422;-1
16;20;621;-1
17;20;620;-1
18;20;619;-1
19;20;619;-1
20;20;620;-1
21;20;618;-1
28;20;600;-1
42;20;600;-1
51;20;3098;-1
72;20;600;-1
78;20;600;-1
82;20;600;-1
83;20;600;-1
84;20;600;-1
85;20;600;-1
86;20;600;-1
92;20;600;-1
93;20;600;-1
94;20;600;-1
96;20;417;-1
99;20;600;-1
0;21;600;-1
7;21;600;-1
16;21;621;-1
17;21;620;-1
18;21;619;-1
19;21;619;-1
20;21;620;-1
21;21;618;-1
28;21;600;-1
42;21;600;-1
48;21;422;-1
59;21;3102;-1
69;21;600;-1
70;21;600;-1
71;21;600;-1
72;21;600;-1
78;21;600;-1
82;21;600;-1
89;21;600;-1
90;21;600;-1
91;21;600;-1
92;21;600;-1
93;21;513;-1
94;21;3098;-1
95;21;2805;-1
96;21;1022;-1
97;21;1028;-1
97;21;3102;-1
98;21;1793;-1
98;21;3098;-1
99;21;600;-1
0;22;600;-1
7;22;600;-1
15;22;3099;-1
15;22;2937;-1
16;22;3099;-1
23;22;3097;-1
27;22;2038;-1
28;22;600;-1
29;22;600;-1
30;22;600;-1
31;22;600;-1
32;22;600;-1
42;22;600;-1
43;22;600;-1
44;22;600;-1
45;22;600;-1
46;22;600;-1
59;22;410;-1
59;22;3102;-1
60;22;600;-1
61;22;600;-1
62;22;600;-1
63;22;600;-1
64;22;600;-1
65;22;600;-1
66;22;600;-1
67;22;600;-1
68;22;600;-1
69;22;600;-1
78;22;600;-1
79;22;600;-1
80;22;600;-1
81;22;600;-1
82;22;600;-1
88;22;600;-1
89;22;600;-1
91;22;419;-1
92;22;3098;-1
92;22;2937;-1
95;22;2039;-1
96;22;3101;-1
97;22;1037;-1
98;22;1794;-1
99;22;600;-1
0;23;600;-1
7;23;600;-1
8;23;600;-1
9;23;600;-1
10;23;600;-1
13;23;614;-1
14;23;614;-1
15;23;3099;-1
20;23;3102;-1
28;23;3097;-1
29;23;419;-1
32;23;600;-1
46;23;600;-1
60;23;600;-1
88;23;600;-1
91;23;3101;-1
97;23;2805;-1
98;23;3098;-1
99;23;600;-1
0;24;600;-1
10;24;600;-1
13;24;616;-1
14;24;616;-1
32;24;600;-1
46;24;600;-1
50;24;420;-1
56;24;3101;-1
60;24;600;-1
82;24;600;-1
83;24;600;-1
84;24;600;-1
85;24;600;-1
86;24;600;-1
87;24;600;-1
88;24;600;-1
92;24;3102;-1
96;24;1796;-1
98;24;415;-1
99;24;600;-1
0;25;600;-1
10;25;600;-1
13;25;615;-1
14;25;615;-1
30;25;3097;-1
32;25;600;-1
33;25;600;-1
46;25;600;-1
55;25;2937;-1
57;25;3098;-1
60;25;600;-1
82;25;600;-1
85;25;417;-1
94;25;3093;-1
95;25;2805;-1
96;25;1796;-1
96;25;3098;-1
99;25;600;-1
0;26;600;-1
9;26;600;-1
10;26;600;-1
11;26;420;-1
13;26;615;-1
14;26;615;-1
28;26;3102;-1
29;26;3101;-1
33;26;600;-1
46;26;600;-1
47;26;600;-1
48;26;600;-1
54;26;3102;-1
55;26;3109;0;nameDe=Einkaufsliste;nameEn=Shopping list;descriptionDe=- Fünf Pilze\n- Fünf Brötchen\n\n- Zehn Eier\n\n- Eine Lammkeule\n\n- Sieben Erdbeeren\n\n- Drei Tomaten\n\n- Zwei Zwiebeln;descriptionEn=- Five mushrooms\n- five bread rolls\n\n- ten eggs\n\n- one raw lamb chop\n\n- seven strawberries\n\n- three tomatoes\n\n- two onions
60;26;600;-1
72;26;600;-1
73;26;600;-1
74;26;600;-1
75;26;600;-1
76;26;600;-1
82;26;600;-1
88;26;3098;-1
93;26;3101;-1
96;26;1796;-1
99;26;600;-1
0;27;600;-1
9;27;600;-1
13;27;615;-1
13;27;3102;-1
14;27;615;-1
14;27;3102;-1
15;27;422;-1
18;27;422;-1
23;27;3097;-1
27;27;3101;-1
32;27;416;-1
33;27;600;-1
48;27;600;-1
53;27;3102;-1
58;27;600;-1
58;27;600;-1
59;27;600;-1
60;27;600;-1
61;27;600;-1
62;27;600;-1
72;27;600;-1
74;27;513;-1
75;27;513;-1
76;27;600;-1
77;27;600;-1
78;27;600;-1
79;27;600;-1
80;27;600;-1
81;27;600;-1
82;27;600;-1
88;27;3102;-1
91;27;3098;-1
95;27;421;-1
96;27;600;-1
97;27;600;-1
98;27;600;-1
99;27;600;-1
0;28;600;-1
8;28;600;-1
9;28;600;-1
13;28;616;-1
13;28;3102;-1
14;28;616;-1
14;28;3102;-1
15;28;600;-1
16;28;600;-1
17;28;600;-1
18;28;600;-1
33;28;600;-1
34;28;600;-1
48;28;600;-1
57;28;415;-1
57;28;513;-1
58;28;600;-1
69;28;600;-1
70;28;600;-1
71;28;600;-1
72;28;600;-1
76;28;3097;-1
77;28;418;-1
81;28;621;-1
82;28;620;-1
83;28;619;-1
84;28;619;-1
85;28;619;-1
86;28;620;-1
87;28;618;-1
96;28;600;-1
99;28;600;-1
0;29;600;-1
8;29;600;-1
9;29;418;-1
13;29;617;-1
14;29;617;-1
15;29;600;-1
18;29;600;-1
21;29;422;-1
34;29;600;-1
47;29;600;-1
48;29;600;-1
49;29;600;-1
57;29;513;-1
58;29;600;-1
69;29;600;-1
72;29;419;-1
72;29;3097;-1
77;29;3101;-1
81;29;621;-1
82;29;620;-1
83;29;619;-1
84;29;619;-1
85;29;619;-1
86;29;620;-1
87;29;618;-1
91;29;422;-1
93;29;600;-1
94;29;600;-1
95;29;600;-1
96;29;600;-1
99;29;600;-1
0;30;600;-1
8;30;600;-1
15;30;600;-1
18;30;600;-1
31;30;3101;-1
33;30;410;-1
34;30;600;-1
49;30;600;-1
57;30;3098;-1
58;30;600;-1
69;30;600;-1
78;30;3097;-1
93;30;600;-1
99;30;600;-1
0;31;600;-1
8;31;600;-1
14;31;3093;-1
15;31;600;-1
18;31;600;-1
19;31;600;-1
20;31;600;-1
21;31;600;-1
22;31;600;-1
27;31;3097;-1
34;31;600;-1
49;31;600;-1
58;31;600;-1
66;31;600;-1
67;31;600;-1
68;31;600;-1
69;31;600;-1
85;31;410;-1
86;31;600;-1
87;31;600;-1
88;31;600;-1
89;31;600;-1
90;31;600;-1
91;31;600;-1
92;31;600;-1
93;31;600;-1
99;31;600;-1
0;32;600;-1
7;32;600;-1
8;32;600;-1
15;32;600;-1
22;32;600;-1
27;32;3101;-1
34;32;600;-1
49;32;600;-1
54;32;3098;-1
58;32;600;-1
66;32;600;-1
68;32;513;-1
69;32;513;-1
70;32;3097;-1
85;32;420;-1
86;32;600;-1
99;32;600;-1
0;33;600;-1
7;33;600;-1
8;33;417;-1
9;33;420;-1
13;33;3100;-1
15;33;600;-1
22;33;600;-1
26;33;3101;-1
33;33;415;-1
33;33;3097;-1
34;33;600;-1
49;33;600;-1
58;33;600;-1
58;33;3102;-1
59;33;600;-1
60;33;600;-1
61;33;600;-1
62;33;600;-1
63;33;600;-1
64;33;600;-1
65;33;600;-1
66;33;600;-1
85;33;600;-1
86;33;600;-1
99;33;600;-1
0;34;600;-1
7;34;600;-1
13;34;3100;-1
14;34;415;-1
15;34;600;-1
22;34;600;-1
23;34;600;-1
34;34;600;-1
43;34;600;-1
44;34;600;-1
45;34;600;-1
46;34;600;-1
47;34;600;-1
48;34;600;-1
49;34;600;-1
50;34;3098;-1
59;34;419;-1
65;34;417;-1
67;34;3101;-1
72;34;3101;-1
74;34;414;-1
75;34;600;-1
76;34;600;-1
77;34;600;-1
78;34;600;-1
79;34;600;-1
85;34;600;-1
99;34;600;-1
0;35;600;-1
7;35;600;-1
15;35;600;-1
23;35;600;-1
34;35;600;-1
35;35;600;-1
43;35;600;-1
49;35;413;-1
50;35;3102;-1
53;35;3101;-1
59;35;3098;-1
61;35;3102;-1
75;35;600;-1
79;35;600;-1
80;35;600;-1
81;35;600;-1
82;35;600;-1
83;35;600;-1
84;35;600;-1
85;35;600;-1
99;35;600;-1
0;36;600;-1
7;36;600;-1
15;36;600;-1
23;36;600;-1
24;36;600;-1
25;36;600;-1
26;36;600;-1
35;36;600;-1
39;36;600;-1
40;36;600;-1
41;36;600;-1
42;36;600;-1
43;36;600;-1
56;36;2937;-1
66;36;3097;-1
70;36;415;-1
70;36;415;-1
70;36;3093;-1
71;36;600;-1
72;36;600;-1
73;36;600;-1
74;36;600;-1
75;36;600;-1
99;36;600;-1
0;37;600;-1
6;37;600;-1
7;37;600;-1
14;37;600;-1
15;37;600;-1
26;37;600;-1
35;37;600;-1
36;37;600;-1
37;37;600;-1
38;37;600;-1
39;37;600;-1
41;37;3098;-1
43;37;411;-1
54;37;35;-1
71;37;600;-1
99;37;600;-1
0;38;600;-1
6;38;600;-1
14;38;600;-1
26;38;600;-1
28;38;3097;-1
35;38;600;-1
37;38;417;-1
53;38;3102;-1
58;38;3098;-1
67;38;600;-1
68;38;600;-1
69;38;600;-1
70;38;600;-1
71;38;600;-1
99;38;600;-1
0;39;600;-1
6;39;600;-1
13;39;414;-1
14;39;600;-1
26;39;600;-1
33;39;3097;-1
67;39;600;-1
87;39;600;-1
88;39;600;-1
89;39;600;-1
90;39;600;-1
95;39;600;-1
96;39;600;-1
97;39;600;-1
98;39;600;-1
99;39;600;-1
0;40;600;-1
5;40;600;-1
6;40;600;-1
14;40;600;-1
26;40;600;-1
45;40;600;-1
46;40;600;-1
47;40;600;-1
51;40;3098;-1
56;40;410;-1
57;40;600;-1
58;40;600;-1
59;40;600;-1
60;40;600;-1
64;40;600;-1
65;40;600;-1
66;40;600;-1
87;40;600;-1
89;40;411;-1
90;40;600;-1
95;40;600;-1
97;40;419;-1
97;40;419;-1
97;40;513;-1
98;40;1793;-1
98;40;1795;-1
99;40;600;-1
0;41;600;-1
5;41;600;-1
7;41;421;-1
14;41;600;-1
26;41;600;-1
35;41;3102;-1
45;41;600;-1
47;41;600;-1
56;41;3093;-1
57;41;600;-1
60;41;600;-1
61;41;600;-1
62;41;600;-1
63;41;600;-1
64;41;600;-1
87;41;600;-1
90;41;600;-1
91;41;600;-1
92;41;600;-1
93;41;600;-1
94;41;600;-1
95;41;600;-1
97;41;513;-1
98;41;513;-1
99;41;600;-1
0;42;600;-1
5;42;600;-1
9;42;3099;-1
11;42;2937;-1
13;42;513;-1
14;42;600;-1
26;42;600;-1
39;42;3101;-1
40;42;600;-1
41;42;600;-1
42;42;600;-1
43;42;600;-1
44;42;600;-1
45;42;600;-1
47;42;600;-1
54;42;3098;-1
57;42;600;-1
87;42;600;-1
90;42;1019;-1
91;42;1022;-1
91;42;3102;-1
92;42;1793;-1
94;42;418;-1
94;42;2039;-1
95;42;2805;-1
97;42;3102;-1
99;42;600;-1
0;43;600;-1
5;43;600;-1
9;43;3099;-1
11;43;3102;-1
13;43;3098;-1
14;43;600;-1
23;43;600;-1
24;43;600;-1
25;43;600;-1
26;43;600;-1
40;43;600;-1
47;43;600;-1
57;43;600;-1
86;43;600;-1
87;43;600;-1
91;43;3102;-1
98;43;414;-1
99;43;600;-1
0;44;600;-1
5;44;600;-1
13;44;3098;-1
13;44;3101;-1
14;44;600;-1
23;44;600;-1
26;44;417;-1
39;44;415;-1
40;44;600;-1
47;44;600;-1
48;44;600;-1
49;44;600;-1
55;44;600;-1
56;44;600;-1
57;44;600;-1
86;44;600;-1
88;44;420;-1
99;44;600;-1
0;45;600;-1
5;45;600;-1
8;45;3101;-1
10;45;3101;-1
13;45;600;-1
14;45;600;-1
20;45;600;-1
21;45;600;-1
22;45;600;-1
23;45;600;-1
24;45;3097;-1
40;45;600;-1
48;45;600;-1
49;45;418;-1
54;45;3101;-1
56;45;600;-1
86;45;600;-1
99;45;600;-1
0;46;600;-1
4;46;600;-1
5;46;600;-1
8;46;3097;-1
9;46;513;-1
11;46;421;-1
13;46;600;-1
20;46;600;-1
29;46;3101;-1
40;46;600;-1
48;46;600;-1
55;46;3099;-1
56;46;600;-1
86;46;600;-1
94;46;3093;-1
95;46;2805;-1
96;46;513;-1
97;46;600;-1
98;46;600;-1
99;46;600;-1
0;47;600;-1
4;47;600;-1
6;47;421;-1
8;47;3097;-1
9;47;513;-1
13;47;600;-1
20;47;600;-1
23;47;3101;-1
32;47;416;-1
32;47;3097;-1
33;47;600;-1
34;47;600;-1
35;47;600;-1
36;47;600;-1
37;47;600;-1
38;47;600;-1
39;47;600;-1
40;47;600;-1
48;47;600;-1
55;47;409;-1
56;47;600;-1
86;47;600;-1
96;47;513;-1
97;47;600;-1
99;47;600;-1
0;48;600;-1
4;48;600;-1
9;48;600;-1
10;48;600;-1
11;48;600;-1
12;48;600;-1
13;48;600;-1
20;48;600;-1
22;48;421;-1
34;48;600;-1
48;48;600;-1
56;48;600;-1
66;48;600;-1
67;48;600;-1
68;48;600;-1
69;48;600;-1
70;48;600;-1
71;48;600;-1
72;48;600;-1
86;48;600;-1
97;48;600;-1
99;48;600;-1
0;49;600;-1
4;49;600;-1
9;49;600;-1
20;49;600;-1
34;49;600;-1
46;49;600;-1
47;49;600;-1
48;49;600;-1
56;49;600;-1
66;49;600;-1
69;49;417;-1
71;49;3093;-1
72;49;600;-1
73;49;600;-1
74;49;600;-1
75;49;600;-1
86;49;600;-1
87;49;600;-1
93;49;3102;-1
95;49;600;-1
96;49;600;-1
97;49;600;-1
99;49;600;-1
0;50;600;-1
4;50;600;-1
9;50;600;-1
20;50;600;-1
27;50;3097;-1
34;50;600;-1
47;50;600;-1
48;50;418;-1
55;50;3101;-1
56;50;600;-1
66;50;600;-1
72;50;419;-1
75;50;600;-1
76;50;600;-1
77;50;600;-1
78;50;600;-1
87;50;600;-1
95;50;600;-1
99;50;600;-1
0;51;600;-1
1;51;600;-1
2;51;600;-1
3;51;600;-1
4;51;600;-1
5;51;600;-1
6;51;600;-1
7;51;600;-1
8;51;600;-1
9;51;600;-1
10;51;600;-1
20;51;600;-1
29;51;600;-1
30;51;600;-1
31;51;600;-1
32;51;600;-1
33;51;600;-1
34;51;600;-1
47;51;600;-1
50;51;3099;-1
55;51;3101;-1
56;51;600;-1
62;51;600;-1
63;51;600;-1
64;51;600;-1
65;51;600;-1
66;51;600;-1
70;51;3102;-1
75;51;3097;-1
76;51;418;-1
78;51;600;-1
79;51;600;-1
80;51;600;-1
87;51;600;-1
94;51;409;-1
95;51;600;-1
99;51;600;-1
0;52;600;-1
4;52;3100;-1
6;52;411;-1
7;52;1019;-1
8;52;1021;-1
8;52;3097;-1
9;52;1793;-1
9;52;3097;-1
10;52;600;-1
20;52;600;-1
29;52;600;-1
47;52;600;-1
54;52;3099;-1
55;52;410;-1
56;52;600;-1
62;52;600;-1
66;52;413;-1
66;52;3097;-1
72;52;3097;-1
80;52;600;-1
81;52;600;-1
84;52;600;-1
85;52;600;-1
86;52;600;-1
87;52;600;-1
92;52;3101;-1
95;52;600;-1
99;52;600;-1
0;53;600;-1
3;53;420;-1
9;53;1796;-1
9;53;1034;-1
10;53;600;-1
18;53;600;-1
19;53;600;-1
20;53;600;-1
27;53;414;-1
28;53;600;-1
29;53;600;-1
47;53;600;-1
50;53;3101;-1
56;53;600;-1
57;53;600;-1
58;53;600;-1
59;53;600;-1
60;53;600;-1
61;53;600;-1
62;53;600;-1
81;53;600;-1
82;53;600;-1
83;53;600;-1
84;53;600;-1
86;53;419;-1
94;53;3093;-1
95;53;600;-1
99;53;600;-1
0;54;600;-1
9;54;1796;-1
9;54;513;-1
10;54;600;-1
11;54;600;-1
12;54;600;-1
13;54;600;-1
14;54;600;-1
18;54;600;-1
21;54;3097;-1
23;54;3102;-1
29;54;600;-1
44;54;600;-1
45;54;600;-1
46;54;600;-1
47;54;600;-1
58;54;412;-1
62;54;417;-1
67;54;3101;-1
70;54;3097;-1
73;54;3101;-1
78;54;3097;-1
82;54;417;-1
93;54;3102;-1
94;54;2038;-1
95;54;600;-1
99;54;600;-1
0;55;600;-1
5;55;2805;-1
8;55;1036;-1
9;55;1794;-1
10;55;413;-1
14;55;600;-1
15;55;600;-1
18;55;600;-1
20;55;421;-1
29;55;600;-1
44;55;600;-1
47;55;419;-1
50;55;3097;-1
50;55;2937;-1
59;55;3102;-1
62;55;3101;-1
63;55;3097;-1
63;55;2937;-1
68;55;3097;-1
81;55;621;-1
82;55;620;-1
83;55;619;-1
84;55;620;-1
85;55;618;-1
87;55;3101;-1
94;55;416;-1
95;55;600;-1
99;55;600;-1
0;56;600;-1
5;56;2805;-1
6;56;2805;-1
15;56;600;-1
18;56;600;-1
25;56;600;-1
25;56;600;-1
26;56;600;-1
27;56;600;-1
28;56;600;-1
29;56;600;-1
44;56;600;-1
53;56;3097;-1
57;56;3101;-1
59;56;3097;-1
81;56;621;-1
82;56;620;-1
83;56;619;-1
84;56;620;-1
85;56;618;-1
95;56;600;-1
99;56;600;-1
0;57;600;-1
3;57;2805;-1
11;57;2937;-1
14;57;415;-1
15;57;600;-1
16;57;600;-1
17;57;600;-1
18;57;600;-1
22;57;3097;-1
25;57;600;-1
38;57;600;-1
39;57;600;-1
40;57;600;-1
41;57;600;-1
42;57;600;-1
43;57;600;-1
44;57;600;-1
49;57;3101;-1
66;57;3102;-1
77;57;3097;-1
95;57;600;-1
99;57;600;-1
0;58;600;-1
3;58;422;-1
3;58;2805;-1
8;58;3102;-1
10;58;3101;-1
10;58;3102;-1
12;58;621;-1
13;58;620;-1
14;58;619;-1
15;58;619;-1
16;58;619;-1
17;58;619;-1
18;58;619;-1
19;58;620;-1
19;58;3101;-1
20;58;618;-1
24;58;416;-1
25;58;600;-1
38;58;600;-1
42;58;3099;-1
44;58;418;-1
62;58;3102;-1
63;58;3102;-1
72;58;3097;-1
73;58;3097;-1
91;58;600;-1
92;58;600;-1
93;58;600;-1
94;58;600;-1
95;58;600;-1
99;58;600;-1
0;59;600;-1
3;59;2805;-1
8;59;3102;-1
12;59;621;-1
13;59;620;-1
14;59;619;-1
15;59;619;-1
16;59;619;-1
17;59;619;-1
18;59;619;-1
19;59;620;-1
20;59;618;-1
24;59;3093;-1
25;59;600;-1
38;59;600;-1
51;59;3097;-1
66;59;3097;-1
78;59;3102;-1
90;59;416;-1
91;59;600;-1
99;59;600;-1
0;60;600;-1
5;60;2805;-1
6;60;2805;-1
7;60;3099;-1
25;60;600;-1
34;60;600;-1
35;60;600;-1
36;60;600;-1
37;60;600;-1
38;60;600;-1
40;60;3101;-1
54;60;414;-1
55;60;600;-1
56;60;600;-1
57;60;600;-1
58;60;600;-1
62;60;3097;-1
70;60;416;-1
91;60;600;-1
99;60;600;-1
0;61;600;-1
5;61;2805;-1
6;61;3099;-1
7;61;3099;-1
17;61;420;-1
20;61;3101;-1
24;61;3097;-1
25;61;600;-1
34;61;600;-1
38;61;418;-1
47;61;3099;-1
48;61;3101;-1
52;61;3099;-1
55;61;600;-1
58;61;600;-1
61;61;420;-1
65;61;421;-1
70;61;600;-1
74;61;3097;-1
76;61;3093;-1
77;61;600;-1
82;61;416;-1
83;61;600;-1
84;61;600;-1
85;61;600;-1
86;61;600;-1
87;61;600;-1
88;61;600;-1
89;61;600;-1
90;61;600;-1
91;61;600;-1
99;61;600;-1
0;62;600;-1
6;62;421;-1
24;62;600;-1
25;62;600;-1
34;62;600;-1
39;62;2937;-1
55;62;600;-1
58;62;600;-1
70;62;600;-1
72;62;422;-1
75;62;3101;-1
76;62;415;-1
77;62;600;-1
83;62;600;-1
99;62;600;-1
0;63;600;-1
24;63;600;-1
31;63;600;-1
32;63;600;-1
33;63;600;-1
34;63;600;-1
45;63;3101;-1
51;63;600;-1
52;63;600;-1
53;63;600;-1
54;63;600;-1
55;63;600;-1
58;63;600;-1
66;63;600;-1
67;63;600;-1
68;63;600;-1
69;63;600;-1
70;63;600;-1
74;63;3101;-1
77;63;600;-1
78;63;600;-1
79;63;600;-1
80;63;600;-1
81;63;600;-1
82;63;600;-1
83;63;600;-1
93;63;600;-1
94;63;600;-1
95;63;600;-1
96;63;600;-1
96;63;3101;-1
97;63;600;-1
98;63;600;-1
99;63;600;-1
0;64;600;-1
1;64;600;-1
2;64;600;-1
11;64;600;-1
12;64;600;-1
13;64;600;-1
14;64;600;-1
20;64;600;-1
21;64;600;-1
22;64;600;-1
23;64;600;-1
24;64;600;-1
31;64;600;-1
34;64;417;-1
38;64;3099;-1
43;64;3099;-1
50;64;3093;-1
51;64;600;-1
58;64;600;-1
59;64;600;-1
60;64;600;-1
61;64;600;-1
62;64;600;-1
63;64;600;-1
64;64;600;-1
65;64;600;-1
66;64;600;-1
70;64;600;-1
77;64;600;-1
93;64;600;-1
96;64;418;-1
96;64;3101;-1
98;64;3097;-1
99;64;600;-1
0;65;600;-1
2;65;600;-1
3;65;600;-1
4;65;600;-1
5;65;600;-1
6;65;600;-1
7;65;600;-1
11;65;600;-1
14;65;600;-1
15;65;600;-1
16;65;600;-1
17;65;600;-1
18;65;600;-1
19;65;600;-1
20;65;600;-1
31;65;600;-1
34;65;3099;-1
40;65;3101;-1
51;65;600;-1
70;65;600;-1
77;65;600;-1
93;65;600;-1
93;65;600;-1
98;65;513;-1
99;65;600;-1
0;66;600;-1
7;66;600;-1
8;66;600;-1
9;66;600;-1
10;66;600;-1
11;66;600;-1
29;66;600;-1
30;66;600;-1
31;66;600;-1
50;66;415;-1
51;66;600;-1
70;66;600;-1
75;66;3097;-1
76;66;414;-1
77;66;600;-1
87;66;600;-1
88;66;600;-1
89;66;600;-1
90;66;600;-1
91;66;600;-1
92;66;600;-1
93;66;600;-1
95;66;2805;-1
96;66;3102;-1
98;66;414;-1
98;66;513;-1
99;66;600;-1
0;67;600;-1
29;67;600;-1
41;67;414;-1
42;67;600;-1
49;67;3100;-1
51;67;600;-1
68;67;600;-1
69;67;600;-1
70;67;600;-1
77;67;600;-1
87;67;600;-1
91;67;418;-1
92;67;3101;-1
93;67;1793;-1
99;67;600;-1
0;68;600;-1
29;68;600;-1
42;68;600;-1
50;68;600;-1
51;68;600;-1
68;68;600;-1
72;68;3101;-1
77;68;600;-1
78;68;600;-1
84;68;600;-1
85;68;600;-1
86;68;600;-1
87;68;600;-1
93;68;1794;-1
95;68;2805;-1
97;68;2805;-1
98;68;1793;-1
99;68;600;-1
0;69;600;-1
29;69;600;-1
36;69;3099;-1
36;69;2937;-1
42;69;600;-1
48;69;2937;-1
50;69;600;-1
67;69;600;-1
67;69;600;-1
68;69;600;-1
71;69;3097;-1
75;69;3101;-1
77;69;3102;-1
78;69;600;-1
83;69;600;-1
84;69;600;-1
87;69;419;-1
89;69;3101;-1
98;69;1796;-1
99;69;600;-1
0;70;600;-1
25;70;600;-1
26;70;600;-1
27;70;600;-1
28;70;600;-1
29;70;600;-1
39;70;600;-1
40;70;600;-1
41;70;600;-1
42;70;600;-1
43;70;600;-1
44;70;600;-1
50;70;600;-1
67;70;600;-1
69;70;420;-1
78;70;600;-1
79;70;600;-1
80;70;600;-1
83;70;600;-1
90;70;3097;-1
97;70;2805;-1
98;70;1796;-1
99;70;600;-1
0;71;600;-1
25;71;600;-1
28;71;419;-1
32;71;3102;-1
39;71;600;-1
43;71;600;-1
50;71;600;-1
51;71;600;-1
67;71;600;-1
69;71;420;-1
79;71;415;-1
80;71;600;-1
83;71;600;-1
86;71;3097;-1
87;71;3102;-1
94;71;2937;-1
98;71;1796;-1
99;71;600;-1
0;72;600;-1
25;72;600;-1
27;72;3100;-1
34;72;414;-1
35;72;600;-1
36;72;600;-1
37;72;600;-1
38;72;600;-1
39;72;600;-1
43;72;600;-1
48;72;3101;-1
51;72;600;-1
67;72;600;-1
79;72;3097;-1
80;72;600;-1
81;72;600;-1
83;72;600;-1
91;72;3101;-1
92;72;3102;-1
94;72;2038;-1
95;72;2805;-1
97;72;2805;-1
98;72;1794;-1
99;72;600;-1
0;73;600;-1
8;73;600;-1
9;73;600;-1
10;73;600;-1
11;73;600;-1
12;73;600;-1
21;73;600;-1
22;73;600;-1
23;73;600;-1
24;73;600;-1
25;73;600;-1
28;73;2937;-1
33;73;3100;-1
35;73;600;-1
43;73;600;-1
50;73;414;-1
50;73;3100;-1
51;73;600;-1
67;73;600;-1
81;73;600;-1
82;73;600;-1
83;73;600;-1
96;73;3101;-1
98;73;414;-1
99;73;600;-1
0;74;600;-1
6;74;600;-1
7;74;600;-1
8;74;600;-1
10;74;412;-1
12;74;600;-1
21;74;600;-1
32;74;2038;-1
34;74;600;-1
35;74;600;-1
43;74;600;-1
51;74;600;-1
52;74;600;-1
53;74;600;-1
54;74;600;-1
55;74;600;-1
67;74;600;-1
75;74;2937;-1
82;74;419;-1
88;74;3102;-1
94;74;3097;-1
95;74;2805;-1
99;74;600;-1
0;75;600;-1
6;75;600;-1
8;75;413;-1
10;75;3098;-1
12;75;600;-1
13;75;600;-1
14;75;600;-1
15;75;600;-1
16;75;600;-1
21;75;600;-1
34;75;600;-1
43;75;600;-1
46;75;3102;-1
55;75;600;-1
56;75;600;-1
57;75;600;-1
67;75;600;-1
79;75;621;-1
80;75;620;-1
81;75;619;-1
82;75;619;-1
83;75;620;-1
84;75;618;-1
86;75;3101;-1
94;75;421;-1
95;75;421;-1
99;75;600;-1
0;76;600;-1
6;76;600;-1
13;76;419;-1
16;76;600;-1
21;76;600;-1
28;76;3101;-1
34;76;600;-1
40;76;600;-1
41;76;600;-1
42;76;600;-1
43;76;600;-1
44;76;3100;-1
52;76;3102;-1
54;76;3101;-1
55;76;419;-1
57;76;600;-1
58;76;600;-1
59;76;600;-1
60;76;600;-1
67;76;600;-1
68;76;600;-1
73;76;3097;-1
79;76;621;-1
80;76;620;-1
81;76;619;-1
82;76;619;-1
83;76;620;-1
84;76;618;-1
99;76;600;-1
0;77;600;-1
4;77;600;-1
5;77;600;-1
6;77;600;-1
16;77;600;-1
17;77;600;-1
18;77;600;-1
19;77;600;-1
20;77;600;-1
21;77;600;-1
22;77;3098;-1
23;77;3098;-1
30;77;3100;-1
31;77;600;-1
32;77;600;-1
33;77;600;-1
34;77;600;-1
39;77;600;-1
40;77;600;-1
43;77;417;-1
49;77;3101;-1
55;77;3100;-1
58;77;418;-1
60;77;600;-1
68;77;600;-1
69;77;600;-1
78;77;3101;-1
86;77;421;-1
86;77;3097;-1
91;77;420;-1
92;77;420;-1
95;77;600;-1
96;77;600;-1
97;77;600;-1
98;77;600;-1
99;77;600;-1
0;78;600;-1
4;78;600;-1
6;78;417;-1
17;78;418;-1
21;78;3098;-1
21;78;2937;-1
22;78;3098;-1
23;78;3101;-1
27;78;3100;-1
30;78;416;-1
31;78;600;-1
39;78;600;-1
47;78;3102;-1
60;78;600;-1
61;78;600;-1
69;78;600;-1
72;78;420;-1
86;78;421;-1
87;78;600;-1
88;78;600;-1
89;78;600;-1
90;78;600;-1
91;78;600;-1
92;78;600;-1
93;78;600;-1
94;78;600;-1
95;78;600;-1
99;78;600;-1
0;79;600;-1
4;79;600;-1
8;79;3101;-1
10;79;3101;-1
18;79;3101;-1
31;79;600;-1
36;79;600;-1
37;79;600;-1
38;79;600;-1
39;79;600;-1
40;79;3100;-1
43;79;3101;-1
57;79;3101;-1
61;79;600;-1
62;79;600;-1
63;79;600;-1
69;79;600;-1
72;79;420;-1
79;79;422;-1
80;79;422;-1
87;79;600;-1
99;79;600;-1
0;80;600;-1
1;80;600;-1
2;80;600;-1
3;80;600;-1
4;80;600;-1
5;80;3098;-1
11;80;621;-1
12;80;620;-1
13;80;619;-1
14;80;619;-1
15;80;619;-1
16;80;620;-1
17;80;618;-1
29;80;600;-1
30;80;600;-1
31;80;600;-1
36;80;600;-1
39;80;419;-1
61;80;411;-1
63;80;600;-1
64;80;600;-1
65;80;600;-1
66;80;600;-1
67;80;600;-1
68;80;600;-1
69;80;600;-1
70;80;600;-1
79;80;422;-1
80;80;422;-1
81;80;600;-1
82;80;600;-1
83;80;600;-1
84;80;600;-1
85;80;600;-1
86;80;600;-1
87;80;600;-1
99;80;600;-1
0;81;600;-1
3;81;412;-1
4;81;3098;-1
5;81;3098;-1
11;81;621;-1
12;81;620;-1
13;81;619;-1
14;81;619;-1
15;81;619;-1
16;81;620;-1
17;81;618;-1
28;81;410;-1
29;81;600;-1
36;81;600;-1
47;81;422;-1
48;81;422;-1
51;81;3100;-1
51;81;2937;-1
60;81;2038;-1
61;81;3100;-1
66;81;417;-1
68;81;3100;-1
69;81;600;-1
70;81;600;-1
71;81;600;-1
72;81;600;-1
73;81;600;-1
74;81;600;-1
75;81;600;-1
76;81;600;-1
81;81;600;-1
99;81;600;-1
0;82;600;-1
16;82;3098;-1
17;82;3098;-1
24;82;3098;-1
24;82;3098;-1
29;82;600;-1
34;82;600;-1
35;82;600;-1
36;82;600;-1
36;82;418;-1
41;82;3100;-1
42;82;600;-1
43;82;600;-1
44;82;600;-1
45;82;600;-1
46;82;600;-1
51;82;3100;-1
68;82;513;-1
69;82;600;-1
76;82;600;-1
77;82;600;-1
77;82;600;-1
78;82;600;-1
79;82;600;-1
80;82;600;-1
81;82;600;-1
99;82;600;-1
0;83;600;-1
19;83;2937;-1
23;83;408;-1
24;83;600;-1
25;83;600;-1
26;83;600;-1
27;83;600;-1
28;83;600;-1
29;83;600;-1
34;83;600;-1
42;83;600;-1
46;83;600;-1
56;83;3100;-1
67;83;3101;-1
69;83;600;-1
99;83;600;-1
0;84;600;-1
21;84;3101;-1
23;84;3093;-1
24;84;600;-1
34;84;600;-1
41;84;416;-1
42;84;600;-1
46;84;600;-1
58;84;3102;-1
68;84;415;-1
69;84;600;-1
99;84;600;-1
0;85;600;-1
2;85;422;-1
6;85;3101;-1
9;85;3098;-1
24;85;600;-1
34;85;600;-1
42;85;600;-1
46;85;600;-1
65;85;3102;-1
69;85;600;-1
85;85;600;-1
86;85;600;-1
87;85;600;-1
88;85;600;-1
89;85;600;-1
90;85;600;-1
99;85;600;-1
0;86;600;-1
8;86;3098;-1
9;86;3098;-1
24;86;600;-1
25;86;600;-1
26;86;600;-1
27;86;600;-1
28;86;600;-1
32;86;600;-1
33;86;600;-1
34;86;600;-1
35;86;3100;-1
35;86;2937;-1
42;86;600;-1
46;86;600;-1
47;86;600;-1
48;86;600;-1
51;86;422;-1
52;86;422;-1
53;86;422;-1
57;86;421;-1
58;86;421;-1
59;86;421;-1
65;86;3100;-1
69;86;600;-1
85;86;600;-1
89;86;411;-1
90;86;600;-1
91;86;600;-1
92;86;600;-1
93;86;600;-1
94;86;600;-1
95;86;600;-1
99;86;600;-1
0;87;600;-1
2;87;1024;-1
3;87;1021;-1
4;87;1022;-1
7;87;1022;-1
8;87;1793;-1
8;87;513;-1
9;87;600;-1
10;87;600;-1
11;87;600;-1
12;87;600;-1
26;87;418;-1
27;87;3100;-1
28;87;600;-1
29;87;600;-1
30;87;600;-1
31;87;600;-1
32;87;600;-1
41;87;3100;-1
42;87;600;-1
48;87;600;-1
49;87;600;-1
50;87;600;-1
51;87;422;-1
52;87;422;-1
53;87;422;-1
57;87;421;-1
58;87;421;-1
59;87;421;-1
68;87;3100;-1
69;87;600;-1
85;87;600;-1
92;87;412;-1
95;87;600;-1
96;87;600;-1
97;87;600;-1
98;87;600;-1
99;87;600;-1
0;88;600;-1
5;88;2937;-1
8;88;414;-1
9;88;600;-1
12;88;600;-1
16;88;600;-1
17;88;600;-1
18;88;600;-1
32;88;417;-1
41;88;600;-1
42;88;600;-1
50;88;600;-1
51;88;600;-1
52;88;600;-1
53;88;600;-1
66;88;3101;-1
69;88;600;-1
70;88;600;-1
71;88;600;-1
72;88;600;-1
73;88;600;-1
80;88;600;-1
81;88;600;-1
82;88;600;-1
83;88;600;-1
84;88;600;-1
85;88;600;-1
95;88;418;-1
99;88;600;-1
0;89;600;-1
2;89;420;-1
9;89;600;-1
12;89;600;-1
13;89;600;-1
14;89;600;-1
15;89;600;-1
16;89;600;-1
18;89;600;-1
36;89;3101;-1
40;89;415;-1
41;89;600;-1
53;89;600;-1
54;89;600;-1
55;89;600;-1
56;89;600;-1
57;89;600;-1
58;89;600;-1
70;89;418;-1
73;89;600;-1
80;89;600;-1
83;89;3097;-1
84;89;413;-1
84;89;3097;-1
91;89;1025;-1
92;89;1023;-1
98;89;416;-1
99;89;600;-1
0;90;600;-1
8;90;1796;-1
8;90;1019;-1
9;90;600;-1
18;90;600;-1
27;90;3101;-1
41;90;600;-1
58;90;600;-1
59;90;600;-1
60;90;600;-1
62;90;420;-1
63;90;420;-1
67;90;2937;-1
70;90;3102;-1
73;90;600;-1
74;90;600;-1
75;90;600;-1
76;90;600;-1
77;90;600;-1
78;90;600;-1
79;90;600;-1
80;90;600;-1
84;90;1024;-1
85;90;1020;-1
86;90;1021;-1
86;90;513;-1
87;90;1793;-1
87;90;3097;-1
95;90;2805;-1
97;90;2805;-1
99;90;600;-1
0;91;600;-1
7;91;2038;-1
8;91;1794;-1
9;91;600;-1
18;91;600;-1
25;91;3100;-1
33;91;3100;-1
35;91;414;-1
41;91;600;-1
60;91;600;-1
61;91;600;-1
64;91;3100;-1
73;91;419;-1
76;91;3097;-1
78;91;412;-1
81;91;3100;-1
83;91;2039;-1
84;91;3109;0;nameDe=Karte;nameEn=Map;descriptionDe=Das scheint eine art Karte diesr Höhle zu sein.  Es sieht wie ein Labyrinth aus.  Des Weiteren scheint es als hätte das Labyrinth neun Kammern. Außerdem erkennst du, dass in jeder Kammer eine verschiedene Anzahl an schwarzen Punkten eingezeichnet zu sein. Was es damit wohl auf sich hat?;descriptionEn=This seems like a map of this cave. It looks like a maze. In addition it seems that the maze has nine chambers. Furthermore, you can see that each chamber has a different number of black points on it. What does this mean?
95;91;2937;-1
97;91;513;-1
99;91;600;-1
0;92;600;-1
3;92;2805;-1
7;92;2805;-1
9;92;600;-1
10;92;600;-1
11;92;600;-1
18;92;600;-1
36;92;600;-1
37;92;600;-1
38;92;600;-1
39;92;600;-1
40;92;600;-1
41;92;600;-1
61;92;600;-1
76;92;621;-1
77;92;620;-1
78;92;619;-1
79;92;619;-1
80;92;620;-1
80;92;3101;-1
81;92;618;-1
85;92;3102;-1
87;92;621;-1
88;92;620;-1
89;92;619;-1
90;92;619;-1
91;92;619;-1
92;92;620;-1
93;92;618;-1
94;92;3102;-1
96;92;3101;-1
97;92;2805;-1
98;92;3097;-1
99;92;600;-1
0;93;600;-1
9;93;418;-1
10;93;3097;-1
11;93;600;-1
18;93;600;-1
19;93;600;-1
20;93;600;-1
21;93;600;-1
34;93;600;-1
35;93;600;-1
36;93;600;-1
61;93;600;-1
66;93;2937;-1
72;93;3101;-1
74;93;3102;-1
76;93;621;-1
77;93;620;-1
78;93;619;-1
78;93;3102;-1
79;93;619;-1
80;93;620;-1
81;93;618;-1
85;93;3101;-1
87;93;621;-1
88;93;620;-1
89;93;619;-1
90;93;619;-1
91;93;619;-1
92;93;620;-1
93;93;618;-1
97;93;513;-1
98;93;3097;-1
99;93;600;-1
0;94;600;-1
3;94;2805;-1
7;94;2805;-1
9;94;3101;-1
10;94;3097;-1
11;94;600;-1
21;94;600;-1
32;94;600;-1
33;94;600;-1
34;94;600;-1
61;94;600;-1
84;94;3100;-1
84;94;2937;-1
95;94;2805;-1
96;94;3097;-1
97;94;2805;-1
98;94;3097;-1
99;94;600;-1
0;95;600;-1
4;95;3097;-1
5;95;3097;-1
10;95;416;-1
11;95;600;-1
21;95;600;-1
29;95;600;-1
30;95;600;-1
31;95;600;-1
32;95;600;-1
61;95;600;-1
70;95;3100;-1
71;95;3098;-1
93;95;3101;-1
95;95;3102;-1
99;95;600;-1
0;96;600;-1
3;96;421;-1
3;96;421;-1
11;96;600;-1
21;96;600;-1
27;96;600;-1
28;96;600;-1
29;96;600;-1
61;96;600;-1
66;96;422;-1
67;96;422;-1
76;96;421;-1
77;96;421;-1
98;96;414;-1
99;96;600;-1
0;97;600;-1
9;97;421;-1
11;97;600;-1
21;97;600;-1
27;97;600;-1
61;97;600;-1
66;97;422;-1
67;97;422;-1
76;97;421;-1
77;97;421;-1
80;97;422;-1
81;97;422;-1
82;97;422;-1
89;97;421;-1
90;97;421;-1
99;97;600;-1
0;98;600;-1
11;98;600;-1
21;98;600;-1
27;98;600;-1
61;98;600;-1
89;98;421;-1
90;98;421;-1
99;98;600;-1
0;99;600;-1
1;99;600;-1
2;99;600;-1
3;99;600;-1
4;99;600;-1
5;99;600;-1
6;99;600;-1
7;99;600;-1
8;99;600;-1
9;99;600;-1
10;99;600;-1
11;99;600;-1
12;99;600;-1
13;99;600;-1
14;99;600;-1
15;99;600;-1
16;99;600;-1
17;99;600;-1
18;99;600;-1
19;99;600;-1
20;99;600;-1
21;99;600;-1
22;99;600;-1
23;99;600;-1
24;99;600;-1
25;99;600;-1
26;99;600;-1
27;99;600;-1
28;99;600;-1
29;99;600;-1
30;99;600;-1
31;99;600;-1
32;99;600;-1
33;99;600;-1
34;99;600;-1
35;99;600;-1
36;99;600;-1
37;99;600;-1
38;99;600;-1
39;99;600;-1
40;99;600;-1
41;99;600;-1
42;99;600;-1
43;99;600;-1
44;99;600;-1
45;99;600;-1
46;99;600;-1
47;99;600;-1
48;99;600;-1
49;99;600;-1
50;99;600;-1
51;99;600;-1
52;99;600;-1
53;99;600;-1
54;99;600;-1
55;99;600;-1
56;99;600;-1
57;99;600;-1
58;99;600;-1
59;99;600;-1
60;99;600;-1
61;99;600;-1
62;99;600;-1
63;99;600;-1
64;99;600;-1
65;99;600;-1
66;99;600;-1
67;99;600;-1
68;99;600;-1
69;99;600;-1
70;99;600;-1
71;99;600;-1
72;99;600;-1
73;99;600;-1
74;99;600;-1
75;99;600;-1
76;99;600;-1
77;99;600;-1
78;99;600;-1
79;99;600;-1
80;99;600;-1
81;99;600;-1
82;99;600;-1
83;99;600;-1
84;99;600;-1
85;99;600;-1
86;99;600;-1
87;99;600;-1
88;99;600;-1
89;99;600;-1
90;99;600;-1
91;99;600;-1
92;99;600;-1
93;99;600;-1
94;99;600;-1
95;99;600;-1
96;99;600;-1
97;99;600;-1
98;99;600;-1
99;99;600;-1
