# Illarion Server
# 
# This program is free software: you can redistribute it and/or modify it under
# the terms of the GNU Affero General Public License as published by the Free
# Software Foundation, either version 3 of the License, or (at your option) any
# later version.
# 
# This program is distributed in the hope that it will be useful, but WITHOUT
# ANY WARRANTY; without even the implied warranty of MERCHANTABILITY or FITNESS
# FOR A PARTICULAR PURPOSE.  See the GNU Affero General Public License for more
# details.
# 
# You should have received a copy of the GNU Affero General Public License along
# with this program.  If not, see <http://www.gnu.org/licenses/>.
V: 2
L: -18
X: 247
Y: 661
W: 50
H: 50
0;0;17;11
0;1;17;11
0;2;17;11
0;3;17;11
0;4;17;11
0;5;17;11
0;6;17;11
0;7;17;11
0;8;17;11
0;9;17;11
0;10;17;11
0;11;17;11
0;12;17;11
0;13;17;11
0;14;17;11
0;15;17;11
0;16;17;11
0;17;17;11
0;18;17;11
0;19;17;11
0;20;17;11
0;21;17;11
0;22;17;11
0;23;17;11
0;24;17;11
0;25;17;11
0;26;17;11
0;27;17;11
0;28;17;11
0;29;17;11
0;30;17;11
0;31;17;11
0;32;17;11
0;33;17;11
0;34;17;11
0;35;17;11
0;36;17;11
0;37;17;11
0;38;17;11
0;39;17;11
0;40;17;11
0;41;17;11
0;42;17;11
0;43;17;11
0;44;17;11
0;45;17;11
0;46;17;11
0;47;17;11
0;48;17;11
0;49;17;11
1;0;17;11
1;1;17;11
1;2;17;11
1;3;17;11
1;4;17;11
1;5;17;11
1;6;17;11
1;7;17;11
1;8;17;11
1;9;17;11
1;10;17;11
1;11;17;11
1;12;17;11
1;13;17;11
1;14;17;11
1;15;17;11
1;16;17;11
1;17;17;11
1;18;17;11
1;19;17;11
1;20;17;11
1;21;17;11
1;22;17;11
1;23;17;11
1;24;17;11
1;25;17;11
1;26;17;11
1;27;17;11
1;28;17;11
1;29;17;11
1;30;17;11
1;31;17;11
1;32;17;11
1;33;17;11
1;34;17;11
1;35;17;11
1;36;17;11
1;37;17;11
1;38;17;11
1;39;17;11
1;40;17;11
1;41;17;11
1;42;17;11
1;43;17;11
1;44;17;11
1;45;17;11
1;46;17;11
1;47;17;11
1;48;17;11
1;49;17;11
2;0;17;11
2;1;17;11
2;2;17;11
2;3;17;11
2;4;17;11
2;5;17;11
2;6;17;11
2;7;17;11
2;8;17;11
2;9;17;11
2;10;17;11
2;11;17;11
2;12;17;11
2;13;17;11
2;14;17;11
2;15;17;11
2;16;17;11
2;17;17;11
2;18;17;11
2;19;17;11
2;20;17;11
2;21;17;11
2;22;17;11
2;23;17;11
2;24;17;11
2;25;17;11
2;26;17;11
2;27;17;11
2;28;17;11
2;29;17;11
2;30;17;11
2;31;17;11
2;32;17;11
2;33;17;11
2;34;17;11
2;35;17;11
2;36;17;11
2;37;17;11
2;38;17;11
2;39;17;11
2;40;17;11
2;41;17;11
2;42;17;11
2;43;17;11
2;44;17;11
2;45;17;11
2;46;17;11
2;47;17;11
2;48;17;11
2;49;17;11
3;0;17;11
3;1;17;11
3;2;17;11
3;3;17;11
3;4;17;11
3;5;17;11
3;6;17;11
3;7;17;11
3;8;17;11
3;9;17;11
3;10;17;11
3;11;17;11
3;12;17;11
3;13;17;11
3;14;17;11
3;15;17;11
3;16;17;11
3;17;17;11
3;18;17;11
3;19;17;11
3;20;17;11
3;21;17;11
3;22;17;11
3;23;17;11
3;24;17;11
3;25;17;11
3;26;17;11
3;27;17;11
3;28;17;11
3;29;17;11
3;30;17;11
3;31;17;11
3;32;17;11
3;33;17;11
3;34;17;11
3;35;17;11
3;36;17;11
3;37;17;11
3;38;17;11
3;39;17;11
3;40;17;11
3;41;17;11
3;42;17;11
3;43;17;11
3;44;17;11
3;45;17;11
3;46;17;11
3;47;17;11
3;48;17;11
3;49;17;11
4;0;17;11
4;1;17;11
4;2;17;11
4;3;17;11
4;4;17;11
4;5;17;11
4;6;17;11
4;7;17;11
4;8;17;11
4;9;17;11
4;10;17;11
4;11;17;11
4;12;17;11
4;13;17;11
4;14;17;11
4;15;17;11
4;16;17;11
4;17;17;11
4;18;17;11
4;19;17;11
4;20;17;11
4;21;17;11
4;22;17;11
4;23;17;11
4;24;17;11
4;25;17;11
4;26;17;11
4;27;17;11
4;28;17;11
4;29;17;11
4;30;17;11
4;31;17;11
4;32;17;11
4;33;17;11
4;34;17;11
4;35;17;11
4;36;17;11
4;37;17;11
4;38;17;11
4;39;17;11
4;40;17;11
4;41;17;11
4;42;17;11
4;43;17;11
4;44;17;11
4;45;17;11
4;46;17;11
4;47;17;11
4;48;17;11
4;49;17;11
5;0;17;11
5;1;17;11
5;2;17;11
5;3;17;11
5;4;17;11
5;5;17;11
5;6;17;11
5;7;17;11
5;8;17;11
5;9;17;11
5;10;17;11
5;11;17;11
5;12;17;11
5;13;17;11
5;14;17;11
5;15;17;11
5;16;17;11
5;17;17;11
5;18;17;11
5;19;17;11
5;20;17;11
5;21;17;11
5;22;17;11
5;23;17;11
5;24;17;11
5;25;17;11
5;26;17;11
5;27;17;11
5;28;17;11
5;29;17;11
5;30;17;11
5;31;17;11
5;32;17;11
5;33;17;11
5;34;17;11
5;35;17;11
5;36;17;11
5;37;17;11
5;38;17;11
5;39;17;11
5;40;17;11
5;41;17;11
5;42;17;11
5;43;17;11
5;44;17;11
5;45;17;11
5;46;17;11
5;47;17;11
5;48;17;11
5;49;17;11
6;0;17;11
6;1;17;11
6;2;17;11
6;3;17;11
6;4;17;11
6;5;17;11
6;6;17;11
6;7;17;11
6;8;17;11
6;9;17;11
6;10;17;11
6;11;17;11
6;12;17;11
6;13;17;11
6;14;17;11
6;15;17;11
6;16;17;11
6;17;17;11
6;18;17;11
6;19;17;11
6;20;17;11
6;21;17;11
6;22;17;11
6;23;17;11
6;24;17;11
6;25;17;11
6;26;17;11
6;27;17;11
6;28;17;11
6;29;17;11
6;30;17;11
6;31;17;11
6;32;17;11
6;33;17;11
6;34;17;11
6;35;17;11
6;36;17;11
6;37;17;11
6;38;17;11
6;39;17;11
6;40;17;11
6;41;17;11
6;42;17;11
6;43;17;11
6;44;17;11
6;45;17;11
6;46;17;11
6;47;17;11
6;48;17;11
6;49;17;11
7;0;17;11
7;1;17;11
7;2;17;11
7;3;17;11
7;4;17;11
7;5;17;11
7;6;17;11
7;7;17;11
7;8;17;11
7;9;17;11
7;10;17;11
7;11;17;11
7;12;17;11
7;13;17;11
7;14;17;11
7;15;17;11
7;16;17;11
7;17;17;11
7;18;17;11
7;19;17;11
7;20;17;11
7;21;17;11
7;22;17;11
7;23;17;11
7;24;17;11
7;25;17;11
7;26;17;11
7;27;17;11
7;28;17;11
7;29;17;11
7;30;17;11
7;31;17;11
7;32;17;11
7;33;17;11
7;34;17;11
7;35;17;11
7;36;17;11
7;37;17;11
7;38;17;11
7;39;17;11
7;40;17;11
7;41;17;11
7;42;17;11
7;43;17;11
7;44;17;11
7;45;17;11
7;46;17;11
7;47;17;11
7;48;17;11
7;49;17;11
8;0;17;11
8;1;17;11
8;2;17;11
8;3;17;11
8;4;17;11
8;5;17;11
8;6;34;11
8;7;34;11
8;8;34;11
8;9;34;11
8;10;34;11
8;11;34;11
8;12;34;11
8;13;34;11
8;14;34;11
8;15;34;11
8;16;34;11
8;17;34;11
8;18;34;11
8;19;34;11
8;20;34;11
8;21;34;11
8;22;34;11
8;23;34;11
8;24;34;11
8;25;34;11
8;26;34;11
8;27;34;11
8;28;34;11
8;29;34;11
8;30;34;11
8;31;34;11
8;32;34;11
8;33;34;11
8;34;34;11
8;35;34;11
8;36;34;11
8;37;34;11
8;38;34;11
8;39;34;11
8;40;34;11
8;41;34;11
8;42;17;11
8;43;17;11
8;44;17;11
8;45;17;11
8;46;17;11
8;47;17;11
8;48;17;11
8;49;17;11
9;0;17;11
9;1;17;11
9;2;17;11
9;3;17;11
9;4;17;11
9;5;17;11
9;6;34;11
9;7;34;11
9;8;34;11
9;9;34;11
9;10;34;11
9;11;34;11
9;12;34;11
9;13;34;11
9;14;34;11
9;15;34;11
9;16;34;11
9;17;34;11
9;18;34;11
9;19;34;11
9;20;34;11
9;21;34;11
9;22;34;11
9;23;34;11
9;24;34;11
9;25;34;11
9;26;34;11
9;27;34;11
9;28;34;11
9;29;34;11
9;30;34;11
9;31;34;11
9;32;34;11
9;33;34;11
9;34;34;11
9;35;34;11
9;36;34;11
9;37;34;11
9;38;34;11
9;39;34;11
9;40;34;11
9;41;34;11
9;42;17;11
9;43;17;11
9;44;17;11
9;45;17;11
9;46;17;11
9;47;17;11
9;48;17;11
9;49;17;11
10;0;17;11
10;1;17;11
10;2;17;11
10;3;17;11
10;4;17;11
10;5;17;11
10;6;34;11
10;7;34;11
10;8;34;11
10;9;34;11
10;10;34;11
10;11;34;11
10;12;34;11
10;13;34;11
10;14;34;11
10;15;34;11
10;16;34;11
10;17;34;11
10;18;34;11
10;19;34;11
10;20;34;11
10;21;34;11
10;22;34;11
10;23;34;11
10;24;34;11
10;25;34;11
10;26;34;11
10;27;34;11
10;28;34;11
10;29;34;11
10;30;34;11
10;31;34;11
10;32;34;11
10;33;34;11
10;34;34;11
10;35;34;11
10;36;34;11
10;37;34;11
10;38;34;11
10;39;34;11
10;40;34;11
10;41;34;11
10;42;17;11
10;43;17;11
10;44;17;11
10;45;17;11
10;46;17;11
10;47;17;11
10;48;17;11
10;49;17;11
11;0;17;11
11;1;17;11
11;2;17;11
11;3;17;11
11;4;17;11
11;5;17;11
11;6;34;11
11;7;34;11
11;8;34;11
11;9;34;11
11;10;34;11
11;11;34;11
11;12;34;11
11;13;34;11
11;14;34;11
11;15;34;11
11;16;34;11
11;17;34;11
11;18;34;11
11;19;34;11
11;20;34;11
11;21;34;11
11;22;34;11
11;23;34;11
11;24;34;11
11;25;34;11
11;26;34;11
11;27;34;11
11;28;34;11
11;29;34;11
11;30;34;11
11;31;34;11
11;32;34;11
11;33;34;11
11;34;34;11
11;35;34;11
11;36;34;11
11;37;34;11
11;38;34;11
11;39;34;11
11;40;34;11
11;41;34;11
11;42;17;11
11;43;17;11
11;44;17;11
11;45;17;11
11;46;17;11
11;47;17;11
11;48;17;11
11;49;17;11
12;0;17;11
12;1;17;11
12;2;17;11
12;3;17;11
12;4;17;11
12;5;17;11
12;6;34;11
12;7;34;11
12;8;34;11
12;9;34;11
12;10;34;11
12;11;34;11
12;12;34;11
12;13;34;11
12;14;34;11
12;15;34;11
12;16;34;11
12;17;34;11
12;18;34;11
12;19;34;11
12;20;34;11
12;21;34;11
12;22;34;11
12;23;34;11
12;24;34;11
12;25;34;11
12;26;34;11
12;27;34;11
12;28;34;11
12;29;34;11
12;30;34;11
12;31;34;11
12;32;34;11
12;33;34;11
12;34;34;11
12;35;34;11
12;36;34;11
12;37;34;11
12;38;34;11
12;39;34;11
12;40;34;11
12;41;34;11
12;42;17;11
12;43;17;11
12;44;17;11
12;45;17;11
12;46;17;11
12;47;17;11
12;48;17;11
12;49;17;11
13;0;17;11
13;1;17;11
13;2;17;11
13;3;17;11
13;4;17;11
13;5;17;11
13;6;34;11
13;7;34;11
13;8;34;11
13;9;34;11
13;10;34;11
13;11;34;11
13;12;34;11
13;13;34;11
13;14;34;11
13;15;34;11
13;16;34;11
13;17;34;11
13;18;34;11
13;19;34;11
13;20;34;11
13;21;34;11
13;22;34;11
13;23;34;11
13;24;34;11
13;25;34;11
13;26;34;11
13;27;34;11
13;28;34;11
13;29;34;11
13;30;34;11
13;31;34;11
13;32;34;11
13;33;34;11
13;34;34;11
13;35;34;11
13;36;34;11
13;37;34;11
13;38;34;11
13;39;34;11
13;40;34;11
13;41;34;11
13;42;17;11
13;43;17;11
13;44;17;11
13;45;17;11
13;46;17;11
13;47;17;11
13;48;17;11
13;49;17;11
14;0;17;11
14;1;17;11
14;2;17;11
14;3;17;11
14;4;17;11
14;5;17;11
14;6;34;11
14;7;34;11
14;8;34;11
14;9;34;11
14;10;34;11
14;11;34;11
14;12;34;11
14;13;34;11
14;14;34;11
14;15;34;11
14;16;34;11
14;17;34;11
14;18;34;11
14;19;34;11
14;20;34;11
14;21;34;11
14;22;34;11
14;23;34;11
14;24;34;11
14;25;34;11
14;26;34;11
14;27;34;11
14;28;34;11
14;29;34;11
14;30;34;11
14;31;34;11
14;32;34;11
14;33;34;11
14;34;34;11
14;35;34;11
14;36;34;11
14;37;34;11
14;38;34;11
14;39;34;11
14;40;34;11
14;41;34;11
14;42;17;11
14;43;17;11
14;44;17;11
14;45;17;11
14;46;17;11
14;47;17;11
14;48;17;11
14;49;17;11
15;0;17;11
15;1;17;11
15;2;17;11
15;3;17;11
15;4;17;11
15;5;17;11
15;6;34;11
15;7;34;11
15;8;34;11
15;9;34;11
15;10;34;11
15;11;34;11
15;12;34;11
15;13;34;11
15;14;34;11
15;15;34;11
15;16;34;11
15;17;34;11
15;18;34;11
15;19;34;11
15;20;34;11
15;21;34;11
15;22;34;11
15;23;34;11
15;24;34;11
15;25;34;11
15;26;34;11
15;27;34;11
15;28;34;11
15;29;34;11
15;30;34;11
15;31;34;11
15;32;34;11
15;33;34;11
15;34;34;11
15;35;34;11
15;36;34;11
15;37;34;11
15;38;34;11
15;39;34;11
15;40;34;11
15;41;34;11
15;42;17;11
15;43;17;11
15;44;17;11
15;45;17;11
15;46;17;11
15;47;17;11
15;48;17;11
15;49;17;11
16;0;17;11
16;1;17;11
16;2;17;11
16;3;17;11
16;4;17;11
16;5;17;11
16;6;34;11
16;7;34;11
16;8;34;11
16;9;34;11
16;10;34;11
16;11;34;11
16;12;34;11
16;13;34;11
16;14;34;11
16;15;34;11
16;16;34;11
16;17;34;11
16;18;34;11
16;19;34;11
16;20;34;11
16;21;34;11
16;22;34;11
16;23;34;11
16;24;34;11
16;25;34;11
16;26;34;11
16;27;34;11
16;28;34;11
16;29;34;11
16;30;34;11
16;31;34;11
16;32;34;11
16;33;34;11
16;34;34;11
16;35;34;11
16;36;34;11
16;37;34;11
16;38;34;11
16;39;34;11
16;40;34;11
16;41;34;11
16;42;17;11
16;43;17;11
16;44;17;11
16;45;17;11
16;46;17;11
16;47;17;11
16;48;17;11
16;49;17;11
17;0;17;11
17;1;17;11
17;2;17;11
17;3;17;11
17;4;17;11
17;5;17;11
17;6;34;11
17;7;34;11
17;8;34;11
17;9;34;11
17;10;34;11
17;11;34;11
17;12;34;11
17;13;34;11
17;14;34;11
17;15;34;11
17;16;34;11
17;17;34;11
17;18;34;11
17;19;34;11
17;20;34;11
17;21;34;11
17;22;34;11
17;23;34;11
17;24;34;11
17;25;34;11
17;26;34;11
17;27;34;11
17;28;34;11
17;29;34;11
17;30;34;11
17;31;34;11
17;32;34;11
17;33;34;11
17;34;34;11
17;35;34;11
17;36;34;11
17;37;34;11
17;38;34;11
17;39;34;11
17;40;34;11
17;41;34;11
17;42;17;11
17;43;17;11
17;44;17;11
17;45;17;11
17;46;17;11
17;47;17;11
17;48;17;11
17;49;17;11
18;0;17;11
18;1;17;11
18;2;17;11
18;3;17;11
18;4;17;11
18;5;17;11
18;6;34;11
18;7;34;11
18;8;34;11
18;9;34;11
18;10;34;11
18;11;34;11
18;12;34;11
18;13;34;11
18;14;34;11
18;15;34;11
18;16;34;11
18;17;34;11
18;18;34;11
18;19;34;11
18;20;34;11
18;21;34;11
18;22;34;11
18;23;34;11
18;24;34;11
18;25;34;11
18;26;34;11
18;27;34;11
18;28;34;11
18;29;34;11
18;30;34;11
18;31;34;11
18;32;34;11
18;33;34;11
18;34;34;11
18;35;34;11
18;36;34;11
18;37;34;11
18;38;34;11
18;39;34;11
18;40;34;11
18;41;34;11
18;42;17;11
18;43;17;11
18;44;17;11
18;45;17;11
18;46;17;11
18;47;17;11
18;48;17;11
18;49;17;11
19;0;17;11
19;1;17;11
19;2;17;11
19;3;17;11
19;4;17;11
19;5;17;11
19;6;34;11
19;7;34;11
19;8;34;11
19;9;34;11
19;10;34;11
19;11;34;11
19;12;34;11
19;13;34;11
19;14;34;11
19;15;34;11
19;16;34;11
19;17;34;11
19;18;34;11
19;19;34;11
19;20;34;11
19;21;34;11
19;22;34;11
19;23;34;11
19;24;34;11
19;25;34;11
19;26;34;11
19;27;34;11
19;28;34;11
19;29;34;11
19;30;34;11
19;31;34;11
19;32;34;11
19;33;34;11
19;34;34;11
19;35;34;11
19;36;34;11
19;37;34;11
19;38;34;11
19;39;34;11
19;40;34;11
19;41;34;11
19;42;17;11
19;43;17;11
19;44;17;11
19;45;17;11
19;46;17;11
19;47;17;11
19;48;17;11
19;49;17;11
20;0;17;11
20;1;17;11
20;2;17;11
20;3;17;11
20;4;17;11
20;5;17;11
20;6;34;11
20;7;34;11
20;8;34;11
20;9;34;11
20;10;34;11
20;11;34;11
20;12;34;11
20;13;34;11
20;14;34;11
20;15;34;11
20;16;34;11
20;17;34;11
20;18;34;11
20;19;34;11
20;20;34;11
20;21;34;11
20;22;34;11
20;23;34;11
20;24;34;11
20;25;34;11
20;26;34;11
20;27;34;11
20;28;34;11
20;29;34;11
20;30;34;11
20;31;34;11
20;32;34;11
20;33;34;11
20;34;34;11
20;35;34;11
20;36;34;11
20;37;34;11
20;38;34;11
20;39;34;11
20;40;34;11
20;41;34;11
20;42;17;11
20;43;17;11
20;44;17;11
20;45;17;11
20;46;17;11
20;47;17;11
20;48;17;11
20;49;17;11
21;0;17;11
21;1;17;11
21;2;17;11
21;3;17;11
21;4;17;11
21;5;17;11
21;6;34;11
21;7;34;11
21;8;34;11
21;9;34;11
21;10;34;11
21;11;34;11
21;12;34;11
21;13;34;11
21;14;34;11
21;15;34;11
21;16;34;11
21;17;34;11
21;18;34;11
21;19;34;11
21;20;34;11
21;21;34;11
21;22;34;11
21;23;34;11
21;24;34;11
21;25;34;11
21;26;34;11
21;27;34;11
21;28;34;11
21;29;34;11
21;30;34;11
21;31;34;11
21;32;34;11
21;33;34;11
21;34;34;11
21;35;34;11
21;36;34;11
21;37;34;11
21;38;34;11
21;39;34;11
21;40;34;11
21;41;34;11
21;42;17;11
21;43;17;11
21;44;17;11
21;45;17;11
21;46;17;11
21;47;17;11
21;48;17;11
21;49;17;11
22;0;17;11
22;1;17;11
22;2;17;11
22;3;17;11
22;4;17;11
22;5;17;11
22;6;34;11
22;7;34;11
22;8;34;11
22;9;34;11
22;10;34;11
22;11;34;11
22;12;34;11
22;13;34;11
22;14;34;11
22;15;34;11
22;16;34;11
22;17;34;11
22;18;34;11
22;19;34;11
22;20;34;11
22;21;34;11
22;22;34;11
22;23;34;11
22;24;34;11
22;25;34;11
22;26;34;11
22;27;34;11
22;28;34;11
22;29;34;11
22;30;34;11
22;31;34;11
22;32;34;11
22;33;34;11
22;34;34;11
22;35;34;11
22;36;34;11
22;37;34;11
22;38;34;11
22;39;34;11
22;40;34;11
22;41;34;11
22;42;17;11
22;43;17;11
22;44;17;11
22;45;17;11
22;46;17;11
22;47;17;11
22;48;17;11
22;49;17;11
23;0;17;11
23;1;17;11
23;2;17;11
23;3;17;11
23;4;17;11
23;5;17;11
23;6;34;11
23;7;34;11
23;8;34;11
23;9;34;11
23;10;34;11
23;11;34;11
23;12;34;11
23;13;34;11
23;14;34;11
23;15;34;11
23;16;34;11
23;17;34;11
23;18;34;11
23;19;34;11
23;20;34;11
23;21;34;11
23;22;34;11
23;23;34;11
23;24;34;11
23;25;34;11
23;26;34;11
23;27;34;11
23;28;34;11
23;29;34;11
23;30;34;11
23;31;34;11
23;32;34;11
23;33;34;11
23;34;34;11
23;35;34;11
23;36;34;11
23;37;34;11
23;38;34;11
23;39;34;11
23;40;34;11
23;41;34;11
23;42;17;11
23;43;17;11
23;44;17;11
23;45;17;11
23;46;17;11
23;47;17;11
23;48;17;11
23;49;17;11
24;0;17;11
24;1;17;11
24;2;17;11
24;3;17;11
24;4;17;11
24;5;17;11
24;6;34;11
24;7;34;11
24;8;34;11
24;9;34;11
24;10;34;11
24;11;34;11
24;12;34;11
24;13;34;11
24;14;34;11
24;15;34;11
24;16;34;11
24;17;34;11
24;18;34;11
24;19;34;11
24;20;34;11
24;21;34;11
24;22;34;11
24;23;34;11
24;24;34;11
24;25;34;11
24;26;34;11
24;27;34;11
24;28;34;11
24;29;34;11
24;30;34;11
24;31;34;11
24;32;34;11
24;33;34;11
24;34;34;11
24;35;34;11
24;36;34;11
24;37;17;11
24;38;17;11
24;39;17;11
24;40;17;11
24;41;17;11
24;42;17;11
24;43;17;11
24;44;17;11
24;45;17;11
24;46;17;11
24;47;17;11
24;48;17;11
24;49;17;11
25;0;17;11
25;1;17;11
25;2;17;11
25;3;17;11
25;4;17;11
25;5;17;11
25;6;34;11
25;7;34;11
25;8;34;11
25;9;34;11
25;10;34;11
25;11;34;11
25;12;34;11
25;13;34;11
25;14;34;11
25;15;34;11
25;16;34;11
25;17;34;11
25;18;34;11
25;19;34;11
25;20;34;11
25;21;34;11
25;22;34;11
25;23;34;11
25;24;34;11
25;25;34;11
25;26;34;11
25;27;34;11
25;28;34;11
25;29;34;11
25;30;34;11
25;31;34;11
25;32;34;11
25;33;34;11
25;34;34;11
25;35;34;11
25;36;34;11
25;37;17;11
25;38;17;11
25;39;17;11
25;40;17;11
25;41;17;11
25;42;17;11
25;43;17;11
25;44;17;11
25;45;17;11
25;46;17;11
25;47;17;11
25;48;17;11
25;49;17;11
26;0;17;11
26;1;17;11
26;2;17;11
26;3;17;11
26;4;17;11
26;5;17;11
26;6;17;11
26;7;17;11
26;8;17;11
26;9;17;11
26;10;17;11
26;11;17;11
26;12;17;11
26;13;34;11
26;14;34;11
26;15;34;11
26;16;34;11
26;17;34;11
26;18;34;11
26;19;34;11
26;20;34;11
26;21;34;11
26;22;34;11
26;23;34;11
26;24;34;11
26;25;34;11
26;26;34;11
26;27;34;11
26;28;34;11
26;29;34;11
26;30;34;11
26;31;34;11
26;32;34;11
26;33;34;11
26;34;34;11
26;35;34;11
26;36;34;11
26;37;17;11
26;38;17;11
26;39;17;11
26;40;17;11
26;41;17;11
26;42;17;11
26;43;17;11
26;44;17;11
26;45;17;11
26;46;17;11
26;47;17;11
26;48;17;11
26;49;17;11
27;0;17;11
27;1;17;11
27;2;17;11
27;3;17;11
27;4;17;11
27;5;17;11
27;6;17;11
27;7;17;11
27;8;17;11
27;9;17;11
27;10;17;11
27;11;17;11
27;12;17;11
27;13;34;11
27;14;34;11
27;15;34;11
27;16;34;11
27;17;34;11
27;18;34;11
27;19;34;11
27;20;34;11
27;21;34;11
27;22;34;11
27;23;34;11
27;24;34;11
27;25;34;11
27;26;34;11
27;27;34;11
27;28;34;11
27;29;34;11
27;30;34;11
27;31;34;11
27;32;34;11
27;33;34;11
27;34;34;11
27;35;34;11
27;36;34;11
27;37;17;11
27;38;17;11
27;39;17;11
27;40;17;11
27;41;17;11
27;42;17;11
27;43;17;11
27;44;17;11
27;45;17;11
27;46;17;11
27;47;17;11
27;48;17;11
27;49;17;11
28;0;17;11
28;1;17;11
28;2;17;11
28;3;17;11
28;4;17;11
28;5;17;11
28;6;17;11
28;7;17;11
28;8;17;11
28;9;17;11
28;10;17;11
28;11;17;11
28;12;17;11
28;13;34;11
28;14;34;11
28;15;34;11
28;16;34;11
28;17;34;11
28;18;34;11
28;19;34;11
28;20;34;11
28;21;34;11
28;22;34;11
28;23;34;11
28;24;34;11
28;25;34;11
28;26;34;11
28;27;34;11
28;28;34;11
28;29;34;11
28;30;34;11
28;31;34;11
28;32;34;11
28;33;34;11
28;34;34;11
28;35;34;11
28;36;34;11
28;37;17;11
28;38;17;11
28;39;17;11
28;40;17;11
28;41;17;11
28;42;17;11
28;43;17;11
28;44;17;11
28;45;17;11
28;46;17;11
28;47;17;11
28;48;17;11
28;49;17;11
29;0;17;11
29;1;17;11
29;2;17;11
29;3;17;11
29;4;17;11
29;5;17;11
29;6;17;11
29;7;17;11
29;8;17;11
29;9;17;11
29;10;17;11
29;11;17;11
29;12;17;11
29;13;34;11
29;14;34;11
29;15;34;11
29;16;34;11
29;17;34;11
29;18;34;11
29;19;34;11
29;20;34;11
29;21;34;11
29;22;34;11
29;23;34;11
29;24;34;11
29;25;34;11
29;26;34;11
29;27;34;11
29;28;34;11
29;29;34;11
29;30;34;11
29;31;34;11
29;32;34;11
29;33;34;11
29;34;34;11
29;35;34;11
29;36;34;11
29;37;34;11
29;38;34;11
29;39;34;11
29;40;34;11
29;41;34;11
29;42;34;11
29;43;34;11
29;44;34;11
29;45;34;11
29;46;34;11
29;47;34;11
29;48;34;11
29;49;34;11
30;0;17;11
30;1;17;11
30;2;17;11
30;3;17;11
30;4;17;11
30;5;17;11
30;6;17;11
30;7;17;11
30;8;17;11
30;9;17;11
30;10;17;11
30;11;17;11
30;12;17;11
30;13;34;11
30;14;34;11
30;15;34;11
30;16;34;11
30;17;34;11
30;18;34;11
30;19;34;11
30;20;34;11
30;21;34;11
30;22;34;11
30;23;34;11
30;24;34;11
30;25;34;11
30;26;34;11
30;27;34;11
30;28;34;11
30;29;34;11
30;30;34;11
30;31;34;11
30;32;34;11
30;33;34;11
30;34;34;11
30;35;34;11
30;36;34;11
30;37;34;11
30;38;34;11
30;39;34;11
30;40;34;11
30;41;34;11
30;42;34;11
30;43;34;11
30;44;34;11
30;45;34;11
30;46;34;11
30;47;34;11
30;48;34;11
30;49;34;11
31;0;34;11
31;1;34;11
31;2;34;11
31;3;34;11
31;4;34;11
31;5;34;11
31;6;34;11
31;7;34;11
31;8;34;11
31;9;34;11
31;10;34;11
31;11;34;11
31;12;34;11
31;13;34;11
31;14;34;11
31;15;34;11
31;16;34;11
31;17;34;11
31;18;34;11
31;19;34;11
31;20;34;11
31;21;34;11
31;22;34;11
31;23;34;11
31;24;34;11
31;25;34;11
31;26;34;11
31;27;34;11
31;28;34;11
31;29;34;11
31;30;34;11
31;31;34;11
31;32;34;11
31;33;34;11
31;34;34;11
31;35;34;11
31;36;34;11
31;37;34;11
31;38;34;11
31;39;34;11
31;40;34;11
31;41;34;11
31;42;34;11
31;43;34;11
31;44;34;11
31;45;34;11
31;46;34;11
31;47;34;11
31;48;34;11
31;49;34;11
32;0;34;11
32;1;34;11
32;2;34;11
32;3;34;11
32;4;34;11
32;5;34;11
32;6;34;11
32;7;34;11
32;8;34;11
32;9;34;11
32;10;34;11
32;11;34;11
32;12;34;11
32;13;34;11
32;14;34;11
32;15;34;11
32;16;34;11
32;17;34;11
32;18;34;11
32;19;34;11
32;20;34;11
32;21;34;11
32;22;34;11
32;23;34;11
32;24;34;11
32;25;34;11
32;26;34;11
32;27;34;11
32;28;34;11
32;29;34;11
32;30;34;11
32;31;34;11
32;32;34;11
32;33;34;11
32;34;34;11
32;35;34;11
32;36;34;11
32;37;34;11
32;38;34;11
32;39;34;11
32;40;34;11
32;41;34;11
32;42;34;11
32;43;34;11
32;44;34;11
32;45;34;11
32;46;34;11
32;47;34;11
32;48;34;11
32;49;34;11
33;0;34;11
33;1;34;11
33;2;34;11
33;3;34;11
33;4;34;11
33;5;34;11
33;6;34;11
33;7;34;11
33;8;34;11
33;9;34;11
33;10;34;11
33;11;34;11
33;12;34;11
33;13;34;11
33;14;34;11
33;15;34;11
33;16;34;11
33;17;34;11
33;18;34;11
33;19;34;11
33;20;34;11
33;21;34;11
33;22;34;11
33;23;34;11
33;24;34;11
33;25;34;11
33;26;34;11
33;27;34;11
33;28;34;11
33;29;34;11
33;30;34;11
33;31;34;11
33;32;34;11
33;33;34;11
33;34;34;11
33;35;34;11
33;36;34;11
33;37;34;11
33;38;34;11
33;39;34;11
33;40;34;11
33;41;34;11
33;42;34;11
33;43;34;11
33;44;34;11
33;45;34;11
33;46;34;11
33;47;34;11
33;48;34;11
33;49;34;11
34;0;34;11
34;1;34;11
34;2;34;11
34;3;34;11
34;4;34;11
34;5;34;11
34;6;34;11
34;7;34;11
34;8;34;11
34;9;34;11
34;10;34;11
34;11;34;11
34;12;34;11
34;13;34;11
34;14;34;11
34;15;34;11
34;16;34;11
34;17;34;11
34;18;34;11
34;19;34;11
34;20;34;11
34;21;34;11
34;22;34;11
34;23;34;11
34;24;34;11
34;25;34;11
34;26;34;11
34;27;34;11
34;28;34;11
34;29;34;11
34;30;34;11
34;31;34;11
34;32;34;11
34;33;34;11
34;34;34;11
34;35;34;11
34;36;34;11
34;37;34;11
34;38;34;11
34;39;34;11
34;40;34;11
34;41;34;11
34;42;34;11
34;43;34;11
34;44;34;11
34;45;34;11
34;46;34;11
34;47;34;11
34;48;34;11
34;49;34;11
35;0;34;11
35;1;34;11
35;2;34;11
35;3;34;11
35;4;34;11
35;5;34;11
35;6;34;11
35;7;34;11
35;8;34;11
35;9;34;11
35;10;34;11
35;11;34;11
35;12;34;11
35;13;34;11
35;14;34;11
35;15;34;11
35;16;34;11
35;17;34;11
35;18;34;11
35;19;34;11
35;20;34;11
35;21;34;11
35;22;34;11
35;23;34;11
35;24;34;11
35;25;34;11
35;26;34;11
35;27;34;11
35;28;34;11
35;29;34;11
35;30;34;11
35;31;34;11
35;32;34;11
35;33;34;11
35;34;34;11
35;35;34;11
35;36;34;11
35;37;34;11
35;38;34;11
35;39;34;11
35;40;34;11
35;41;34;11
35;42;34;11
35;43;34;11
35;44;34;11
35;45;34;11
35;46;34;11
35;47;34;11
35;48;34;11
35;49;34;11
36;0;34;11
36;1;34;11
36;2;34;11
36;3;34;11
36;4;34;11
36;5;34;11
36;6;34;11
36;7;34;11
36;8;34;11
36;9;34;11
36;10;34;11
36;11;34;11
36;12;34;11
36;13;34;11
36;14;34;11
36;15;34;11
36;16;34;11
36;17;34;11
36;18;34;11
36;19;34;11
36;20;34;11
36;21;34;11
36;22;34;11
36;23;34;11
36;24;34;11
36;25;34;11
36;26;34;11
36;27;34;11
36;28;34;11
36;29;34;11
36;30;34;11
36;31;34;11
36;32;34;11
36;33;34;11
36;34;34;11
36;35;34;11
36;36;34;11
36;37;34;11
36;38;34;11
36;39;34;11
36;40;34;11
36;41;34;11
36;42;34;11
36;43;34;11
36;44;34;11
36;45;34;11
36;46;34;11
36;47;34;11
36;48;34;11
36;49;34;11
37;0;34;11
37;1;34;11
37;2;34;11
37;3;34;11
37;4;34;11
37;5;34;11
37;6;34;11
37;7;34;11
37;8;34;11
37;9;34;11
37;10;34;11
37;11;34;11
37;12;34;11
37;13;34;11
37;14;34;11
37;15;34;11
37;16;34;11
37;17;34;11
37;18;34;11
37;19;34;11
37;20;34;11
37;21;34;11
37;22;34;11
37;23;34;11
37;24;34;11
37;25;34;11
37;26;34;11
37;27;34;11
37;28;34;11
37;29;34;11
37;30;34;11
37;31;34;11
37;32;34;11
37;33;34;11
37;34;34;11
37;35;34;11
37;36;34;11
37;37;34;11
37;38;34;11
37;39;34;11
37;40;34;11
37;41;34;11
37;42;34;11
37;43;34;11
37;44;34;11
37;45;34;11
37;46;34;11
37;47;34;11
37;48;34;11
37;49;34;11
38;0;34;11
38;1;34;11
38;2;34;11
38;3;34;11
38;4;34;11
38;5;34;11
38;6;34;11
38;7;34;11
38;8;34;11
38;9;34;11
38;10;34;11
38;11;34;11
38;12;34;11
38;13;34;11
38;14;34;11
38;15;34;11
38;16;34;11
38;17;34;11
38;18;34;11
38;19;34;11
38;20;34;11
38;21;34;11
38;22;34;11
38;23;34;11
38;24;34;11
38;25;34;11
38;26;34;11
38;27;34;11
38;28;34;11
38;29;34;11
38;30;34;11
38;31;34;11
38;32;34;11
38;33;34;11
38;34;34;11
38;35;34;11
38;36;34;11
38;37;34;11
38;38;34;11
38;39;34;11
38;40;34;11
38;41;34;11
38;42;34;11
38;43;34;11
38;44;34;11
38;45;34;11
38;46;34;11
38;47;34;11
38;48;34;11
38;49;34;11
39;0;34;11
39;1;34;11
39;2;34;11
39;3;34;11
39;4;34;11
39;5;34;11
39;6;34;11
39;7;34;11
39;8;34;11
39;9;34;11
39;10;34;11
39;11;34;11
39;12;34;11
39;13;34;11
39;14;34;11
39;15;34;11
39;16;34;11
39;17;34;11
39;18;34;11
39;19;34;11
39;20;34;11
39;21;34;11
39;22;34;11
39;23;34;11
39;24;34;11
39;25;34;11
39;26;34;11
39;27;34;11
39;28;34;11
39;29;34;11
39;30;34;11
39;31;34;11
39;32;34;11
39;33;34;11
39;34;34;11
39;35;34;11
39;36;34;11
39;37;34;11
39;38;34;11
39;39;34;11
39;40;34;11
39;41;34;11
39;42;34;11
39;43;34;11
39;44;34;11
39;45;34;11
39;46;34;11
39;47;34;11
39;48;34;11
39;49;34;11
40;0;34;11
40;1;34;11
40;2;34;11
40;3;34;11
40;4;34;11
40;5;34;11
40;6;34;11
40;7;34;11
40;8;34;11
40;9;34;11
40;10;34;11
40;11;34;11
40;12;34;11
40;13;34;11
40;14;34;11
40;15;34;11
40;16;34;11
40;17;34;11
40;18;34;11
40;19;34;11
40;20;34;11
40;21;34;11
40;22;34;11
40;23;34;11
40;24;34;11
40;25;34;11
40;26;34;11
40;27;34;11
40;28;34;11
40;29;34;11
40;30;34;11
40;31;34;11
40;32;34;11
40;33;34;11
40;34;34;11
40;35;34;11
40;36;34;11
40;37;34;11
40;38;34;11
40;39;34;11
40;40;34;11
40;41;34;11
40;42;34;11
40;43;34;11
40;44;34;11
40;45;34;11
40;46;34;11
40;47;34;11
40;48;34;11
40;49;34;11
41;0;34;11
41;1;34;11
41;2;34;11
41;3;34;11
41;4;34;11
41;5;34;11
41;6;34;11
41;7;34;11
41;8;34;11
41;9;34;11
41;10;34;11
41;11;34;11
41;12;34;11
41;13;34;11
41;14;34;11
41;15;34;11
41;16;34;11
41;17;34;11
41;18;34;11
41;19;34;11
41;20;34;11
41;21;34;11
41;22;34;11
41;23;34;11
41;24;34;11
41;25;34;11
41;26;34;11
41;27;34;11
41;28;34;11
41;29;34;11
41;30;34;11
41;31;34;11
41;32;34;11
41;33;34;11
41;34;34;11
41;35;34;11
41;36;34;11
41;37;34;11
41;38;34;11
41;39;34;11
41;40;34;11
41;41;34;11
41;42;34;11
41;43;34;11
41;44;34;11
41;45;34;11
41;46;34;11
41;47;34;11
41;48;34;11
41;49;34;11
42;0;34;11
42;1;34;11
42;2;34;11
42;3;34;11
42;4;34;11
42;5;34;11
42;6;34;11
42;7;34;11
42;8;34;11
42;9;34;11
42;10;34;11
42;11;34;11
42;12;34;11
42;13;34;11
42;14;34;11
42;15;34;11
42;16;34;11
42;17;34;11
42;18;34;11
42;19;34;11
42;20;34;11
42;21;34;11
42;22;34;11
42;23;34;11
42;24;34;11
42;25;34;11
42;26;34;11
42;27;34;11
42;28;34;11
42;29;34;11
42;30;34;11
42;31;34;11
42;32;34;11
42;33;34;11
42;34;34;11
42;35;34;11
42;36;34;11
42;37;34;11
42;38;34;11
42;39;34;11
42;40;34;11
42;41;34;11
42;42;34;11
42;43;34;11
42;44;34;11
42;45;34;11
42;46;34;11
42;47;34;11
42;48;34;11
42;49;34;11
43;0;34;11
43;1;34;11
43;2;34;11
43;3;34;11
43;4;34;11
43;5;34;11
43;6;34;11
43;7;34;11
43;8;34;11
43;9;34;11
43;10;34;11
43;11;34;11
43;12;34;11
43;13;34;11
43;14;34;11
43;15;34;11
43;16;34;11
43;17;34;11
43;18;34;11
43;19;34;11
43;20;34;11
43;21;34;11
43;22;34;11
43;23;34;11
43;24;34;11
43;25;34;11
43;26;34;11
43;27;34;11
43;28;34;11
43;29;34;11
43;30;34;11
43;31;34;11
43;32;34;11
43;33;34;11
43;34;34;11
43;35;34;11
43;36;34;11
43;37;34;11
43;38;34;11
43;39;34;11
43;40;34;11
43;41;34;11
43;42;34;11
43;43;34;11
43;44;34;11
43;45;34;11
43;46;34;11
43;47;34;11
43;48;34;11
43;49;34;11
44;0;34;11
44;1;34;11
44;2;34;11
44;3;34;11
44;4;34;11
44;5;34;11
44;6;34;11
44;7;34;11
44;8;34;11
44;9;34;11
44;10;34;11
44;11;34;11
44;12;34;11
44;13;34;11
44;14;34;11
44;15;34;11
44;16;34;11
44;17;34;11
44;18;34;11
44;19;34;11
44;20;34;11
44;21;34;11
44;22;34;11
44;23;34;11
44;24;34;11
44;25;34;11
44;26;34;11
44;27;34;11
44;28;34;11
44;29;34;11
44;30;34;11
44;31;34;11
44;32;34;11
44;33;34;11
44;34;34;11
44;35;34;11
44;36;34;11
44;37;34;11
44;38;34;11
44;39;34;11
44;40;34;11
44;41;34;11
44;42;34;11
44;43;34;11
44;44;34;11
44;45;34;11
44;46;34;11
44;47;34;11
44;48;34;11
44;49;34;11
45;0;34;11
45;1;34;11
45;2;34;11
45;3;34;11
45;4;34;11
45;5;34;11
45;6;34;11
45;7;34;11
45;8;34;11
45;9;34;11
45;10;34;11
45;11;34;11
45;12;34;11
45;13;34;11
45;14;34;11
45;15;34;11
45;16;34;11
45;17;34;11
45;18;34;11
45;19;34;11
45;20;34;11
45;21;34;11
45;22;34;11
45;23;34;11
45;24;34;11
45;25;34;11
45;26;34;11
45;27;34;11
45;28;34;11
45;29;34;11
45;30;34;11
45;31;34;11
45;32;34;11
45;33;34;11
45;34;34;11
45;35;34;11
45;36;34;11
45;37;34;11
45;38;34;11
45;39;34;11
45;40;34;11
45;41;34;11
45;42;34;11
45;43;34;11
45;44;34;11
45;45;34;11
45;46;34;11
45;47;34;11
45;48;34;11
45;49;34;11
46;0;34;11
46;1;34;11
46;2;34;11
46;3;34;11
46;4;34;11
46;5;34;11
46;6;34;11
46;7;34;11
46;8;34;11
46;9;34;11
46;10;34;11
46;11;34;11
46;12;34;11
46;13;34;11
46;14;34;11
46;15;34;11
46;16;34;11
46;17;34;11
46;18;34;11
46;19;34;11
46;20;34;11
46;21;34;11
46;22;34;11
46;23;34;11
46;24;34;11
46;25;34;11
46;26;34;11
46;27;34;11
46;28;34;11
46;29;34;11
46;30;34;11
46;31;34;11
46;32;34;11
46;33;34;11
46;34;34;11
46;35;34;11
46;36;34;11
46;37;34;11
46;38;34;11
46;39;34;11
46;40;34;11
46;41;34;11
46;42;34;11
46;43;34;11
46;44;34;11
46;45;34;11
46;46;34;11
46;47;34;11
46;48;34;11
46;49;34;11
47;0;34;11
47;1;34;11
47;2;34;11
47;3;34;11
47;4;34;11
47;5;34;11
47;6;34;11
47;7;34;11
47;8;34;11
47;9;34;11
47;10;34;11
47;11;34;11
47;12;34;11
47;13;34;11
47;14;34;11
47;15;34;11
47;16;34;11
47;17;34;11
47;18;34;11
47;19;34;11
47;20;34;11
47;21;34;11
47;22;34;11
47;23;34;11
47;24;34;11
47;25;34;11
47;26;34;11
47;27;34;11
47;28;34;11
47;29;34;11
47;30;34;11
47;31;34;11
47;32;34;11
47;33;34;11
47;34;34;11
47;35;34;11
47;36;34;11
47;37;34;11
47;38;34;11
47;39;34;11
47;40;34;11
47;41;34;11
47;42;34;11
47;43;34;11
47;44;34;11
47;45;34;11
47;46;34;11
47;47;34;11
47;48;34;11
47;49;34;11
48;0;34;11
48;1;34;11
48;2;34;11
48;3;34;11
48;4;34;11
48;5;34;11
48;6;34;11
48;7;34;11
48;8;34;11
48;9;34;11
48;10;34;11
48;11;34;11
48;12;34;11
48;13;34;11
48;14;34;11
48;15;34;11
48;16;34;11
48;17;34;11
48;18;34;11
48;19;34;11
48;20;34;11
48;21;34;11
48;22;34;11
48;23;34;11
48;24;34;11
48;25;34;11
48;26;34;11
48;27;34;11
48;28;34;11
48;29;34;11
48;30;34;11
48;31;34;11
48;32;34;11
48;33;34;11
48;34;34;11
48;35;34;11
48;36;34;11
48;37;34;11
48;38;34;11
48;39;34;11
48;40;34;11
48;41;34;11
48;42;34;11
48;43;34;11
48;44;34;11
48;45;34;11
48;46;34;11
48;47;34;11
48;48;34;11
48;49;34;11
49;0;34;11
49;1;34;11
49;2;34;11
49;3;34;11
49;4;34;11
49;5;34;11
49;6;34;11
49;7;34;11
49;8;34;11
49;9;34;11
49;10;34;11
49;11;34;11
49;12;34;11
49;13;34;11
49;14;34;11
49;15;34;11
49;16;34;11
49;17;34;11
49;18;34;11
49;19;34;11
49;20;34;11
49;21;34;11
49;22;34;11
49;23;34;11
49;24;34;11
49;25;34;11
49;26;34;11
49;27;34;11
49;28;34;11
49;29;34;11
49;30;34;11
49;31;34;11
49;32;34;11
49;33;34;11
49;34;34;11
49;35;34;11
49;36;34;11
49;37;34;11
49;38;34;11
49;39;34;11
49;40;34;11
49;41;34;11
49;42;34;11
49;43;34;11
49;44;34;11
49;45;34;11
49;46;34;11
49;47;34;11
49;48;34;11
49;49;34;11
