# Illarion Server
# 
# This program is free software: you can redistribute it and/or modify it under
# the terms of the GNU Affero General Public License as published by the Free
# Software Foundation, either version 3 of the License, or (at your option) any
# later version.
# 
# This program is distributed in the hope that it will be useful, but WITHOUT
# ANY WARRANTY; without even the implied warranty of MERCHANTABILITY or FITNESS
# FOR A PARTICULAR PURPOSE.  See the GNU Affero General Public License for more
# details.
# 
# You should have received a copy of the GNU Affero General Public License along
# with this program.  If not, see <http://www.gnu.org/licenses/>.
0;0;600;333
1;0;600;333
2;0;600;333
3;0;600;333
4;0;600;333
5;0;600;333
6;0;600;333
7;0;600;333
8;0;600;333
9;0;600;333
10;0;600;333
11;0;600;333
12;0;600;333
13;0;600;333
14;0;600;333
15;0;600;333
16;0;600;333
17;0;600;333
18;0;600;333
19;0;600;333
20;0;600;333
21;0;600;333
22;0;600;333
23;0;600;333
24;0;600;333
25;0;600;333
26;0;600;333
27;0;600;333
28;0;600;333
29;0;600;333
30;0;600;333
31;0;600;333
32;0;600;333
33;0;600;333
34;0;600;333
35;0;600;333
36;0;600;333
37;0;600;333
38;0;600;333
39;0;600;333
0;1;600;333
1;1;600;333
2;1;600;333
3;1;600;333
4;1;600;333
5;1;600;333
6;1;600;333
7;1;600;333
8;1;600;333
9;1;600;333
10;1;600;333
11;1;600;333
12;1;600;333
13;1;600;333
14;1;600;333
15;1;600;333
16;1;600;333
17;1;600;333
18;1;600;333
19;1;600;333
20;1;600;333
21;1;600;333
22;1;600;333
23;1;600;333
24;1;600;333
25;1;600;333
26;1;600;333
27;1;600;333
28;1;600;333
29;1;600;333
30;1;600;333
31;1;600;333
32;1;600;333
33;1;600;333
34;1;600;333
35;1;600;333
36;1;600;333
37;1;600;333
38;1;600;333
39;1;600;333
0;2;600;333
1;2;600;333
2;2;680;333
2;2;600;333
3;2;633;333
3;2;600;333
4;2;633;333
4;2;600;333
5;2;633;333
5;2;600;333
6;2;633;333
6;2;600;333
7;2;633;333
7;2;600;333
8;2;681;333
8;2;600;333
9;2;600;333
10;2;600;333
11;2;600;333
12;2;600;333
13;2;680;333
13;2;600;333
14;2;633;333
14;2;600;333
15;2;681;333
15;2;600;333
16;2;600;333
17;2;600;333
18;2;600;333
19;2;600;333
20;2;600;333
21;2;600;333
22;2;600;333
23;2;600;333
24;2;600;333
25;2;600;333
26;2;600;333
27;2;600;333
28;2;600;333
29;2;600;333
30;2;600;333
31;2;600;333
32;2;600;333
33;2;600;333
34;2;600;333
35;2;600;333
36;2;600;333
37;2;600;333
38;2;600;333
39;2;600;333
0;3;600;333
1;3;600;333
2;3;634;333
2;3;600;333
3;3;600;333
4;3;600;333
5;3;600;333
6;3;600;333
7;3;600;333
8;3;600;333
9;3;633;333
9;3;600;333
10;3;633;333
10;3;600;333
11;3;633;333
11;3;600;333
12;3;633;333
12;3;600;333
13;3;600;333
14;3;600;333
15;3;600;333
16;3;633;333
16;3;600;333
17;3;633;333
17;3;600;333
18;3;633;333
18;3;600;333
19;3;633;333
19;3;600;333
20;3;681;333
20;3;600;333
21;3;600;333
22;3;600;333
23;3;600;333
24;3;600;333
25;3;600;333
26;3;600;333
27;3;600;333
28;3;600;333
29;3;600;333
30;3;600;333
31;3;600;333
32;3;600;333
33;3;600;333
34;3;600;333
35;3;600;333
36;3;600;333
37;3;600;333
38;3;600;333
39;3;600;333
0;4;600;333
1;4;600;333
2;4;634;333
2;4;600;333
3;4;600;333
4;4;600;333
5;4;600;333
6;4;600;333
7;4;600;333
8;4;600;333
9;4;600;333
10;4;600;333
11;4;600;333
12;4;600;333
13;4;600;333
14;4;600;333
15;4;600;333
16;4;600;333
17;4;600;333
18;4;600;333
19;4;600;333
20;4;600;333
21;4;633;333
21;4;600;333
22;4;633;333
22;4;600;333
23;4;633;333
23;4;600;333
24;4;633;333
24;4;600;333
25;4;633;333
25;4;600;333
26;4;633;333
26;4;600;333
27;4;681;333
27;4;600;333
28;4;600;333
29;4;600;333
30;4;600;333
31;4;600;333
32;4;600;333
33;4;600;333
34;4;600;333
35;4;600;333
36;4;600;333
37;4;600;333
38;4;600;333
39;4;600;333
0;5;600;333
1;5;600;333
2;5;634;333
2;5;600;333
3;5;600;333
4;5;600;333
5;5;600;333
6;5;600;333
7;5;600;333
8;5;600;333
9;5;600;333
10;5;600;333
11;5;600;333
12;5;680;333
13;5;681;333
13;5;3265;333
14;5;600;333
15;5;600;333
16;5;600;333
17;5;600;333
18;5;600;333
19;5;600;333
20;5;600;333
21;5;600;333
22;5;600;333
23;5;600;333
24;5;600;333
25;5;600;333
26;5;600;333
27;5;600;333
28;5;633;333
28;5;600;333
29;5;681;333
29;5;600;333
30;5;600;333
31;5;600;333
32;5;600;333
33;5;600;333
34;5;600;333
35;5;600;333
36;5;600;333
37;5;600;333
38;5;600;333
39;5;600;333
0;6;600;333
1;6;600;333
2;6;634;333
2;6;600;333
3;6;600;333
4;6;600;333
5;6;600;333
6;6;600;333
7;6;600;333
8;6;600;333
9;6;600;333
10;6;600;333
11;6;600;333
12;6;634;333
12;6;3265;333
13;6;690;333
13;6;3265;333
14;6;633;333
14;6;3265;333
15;6;633;333
16;6;681;333
17;6;600;333
18;6;600;333
19;6;600;333
20;6;600;333
21;6;600;333
22;6;600;333
23;6;600;333
24;6;600;333
25;6;600;333
26;6;600;333
27;6;600;333
28;6;600;333
29;6;600;333
30;6;633;333
30;6;600;333
31;6;633;333
31;6;600;333
32;6;633;333
32;6;600;333
33;6;681;333
33;6;600;333
34;6;600;333
35;6;600;333
36;6;600;333
37;6;600;333
38;6;600;333
39;6;600;333
0;7;600;333
1;7;600;333
2;7;634;333
2;7;600;333
3;7;600;333
4;7;600;333
5;7;600;333
6;7;600;333
7;7;600;333
8;7;600;333
9;7;600;333
10;7;600;333
11;7;680;333
11;7;3265;333
12;7;691;333
12;7;3265;333
15;7;35;333
16;7;690;333
17;7;633;333
18;7;633;333
19;7;681;333
20;7;600;333
21;7;600;333
22;7;600;333
23;7;600;333
24;7;680;333
24;7;514;333
25;7;633;333
25;7;514;333
26;7;633;333
26;7;514;333
27;7;681;333
27;7;514;333
28;7;600;333
29;7;600;333
30;7;600;333
31;7;600;333
32;7;600;333
33;7;635;333
33;7;600;333
34;7;600;333
35;7;600;333
36;7;600;333
37;7;600;333
38;7;600;333
39;7;600;333
0;8;600;333
1;8;600;333
2;8;682;333
2;8;600;333
3;8;600;333
4;8;600;333
5;8;600;333
6;8;600;333
7;8;600;333
8;8;600;333
9;8;680;333
10;8;633;333
11;8;691;333
19;8;690;333
20;8;633;333
21;8;633;333
21;8;3268;333
22;8;633;333
23;8;633;333
24;8;691;333
27;8;690;333
28;8;633;333
29;8;633;333
29;8;266;333;book1=onionball
30;8;681;333
31;8;600;333
32;8;600;333
33;8;635;333
33;8;600;333
34;8;600;333
35;8;600;333
36;8;600;333
37;8;600;333
38;8;600;333
39;8;600;333
0;9;600;333
1;9;600;333
2;9;600;333
3;9;634;333
3;9;600;333
4;9;600;333
5;9;680;333
6;9;633;333
6;9;3265;333
7;9;633;333
7;9;3265;333
8;9;633;333
8;9;3265;333
9;9;691;333
17;9;396;333
19;9;952;333
21;9;396;333
22;9;66;333;markerstone=383
23;9;957;333
25;9;396;333
30;9;690;333
31;9;633;333
32;9;633;333
33;9;681;333
33;9;513;333
34;9;633;333
34;9;600;333
35;9;633;333
35;9;600;333
36;9;681;333
36;9;600;333
37;9;600;333
38;9;600;333
39;9;600;333
0;10;600;333
1;10;600;333
2;10;600;333
3;10;634;333
3;10;600;333
4;10;600;333
5;10;634;333
8;10;396;333
32;10;396;333
33;10;690;333
34;10;681;333
35;10;600;333
36;10;635;333
36;10;600;333
37;10;600;333
38;10;600;333
39;10;600;333
0;11;600;333
1;11;600;333
2;11;600;333
3;11;634;333
3;11;600;333
4;11;600;333
5;11;634;333
5;11;691;333
9;11;2805;333
10;11;694;333
17;11;2877;333
18;11;2877;333
19;11;2877;333
20;11;218;333
21;11;2915;333
22;11;218;333
23;11;2877;333
24;11;2877;333
25;11;2877;333
30;11;694;333
31;11;2805;333
34;11;635;333
35;11;600;333
36;11;635;333
36;11;600;333
37;11;600;333
38;11;600;333
39;11;600;333
0;12;600;333
1;12;600;333
2;12;680;333
2;12;600;333
3;12;600;333
4;12;680;333
5;12;691;333
34;12;690;333
35;12;681;333
35;12;513;333
36;12;635;333
36;12;600;333
37;12;600;333
38;12;600;333
39;12;600;333
0;13;600;333
1;13;600;333
2;13;634;333
2;13;600;333
3;13;600;333
4;13;634;333
34;13;513;333
35;13;683;333
35;13;513;333
36;13;600;333
37;13;681;333
37;13;600;333
38;13;600;333
39;13;600;333
0;14;600;333
1;14;600;333
2;14;634;333
2;14;600;333
3;14;600;333
4;14;634;333
12;14;396;333
17;14;396;333
23;14;396;333
28;14;396;333
34;14;635;333
35;14;600;333
36;14;600;333
37;14;635;333
37;14;600;333
38;14;600;333
39;14;600;333
0;15;600;333
1;15;600;333
2;15;634;333
2;15;600;333
3;15;600;333
4;15;634;333
7;15;396;333
9;15;213;333
12;15;433;333;nameDe=Spielfeldbegrenzung;nameEn=Game field border
12;15;433;333;nameDe=Spielfeldbegrenzung;nameEn=Game field border
13;15;432;333
14;15;432;333
14;15;432;333
15;15;432;333
16;15;432;333
17;15;432;333
18;15;432;333
19;15;433;333;nameDe=Spielfeldbegrenzung;nameEn=Game field border
19;15;433;333;nameDe=Spielfeldbegrenzung;nameEn=Game field border
19;15;432;333
20;15;433;333;nameDe=Spielfeldbegrenzung;nameEn=Game field border
21;15;432;333
22;15;432;333
23;15;432;333
24;15;432;333
25;15;432;333
26;15;432;333
27;15;432;333
27;15;433;333;nameDe=Spielfeldbegrenzung;nameEn=Game field border
31;15;215;333
33;15;396;333
34;15;635;333
35;15;600;333
36;15;600;333
37;15;635;333
37;15;600;333
38;15;600;333
39;15;600;333
0;16;600;333
1;16;600;333
2;16;634;333
2;16;600;333
3;16;600;333
4;16;634;333
9;16;213;333
12;16;433;333;nameDe=Spielfeldbegrenzung;nameEn=Game field border
12;16;433;333;nameDe=Spielfeldbegrenzung;nameEn=Game field border
19;16;433;333;nameDe=Spielfeldbegrenzung;nameEn=Game field border
20;16;433;333;nameDe=Spielfeldbegrenzung;nameEn=Game field border
27;16;433;333;nameDe=Spielfeldbegrenzung;nameEn=Game field border
31;16;215;333
34;16;635;333
35;16;600;333
36;16;600;333
37;16;635;333
37;16;600;333
38;16;600;333
39;16;600;333
0;17;600;333
1;17;600;333
2;17;634;333
2;17;600;333
3;17;600;333
4;17;634;333
9;17;213;333
12;17;433;333;nameDe=Spielfeldbegrenzung;nameEn=Game field border
12;17;433;333;nameDe=Spielfeldbegrenzung;nameEn=Game field border
19;17;433;333;nameDe=Spielfeldbegrenzung;nameEn=Game field border
20;17;3518;333
20;17;433;333;nameDe=Spielfeldbegrenzung;nameEn=Game field border
27;17;433;333;nameDe=Spielfeldbegrenzung;nameEn=Game field border
27;17;433;333;nameDe=Spielfeldbegrenzung;nameEn=Game field border
31;17;215;333
34;17;635;333
35;17;600;333
36;17;600;333
37;17;635;333
37;17;600;333
38;17;600;333
39;17;600;333
0;18;600;333
1;18;600;333
2;18;634;333
2;18;600;333
3;18;600;333
4;18;634;333
9;18;213;333
12;18;433;333;nameDe=Spielfeldbegrenzung;nameEn=Game field border
19;18;433;333;nameDe=Spielfeldbegrenzung;nameEn=Game field border
20;18;433;333;nameDe=Spielfeldbegrenzung;nameEn=Game field border
27;18;433;333;nameDe=Spielfeldbegrenzung;nameEn=Game field border
31;18;215;333
34;18;635;333
35;18;600;333
36;18;600;333
37;18;635;333
37;18;600;333
38;18;600;333
39;18;600;333
0;19;600;333
1;19;600;333
2;19;634;333
2;19;600;333
3;19;600;333
4;19;634;333
9;19;213;333
12;19;433;333;nameDe=Spielfeldbegrenzung;nameEn=Game field border
19;19;433;333;nameDe=Spielfeldbegrenzung;nameEn=Game field border
19;19;433;333;nameDe=Spielfeldbegrenzung;nameEn=Game field border
20;19;433;333;nameDe=Spielfeldbegrenzung;nameEn=Game field border
27;19;433;333;nameDe=Spielfeldbegrenzung;nameEn=Game field border
31;19;215;333
34;19;635;333
35;19;600;333
36;19;600;333
37;19;635;333
37;19;600;333
38;19;600;333
39;19;600;333
0;20;600;333
1;20;600;333
2;20;634;333
2;20;600;333
3;20;600;333
4;20;634;333
7;20;396;333
9;20;213;333
12;20;433;333;nameDe=Spielfeldbegrenzung;nameEn=Game field border
12;20;433;333;nameDe=Spielfeldbegrenzung;nameEn=Game field border
19;20;433;333;nameDe=Spielfeldbegrenzung;nameEn=Game field border
20;20;3518;333
20;20;3518;333
20;20;3518;333
20;20;433;333;nameDe=Spielfeldbegrenzung;nameEn=Game field border
27;20;433;333;nameDe=Spielfeldbegrenzung;nameEn=Game field border
31;20;215;333
33;20;396;333
34;20;635;333
35;20;600;333
36;20;600;333
37;20;635;333
37;20;600;333
38;20;600;333
39;20;600;333
0;21;600;333
1;21;600;333
2;21;634;333
2;21;600;333
3;21;600;333
4;21;634;333
9;21;213;333
12;21;433;333;nameDe=Spielfeldbegrenzung;nameEn=Game field border
12;21;396;333
19;21;433;333;nameDe=Spielfeldbegrenzung;nameEn=Game field border
20;21;433;333;nameDe=Spielfeldbegrenzung;nameEn=Game field border
27;21;433;333;nameDe=Spielfeldbegrenzung;nameEn=Game field border
27;21;433;333;nameDe=Spielfeldbegrenzung;nameEn=Game field border
28;21;396;333
31;21;215;333
34;21;635;333
35;21;600;333
36;21;600;333
37;21;635;333
37;21;600;333
38;21;600;333
39;21;600;333
0;22;600;333
1;22;600;333
2;22;634;333
2;22;600;333
3;22;600;333
4;22;634;333
9;22;213;333
12;22;433;333;nameDe=Spielfeldbegrenzung;nameEn=Game field border
19;22;433;333;nameDe=Spielfeldbegrenzung;nameEn=Game field border
19;22;433;333;nameDe=Spielfeldbegrenzung;nameEn=Game field border
20;22;433;333;nameDe=Spielfeldbegrenzung;nameEn=Game field border
27;22;433;333;nameDe=Spielfeldbegrenzung;nameEn=Game field border
31;22;215;333
34;22;690;333
35;22;681;333
35;22;513;333
36;22;600;333
37;22;635;333
37;22;600;333
38;22;600;333
39;22;600;333
0;23;600;333
1;23;600;333
2;23;634;333
2;23;600;333
3;23;600;333
4;23;634;333
9;23;213;333
12;23;433;333;nameDe=Spielfeldbegrenzung;nameEn=Game field border
19;23;433;333;nameDe=Spielfeldbegrenzung;nameEn=Game field border
20;23;3518;333
20;23;3518;333
20;23;3518;333
20;23;433;333;nameDe=Spielfeldbegrenzung;nameEn=Game field border
27;23;433;333;nameDe=Spielfeldbegrenzung;nameEn=Game field border
31;23;215;333
35;23;635;333
35;23;513;333
36;23;600;333
37;23;635;333
37;23;600;333
38;23;600;333
39;23;600;333
0;24;600;333
1;24;600;333
2;24;600;333
3;24;600;333
4;24;634;333
9;24;213;333
12;24;433;333;nameDe=Spielfeldbegrenzung;nameEn=Game field border
19;24;433;333;nameDe=Spielfeldbegrenzung;nameEn=Game field border
20;24;433;333;nameDe=Spielfeldbegrenzung;nameEn=Game field border
27;24;433;333;nameDe=Spielfeldbegrenzung;nameEn=Game field border
31;24;215;333
35;24;635;333
36;24;600;333
37;24;635;333
37;24;600;333
38;24;600;333
39;24;600;333
0;25;600;333
1;25;600;333
2;25;600;333
3;25;600;333
4;25;634;333
7;25;396;333
9;25;213;333
12;25;433;333;nameDe=Spielfeldbegrenzung;nameEn=Game field border
19;25;433;333;nameDe=Spielfeldbegrenzung;nameEn=Game field border
20;25;433;333;nameDe=Spielfeldbegrenzung;nameEn=Game field border
27;25;433;333;nameDe=Spielfeldbegrenzung;nameEn=Game field border
31;25;215;333
33;25;396;333
35;25;635;333
36;25;600;333
37;25;635;333
37;25;600;333
38;25;600;333
39;25;600;333
0;26;600;333
1;26;600;333
2;26;600;333
3;26;600;333
4;26;634;333
12;26;433;333;nameDe=Spielfeldbegrenzung;nameEn=Game field border
19;26;433;333;nameDe=Spielfeldbegrenzung;nameEn=Game field border
19;26;433;333;nameDe=Spielfeldbegrenzung;nameEn=Game field border
20;26;433;333;nameDe=Spielfeldbegrenzung;nameEn=Game field border
27;26;433;333;nameDe=Spielfeldbegrenzung;nameEn=Game field border
35;26;635;333
36;26;600;333
37;26;635;333
37;26;600;333
38;26;600;333
39;26;600;333
0;27;600;333
1;27;600;333
2;27;600;333
3;27;600;333
4;27;634;333
12;27;396;333
13;27;432;333
14;27;432;333
14;27;432;333
15;27;432;333
15;27;432;333
16;27;432;333
17;27;432;333
18;27;432;333
19;27;432;333
19;27;432;333
20;27;396;333
21;27;432;333
22;27;432;333
22;27;432;333
23;27;432;333
24;27;432;333
25;27;432;333
25;27;432;333
26;27;432;333
27;27;432;333
27;27;432;333
28;27;396;333
35;27;635;333
36;27;600;333
37;27;635;333
37;27;600;333
38;27;600;333
39;27;600;333
0;28;600;333
1;28;600;333
2;28;600;333
3;28;600;333
4;28;682;333
5;28;689;333
35;28;635;333
36;28;600;333
37;28;683;333
37;28;600;333
38;28;600;333
39;28;600;333
0;29;600;333
1;29;600;333
2;29;600;333
3;29;600;333
4;29;600;333
5;29;634;333
9;29;2805;333
13;29;214;333
14;29;214;333
15;29;214;333
16;29;214;333
17;29;214;333
18;29;214;333
19;29;214;333
20;29;214;333
21;29;214;333
22;29;214;333
23;29;214;333
24;29;214;333
25;29;214;333
26;29;214;333
27;29;214;333
31;29;2805;333
34;29;688;333
35;29;683;333
36;29;635;333
36;29;600;333
37;29;600;333
38;29;600;333
39;29;600;333
0;30;600;333
1;30;600;333
2;30;600;333
3;30;600;333
4;30;600;333
5;30;634;333
8;30;396;333
32;30;688;333
32;30;396;333
33;30;632;333
34;30;683;333
35;30;600;333
36;30;635;333
36;30;600;333
37;30;600;333
38;30;600;333
39;30;600;333
0;31;600;333
1;31;600;333
2;31;600;333
3;31;600;333
4;31;600;333
5;31;634;333
12;31;396;333
20;31;396;333
27;31;396;333
31;31;688;333
32;31;683;333
33;31;600;333
34;31;600;333
35;31;600;333
36;31;635;333
36;31;600;333
37;31;600;333
38;31;600;333
39;31;600;333
0;32;600;333
1;32;600;333
2;32;600;333
3;32;600;333
4;32;600;333
5;32;682;333
6;32;689;333
25;32;688;333
26;32;632;333
26;32;688;333
27;32;632;333
28;32;632;333
29;32;632;333
30;32;632;333
31;32;683;333
32;32;600;333
33;32;600;333
34;32;600;333
35;32;600;333
36;32;635;333
36;32;600;333
37;32;600;333
38;32;600;333
39;32;600;333
0;33;600;333
1;33;600;333
2;33;600;333
3;33;600;333
4;33;600;333
5;33;600;333
6;33;634;333
17;33;688;333
18;33;632;333
19;33;632;333
20;33;632;333
21;33;632;333
22;33;632;333
23;33;632;333
24;33;632;333
25;33;683;333
26;33;600;333
27;33;600;333
28;33;600;333
29;33;600;333
30;33;600;333
31;33;600;333
32;33;600;333
33;33;600;333
34;33;600;333
35;33;600;333
36;33;635;333
36;33;600;333
37;33;600;333
38;33;600;333
39;33;600;333
0;34;600;333
1;34;600;333
2;34;600;333
3;34;600;333
4;34;600;333
5;34;600;333
6;34;682;333
7;34;632;333
7;34;689;333
8;34;689;333
14;34;688;333
15;34;632;333
15;34;688;333
16;34;632;333
17;34;683;333
18;34;600;333
19;34;600;333
20;34;600;333
21;34;600;333
22;34;600;333
23;34;600;333
24;34;600;333
25;34;600;333
26;34;600;333
27;34;600;333
28;34;600;333
29;34;600;333
30;34;600;333
31;34;600;333
32;34;600;333
33;34;600;333
34;34;600;333
35;34;600;333
36;34;635;333
36;34;600;333
37;34;600;333
38;34;600;333
39;34;600;333
0;35;600;333
1;35;600;333
2;35;600;333
3;35;600;333
4;35;600;333
5;35;600;333
6;35;600;333
7;35;600;333
8;35;634;333
12;35;688;333
13;35;632;333
13;35;688;333
14;35;683;333
15;35;600;333
16;35;600;333
17;35;600;333
18;35;600;333
19;35;600;333
20;35;600;333
21;35;600;333
22;35;600;333
23;35;600;333
24;35;600;333
25;35;600;333
26;35;600;333
27;35;600;333
28;35;600;333
29;35;600;333
30;35;600;333
31;35;600;333
32;35;600;333
33;35;600;333
34;35;600;333
35;35;600;333
36;35;635;333
36;35;600;333
37;35;600;333
38;35;600;333
39;35;600;333
0;36;600;333
1;36;600;333
2;36;600;333
3;36;600;333
4;36;600;333
5;36;600;333
6;36;600;333
7;36;600;333
8;36;682;333
9;36;632;333
10;36;632;333
11;36;632;333
12;36;683;333
12;36;689;333
13;36;600;333
14;36;600;333
15;36;600;333
16;36;600;333
17;36;600;333
18;36;600;333
19;36;600;333
20;36;600;333
21;36;600;333
22;36;600;333
23;36;600;333
24;36;600;333
25;36;600;333
26;36;600;333
27;36;600;333
28;36;600;333
29;36;600;333
30;36;600;333
31;36;600;333
32;36;600;333
33;36;600;333
34;36;600;333
35;36;632;333
35;36;600;333
36;36;683;333
36;36;600;333
37;36;600;333
38;36;600;333
39;36;600;333
0;37;600;333
1;37;600;333
2;37;600;333
3;37;600;333
4;37;600;333
5;37;600;333
6;37;600;333
7;37;600;333
8;37;600;333
9;37;600;333
10;37;600;333
11;37;600;333
12;37;682;333
12;37;600;333
13;37;632;333
13;37;600;333
14;37;632;333
14;37;600;333
15;37;632;333
15;37;600;333
16;37;632;333
16;37;600;333
17;37;632;333
17;37;600;333
18;37;632;333
18;37;600;333
19;37;632;333
19;37;600;333
20;37;632;333
20;37;600;333
21;37;632;333
21;37;600;333
22;37;632;333
22;37;600;333
23;37;632;333
23;37;600;333
24;37;632;333
24;37;600;333
25;37;632;333
25;37;600;333
26;37;632;333
26;37;600;333
27;37;632;333
27;37;600;333
28;37;632;333
28;37;600;333
29;37;632;333
29;37;600;333
30;37;632;333
30;37;600;333
31;37;632;333
31;37;600;333
32;37;632;333
32;37;600;333
33;37;632;333
33;37;600;333
34;37;683;333
34;37;600;333
35;37;600;333
36;37;600;333
37;37;600;333
38;37;600;333
39;37;600;333
0;38;600;333
1;38;600;333
2;38;600;333
3;38;600;333
4;38;600;333
5;38;600;333
6;38;600;333
7;38;600;333
8;38;600;333
9;38;600;333
10;38;600;333
11;38;600;333
12;38;600;333
13;38;600;333
14;38;600;333
15;38;600;333
16;38;600;333
17;38;600;333
18;38;600;333
19;38;600;333
20;38;600;333
21;38;600;333
22;38;600;333
23;38;600;333
24;38;600;333
25;38;600;333
26;38;600;333
27;38;600;333
28;38;600;333
29;38;600;333
30;38;600;333
31;38;600;333
32;38;600;333
33;38;600;333
34;38;600;333
35;38;600;333
36;38;600;333
37;38;600;333
38;38;600;333
39;38;600;333
0;39;600;333
1;39;600;333
2;39;600;333
3;39;600;333
4;39;600;333
5;39;600;333
6;39;600;333
7;39;600;333
8;39;600;333
9;39;600;333
10;39;600;333
11;39;600;333
12;39;600;333
13;39;600;333
14;39;600;333
15;39;600;333
16;39;600;333
17;39;600;333
18;39;600;333
19;39;600;333
20;39;600;333
21;39;600;333
22;39;600;333
23;39;600;333
24;39;600;333
25;39;600;333
26;39;600;333
27;39;600;333
28;39;600;333
29;39;600;333
30;39;600;333
31;39;600;333
32;39;600;333
33;39;600;333
34;39;600;333
35;39;600;333
36;39;600;333
37;39;600;333
38;39;600;333
39;39;600;333
