# Illarion Server
# 
# This program is free software: you can redistribute it and/or modify it under
# the terms of the GNU Affero General Public License as published by the Free
# Software Foundation, either version 3 of the License, or (at your option) any
# later version.
# 
# This program is distributed in the hope that it will be useful, but WITHOUT
# ANY WARRANTY; without even the implied warranty of MERCHANTABILITY or FITNESS
# FOR A PARTICULAR PURPOSE.  See the GNU Affero General Public License for more
# details.
# 
# You should have received a copy of the GNU Affero General Public License along
# with this program.  If not, see <http://www.gnu.org/licenses/>.
V: 2
L: -39
X: -500
Y: -500
W: 40
H: 65
0;0;2;2
1;0;2;2
2;0;2;2
3;0;2;2
4;0;2;2
5;0;2;2
6;0;2;2
7;0;2;2
8;0;2;2
9;0;2;2
10;0;2;2
11;0;2;2
12;0;2;2
13;0;2;2
14;0;2;2
15;0;2;2
16;0;2;2
17;0;2;2
18;0;2;2
19;0;2;2
20;0;2;2
21;0;2;2
22;0;2;2
23;0;2;2
24;0;2;2
25;0;2;2
26;0;2;2
27;0;2;2
28;0;2;2
29;0;2;2
30;0;2;2
31;0;2;2
32;0;2;2
33;0;2;2
34;0;2;2
35;0;2;2
36;0;2;2
37;0;2;2
38;0;2;2
39;0;2;2
0;1;2;2
1;1;2;2
2;1;2;2
3;1;2;2
4;1;2;2
5;1;2;2
6;1;2;2
7;1;2;2
8;1;2;2
9;1;2;2
10;1;2;2
11;1;2;2
12;1;2;2
13;1;2;2
14;1;2;2
15;1;2;2
16;1;2;2
17;1;2;2
18;1;2;2
19;1;2;2
20;1;2;2
21;1;2;2
22;1;2;2
23;1;2;2
24;1;2;2
25;1;2;2
26;1;2;2
27;1;2;2
28;1;2;2
29;1;2;2
30;1;2;2
31;1;2;2
32;1;2;2
33;1;2;2
34;1;2;2
35;1;2;2
36;1;2;2
37;1;2;2
38;1;2;2
39;1;2;2
0;2;2;2
1;2;2;2
2;2;2;2
3;2;2;2
4;2;2;2
5;2;2;2
6;2;2;2
7;2;2;2
8;2;2;2
9;2;2;2
10;2;2;2
11;2;2;2
12;2;2;2
13;2;2;2
14;2;2;2
15;2;2;2
16;2;2;2
17;2;2;2
18;2;2;2
19;2;2;2
20;2;2;2
21;2;2;2
22;2;2;2
23;2;2;2
24;2;2;2
25;2;2;2
26;2;2;2
27;2;2;2
28;2;2;2
29;2;2;2
30;2;2;2
31;2;2;2
32;2;2;2
33;2;2;2
34;2;2;2
35;2;2;2
36;2;2;2
37;2;2;2
38;2;2;2
39;2;2;2
0;3;2;2
1;3;2;2
2;3;2;2
3;3;2;2
4;3;2;2
5;3;2;2
6;3;2;2
7;3;2;2
8;3;2;2
9;3;2;2
10;3;2;2
11;3;2;2
12;3;2;2
13;3;2;2
14;3;2;2
15;3;2;2
16;3;2;2
17;3;2;2
18;3;2;2
19;3;2;2
20;3;2;2
21;3;2;2
22;3;2;2
23;3;2;2
24;3;2;2
25;3;2;2
26;3;2;2
27;3;2;2
28;3;2;2
29;3;2;2
30;3;2;2
31;3;2;2
32;3;2;2
33;3;2;2
34;3;2;2
35;3;2;2
36;3;2;2
37;3;2;2
38;3;2;2
39;3;2;2
0;4;2;2
1;4;2;2
2;4;2;2
3;4;2;2
4;4;2;2
5;4;2;2
6;4;2;2
7;4;2;2
8;4;2;2
9;4;2;2
10;4;2;2
11;4;2;2
12;4;2;2
13;4;2;2
14;4;2;2
15;4;2;2
16;4;2;2
17;4;2;2
18;4;2;2
19;4;2;2
20;4;2;2
21;4;2;2
22;4;2;2
23;4;2;2
24;4;2;2
25;4;2;2
26;4;2;2
27;4;2;2
28;4;2;2
29;4;2;2
30;4;2;2
31;4;2;2
32;4;2;2
33;4;2;2
34;4;2;2
35;4;2;2
36;4;2;2
37;4;2;2
38;4;2;2
39;4;2;2
0;5;2;2
1;5;2;2
2;5;2;2
3;5;2;2
4;5;2;2
5;5;2;2
6;5;2;2
7;5;2;2
8;5;2;2
9;5;2;2
10;5;2;2
11;5;2;2
12;5;2;2
13;5;2;2
14;5;2;2
15;5;2;2
16;5;2;2
17;5;2;2
18;5;2;2
19;5;2;2
20;5;2;2
21;5;2;2
22;5;2;2
23;5;2;2
24;5;2;2
25;5;2;2
26;5;2;2
27;5;2;2
28;5;2;2
29;5;2;2
30;5;2;2
31;5;2;2
32;5;2;2
33;5;2;2
34;5;2;2
35;5;2;2
36;5;2;2
37;5;2;2
38;5;2;2
39;5;2;2
0;6;2;2
1;6;2;2
2;6;2;2
3;6;2;2
4;6;2;2
5;6;2;2
6;6;2;2
7;6;2;2
8;6;2;2
9;6;2;2
10;6;2;2
11;6;2;2
12;6;2;2
13;6;2;2
14;6;2;2
15;6;2;2
16;6;2;2
17;6;2;2
18;6;2;2
19;6;2;2
20;6;2;2
21;6;2;2
22;6;2;2
23;6;2;2
24;6;2;2
25;6;2;2
26;6;2;2
27;6;2;2
28;6;2;2
29;6;2;2
30;6;2;2
31;6;2;2
32;6;2;2
33;6;2;2
34;6;2;2
35;6;2;2
36;6;2;2
37;6;2;2
38;6;2;2
39;6;2;2
0;7;2;2
1;7;2;2
2;7;2;2
3;7;2;2
4;7;2;2
5;7;2;2
6;7;2;2
7;7;2;2
8;7;2;2
9;7;2;2
10;7;2;2
11;7;2;2
12;7;34;2
13;7;2;2
14;7;34;2
15;7;2;2
16;7;2;2
17;7;2;2
18;7;2;2
19;7;34;2
20;7;34;2
21;7;34;2
22;7;2;2
23;7;2;2
24;7;2;2
25;7;2;2
26;7;2;2
27;7;2;2
28;7;2;2
29;7;2;2
30;7;2;2
31;7;2;2
32;7;2;2
33;7;2;2
34;7;2;2
35;7;2;2
36;7;2;2
37;7;2;2
38;7;2;2
39;7;2;2
0;8;2;2
1;8;2;2
2;8;2;2
3;8;2;2
4;8;2;2
5;8;2;2
6;8;2;2
7;8;2;2
8;8;2;2
9;8;34;2
10;8;34;2
11;8;0;2
12;8;0;2
13;8;2;2
14;8;0;2
15;8;34;2
16;8;34;2
17;8;34;2
18;8;34;2
19;8;34;2
20;8;0;2
21;8;0;2
22;8;2;2
23;8;34;2
24;8;34;2
25;8;34;2
26;8;2;2
27;8;2;2
28;8;2;2
29;8;2;2
30;8;2;2
31;8;2;2
32;8;2;2
33;8;2;2
34;8;2;2
35;8;2;2
36;8;2;2
37;8;2;2
38;8;2;2
39;8;2;2
0;9;2;2
1;9;2;2
2;9;34;2
3;9;34;2
4;9;34;2
5;9;34;2
6;9;34;2
7;9;34;2
8;9;0;2
9;9;34;2
10;9;0;2
11;9;0;2
12;9;0;2
13;9;0;2
14;9;0;2
15;9;0;2
16;9;0;2
17;9;0;2
18;9;0;2
19;9;0;2
20;9;0;2
21;9;0;2
22;9;0;2
23;9;0;2
24;9;34;2
25;9;2;2
26;9;2;2
27;9;2;2
28;9;2;2
29;9;2;2
30;9;2;2
31;9;2;2
32;9;2;2
33;9;2;2
34;9;2;2
35;9;2;2
36;9;2;2
37;9;2;2
38;9;2;2
39;9;2;2
0;10;2;2
1;10;2;2
2;10;34;2
3;10;34;2
4;10;34;2
5;10;34;2
6;10;34;2
7;10;34;2
8;10;0;2
9;10;0;2
10;10;0;2
11;10;0;2
12;10;0;2
13;10;0;2
14;10;0;2
15;10;0;2
16;10;0;2
17;10;0;2
18;10;0;2
19;10;0;2
20;10;0;2
21;10;0;2
22;10;0;2
23;10;0;2
24;10;34;2
25;10;2;2
26;10;2;2
27;10;2;2
28;10;2;2
29;10;2;2
30;10;2;2
31;10;2;2
32;10;2;2
33;10;2;2
34;10;2;2
35;10;2;2
36;10;2;2
37;10;2;2
38;10;2;2
39;10;2;2
0;11;2;2
1;11;2;2
2;11;0;2
3;11;0;2
4;11;0;2
5;11;0;2
6;11;0;2
7;11;0;2
8;11;0;2
9;11;0;2
10;11;0;2
11;11;34;2
12;11;0;2
13;11;0;2
14;11;0;2
15;11;0;2
16;11;0;2
17;11;0;2
18;11;0;2
19;11;0;2
20;11;0;2
21;11;0;2
22;11;0;2
23;11;0;2
24;11;34;2
25;11;2;2
26;11;2;2
27;11;2;2
28;11;2;2
29;11;2;2
30;11;2;2
31;11;2;2
32;11;2;2
33;11;2;2
34;11;2;2
35;11;2;2
36;11;2;2
37;11;2;2
38;11;2;2
39;11;2;2
0;12;2;2
1;12;34;2
2;12;0;2
3;12;0;2
4;12;0;2
5;12;0;2
6;12;0;2
7;12;0;2
8;12;0;2
9;12;0;2
10;12;0;2
11;12;0;2
12;12;0;2
13;12;0;2
14;12;0;2
15;12;0;2
16;12;0;2
17;12;0;2
18;12;0;2
19;12;34;2
20;12;0;2
21;12;0;2
22;12;0;2
23;12;0;2
24;12;34;2
25;12;2;2
26;12;2;2
27;12;2;2
28;12;2;2
29;12;2;2
30;12;2;2
31;12;2;2
32;12;2;2
33;12;2;2
34;12;2;2
35;12;2;2
36;12;2;2
37;12;2;2
38;12;2;2
39;12;2;2
0;13;2;2
1;13;0;2
2;13;0;2
3;13;0;2
4;13;0;2
5;13;0;2
6;13;0;2
7;13;0;2
8;13;0;2
9;13;0;2
10;13;0;2
11;13;0;2
12;13;0;2
13;13;0;2
14;13;0;2
15;13;0;2
16;13;0;2
17;13;0;2
18;13;0;2
19;13;0;2
20;13;0;2
21;13;0;2
22;13;0;2
23;13;0;2
24;13;0;2
25;13;2;2
26;13;2;2
27;13;2;2
28;13;2;2
29;13;2;2
30;13;2;2
31;13;2;2
32;13;2;2
33;13;2;2
34;13;2;2
35;13;2;2
36;13;2;2
37;13;2;2
38;13;2;2
39;13;2;2
0;14;2;2
1;14;0;2
2;14;0;2
3;14;0;2
4;14;0;2
5;14;0;2
6;14;0;2
7;14;0;2
8;14;0;2
9;14;0;2
10;14;0;2
11;14;0;2
12;14;0;2
13;14;0;2
14;14;0;2
15;14;0;2
16;14;0;2
17;14;0;2
18;14;0;2
19;14;0;2
20;14;0;2
21;14;0;2
22;14;0;2
23;14;0;2
24;14;0;2
25;14;2;2
26;14;2;2
27;14;2;2
28;14;2;2
29;14;2;2
30;14;2;2
31;14;2;2
32;14;2;2
33;14;2;2
34;14;2;2
35;14;2;2
36;14;2;2
37;14;2;2
38;14;2;2
39;14;2;2
0;15;2;2
1;15;0;2
2;15;0;2
3;15;0;2
4;15;0;2
5;15;0;2
6;15;0;2
7;15;0;2
8;15;0;2
9;15;0;2
10;15;0;2
11;15;0;2
12;15;0;2
13;15;0;2
14;15;0;2
15;15;0;2
16;15;0;2
17;15;0;2
18;15;0;2
19;15;0;2
20;15;0;2
21;15;0;2
22;15;0;2
23;15;0;2
24;15;0;2
25;15;2;2
26;15;2;2
27;15;2;2
28;15;2;2
29;15;2;2
30;15;2;2
31;15;2;2
32;15;2;2
33;15;2;2
34;15;2;2
35;15;2;2
36;15;2;2
37;15;2;2
38;15;2;2
39;15;2;2
0;16;2;2
1;16;0;2
2;16;0;2
3;16;0;2
4;16;0;2
5;16;0;2
6;16;0;2
7;16;0;2
8;16;0;2
9;16;0;2
10;16;0;2
11;16;0;2
12;16;0;2
13;16;0;2
14;16;0;2
15;16;0;2
16;16;0;2
17;16;0;2
18;16;0;2
19;16;0;2
20;16;0;2
21;16;0;2
22;16;0;2
23;16;0;2
24;16;34;2
25;16;34;2
26;16;34;2
27;16;34;2
28;16;2;2
29;16;2;2
30;16;2;2
31;16;2;2
32;16;2;2
33;16;2;2
34;16;2;2
35;16;2;2
36;16;2;2
37;16;2;2
38;16;2;2
39;16;2;2
0;17;2;2
1;17;0;2
2;17;0;2
3;17;0;2
4;17;0;2
5;17;0;2
6;17;0;2
7;17;0;2
8;17;0;2
9;17;0;2
10;17;0;2
11;17;0;2
12;17;0;2
13;17;0;2
14;17;0;2
15;17;0;2
16;17;0;2
17;17;0;2
18;17;0;2
19;17;0;2
20;17;0;2
21;17;0;2
22;17;0;2
23;17;0;2
24;17;0;2
25;17;0;2
26;17;0;2
27;17;34;2
28;17;2;2
29;17;2;2
30;17;2;2
31;17;2;2
32;17;2;2
33;17;2;2
34;17;2;2
35;17;2;2
36;17;2;2
37;17;2;2
38;17;2;2
39;17;2;2
0;18;2;2
1;18;0;2
2;18;0;2
3;18;0;2
4;18;0;2
5;18;0;2
6;18;0;2
7;18;0;2
8;18;0;2
9;18;0;2
10;18;0;2
11;18;0;2
12;18;0;2
13;18;0;2
14;18;0;2
15;18;0;2
16;18;0;2
17;18;0;2
18;18;0;2
19;18;0;2
20;18;0;2
21;18;0;2
22;18;0;2
23;18;0;2
24;18;0;2
25;18;0;2
26;18;0;2
27;18;34;2
28;18;2;2
29;18;2;2
30;18;2;2
31;18;2;2
32;18;2;2
33;18;2;2
34;18;2;2
35;18;2;2
36;18;2;2
37;18;2;2
38;18;2;2
39;18;2;2
0;19;2;2
1;19;0;2
2;19;0;2
3;19;0;2
4;19;0;2
5;19;0;2
6;19;0;2
7;19;0;2
8;19;0;2
9;19;0;2
10;19;0;2
11;19;0;2
12;19;0;2
13;19;0;2
14;19;0;2
15;19;0;2
16;19;0;2
17;19;0;2
18;19;0;2
19;19;0;2
20;19;0;2
21;19;0;2
22;19;0;2
23;19;0;2
24;19;0;2
25;19;0;2
26;19;0;2
27;19;0;2
28;19;2;2
29;19;2;2
30;19;2;2
31;19;2;2
32;19;2;2
33;19;2;2
34;19;2;2
35;19;2;2
36;19;2;2
37;19;2;2
38;19;2;2
39;19;2;2
0;20;2;2
1;20;0;2
2;20;0;2
3;20;0;2
4;20;0;2
5;20;0;2
6;20;0;2
7;20;0;2
8;20;0;2
9;20;0;2
10;20;0;2
11;20;0;2
12;20;0;2
13;20;0;2
14;20;34;2
15;20;0;2
16;20;0;2
17;20;0;2
18;20;0;2
19;20;0;2
20;20;0;2
21;20;0;2
22;20;34;2
23;20;0;2
24;20;0;2
25;20;0;2
26;20;0;2
27;20;34;2
28;20;2;2
29;20;2;2
30;20;2;2
31;20;2;2
32;20;2;2
33;20;2;2
34;20;2;2
35;20;2;2
36;20;2;2
37;20;2;2
38;20;2;2
39;20;2;2
0;21;2;2
1;21;0;2
2;21;0;2
3;21;0;2
4;21;0;2
5;21;0;2
6;21;0;2
7;21;0;2
8;21;0;2
9;21;0;2
10;21;0;2
11;21;0;2
12;21;0;2
13;21;0;2
14;21;0;2
15;21;0;2
16;21;0;2
17;21;0;2
18;21;0;2
19;21;0;2
20;21;0;2
21;21;0;2
22;21;0;2
23;21;0;2
24;21;0;2
25;21;0;2
26;21;0;2
27;21;0;2
28;21;34;2
29;21;2;2
30;21;2;2
31;21;2;2
32;21;2;2
33;21;2;2
34;21;2;2
35;21;2;2
36;21;2;2
37;21;2;2
38;21;2;2
39;21;2;2
0;22;2;2
1;22;0;2
2;22;0;2
3;22;0;2
4;22;0;2
5;22;0;2
6;22;0;2
7;22;0;2
8;22;0;2
9;22;0;2
10;22;0;2
11;22;0;2
12;22;0;2
13;22;0;2
14;22;0;2
15;22;0;2
16;22;0;2
17;22;0;2
18;22;0;2
19;22;0;2
20;22;0;2
21;22;0;2
22;22;0;2
23;22;0;2
24;22;0;2
25;22;0;2
26;22;0;2
27;22;0;2
28;22;0;2
29;22;2;2
30;22;2;2
31;22;2;2
32;22;2;2
33;22;2;2
34;22;2;2
35;22;2;2
36;22;2;2
37;22;2;2
38;22;2;2
39;22;2;2
0;23;2;2
1;23;2;2
2;23;2;2
3;23;2;2
4;23;0;2
5;23;0;2
6;23;0;2
7;23;0;2
8;23;0;2
9;23;0;2
10;23;0;2
11;23;0;2
12;23;0;2
13;23;0;2
14;23;0;2
15;23;0;2
16;23;0;2
17;23;0;2
18;23;0;2
19;23;0;2
20;23;0;2
21;23;0;2
22;23;0;2
23;23;0;2
24;23;0;2
25;23;0;2
26;23;0;2
27;23;0;2
28;23;34;2
29;23;2;2
30;23;2;2
31;23;2;2
32;23;2;2
33;23;2;2
34;23;2;2
35;23;2;2
36;23;2;2
37;23;2;2
38;23;2;2
39;23;2;2
0;24;2;2
1;24;2;2
2;24;2;2
3;24;2;2
4;24;2;2
5;24;0;2
6;24;0;2
7;24;0;2
8;24;0;2
9;24;0;2
10;24;0;2
11;24;0;2
12;24;0;2
13;24;0;2
14;24;0;2
15;24;0;2
16;24;0;2
17;24;0;2
18;24;0;2
19;24;0;2
20;24;0;2
21;24;0;2
22;24;0;2
23;24;0;2
24;24;0;2
25;24;0;2
26;24;0;2
27;24;0;2
28;24;0;2
29;24;2;2
30;24;2;2
31;24;2;2
32;24;2;2
33;24;2;2
34;24;2;2
35;24;2;2
36;24;2;2
37;24;2;2
38;24;2;2
39;24;2;2
0;25;2;2
1;25;2;2
2;25;2;2
3;25;2;2
4;25;2;2
5;25;0;2
6;25;0;2
7;25;0;2
8;25;0;2
9;25;0;2
10;25;0;2
11;25;0;2
12;25;0;2
13;25;0;2
14;25;0;2
15;25;0;2
16;25;0;2
17;25;0;2
18;25;0;2
19;25;0;2
20;25;0;2
21;25;0;2
22;25;0;2
23;25;0;2
24;25;0;2
25;25;0;2
26;25;0;2
27;25;0;2
28;25;34;2
29;25;2;2
30;25;2;2
31;25;2;2
32;25;2;2
33;25;2;2
34;25;2;2
35;25;2;2
36;25;2;2
37;25;2;2
38;25;2;2
39;25;2;2
0;26;2;2
1;26;2;2
2;26;2;2
3;26;0;2
4;26;0;2
5;26;0;2
6;26;0;2
7;26;0;2
8;26;0;2
9;26;0;2
10;26;0;2
11;26;0;2
12;26;0;2
13;26;0;2
14;26;0;2
15;26;0;2
16;26;0;2
17;26;0;2
18;26;0;2
19;26;0;2
20;26;0;2
21;26;0;2
22;26;34;2
23;26;0;2
24;26;0;2
25;26;0;2
26;26;0;2
27;26;0;2
28;26;0;2
29;26;2;2
30;26;2;2
31;26;2;2
32;26;2;2
33;26;2;2
34;26;2;2
35;26;2;2
36;26;2;2
37;26;2;2
38;26;2;2
39;26;2;2
0;27;2;2
1;27;2;2
2;27;0;2
3;27;0;2
4;27;0;2
5;27;0;2
6;27;0;2
7;27;0;2
8;27;0;2
9;27;0;2
10;27;0;2
11;27;0;2
12;27;0;2
13;27;0;2
14;27;0;2
15;27;0;2
16;27;0;2
17;27;0;2
18;27;0;2
19;27;0;2
20;27;0;2
21;27;0;2
22;27;0;2
23;27;0;2
24;27;0;2
25;27;0;2
26;27;0;2
27;27;0;2
28;27;34;2
29;27;2;2
30;27;2;2
31;27;2;2
32;27;2;2
33;27;2;2
34;27;2;2
35;27;2;2
36;27;2;2
37;27;2;2
38;27;2;2
39;27;2;2
0;28;2;2
1;28;0;2
2;28;0;2
3;28;0;2
4;28;0;2
5;28;0;2
6;28;0;2
7;28;0;2
8;28;0;2
9;28;0;2
10;28;0;2
11;28;0;2
12;28;0;2
13;28;0;2
14;28;0;2
15;28;0;2
16;28;0;2
17;28;0;2
18;28;0;2
19;28;0;2
20;28;0;2
21;28;0;2
22;28;0;2
23;28;0;2
24;28;0;2
25;28;0;2
26;28;0;2
27;28;0;2
28;28;0;2
29;28;2;2
30;28;2;2
31;28;2;2
32;28;2;2
33;28;2;2
34;28;2;2
35;28;2;2
36;28;2;2
37;28;2;2
38;28;2;2
39;28;2;2
0;29;2;2
1;29;0;2
2;29;0;2
3;29;0;2
4;29;0;2
5;29;0;2
6;29;0;2
7;29;0;2
8;29;0;2
9;29;0;2
10;29;0;2
11;29;0;2
12;29;0;2
13;29;0;2
14;29;0;2
15;29;0;2
16;29;0;2
17;29;0;2
18;29;0;2
19;29;0;2
20;29;0;2
21;29;0;2
22;29;0;2
23;29;0;2
24;29;0;2
25;29;0;2
26;29;0;2
27;29;0;2
28;29;34;2
29;29;2;2
30;29;2;2
31;29;2;2
32;29;2;2
33;29;2;2
34;29;2;2
35;29;2;2
36;29;2;2
37;29;2;2
38;29;2;2
39;29;2;2
0;30;2;2
1;30;0;2
2;30;0;2
3;30;0;2
4;30;0;2
5;30;0;2
6;30;0;2
7;30;0;2
8;30;0;2
9;30;0;2
10;30;0;2
11;30;0;2
12;30;0;2
13;30;0;2
14;30;0;2
15;30;0;2
16;30;0;2
17;30;0;2
18;30;0;2
19;30;0;2
20;30;0;2
21;30;0;2
22;30;0;2
23;30;0;2
24;30;0;2
25;30;0;2
26;30;0;2
27;30;0;2
28;30;2;2
29;30;2;2
30;30;2;2
31;30;2;2
32;30;2;2
33;30;2;2
34;30;2;2
35;30;2;2
36;30;2;2
37;30;2;2
38;30;2;2
39;30;2;2
0;31;2;2
1;31;0;2
2;31;0;2
3;31;0;2
4;31;0;2
5;31;0;2
6;31;0;2
7;31;0;2
8;31;0;2
9;31;0;2
10;31;0;2
11;31;0;2
12;31;0;2
13;31;0;2
14;31;0;2
15;31;0;2
16;31;0;2
17;31;0;2
18;31;0;2
19;31;0;2
20;31;0;2
21;31;0;2
22;31;0;2
23;31;0;2
24;31;0;2
25;31;0;2
26;31;0;2
27;31;0;2
28;31;2;2
29;31;2;2
30;31;2;2
31;31;2;2
32;31;2;2
33;31;2;2
34;31;2;2
35;31;2;2
36;31;2;2
37;31;2;2
38;31;2;2
39;31;2;2
0;32;2;2
1;32;0;2
2;32;0;2
3;32;0;2
4;32;0;2
5;32;0;2
6;32;0;2
7;32;0;2
8;32;0;2
9;32;0;2
10;32;0;2
11;32;0;2
12;32;0;2
13;32;0;2
14;32;0;2
15;32;0;2
16;32;0;2
17;32;0;2
18;32;0;2
19;32;0;2
20;32;0;2
21;32;0;2
22;32;34;2
23;32;0;2
24;32;0;2
25;32;0;2
26;32;34;2
27;32;34;2
28;32;2;2
29;32;2;2
30;32;2;2
31;32;2;2
32;32;2;2
33;32;2;2
34;32;2;2
35;32;2;2
36;32;2;2
37;32;2;2
38;32;2;2
39;32;2;2
0;33;2;2
1;33;0;2
2;33;0;2
3;33;0;2
4;33;0;2
5;33;0;2
6;33;0;2
7;33;0;2
8;33;0;2
9;33;0;2
10;33;0;2
11;33;0;2
12;33;0;2
13;33;0;2
14;33;0;2
15;33;0;2
16;33;0;2
17;33;0;2
18;33;0;2
19;33;0;2
20;33;0;2
21;33;0;2
22;33;0;2
23;33;0;2
24;33;0;2
25;33;0;2
26;33;0;2
27;33;2;2
28;33;2;2
29;33;2;2
30;33;2;2
31;33;2;2
32;33;2;2
33;33;2;2
34;33;2;2
35;33;2;2
36;33;2;2
37;33;2;2
38;33;2;2
39;33;2;2
0;34;2;2
1;34;0;2
2;34;0;2
3;34;0;2
4;34;0;2
5;34;0;2
6;34;0;2
7;34;0;2
8;34;0;2
9;34;0;2
10;34;0;2
11;34;0;2
12;34;0;2
13;34;0;2
14;34;0;2
15;34;0;2
16;34;0;2
17;34;0;2
18;34;0;2
19;34;0;2
20;34;0;2
21;34;0;2
22;34;0;2
23;34;0;2
24;34;0;2
25;34;0;2
26;34;34;2
27;34;2;2
28;34;2;2
29;34;2;2
30;34;2;2
31;34;2;2
32;34;2;2
33;34;2;2
34;34;2;2
35;34;2;2
36;34;2;2
37;34;2;2
38;34;2;2
39;34;2;2
0;35;2;2
1;35;0;2
2;35;0;2
3;35;0;2
4;35;0;2
5;35;0;2
6;35;0;2
7;35;0;2
8;35;0;2
9;35;0;2
10;35;0;2
11;35;0;2
12;35;0;2
13;35;0;2
14;35;0;2
15;35;0;2
16;35;0;2
17;35;0;2
18;35;0;2
19;35;0;2
20;35;0;2
21;35;0;2
22;35;0;2
23;35;0;2
24;35;0;2
25;35;0;2
26;35;34;2
27;35;2;2
28;35;2;2
29;35;2;2
30;35;2;2
31;35;2;2
32;35;2;2
33;35;2;2
34;35;2;2
35;35;2;2
36;35;2;2
37;35;2;2
38;35;2;2
39;35;2;2
0;36;2;2
1;36;0;2
2;36;0;2
3;36;0;2
4;36;0;2
5;36;0;2
6;36;0;2
7;36;0;2
8;36;0;2
9;36;0;2
10;36;0;2
11;36;0;2
12;36;0;2
13;36;0;2
14;36;0;2
15;36;0;2
16;36;0;2
17;36;0;2
18;36;0;2
19;36;0;2
20;36;0;2
21;36;0;2
22;36;0;2
23;36;0;2
24;36;0;2
25;36;34;2
26;36;34;2
27;36;2;2
28;36;2;2
29;36;2;2
30;36;2;2
31;36;2;2
32;36;2;2
33;36;2;2
34;36;2;2
35;36;2;2
36;36;2;2
37;36;2;2
38;36;2;2
39;36;2;2
0;37;2;2
1;37;0;2
2;37;0;2
3;37;0;2
4;37;0;2
5;37;0;2
6;37;0;2
7;37;0;2
8;37;0;2
9;37;0;2
10;37;0;2
11;37;0;2
12;37;0;2
13;37;0;2
14;37;0;2
15;37;0;2
16;37;0;2
17;37;0;2
18;37;0;2
19;37;0;2
20;37;0;2
21;37;0;2
22;37;0;2
23;37;0;2
24;37;0;2
25;37;2;2
26;37;2;2
27;37;2;2
28;37;2;2
29;37;2;2
30;37;2;2
31;37;2;2
32;37;2;2
33;37;2;2
34;37;2;2
35;37;2;2
36;37;2;2
37;37;2;2
38;37;2;2
39;37;2;2
0;38;2;2
1;38;0;2
2;38;0;2
3;38;0;2
4;38;0;2
5;38;0;2
6;38;0;2
7;38;0;2
8;38;0;2
9;38;0;2
10;38;0;2
11;38;0;2
12;38;0;2
13;38;2;2
14;38;2;2
15;38;0;2
16;38;0;2
17;38;0;2
18;38;0;2
19;38;0;2
20;38;0;2
21;38;0;2
22;38;0;2
23;38;0;2
24;38;2;2
25;38;2;2
26;38;2;2
27;38;2;2
28;38;2;2
29;38;2;2
30;38;2;2
31;38;2;2
32;38;2;2
33;38;2;2
34;38;2;2
35;38;2;2
36;38;2;2
37;38;2;2
38;38;2;2
39;38;2;2
0;39;2;2
1;39;0;2
2;39;0;2
3;39;0;2
4;39;0;2
5;39;0;2
6;39;0;2
7;39;0;2
8;39;0;2
9;39;0;2
10;39;0;2
11;39;0;2
12;39;2;2
13;39;2;2
14;39;2;2
15;39;2;2
16;39;0;2
17;39;0;2
18;39;0;2
19;39;0;2
20;39;0;2
21;39;0;2
22;39;0;2
23;39;2;2
24;39;2;2
25;39;2;2
26;39;2;2
27;39;2;2
28;39;2;2
29;39;2;2
30;39;2;2
31;39;2;2
32;39;2;2
33;39;2;2
34;39;2;2
35;39;2;2
36;39;2;2
37;39;2;2
38;39;2;2
39;39;2;2
0;40;2;0
1;40;2;0
2;40;0;0
3;40;0;0
4;40;0;0
5;40;0;0
6;40;0;0
7;40;0;0
8;40;0;0
9;40;0;0
10;40;0;0
11;40;0;0
12;40;0;0
13;40;0;0
14;40;0;0
15;40;0;0
16;40;0;0
17;40;0;0
18;40;0;0
19;40;0;0
20;40;0;0
21;40;0;0
22;40;0;0
23;40;0;0
24;40;0;0
25;40;0;0
26;40;0;0
27;40;0;0
28;40;0;0
29;40;0;0
30;40;0;0
31;40;0;0
32;40;0;0
33;40;2;0
34;40;2;0
35;40;2;0
36;40;2;0
37;40;2;0
38;40;2;0
39;40;2;0
0;41;2;0
1;41;2;0
2;41;2;0
3;41;2;0
4;41;2;0
5;41;2;0
6;41;0;0
7;41;0;0
8;41;0;0
9;41;0;0
10;41;0;0
11;41;0;0
12;41;0;0
13;41;0;0
14;41;0;0
15;41;0;0
16;41;0;0
17;41;0;0
18;41;0;0
19;41;0;0
20;41;0;0
21;41;0;0
22;41;0;0
23;41;0;0
24;41;0;0
25;41;0;0
26;41;0;0
27;41;0;0
28;41;0;0
29;41;0;0
30;41;0;0
31;41;0;0
32;41;0;0
33;41;2;0
34;41;2;0
35;41;2;0
36;41;2;0
37;41;2;0
38;41;2;0
39;41;2;0
0;42;2;0
1;42;2;0
2;42;2;0
3;42;2;0
4;42;2;0
5;42;2;0
6;42;0;0
7;42;0;0
8;42;0;0
9;42;0;0
10;42;0;0
11;42;0;0
12;42;0;0
13;42;0;0
14;42;0;0
15;42;0;0
16;42;0;0
17;42;0;0
18;42;0;0
19;42;0;0
20;42;0;0
21;42;0;0
22;42;0;0
23;42;0;0
24;42;0;0
25;42;0;0
26;42;0;0
27;42;0;0
28;42;0;0
29;42;0;0
30;42;0;0
31;42;0;0
32;42;0;0
33;42;2;0
34;42;2;0
35;42;2;0
36;42;2;0
37;42;2;0
38;42;2;0
39;42;2;0
0;43;2;0
1;43;2;0
2;43;2;0
3;43;2;0
4;43;2;0
5;43;2;0
6;43;0;0
7;43;0;0
8;43;0;0
9;43;0;0
10;43;0;0
11;43;0;0
12;43;0;0
13;43;0;0
14;43;0;0
15;43;0;0
16;43;0;0
17;43;0;0
18;43;0;0
19;43;0;0
20;43;0;0
21;43;0;0
22;43;0;0
23;43;0;0
24;43;0;0
25;43;0;0
26;43;0;0
27;43;0;0
28;43;0;0
29;43;0;0
30;43;0;0
31;43;0;0
32;43;0;0
33;43;2;0
34;43;2;0
35;43;2;0
36;43;2;0
37;43;2;0
38;43;2;0
39;43;2;0
0;44;2;0
1;44;2;0
2;44;2;0
3;44;2;0
4;44;2;0
5;44;2;0
6;44;0;0
7;44;0;0
8;44;0;0
9;44;0;0
10;44;0;0
11;44;0;0
12;44;0;0
13;44;0;0
14;44;0;0
15;44;0;0
16;44;0;0
17;44;0;0
18;44;0;0
19;44;0;0
20;44;0;0
21;44;0;0
22;44;0;0
23;44;0;0
24;44;0;0
25;44;0;0
26;44;0;0
27;44;0;0
28;44;0;0
29;44;0;0
30;44;0;0
31;44;0;0
32;44;0;0
33;44;2;0
34;44;2;0
35;44;2;0
36;44;2;0
37;44;2;0
38;44;2;0
39;44;2;0
0;45;2;0
1;45;2;0
2;45;2;0
3;45;2;0
4;45;2;0
5;45;2;0
6;45;0;0
7;45;0;0
8;45;0;0
9;45;0;0
10;45;0;0
11;45;0;0
12;45;0;0
13;45;0;0
14;45;0;0
15;45;0;0
16;45;0;0
17;45;0;0
18;45;0;0
19;45;0;0
20;45;0;0
21;45;0;0
22;45;0;0
23;45;0;0
24;45;0;0
25;45;0;0
26;45;0;0
27;45;0;0
28;45;0;0
29;45;0;0
30;45;0;0
31;45;0;0
32;45;0;0
33;45;2;0
34;45;2;0
35;45;2;0
36;45;2;0
37;45;2;0
38;45;2;0
39;45;2;0
0;46;2;0
1;46;2;0
2;46;2;0
3;46;2;0
4;46;2;0
5;46;2;0
6;46;0;0
7;46;0;0
8;46;0;0
9;46;0;0
10;46;0;0
11;46;0;0
12;46;0;0
13;46;0;0
14;46;0;0
15;46;0;0
16;46;0;0
17;46;0;0
18;46;0;0
19;46;0;0
20;46;0;0
21;46;0;0
22;46;0;0
23;46;0;0
24;46;0;0
25;46;0;0
26;46;0;0
27;46;0;0
28;46;0;0
29;46;0;0
30;46;0;0
31;46;0;0
32;46;0;0
33;46;2;0
34;46;2;0
35;46;2;0
36;46;2;0
37;46;2;0
38;46;2;0
39;46;2;0
0;47;2;0
1;47;2;0
2;47;2;0
3;47;2;0
4;47;2;0
5;47;2;0
6;47;0;0
7;47;0;0
8;47;0;0
9;47;0;0
10;47;0;0
11;47;0;0
12;47;0;0
13;47;0;0
14;47;0;0
15;47;0;0
16;47;0;0
17;47;0;0
18;47;0;0
19;47;0;0
20;47;0;0
21;47;0;0
22;47;0;0
23;47;0;0
24;47;0;0
25;47;0;0
26;47;0;0
27;47;0;0
28;47;0;0
29;47;0;0
30;47;0;0
31;47;0;0
32;47;0;0
33;47;2;0
34;47;2;0
35;47;2;0
36;47;2;0
37;47;2;0
38;47;2;0
39;47;2;0
0;48;2;0
1;48;2;0
2;48;2;0
3;48;2;0
4;48;2;0
5;48;2;0
6;48;0;0
7;48;0;0
8;48;0;0
9;48;0;0
10;48;0;0
11;48;0;0
12;48;0;0
13;48;0;0
14;48;0;0
15;48;0;0
16;48;0;0
17;48;0;0
18;48;0;0
19;48;0;0
20;48;0;0
21;48;0;0
22;48;0;0
23;48;0;0
24;48;0;0
25;48;0;0
26;48;0;0
27;48;0;0
28;48;0;0
29;48;0;0
30;48;0;0
31;48;0;0
32;48;0;0
33;48;2;0
34;48;2;0
35;48;2;0
36;48;2;0
37;48;2;0
38;48;2;0
39;48;2;0
0;49;2;0
1;49;2;0
2;49;2;0
3;49;2;0
4;49;2;0
5;49;2;0
6;49;0;0
7;49;0;0
8;49;0;0
9;49;0;0
10;49;0;0
11;49;0;0
12;49;0;0
13;49;0;0
14;49;0;0
15;49;0;0
16;49;0;0
17;49;0;0
18;49;0;0
19;49;0;0
20;49;0;0
21;49;0;0
22;49;0;0
23;49;0;0
24;49;0;0
25;49;0;0
26;49;0;0
27;49;0;0
28;49;0;0
29;49;0;0
30;49;0;0
31;49;0;0
32;49;0;0
33;49;2;0
34;49;2;0
35;49;2;0
36;49;2;0
37;49;2;0
38;49;2;0
39;49;2;0
0;50;2;0
1;50;2;0
2;50;2;0
3;50;2;0
4;50;2;0
5;50;2;0
6;50;0;0
7;50;0;0
8;50;0;0
9;50;0;0
10;50;0;0
11;50;0;0
12;50;0;0
13;50;0;0
14;50;0;0
15;50;0;0
16;50;0;0
17;50;0;0
18;50;0;0
19;50;0;0
20;50;0;0
21;50;0;0
22;50;0;0
23;50;0;0
24;50;0;0
25;50;0;0
26;50;0;0
27;50;0;0
28;50;0;0
29;50;0;0
30;50;0;0
31;50;0;0
32;50;0;0
33;50;2;0
34;50;2;0
35;50;2;0
36;50;2;0
37;50;2;0
38;50;2;0
39;50;2;0
0;51;2;0
1;51;2;0
2;51;2;0
3;51;2;0
4;51;2;0
5;51;2;0
6;51;0;0
7;51;0;0
8;51;0;0
9;51;0;0
10;51;0;0
11;51;0;0
12;51;0;0
13;51;0;0
14;51;0;0
15;51;0;0
16;51;0;0
17;51;0;0
18;51;0;0
19;51;0;0
20;51;0;0
21;51;0;0
22;51;0;0
23;51;0;0
24;51;0;0
25;51;0;0
26;51;0;0
27;51;0;0
28;51;0;0
29;51;0;0
30;51;0;0
31;51;0;0
32;51;0;0
33;51;2;0
34;51;2;0
35;51;2;0
36;51;2;0
37;51;2;0
38;51;2;0
39;51;2;0
0;52;2;0
1;52;2;0
2;52;2;0
3;52;2;0
4;52;2;0
5;52;2;0
6;52;2;0
7;52;2;0
8;52;2;0
9;52;2;0
10;52;2;0
11;52;2;0
12;52;2;0
13;52;2;0
14;52;2;0
15;52;2;0
16;52;2;0
17;52;2;0
18;52;2;0
19;52;2;0
20;52;2;0
21;52;2;0
22;52;2;0
23;52;2;0
24;52;2;0
25;52;2;0
26;52;2;0
27;52;2;0
28;52;2;0
29;52;2;0
30;52;2;0
31;52;2;0
32;52;2;0
33;52;2;0
34;52;2;0
35;52;2;0
36;52;2;0
37;52;2;0
38;52;2;0
39;52;2;0
0;53;2;0
1;53;2;0
2;53;2;0
3;53;2;0
4;53;2;0
5;53;2;0
6;53;2;0
7;53;2;0
8;53;2;0
9;53;2;0
10;53;2;0
11;53;2;0
12;53;2;0
13;53;2;0
14;53;2;0
15;53;2;0
16;53;2;0
17;53;2;0
18;53;2;0
19;53;2;0
20;53;2;0
21;53;2;0
22;53;2;0
23;53;2;0
24;53;2;0
25;53;2;0
26;53;2;0
27;53;2;0
28;53;2;0
29;53;2;0
30;53;2;0
31;53;2;0
32;53;2;0
33;53;2;0
34;53;2;0
35;53;2;0
36;53;2;0
37;53;2;0
38;53;2;0
39;53;2;0
0;54;2;0
1;54;2;0
2;54;2;0
3;54;2;0
4;54;2;0
5;54;2;0
6;54;2;0
7;54;2;0
8;54;2;0
9;54;2;0
10;54;2;0
11;54;2;0
12;54;2;0
13;54;2;0
14;54;2;0
15;54;2;0
16;54;2;0
17;54;2;0
18;54;2;0
19;54;2;0
20;54;2;0
21;54;2;0
22;54;2;0
23;54;2;0
24;54;2;0
25;54;2;0
26;54;2;0
27;54;2;0
28;54;2;0
29;54;2;0
30;54;2;0
31;54;2;0
32;54;2;0
33;54;2;0
34;54;2;0
35;54;2;0
36;54;2;0
37;54;2;0
38;54;2;0
39;54;2;0
0;55;2;0
1;55;2;0
2;55;2;0
3;55;2;0
4;55;2;0
5;55;2;0
6;55;2;0
7;55;2;0
8;55;2;0
9;55;2;0
10;55;2;0
11;55;2;0
12;55;2;0
13;55;2;0
14;55;2;0
15;55;2;0
16;55;2;0
17;55;2;0
18;55;2;0
19;55;2;0
20;55;2;0
21;55;2;0
22;55;2;0
23;55;2;0
24;55;2;0
25;55;2;0
26;55;2;0
27;55;2;0
28;55;2;0
29;55;2;0
30;55;2;0
31;55;2;0
32;55;2;0
33;55;2;0
34;55;2;0
35;55;2;0
36;55;2;0
37;55;2;0
38;55;2;0
39;55;2;0
0;56;2;0
1;56;2;0
2;56;2;0
3;56;2;0
4;56;2;0
5;56;2;0
6;56;2;0
7;56;2;0
8;56;2;0
9;56;2;0
10;56;2;0
11;56;2;0
12;56;2;0
13;56;2;0
14;56;2;0
15;56;2;0
16;56;2;0
17;56;2;0
18;56;2;0
19;56;2;0
20;56;2;0
21;56;2;0
22;56;2;0
23;56;2;0
24;56;2;0
25;56;2;0
26;56;2;0
27;56;2;0
28;56;2;0
29;56;2;0
30;56;2;0
31;56;2;0
32;56;2;0
33;56;2;0
34;56;2;0
35;56;2;0
36;56;2;0
37;56;2;0
38;56;2;0
39;56;2;0
0;57;2;0
1;57;2;0
2;57;2;0
3;57;2;0
4;57;2;0
5;57;2;0
6;57;2;0
7;57;2;0
8;57;2;0
9;57;2;0
10;57;2;0
11;57;2;0
12;57;2;0
13;57;2;0
14;57;2;0
15;57;2;0
16;57;2;0
17;57;2;0
18;57;2;0
19;57;2;0
20;57;2;0
21;57;2;0
22;57;2;0
23;57;2;0
24;57;2;0
25;57;2;0
26;57;2;0
27;57;2;0
28;57;2;0
29;57;2;0
30;57;2;0
31;57;2;0
32;57;2;0
33;57;2;0
34;57;2;0
35;57;2;0
36;57;2;0
37;57;2;0
38;57;2;0
39;57;2;0
0;58;2;0
1;58;2;0
2;58;2;0
3;58;2;0
4;58;2;0
5;58;2;0
6;58;2;0
7;58;2;0
8;58;2;0
9;58;2;0
10;58;2;0
11;58;2;0
12;58;2;0
13;58;2;0
14;58;2;0
15;58;2;0
16;58;2;0
17;58;2;0
18;58;2;0
19;58;2;0
20;58;2;0
21;58;2;0
22;58;2;0
23;58;2;0
24;58;2;0
25;58;2;0
26;58;2;0
27;58;2;0
28;58;2;0
29;58;2;0
30;58;2;0
31;58;2;0
32;58;2;0
33;58;2;0
34;58;2;0
35;58;2;0
36;58;2;0
37;58;2;0
38;58;2;0
39;58;2;0
0;59;2;0
1;59;2;0
2;59;2;0
3;59;2;0
4;59;2;0
5;59;2;0
6;59;2;0
7;59;2;0
8;59;2;0
9;59;2;0
10;59;2;0
11;59;2;0
12;59;2;0
13;59;2;0
14;59;2;0
15;59;2;0
16;59;2;0
17;59;2;0
18;59;2;0
19;59;2;0
20;59;2;0
21;59;2;0
22;59;2;0
23;59;2;0
24;59;2;0
25;59;2;0
26;59;2;0
27;59;2;0
28;59;2;0
29;59;2;0
30;59;2;0
31;59;2;0
32;59;2;0
33;59;2;0
34;59;2;0
35;59;2;0
36;59;2;0
37;59;2;0
38;59;2;0
39;59;2;0
0;60;2;0
1;60;2;0
2;60;2;0
3;60;2;0
4;60;2;0
5;60;2;0
6;60;2;0
7;60;2;0
8;60;2;0
9;60;2;0
10;60;2;0
11;60;2;0
12;60;2;0
13;60;2;0
14;60;2;0
15;60;2;0
16;60;2;0
17;60;2;0
18;60;2;0
19;60;2;0
20;60;2;0
21;60;2;0
22;60;2;0
23;60;2;0
24;60;2;0
25;60;2;0
26;60;2;0
27;60;2;0
28;60;2;0
29;60;2;0
30;60;2;0
31;60;2;0
32;60;2;0
33;60;2;0
34;60;2;0
35;60;2;0
36;60;2;0
37;60;2;0
38;60;2;0
39;60;2;0
0;61;2;0
1;61;2;0
2;61;2;0
3;61;2;0
4;61;2;0
5;61;2;0
6;61;2;0
7;61;2;0
8;61;2;0
9;61;2;0
10;61;2;0
11;61;2;0
12;61;2;0
13;61;2;0
14;61;2;0
15;61;2;0
16;61;2;0
17;61;2;0
18;61;2;0
19;61;2;0
20;61;2;0
21;61;2;0
22;61;2;0
23;61;2;0
24;61;2;0
25;61;2;0
26;61;2;0
27;61;2;0
28;61;2;0
29;61;2;0
30;61;2;0
31;61;2;0
32;61;2;0
33;61;2;0
34;61;2;0
35;61;2;0
36;61;2;0
37;61;2;0
38;61;2;0
39;61;2;0
0;62;2;0
1;62;2;0
2;62;2;0
3;62;2;0
4;62;2;0
5;62;2;0
6;62;2;0
7;62;2;0
8;62;2;0
9;62;2;0
10;62;2;0
11;62;2;0
12;62;2;0
13;62;2;0
14;62;2;0
15;62;2;0
16;62;2;0
17;62;2;0
18;62;2;0
19;62;2;0
20;62;2;0
21;62;2;0
22;62;2;0
23;62;2;0
24;62;2;0
25;62;2;0
26;62;2;0
27;62;2;0
28;62;2;0
29;62;2;0
30;62;2;0
31;62;2;0
32;62;2;0
33;62;2;0
34;62;2;0
35;62;2;0
36;62;2;0
37;62;2;0
38;62;2;0
39;62;2;0
0;63;2;0
1;63;2;0
2;63;2;0
3;63;2;0
4;63;2;0
5;63;2;0
6;63;2;0
7;63;2;0
8;63;2;0
9;63;2;0
10;63;2;0
11;63;2;0
12;63;2;0
13;63;2;0
14;63;2;0
15;63;2;0
16;63;2;0
17;63;2;0
18;63;2;0
19;63;2;0
20;63;2;0
21;63;2;0
22;63;2;0
23;63;2;0
24;63;2;0
25;63;2;0
26;63;2;0
27;63;2;0
28;63;2;0
29;63;2;0
30;63;2;0
31;63;2;0
32;63;2;0
33;63;2;0
34;63;2;0
35;63;2;0
36;63;2;0
37;63;2;0
38;63;2;0
39;63;2;0
0;64;2;0
1;64;2;0
2;64;2;0
3;64;2;0
4;64;2;0
5;64;2;0
6;64;2;0
7;64;2;0
8;64;2;0
9;64;2;0
10;64;2;0
11;64;2;0
12;64;2;0
13;64;2;0
14;64;2;0
15;64;2;0
16;64;2;0
17;64;2;0
18;64;2;0
19;64;2;0
20;64;2;0
21;64;2;0
22;64;2;0
23;64;2;0
24;64;2;0
25;64;2;0
26;64;2;0
27;64;2;0
28;64;2;0
29;64;2;0
30;64;2;0
31;64;2;0
32;64;2;0
33;64;2;0
34;64;2;0
35;64;2;0
36;64;2;0
37;64;2;0
38;64;2;0
39;64;2;0
