# Illarion Server
# 
# This program is free software: you can redistribute it and/or modify it under
# the terms of the GNU Affero General Public License as published by the Free
# Software Foundation, either version 3 of the License, or (at your option) any
# later version.
# 
# This program is distributed in the hope that it will be useful, but WITHOUT
# ANY WARRANTY; without even the implied warranty of MERCHANTABILITY or FITNESS
# FOR A PARTICULAR PURPOSE.  See the GNU Affero General Public License for more
# details.
# 
# You should have received a copy of the GNU Affero General Public License along
# with this program.  If not, see <http://www.gnu.org/licenses/>.
V: 2
L: 2
X: 300
Y: 351
W: 27
H: 35
0;0;0;7
0;1;0;7
0;2;0;7
0;3;0;7
0;4;0;7
0;5;0;7
0;6;0;7
0;7;0;7
0;8;0;7
0;9;0;7
0;10;0;7
0;11;0;7
0;12;0;7
0;13;0;7
0;14;0;2
0;15;0;2
0;16;0;2
0;17;0;2
0;18;0;2
0;19;0;2
0;20;0;2
0;21;0;7
0;22;0;7
0;23;0;7
0;24;0;7
0;25;0;7
0;26;0;7
0;27;0;7
0;28;0;7
0;29;0;7
0;30;0;7
0;31;0;7
0;32;43;7
0;33;43;7
0;34;0;7
1;0;0;7
1;1;0;7
1;2;0;7
1;3;0;7
1;4;0;7
1;5;0;7
1;6;0;7
1;7;0;7
1;8;0;7
1;9;0;7
1;10;0;7
1;11;0;7
1;12;0;7
1;13;0;7
1;14;0;7
1;15;0;7
1;16;0;7
1;17;0;7
1;18;0;7
1;19;0;7
1;20;0;7
1;21;0;7
1;22;0;7
1;23;0;7
1;24;0;7
1;25;0;7
1;26;0;7
1;27;0;7
1;28;0;7
1;29;0;7
1;30;0;7
1;31;0;7
1;32;43;7
1;33;43;7
1;34;0;7
2;0;0;7
2;1;0;7
2;2;0;7
2;3;0;7
2;4;0;7
2;5;0;7
2;6;0;7
2;7;0;7
2;8;0;7
2;9;0;7
2;10;0;7
2;11;0;7
2;12;0;7
2;13;0;7
2;14;0;7
2;15;0;7
2;16;0;7
2;17;0;7
2;18;0;7
2;19;0;7
2;20;0;7
2;21;0;7
2;22;0;7
2;23;0;7
2;24;0;7
2;25;0;7
2;26;0;7
2;27;0;7
2;28;0;7
2;29;0;7
2;30;0;7
2;31;0;7
2;32;43;7
2;33;43;7
2;34;0;7
3;0;0;7
3;1;0;7
3;2;0;7
3;3;0;7
3;4;0;7
3;5;0;7
3;6;0;7
3;7;0;7
3;8;0;7
3;9;0;7
3;10;0;7
3;11;0;7
3;12;0;7
3;13;0;7
3;14;0;7
3;15;0;7
3;16;0;7
3;17;0;7
3;18;0;7
3;19;0;7
3;20;0;7
3;21;0;7
3;22;0;7
3;23;0;7
3;24;0;7
3;25;0;7
3;26;0;7
3;27;0;7
3;28;0;7
3;29;0;7
3;30;0;7
3;31;0;7
3;32;43;7
3;33;43;7
3;34;0;7
4;0;41;7
4;1;41;7
4;2;41;7
4;3;41;7
4;4;41;7
4;5;41;7
4;6;41;7
4;7;41;7
4;8;41;7
4;9;41;7
4;10;0;7
4;11;0;7
4;12;0;7
4;13;0;7
4;14;0;7
4;15;0;7
4;16;0;7
4;17;0;7
4;18;0;7
4;19;0;7
4;20;0;7
4;21;0;7
4;22;0;7
4;23;0;7
4;24;0;7
4;25;0;7
4;26;0;7
4;27;0;7
4;28;0;7
4;29;0;7
4;30;0;7
4;31;0;7
4;32;43;7
4;33;43;7
4;34;0;7
5;0;41;7
5;1;41;7
5;2;41;7
5;3;41;7
5;4;41;7
5;5;41;7
5;6;41;7
5;7;41;7
5;8;41;7
5;9;41;7
5;10;0;7
5;11;0;7
5;12;0;7
5;13;0;7
5;14;0;7
5;15;0;7
5;16;0;7
5;17;0;7
5;18;0;7
5;19;0;7
5;20;0;7
5;21;0;7
5;22;0;7
5;23;0;7
5;24;0;7
5;25;0;7
5;26;0;7
5;27;0;7
5;28;0;7
5;29;0;7
5;30;0;7
5;31;0;7
5;32;43;7
5;33;43;7
5;34;0;7
6;0;41;7
6;1;41;7
6;2;41;7
6;3;41;7
6;4;41;7
6;5;41;7
6;6;41;7
6;7;41;7
6;8;41;7
6;9;41;7
6;10;0;7
6;11;0;7
6;12;0;7
6;13;0;7
6;14;0;7
6;15;0;7
6;16;0;7
6;17;0;7
6;18;0;7
6;19;0;7
6;20;0;7
6;21;0;7
6;22;0;7
6;23;0;7
6;24;0;7
6;25;0;7
6;26;0;7
6;27;0;7
6;28;0;7
6;29;0;7
6;30;0;7
6;31;0;7
6;32;43;7
6;33;43;7
6;34;0;7
7;0;41;7
7;1;41;7
7;2;41;7
7;3;41;7
7;4;41;7
7;5;41;7
7;6;41;7
7;7;41;7
7;8;41;7
7;9;41;7
7;10;0;7
7;11;0;7
7;12;0;7
7;13;0;7
7;14;0;7
7;15;0;7
7;16;0;7
7;17;0;7
7;18;0;7
7;19;0;7
7;20;0;7
7;21;0;7
7;22;0;7
7;23;0;7
7;24;0;7
7;25;0;7
7;26;0;7
7;27;0;7
7;28;0;7
7;29;0;7
7;30;0;7
7;31;0;7
7;32;43;7
7;33;43;7
7;34;0;7
8;0;41;7
8;1;41;7
8;2;41;7
8;3;41;7
8;4;41;7
8;5;41;7
8;6;41;7
8;7;41;7
8;8;41;7
8;9;41;7
8;10;0;7
8;11;0;7
8;12;0;7
8;13;0;7
8;14;0;7
8;15;0;7
8;16;0;7
8;17;0;7
8;18;0;7
8;19;0;7
8;20;0;7
8;21;0;7
8;22;0;7
8;23;0;7
8;24;0;7
8;25;0;7
8;26;0;7
8;27;0;7
8;28;0;7
8;29;0;7
8;30;0;7
8;31;34;7
8;32;43;7
8;33;43;7
8;34;0;7
9;0;41;2
9;1;41;7
9;2;41;7
9;3;41;7
9;4;41;7
9;5;41;7
9;6;41;7
9;7;41;7
9;8;41;7
9;9;41;7
9;10;0;7
9;11;0;7
9;12;0;7
9;13;0;7
9;14;0;7
9;15;0;7
9;16;0;7
9;17;0;7
9;18;0;7
9;19;0;7
9;20;0;7
9;21;0;7
9;22;0;7
9;23;0;7
9;24;0;7
9;25;0;7
9;26;0;7
9;27;0;7
9;28;0;7
9;29;0;7
9;30;34;7
9;31;43;7
9;32;43;7
9;33;43;7
9;34;43;7
10;0;41;2
10;1;41;7
10;2;41;7
10;3;41;7
10;4;41;7
10;5;41;7
10;6;41;7
10;7;41;7
10;8;41;7
10;9;41;7
10;10;0;7
10;11;0;7
10;12;0;7
10;13;0;7
10;14;0;7
10;15;0;7
10;16;0;7
10;17;0;7
10;18;0;7
10;19;0;7
10;20;0;7
10;21;0;7
10;22;0;7
10;23;0;7
10;24;0;7
10;25;0;7
10;26;0;7
10;27;0;7
10;28;0;7
10;29;0;7
10;30;34;7
10;31;43;7
10;32;43;7
10;33;43;7
10;34;43;7
11;0;41;2
11;1;41;7
11;2;41;7
11;3;41;7
11;4;41;7
11;5;41;7
11;6;41;7
11;7;41;7
11;8;41;7
11;9;41;7
11;10;0;7
11;11;0;7
11;12;0;7
11;13;0;7
11;14;0;7
11;15;0;7
11;16;0;7
11;17;0;7
11;18;0;7
11;19;0;7
11;20;0;7
11;21;0;7
11;22;0;7
11;23;0;7
11;24;0;7
11;25;0;7
11;26;0;7
11;27;0;7
11;28;0;7
11;29;0;7
11;30;34;7
11;31;43;7
11;32;43;7
11;33;43;7
11;34;43;2
12;0;41;2
12;1;41;7
12;2;41;7
12;3;41;7
12;4;41;7
12;5;41;7
12;6;41;7
12;7;41;7
12;8;41;7
12;9;41;7
12;10;0;7
12;11;0;7
12;12;0;7
12;13;0;7
12;14;0;7
12;15;0;7
12;16;0;7
12;17;0;7
12;18;0;7
12;19;0;7
12;20;0;7
12;21;0;7
12;22;0;7
12;23;0;7
12;24;0;7
12;25;0;7
12;26;0;7
12;27;0;7
12;28;0;7
12;29;34;7
12;30;43;7
12;31;43;7
12;32;43;7
12;33;43;7
12;34;43;7
13;0;41;2
13;1;41;7
13;2;41;7
13;3;41;7
13;4;41;7
13;5;41;7
13;6;41;7
13;7;41;7
13;8;41;7
13;9;41;7
13;10;0;7
13;11;0;7
13;12;0;7
13;13;0;7
13;14;0;7
13;15;0;7
13;16;0;7
13;17;0;7
13;18;0;7
13;19;0;7
13;20;0;7
13;21;0;7
13;22;0;7
13;23;0;7
13;24;0;7
13;25;0;7
13;26;0;7
13;27;0;7
13;28;0;7
13;29;34;7
13;30;43;7
13;31;43;7
13;32;43;7
13;33;43;7
13;34;43;2
14;0;41;2
14;1;41;7
14;2;41;7
14;3;41;7
14;4;41;7
14;5;41;7
14;6;41;7
14;7;41;7
14;8;41;7
14;9;41;7
14;10;0;7
14;11;0;7
14;12;0;7
14;13;0;7
14;14;0;7
14;15;0;7
14;16;0;7
14;17;0;7
14;18;0;7
14;19;0;7
14;20;0;7
14;21;0;7
14;22;0;7
14;23;0;7
14;24;0;7
14;25;0;7
14;26;0;7
14;27;0;7
14;28;34;7
14;29;43;7
14;30;43;7
14;31;43;7
14;32;43;7
14;33;43;7
14;34;43;2
15;0;41;2
15;1;41;7
15;2;41;7
15;3;41;7
15;4;41;7
15;5;41;7
15;6;41;7
15;7;41;7
15;8;41;7
15;9;41;7
15;10;0;7
15;11;0;7
15;12;0;7
15;13;0;7
15;14;0;7
15;15;0;7
15;16;0;7
15;17;0;7
15;18;0;7
15;19;0;7
15;20;0;7
15;21;0;7
15;22;0;7
15;23;0;7
15;24;0;7
15;25;0;7
15;26;0;7
15;27;34;7
15;28;43;7
15;29;43;7
15;30;43;7
15;31;43;7
15;32;43;7
15;33;43;7
15;34;34;7
16;0;41;2
16;1;41;7
16;2;41;7
16;3;41;7
16;4;41;7
16;5;41;7
16;6;41;7
16;7;41;7
16;8;41;7
16;9;41;7
16;10;0;7
16;11;0;7
16;12;0;7
16;13;0;7
16;14;0;7
16;15;0;7
16;16;0;7
16;17;0;7
16;18;0;7
16;19;0;7
16;20;0;7
16;21;0;7
16;22;43;7
16;23;43;7
16;24;43;7
16;25;43;7
16;26;43;7
16;27;43;7
16;28;43;7
16;29;43;7
16;30;43;7
16;31;43;7
16;32;43;7
16;33;0;7
16;34;0;7
17;0;41;2
17;1;41;7
17;2;41;7
17;3;41;7
17;4;41;7
17;5;41;7
17;6;41;7
17;7;41;7
17;8;41;7
17;9;41;7
17;10;0;7
17;11;0;7
17;12;0;7
17;13;0;7
17;14;0;7
17;15;0;7
17;16;0;7
17;17;0;7
17;18;0;7
17;19;0;7
17;20;0;7
17;21;0;7
17;22;43;7
17;23;43;7
17;24;43;7
17;25;43;7
17;26;43;7
17;27;43;7
17;28;43;7
17;29;43;7
17;30;43;7
17;31;43;7
17;32;43;7
17;33;0;7
17;34;0;7
18;0;41;7
18;1;41;7
18;2;41;7
18;3;41;7
18;4;41;7
18;5;41;7
18;6;41;7
18;7;41;7
18;8;41;7
18;9;41;7
18;10;0;7
18;11;0;7
18;12;0;7
18;13;0;7
18;14;0;7
18;15;0;7
18;16;0;7
18;17;0;7
18;18;0;7
18;19;0;7
18;20;0;7
18;21;0;7
18;22;43;7
18;23;43;7
18;24;43;7
18;25;43;7
18;26;43;7
18;27;43;7
18;28;43;7
18;29;43;7
18;30;43;7
18;31;43;7
18;32;43;7
18;33;0;7
18;34;0;7
19;0;41;7
19;1;41;7
19;2;41;7
19;3;41;7
19;4;41;7
19;5;41;7
19;6;41;7
19;7;41;7
19;8;41;7
19;9;41;7
19;10;0;7
19;11;0;7
19;12;0;7
19;13;0;7
19;14;0;7
19;15;41;7
19;16;41;7
19;17;41;7
19;18;41;7
19;19;41;7
19;20;41;7
19;21;41;7
19;22;43;7
19;23;43;7
19;24;43;7
19;25;43;7
19;26;43;7
19;27;43;7
19;28;43;7
19;29;43;7
19;30;43;7
19;31;43;7
19;32;43;7
19;33;0;7
19;34;0;7
20;0;41;7
20;1;41;7
20;2;41;7
20;3;41;7
20;4;41;7
20;5;41;7
20;6;41;7
20;7;41;7
20;8;41;7
20;9;41;7
20;10;0;7
20;11;0;7
20;12;0;7
20;13;0;7
20;14;0;7
20;15;41;7
20;16;41;7
20;17;41;7
20;18;41;7
20;19;41;7
20;20;41;7
20;21;41;7
20;22;43;7
20;23;43;7
20;24;43;7
20;25;43;7
20;26;43;7
20;27;43;7
20;28;43;7
20;29;43;7
20;30;43;7
20;31;43;7
20;32;43;7
20;33;0;7
20;34;0;7
21;0;41;7
21;1;41;7
21;2;41;7
21;3;41;7
21;4;41;7
21;5;41;7
21;6;41;7
21;7;41;7
21;8;41;7
21;9;41;7
21;10;41;7
21;11;41;7
21;12;41;7
21;13;41;7
21;14;41;7
21;15;41;7
21;16;41;7
21;17;41;7
21;18;41;7
21;19;41;7
21;20;41;7
21;21;41;7
21;22;41;7
21;23;0;7
21;24;0;7
21;25;0;7
21;26;0;7
21;27;0;7
21;28;0;7
21;29;0;7
21;30;0;7
21;31;0;7
21;32;0;7
21;33;0;7
21;34;0;7
22;0;41;7
22;1;41;7
22;2;41;7
22;3;41;7
22;4;41;7
22;5;41;7
22;6;41;7
22;7;41;7
22;8;41;7
22;9;41;7
22;10;41;7
22;11;41;7
22;12;41;7
22;13;41;7
22;14;41;7
22;15;41;7
22;16;41;7
22;17;41;7
22;18;41;7
22;19;41;7
22;20;41;7
22;21;41;7
22;22;41;7
22;23;0;7
22;24;0;7
22;25;0;7
22;26;0;7
22;27;0;7
22;28;0;7
22;29;0;7
22;30;0;7
22;31;0;7
22;32;0;7
22;33;0;7
22;34;0;7
23;0;41;7
23;1;41;7
23;2;41;7
23;3;41;7
23;4;41;7
23;5;41;7
23;6;41;7
23;7;41;7
23;8;41;7
23;9;41;7
23;10;41;7
23;11;41;7
23;12;41;7
23;13;41;7
23;14;41;7
23;15;41;7
23;16;41;7
23;17;41;7
23;18;41;7
23;19;41;7
23;20;41;7
23;21;41;7
23;22;41;7
23;23;0;7
23;24;0;7
23;25;0;7
23;26;0;7
23;27;0;7
23;28;0;7
23;29;0;7
23;30;0;7
23;31;0;7
23;32;0;7
23;33;0;7
23;34;0;7
24;0;41;7
24;1;41;7
24;2;41;7
24;3;41;7
24;4;41;7
24;5;41;7
24;6;41;7
24;7;41;7
24;8;41;7
24;9;41;7
24;10;41;7
24;11;41;7
24;12;41;7
24;13;41;7
24;14;41;7
24;15;41;7
24;16;41;7
24;17;41;7
24;18;41;7
24;19;41;7
24;20;41;7
24;21;41;7
24;22;41;7
24;23;0;7
24;24;0;7
24;25;0;7
24;26;0;7
24;27;0;7
24;28;0;7
24;29;0;7
24;30;0;7
24;31;0;7
24;32;0;7
24;33;0;7
24;34;0;7
25;0;41;7
25;1;41;7
25;2;41;7
25;3;41;7
25;4;41;7
25;5;41;7
25;6;41;7
25;7;41;7
25;8;41;7
25;9;41;7
25;10;41;7
25;11;41;7
25;12;41;7
25;13;41;7
25;14;41;7
25;15;41;7
25;16;41;2
25;17;41;7
25;18;41;7
25;19;41;7
25;20;41;7
25;21;41;7
25;22;41;7
25;23;0;7
25;24;0;7
25;25;0;7
25;26;0;7
25;27;0;7
25;28;0;7
25;29;0;7
25;30;0;7
25;31;0;7
25;32;0;7
25;33;0;7
25;34;0;7
26;0;41;7
26;1;41;7
26;2;41;7
26;3;41;7
26;4;41;7
26;5;41;7
26;6;41;7
26;7;41;7
26;8;41;7
26;9;41;7
26;10;41;7
26;11;41;7
26;12;41;7
26;13;41;7
26;14;41;7
26;15;41;2
26;16;41;2
26;17;41;7
26;18;41;7
26;19;41;7
26;20;41;7
26;21;41;7
26;22;41;7
26;23;0;7
26;24;0;7
26;25;0;7
26;26;0;7
26;27;0;7
26;28;0;7
26;29;0;7
26;30;0;7
26;31;0;7
26;32;0;7
26;33;0;7
26;34;0;7
