# Illarion Server
# 
# This program is free software: you can redistribute it and/or modify it under
# the terms of the GNU Affero General Public License as published by the Free
# Software Foundation, either version 3 of the License, or (at your option) any
# later version.
# 
# This program is distributed in the hope that it will be useful, but WITHOUT
# ANY WARRANTY; without even the implied warranty of MERCHANTABILITY or FITNESS
# FOR A PARTICULAR PURPOSE.  See the GNU Affero General Public License for more
# details.
# 
# You should have received a copy of the GNU Affero General Public License along
# with this program.  If not, see <http://www.gnu.org/licenses/>.
5;1;623;333
5;2;623;333
5;3;623;333
5;4;623;333
5;5;623;333
5;6;623;333
5;7;623;333
5;8;629;333
6;1;287;333
6;2;287;333
6;3;287;333
6;4;287;333
6;5;287;333
6;6;287;333
6;7;287;333
6;8;622;333
7;0;287;333
7;1;287;333
7;2;287;333
7;3;287;333
7;4;287;333
7;5;287;333
7;6;287;333
7;7;287;333
7;8;622;333
8;0;287;333
8;1;287;333
8;2;287;333
8;3;287;333
8;4;287;333
8;5;287;333
8;6;287;333
8;7;287;333
8;8;622;333
9;0;287;333
9;1;287;333
9;2;287;333
9;3;287;333
9;4;287;333
9;5;287;333
9;6;287;333
9;7;287;333
9;8;622;333
10;0;287;333
10;1;287;333
10;2;287;333
10;3;287;333
10;4;287;333
10;5;287;333
10;6;287;333
10;7;287;333
10;8;622;333
10;8;624;333
11;0;287;333
11;1;287;333
11;2;287;333
11;3;287;333
11;4;287;333
11;5;287;333
11;6;287;333
11;7;287;333
11;8;622;333
12;0;287;333
12;1;287;333
12;2;287;333
12;3;287;333
12;4;287;333
12;5;287;333
12;6;287;333
12;7;287;333
12;8;622;333
13;0;287;333
13;1;287;333
13;2;287;333
13;3;287;333
13;4;287;333
13;5;287;333
13;6;287;333
13;7;287;333
13;8;622;333
14;1;287;333
14;2;287;333
14;3;287;333
14;4;287;333
14;5;287;333
14;6;287;333
14;7;287;333
14;8;622;333
15;1;287;333
15;2;287;333
15;3;287;333
15;4;287;333
15;5;287;333
15;6;287;333
15;7;287;333
15;8;622;333
16;5;287;333
16;6;287;333
16;7;287;333
16;8;622;333
17;5;287;333
17;6;287;333
17;7;287;333
17;8;622;333
18;5;287;333
18;6;287;333
18;7;287;333
18;8;622;333
18;28;627;333
18;29;623;333
18;30;623;333
18;31;623;333
18;32;623;333
18;33;623;333
18;33;625;333
18;34;623;333
18;35;623;333
18;36;623;333
18;36;625;333
18;37;623;333
18;38;629;333
19;6;287;333
19;7;287;333
19;8;622;333
19;19;627;333
19;20;623;333
19;21;623;333
19;22;623;333
19;22;625;333
19;23;623;333
19;24;623;333
19;25;623;333
19;26;623;333
19;27;623;333
19;28;623;333
19;29;287;333
19;29;287;333
19;30;287;333
19;31;287;333
19;32;287;333
19;33;287;333
19;34;287;333
19;35;287;333
19;36;287;333
19;37;287;333
19;38;622;333
20;8;623;333
20;8;630;333
20;9;623;333
20;10;623;333
20;11;623;333
20;12;623;333
20;13;623;333
20;13;625;333
20;14;623;333
20;15;623;333
20;16;623;333
20;17;623;333
20;18;623;333
20;19;623;333
20;20;287;333
20;21;287;333
20;22;287;333
20;23;287;333
20;24;287;333
20;25;287;333
20;26;287;333
20;27;287;333
20;28;287;333
20;29;287;333
20;30;287;333
20;31;287;333
20;32;287;333
20;33;287;333
20;34;287;333
20;35;287;333
20;36;287;333
20;37;622;333
20;38;628;333
21;8;287;333
21;9;287;333
21;9;287;333
21;10;287;333
21;11;287;333
21;12;287;333
21;13;287;333
21;14;287;333
21;15;287;333
21;16;287;333
21;17;287;333
21;18;287;333
21;19;287;333
21;20;287;333
21;21;287;333
21;22;287;333
21;23;287;333
21;24;287;333
21;25;287;333
21;25;287;333
21;26;287;333
21;26;287;333
21;27;287;333
21;27;287;333
21;28;287;333
21;28;287;333
21;29;287;333
21;29;287;333
21;30;287;333
21;30;287;333
21;31;287;333
21;31;287;333
21;32;287;333
21;32;287;333
21;33;287;333
21;33;287;333
21;34;287;333
21;35;287;333
21;36;287;333
21;37;622;333
22;8;287;333
22;9;287;333
22;9;287;333
22;10;287;333
22;10;287;333
22;11;287;333
22;11;287;333
22;12;287;333
22;12;287;333
22;13;287;333
22;13;287;333
22;14;287;333
22;14;287;333
22;15;287;333
22;15;287;333
22;16;287;333
22;16;287;333
22;17;287;333
22;17;287;333
22;18;287;333
22;18;287;333
22;19;287;333
22;19;287;333
22;20;287;333
22;20;287;333
22;21;287;333
22;21;287;333
22;22;287;333
22;22;287;333
22;23;287;333
22;24;287;333
22;25;287;333
22;25;287;333
22;26;287;333
22;26;287;333
22;27;287;333
22;28;287;333
22;29;287;333
22;30;287;333
22;31;287;333
22;32;287;333
22;33;287;333
22;34;287;333
22;35;287;333
22;36;622;333
22;37;628;333
23;8;287;333
23;9;287;333
23;9;287;333
23;10;287;333
23;10;287;333
23;11;287;333
23;11;287;333
23;12;287;333
23;12;287;333
23;13;287;333
23;13;287;333
23;14;287;333
23;14;287;333
23;15;287;333
23;15;287;333
23;16;287;333
23;16;287;333
23;17;287;333
23;17;287;333
23;18;287;333
23;18;287;333
23;19;287;333
23;19;287;333
23;20;287;333
23;20;287;333
23;21;287;333
23;21;287;333
23;22;287;333
23;22;287;333
23;23;287;333
23;24;287;333
23;25;287;333
23;25;287;333
23;26;287;333
23;26;287;333
23;27;287;333
23;28;287;333
23;29;287;333
23;30;287;333
23;31;287;333
23;32;287;333
23;33;287;333
23;34;287;333
23;35;287;333
23;36;622;333
24;8;287;333
24;9;287;333
24;9;287;333
24;10;287;333
24;10;287;333
24;11;287;333
24;11;287;333
24;12;287;333
24;12;287;333
24;13;287;333
24;13;287;333
24;14;287;333
24;14;287;333
24;15;287;333
24;15;287;333
24;16;287;333
24;16;287;333
24;17;287;333
24;17;287;333
24;18;287;333
24;18;287;333
24;19;287;333
24;19;287;333
24;20;287;333
24;20;287;333
24;21;287;333
24;21;287;333
24;22;287;333
24;22;287;333
24;23;287;333
24;24;287;333
24;25;287;333
24;25;287;333
24;26;287;333
24;26;287;333
24;27;287;333
24;28;287;333
24;29;287;333
24;30;287;333
24;31;287;333
24;32;287;333
24;33;287;333
24;34;287;333
24;35;287;333
24;36;622;333
25;10;287;333
25;11;287;333
25;12;287;333
25;13;287;333
25;14;287;333
25;15;287;333
25;16;287;333
25;17;287;333
25;18;287;333
25;19;287;333
25;20;287;333
25;21;287;333
25;22;287;333
25;23;287;333
25;24;287;333
25;25;287;333
25;25;287;333
25;26;287;333
25;26;287;333
25;27;287;333
25;28;287;333
25;29;287;333
25;30;287;333
25;31;287;333
25;32;287;333
25;33;287;333
25;34;287;333
25;35;622;333
25;36;628;333
26;10;287;333
26;11;287;333
26;12;287;333
26;13;287;333
26;14;287;333
26;15;287;333
26;16;287;333
26;17;287;333
26;18;287;333
26;19;287;333
26;20;287;333
26;21;287;333
26;22;287;333
26;23;287;333
26;24;287;333
26;25;287;333
26;25;287;333
26;26;287;333
26;26;287;333
26;27;287;333
26;28;287;333
26;29;287;333
26;30;287;333
26;31;287;333
26;32;287;333
26;33;287;333
26;34;287;333
26;35;622;333
27;11;287;333
27;12;287;333
27;13;287;333
27;14;287;333
27;15;287;333
27;16;287;333
27;17;287;333
27;18;287;333
27;19;287;333
27;25;287;333
27;26;287;333
27;27;287;333
27;28;287;333
27;29;287;333
27;30;287;333
27;31;287;333
27;32;287;333
27;33;287;333
27;34;622;333
27;35;628;333
28;11;287;333
28;12;287;333
28;13;287;333
28;14;287;333
28;15;287;333
28;16;287;333
28;17;287;333
28;18;287;333
28;19;287;333
28;25;287;333
28;26;287;333
28;27;287;333
28;28;287;333
28;29;287;333
28;30;287;333
28;31;287;333
28;32;287;333
28;33;622;333
28;34;622;333
29;12;287;333
29;13;287;333
29;14;287;333
29;15;287;333
29;16;287;333
29;17;287;333
29;18;287;333
29;25;287;333
29;26;287;333
29;27;287;333
29;28;287;333
29;29;287;333
29;30;287;333
29;31;287;333
29;32;287;333
29;33;622;333
30;12;287;333
30;13;287;333
30;14;287;333
30;15;287;333
30;16;287;333
