# Illarion Server
# 
# This program is free software: you can redistribute it and/or modify it under
# the terms of the GNU Affero General Public License as published by the Free
# Software Foundation, either version 3 of the License, or (at your option) any
# later version.
# 
# This program is distributed in the hope that it will be useful, but WITHOUT
# ANY WARRANTY; without even the implied warranty of MERCHANTABILITY or FITNESS
# FOR A PARTICULAR PURPOSE.  See the GNU Affero General Public License for more
# details.
# 
# You should have received a copy of the GNU Affero General Public License along
# with this program.  If not, see <http://www.gnu.org/licenses/>.
0;74;287;333
0;75;287;333
0;76;287;333
0;77;287;333
1;77;287;333
2;77;287;333
3;77;287;333
4;77;287;333
0;78;287;333
1;78;287;333
2;78;287;333
3;78;287;333
4;78;287;333
0;79;287;333
1;79;287;333
2;79;287;333
3;79;287;333
4;79;287;333
5;79;287;333
6;79;287;333
7;79;287;333
8;79;287;333
0;80;287;333
1;80;287;333
2;80;287;333
3;80;287;333
4;80;287;333
5;80;287;333
6;80;287;333
7;80;287;333
8;80;287;333
0;81;287;333
1;81;287;333
2;81;287;333
3;81;287;333
4;81;287;333
5;81;287;333
6;81;287;333
7;81;287;333
8;81;287;333
0;82;287;333
1;82;287;333
2;82;287;333
3;82;287;333
4;82;287;333
5;82;287;333
6;82;287;333
7;82;287;333
8;82;287;333
9;82;287;333
10;82;287;333
0;83;287;333
1;83;287;333
2;83;287;333
3;83;287;333
4;83;287;333
5;83;287;333
6;83;287;333
7;83;287;333
8;83;287;333
9;83;287;333
10;83;287;333
11;83;287;333
0;84;287;333
1;84;287;333
2;84;287;333
3;84;287;333
4;84;287;333
5;84;287;333
6;84;287;333
7;84;287;333
8;84;287;333
9;84;287;333
10;84;287;333
11;84;287;333
0;85;287;333
1;85;287;333
2;85;287;333
3;85;287;333
4;85;287;333
5;85;287;333
6;85;287;333
7;85;287;333
8;85;287;333
104;85;287;333
105;85;287;333
0;86;287;333
1;86;287;333
2;86;287;333
3;86;287;333
4;86;287;333
104;86;287;333
105;86;287;333
0;87;287;333
1;87;287;333
2;87;287;333
3;87;287;333
4;87;287;333
104;87;287;333
105;87;287;333
106;87;287;333
107;87;287;333
0;88;287;333
1;88;287;333
105;88;287;333
106;88;287;333
107;88;287;333
0;89;287;333
1;89;287;333
105;89;287;333
106;89;287;333
107;89;287;333
0;90;287;333
1;90;287;333
106;90;287;333
107;90;287;333
107;90;287;333
108;90;287;333
0;91;287;333
1;91;287;333
106;91;287;333
107;91;287;333
107;91;287;333
108;91;287;333
0;92;287;333
1;92;287;333
107;92;287;333
108;92;287;333
0;93;287;333
1;93;287;333
107;93;287;333
108;93;287;333
0;94;287;333
1;94;287;333
107;94;287;333
108;94;287;333
0;95;287;333
1;95;287;333
108;95;287;333
109;95;287;333
110;95;287;333
0;96;287;333
1;96;287;333
108;96;287;333
109;96;287;333
110;96;287;333
0;97;287;333
1;97;287;333
108;97;287;333
109;97;287;333
110;97;287;333
0;98;287;333
1;98;287;333
108;98;287;333
109;98;287;333
110;98;287;333
111;98;287;333
0;99;287;333
1;99;287;333
108;99;287;333
109;99;287;333
110;99;287;333
111;99;287;333
0;100;287;333
1;100;287;333
109;100;287;333
110;100;287;333
111;100;287;333
0;101;287;333
1;101;287;333
109;101;287;333
110;101;287;333
111;101;287;333
0;102;287;333
1;102;287;333
110;102;287;333
111;102;287;333
0;103;287;333
1;103;287;333
111;103;287;333
0;104;287;333
1;104;287;333
111;104;287;333
0;105;287;333
1;105;287;333
111;105;287;333
112;105;287;333
113;105;287;333
114;105;287;333
0;106;287;333
1;106;287;333
112;106;287;333
113;106;287;333
114;106;287;333
0;107;287;333
1;107;287;333
112;107;287;333
113;107;287;333
114;107;287;333
114;107;287;333
115;107;287;333
116;107;287;333
116;107;287;333
0;108;287;333
1;108;287;333
114;108;287;333
115;108;287;333
116;108;287;333
116;108;287;333
0;109;287;333
1;109;287;333
116;109;287;333
117;109;287;333
118;109;287;333
119;109;287;333
120;109;287;333
121;109;287;333
0;110;287;333
1;110;287;333
117;110;287;333
118;110;287;333
119;110;287;333
120;110;287;333
121;110;287;333
0;111;287;333
1;111;287;333
119;111;287;333
120;111;287;333
0;112;287;333
1;112;287;333
119;112;287;333
120;112;287;333
0;113;287;333
1;113;287;333
0;114;287;333
1;114;287;333
0;115;287;333
1;115;287;333
0;116;287;333
1;116;287;333
0;117;287;333
1;117;287;333
0;118;287;333
1;118;287;333
0;119;287;333
1;119;287;333
0;120;287;333
1;120;287;333
0;121;287;333
1;121;287;333
0;122;287;333
1;122;287;333
0;123;287;333
1;123;287;333
0;124;287;333
1;124;287;333
0;125;287;333
1;125;287;333
0;126;287;333
1;126;287;333
0;127;287;333
1;127;287;333
0;128;287;333
1;128;287;333
0;129;287;333
1;129;287;333
0;130;287;333
1;130;287;333
0;131;287;333
1;131;287;333
0;132;287;333
1;132;287;333
0;133;287;333
1;133;287;333
2;133;287;333
3;133;287;333
4;133;287;333
0;134;287;333
1;134;287;333
2;134;287;333
3;134;287;333
4;134;287;333
0;135;287;333
1;135;287;333
2;135;287;333
3;135;287;333
4;135;287;333
0;136;287;333
1;136;287;333
2;136;287;333
3;136;287;333
4;136;287;333
0;137;287;333
1;137;287;333
2;137;287;333
3;137;287;333
4;137;287;333
0;138;287;333
1;138;287;333
2;138;287;333
3;138;287;333
4;138;287;333
0;139;287;333
1;139;287;333
2;139;287;333
3;139;287;333
4;139;287;333
0;140;287;333
1;140;287;333
2;140;287;333
3;140;287;333
4;140;287;333
0;141;287;333
1;141;287;333
2;141;287;333
3;141;287;333
4;141;287;333
0;142;287;333
1;142;287;333
2;142;287;333
3;142;287;333
4;142;287;333
0;143;287;333
1;143;287;333
2;143;287;333
3;143;287;333
4;143;287;333
0;144;287;333
1;144;287;333
2;144;287;333
3;144;287;333
4;144;287;333
0;145;287;333
1;145;287;333
2;145;287;333
3;145;287;333
4;145;287;333
0;146;287;333
1;146;287;333
2;146;287;333
3;146;287;333
4;146;287;333
0;147;287;333
1;147;287;333
2;147;287;333
3;147;287;333
4;147;287;333
0;148;287;333
1;148;287;333
2;148;287;333
3;148;287;333
4;148;287;333
0;149;287;333
1;149;287;333
2;149;287;333
3;149;287;333
4;149;287;333
0;150;287;333
1;150;287;333
2;150;287;333
3;150;287;333
4;150;287;333
0;151;287;333
1;151;287;333
2;151;287;333
3;151;287;333
4;151;287;333
0;152;287;333
1;152;287;333
2;152;287;333
3;152;287;333
4;152;287;333
0;153;287;333
1;153;287;333
2;153;287;333
3;153;287;333
4;153;287;333
0;154;287;333
1;154;287;333
2;154;287;333
3;154;287;333
4;154;287;333
0;155;287;333
1;155;287;333
2;155;287;333
3;155;287;333
4;155;287;333
0;156;287;333
1;156;287;333
2;156;287;333
3;156;287;333
4;156;287;333
0;157;287;333
1;157;287;333
2;157;287;333
3;157;287;333
4;157;287;333
0;158;287;333
1;158;287;333
2;158;287;333
3;158;287;333
4;158;287;333
0;159;287;333
1;159;287;333
2;159;287;333
3;159;287;333
4;159;287;333
0;160;287;333
1;160;287;333
2;160;287;333
3;160;287;333
4;160;287;333
0;161;287;333
1;161;287;333
2;161;287;333
3;161;287;333
4;161;287;333
0;162;287;333
1;162;287;333
2;162;287;333
3;162;287;333
4;162;287;333
0;163;287;333
1;163;287;333
2;163;287;333
3;163;287;333
4;163;287;333
0;164;287;333
1;164;287;333
2;164;287;333
3;164;287;333
4;164;287;333
0;165;287;333
1;165;287;333
2;165;287;333
3;165;287;333
4;165;287;333
0;166;287;333
1;166;287;333
2;166;287;333
3;166;287;333
4;166;287;333
0;167;287;333
1;167;287;333
2;167;287;333
3;167;287;333
4;167;287;333
0;168;287;333
1;168;287;333
2;168;287;333
3;168;287;333
4;168;287;333
0;169;287;333
1;169;287;333
2;169;287;333
3;169;287;333
4;169;287;333
0;170;287;333
1;170;287;333
2;170;287;333
3;170;287;333
4;170;287;333
0;171;287;333
1;171;287;333
2;171;287;333
3;171;287;333
4;171;287;333
0;172;287;333
1;172;287;333
2;172;287;333
3;172;287;333
4;172;287;333
0;173;287;333
1;173;287;333
2;173;287;333
3;173;287;333
4;173;287;333
0;174;287;333
1;174;287;333
2;174;287;333
3;174;287;333
4;174;287;333
0;175;287;333
1;175;287;333
2;175;287;333
3;175;287;333
4;175;287;333
0;176;287;333
1;176;287;333
0;177;287;333
1;177;287;333
0;178;287;333
1;178;287;333
0;179;287;333
1;179;287;333
0;180;287;333
1;180;287;333
0;181;287;333
1;181;287;333
0;182;287;333
1;182;287;333
0;183;287;333
1;183;287;333
0;184;287;333
1;184;287;333
0;185;287;333
1;185;287;333
0;186;287;333
1;186;287;333
0;187;287;333
1;187;287;333
0;188;287;333
1;188;287;333
0;189;287;333
1;189;287;333
0;190;287;333
1;190;287;333
0;191;287;333
1;191;287;333
0;192;287;333
1;192;287;333
0;193;287;333
1;193;287;333
0;194;287;333
1;194;287;333
0;195;287;333
1;195;287;333
0;196;287;333
1;196;287;333
0;197;287;333
1;197;287;333
0;198;287;333
1;198;287;333
0;199;287;333
1;199;287;333
0;200;287;333
1;200;287;333
0;201;287;333
1;201;287;333
0;202;287;333
1;202;287;333
0;203;287;333
1;203;287;333
0;204;287;333
1;204;287;333
0;205;287;333
1;205;287;333
0;206;287;333
1;206;287;333
0;207;287;333
1;207;287;333
0;208;287;333
1;208;287;333
0;209;287;333
1;209;287;333
0;210;287;333
1;210;287;333
0;211;287;333
1;211;287;333
0;212;287;333
1;212;287;333
0;213;287;333
1;213;287;333
0;214;287;333
1;214;287;333
0;215;287;333
1;215;287;333
0;216;287;333
1;216;287;333
0;217;287;333
1;217;287;333
0;218;287;333
1;218;287;333
0;219;287;333
1;219;287;333
0;220;287;333
1;220;287;333
0;221;287;333
1;221;287;333
0;222;287;333
1;222;287;333
0;223;287;333
1;223;287;333
0;224;287;333
1;224;287;333
0;225;287;333
1;225;287;333
0;226;287;333
1;226;287;333
0;227;287;333
1;227;287;333
0;228;287;333
1;228;287;333
0;229;287;333
1;229;287;333
0;230;287;333
1;230;287;333
0;231;287;333
1;231;287;333
0;232;287;333
1;232;287;333
0;233;287;333
1;233;287;333
0;234;287;333
1;234;287;333
2;234;287;333
3;234;287;333
0;235;287;333
1;235;287;333
2;235;287;333
3;235;287;333
0;236;287;333
1;236;287;333
2;236;287;333
3;236;287;333
0;237;287;333
1;237;287;333
2;237;287;333
3;237;287;333
0;238;287;333
1;238;287;333
2;238;287;333
3;238;287;333
0;239;287;333
1;239;287;333
2;239;287;333
3;239;287;333
0;240;287;333
1;240;287;333
2;240;287;333
3;240;287;333
0;241;287;333
1;241;287;333
2;241;287;333
3;241;287;333
0;242;287;333
1;242;287;333
2;242;287;333
3;242;287;333
0;243;287;333
1;243;287;333
2;243;287;333
3;243;287;333
0;244;287;333
1;244;287;333
2;244;287;333
3;244;287;333
0;245;287;333
1;245;287;333
2;245;287;333
3;245;287;333
0;246;287;333
1;246;287;333
2;246;287;333
3;246;287;333
34;246;287;333
35;246;287;333
36;246;287;333
37;246;287;333
38;246;287;333
39;246;287;333
40;246;287;333
41;246;287;333
42;246;287;333
43;246;287;333
44;246;287;333
45;246;287;333
46;246;287;333
47;246;287;333
48;246;287;333
49;246;287;333
50;246;287;333
51;246;287;333
52;246;287;333
53;246;287;333
0;247;287;333
1;247;287;333
2;247;287;333
3;247;287;333
11;247;287;333
12;247;287;333
13;247;287;333
14;247;287;333
15;247;287;333
16;247;287;333
17;247;287;333
18;247;287;333
19;247;287;333
20;247;287;333
34;247;287;333
35;247;287;333
36;247;287;333
37;247;287;333
38;247;287;333
39;247;287;333
40;247;287;333
41;247;287;333
42;247;287;333
43;247;287;333
44;247;287;333
45;247;287;333
46;247;287;333
47;247;287;333
48;247;287;333
49;247;287;333
50;247;287;333
51;247;287;333
52;247;287;333
53;247;287;333
0;248;287;333
1;248;287;333
2;248;287;333
3;248;287;333
11;248;287;333
12;248;287;333
13;248;287;333
14;248;287;333
15;248;287;333
16;248;287;333
17;248;287;333
18;248;287;333
19;248;287;333
20;248;287;333
34;248;287;333
35;248;287;333
36;248;287;333
37;248;287;333
38;248;287;333
39;248;287;333
40;248;287;333
41;248;287;333
42;248;287;333
43;248;287;333
44;248;287;333
45;248;287;333
46;248;287;333
47;248;287;333
48;248;287;333
49;248;287;333
50;248;287;333
51;248;287;333
52;248;287;333
53;248;287;333
0;249;287;333
1;249;287;333
2;249;287;333
3;249;287;333
7;249;287;333
8;249;287;333
9;249;287;333
10;249;287;333
11;249;287;333
15;249;287;333
16;249;287;333
17;249;287;333
18;249;287;333
19;249;287;333
20;249;287;333
20;249;287;333
21;249;287;333
21;249;287;333
22;249;287;333
22;249;287;333
23;249;287;333
23;249;287;333
24;249;287;333
24;249;287;333
25;249;287;333
26;249;287;333
27;249;287;333
28;249;287;333
29;249;287;333
30;249;287;333
34;249;287;333
35;249;287;333
36;249;287;333
37;249;287;333
38;249;287;333
39;249;287;333
40;249;287;333
41;249;287;333
42;249;287;333
43;249;287;333
44;249;287;333
45;249;287;333
46;249;287;333
47;249;287;333
48;249;287;333
49;249;287;333
50;249;287;333
51;249;287;333
52;249;287;333
53;249;287;333
56;249;287;333
57;249;287;333
58;249;287;333
59;249;287;333
60;249;287;333
61;249;287;333
62;249;287;333
0;250;287;333
1;250;287;333
2;250;287;333
3;250;287;333
7;250;287;333
8;250;287;333
9;250;287;333
10;250;287;333
11;250;287;333
20;250;287;333
21;250;287;333
22;250;287;333
23;250;287;333
24;250;287;333
27;250;287;333
28;250;287;333
29;250;287;333
30;250;287;333
31;250;287;333
32;250;287;333
33;250;287;333
34;250;287;333
35;250;287;333
36;250;287;333
37;250;287;333
52;250;287;333
53;250;287;333
54;250;287;333
55;250;287;333
56;250;287;333
57;250;287;333
58;250;287;333
59;250;287;333
60;250;287;333
61;250;287;333
62;250;287;333
63;250;287;333
64;250;287;333
65;250;287;333
66;250;287;333
67;250;287;333
68;250;287;333
0;251;287;333
1;251;287;333
2;251;287;333
3;251;287;333
7;251;287;333
8;251;287;333
9;251;287;333
10;251;287;333
11;251;287;333
52;251;287;333
53;251;287;333
54;251;287;333
55;251;287;333
56;251;287;333
57;251;287;333
58;251;287;333
59;251;287;333
60;251;287;333
60;251;287;333
61;251;287;333
61;251;287;333
62;251;287;333
62;251;287;333
63;251;287;333
64;251;287;333
66;251;287;333
67;251;287;333
68;251;287;333
69;251;287;333
70;251;287;333
71;251;287;333
0;252;287;333
1;252;287;333
2;252;287;333
3;252;287;333
3;252;287;333
4;252;287;333
5;252;287;333
6;252;287;333
7;252;287;333
69;252;287;333
70;252;287;333
71;252;287;333
0;253;287;333
1;253;287;333
2;253;287;333
3;253;287;333
3;253;287;333
4;253;287;333
5;253;287;333
6;253;287;333
7;253;287;333
69;253;287;333
70;253;287;333
71;253;287;333
72;253;287;333
73;253;287;333
74;253;287;333
0;254;287;333
1;254;287;333
2;254;287;333
3;254;287;333
3;254;287;333
4;254;287;333
5;254;287;333
6;254;287;333
7;254;287;333
72;254;287;333
73;254;287;333
74;254;287;333
75;254;287;333
76;254;287;333
0;255;287;333
1;255;287;333
2;255;287;333
3;255;287;333
3;255;287;333
4;255;287;333
5;255;287;333
6;255;287;333
7;255;287;333
75;255;287;333
76;255;287;333
0;256;287;333
1;256;287;333
2;256;287;333
3;256;287;333
75;256;287;333
76;256;287;333
77;256;287;333
78;256;287;333
0;257;287;333
1;257;287;333
2;257;287;333
3;257;287;333
77;257;287;333
78;257;287;333
0;258;287;333
1;258;287;333
2;258;287;333
3;258;287;333
77;258;287;333
78;258;287;333
79;258;287;333
80;258;287;333
81;258;287;333
82;258;287;333
0;259;287;333
1;259;287;333
2;259;287;333
3;259;287;333
79;259;287;333
80;259;287;333
81;259;287;333
82;259;287;333
83;259;287;333
84;259;287;333
85;259;287;333
0;260;287;333
1;260;287;333
2;260;287;333
3;260;287;333
83;260;287;333
84;260;287;333
85;260;287;333
86;260;287;333
87;260;287;333
88;260;287;333
88;260;287;333
89;260;287;333
90;260;287;333
91;260;287;333
0;261;287;333
1;261;287;333
2;261;287;333
3;261;287;333
86;261;287;333
87;261;287;333
88;261;287;333
90;261;287;333
91;261;287;333
0;262;287;333
1;262;287;333
2;262;287;333
3;262;287;333
90;262;287;333
91;262;287;333
92;262;287;333
93;262;287;333
0;263;287;333
1;263;287;333
2;263;287;333
3;263;287;333
92;263;287;333
93;263;287;333
0;264;287;333
1;264;287;333
2;264;287;333
3;264;287;333
92;264;287;333
93;264;287;333
94;264;287;333
95;264;287;333
0;265;287;333
1;265;287;333
2;265;287;333
3;265;287;333
94;265;287;333
95;265;287;333
96;265;287;333
97;265;287;333
98;265;287;333
0;266;287;333
1;266;287;333
2;266;287;333
3;266;287;333
96;266;287;333
97;266;287;333
98;266;287;333
99;266;287;333
100;266;287;333
101;266;287;333
0;267;287;333
1;267;287;333
2;267;287;333
3;267;287;333
99;267;287;333
100;267;287;333
101;267;287;333
102;267;287;333
103;267;287;333
104;267;287;333
105;267;287;333
106;267;287;333
107;267;287;333
108;267;287;333
0;268;287;333
1;268;287;333
2;268;287;333
3;268;287;333
102;268;622;333
103;268;622;333
104;268;622;333
104;268;623;333
105;268;287;333
106;268;287;333
107;268;287;333
108;268;287;333
109;268;287;333
110;268;287;333
111;268;287;333
112;268;287;333
113;268;287;333
114;268;287;333
115;268;287;333
116;268;287;333
117;268;287;333
118;268;287;333
0;269;287;333
1;269;287;333
2;269;287;333
3;269;287;333
104;269;629;333
105;269;622;333
106;269;622;333
107;269;622;333
108;269;622;333
108;269;623;333
109;269;287;333
110;269;287;333
111;269;287;333
112;269;287;333
113;269;287;333
114;269;287;333
115;269;287;333
116;269;287;333
117;269;287;333
117;269;287;333
118;269;287;333
0;270;287;333
1;270;287;333
2;270;287;333
3;270;287;333
108;270;629;333
109;270;622;333
110;270;622;333
111;270;622;333
112;270;622;333
113;270;622;333
114;270;622;333
114;270;623;333
115;270;287;333
115;270;622;333
116;270;287;333
116;270;622;333
117;270;287;333
117;270;622;333
0;271;287;333
1;271;287;333
2;271;287;333
3;271;287;333
114;271;629;333
115;271;622;333
116;271;622;333
117;271;622;333
0;272;287;333
1;272;287;333
2;272;287;333
3;272;287;333
0;273;287;333
1;273;287;333
2;273;287;333
3;273;287;333
0;274;287;333
1;274;287;333
2;274;287;333
3;274;287;333
0;275;287;333
1;275;287;333
2;275;287;333
3;275;287;333
0;276;287;333
1;276;287;333
0;277;287;333
1;277;287;333
0;278;287;333
1;278;287;333
0;279;287;333
1;279;287;333
0;280;287;333
1;280;287;333
0;281;287;333
1;281;287;333
0;282;287;333
1;282;287;333
0;283;287;333
1;283;287;333
0;284;287;333
1;284;287;333
0;285;287;333
1;285;287;333
0;286;287;333
1;286;287;333
0;287;287;333
1;287;287;333
0;288;287;333
1;288;287;333
0;289;287;333
1;289;287;333
0;290;287;333
1;290;287;333
0;291;287;333
1;291;287;333
0;292;287;333
1;292;287;333
0;293;287;333
1;293;287;333
0;294;287;333
1;294;287;333
0;295;287;333
1;295;287;333
0;296;287;333
1;296;287;333
0;297;287;333
1;297;287;333
0;298;287;333
1;298;287;333
0;299;287;333
1;299;287;333
0;300;287;333
1;300;287;333
0;301;287;333
1;301;287;333
0;302;287;333
1;302;287;333
0;303;287;333
1;303;287;333
0;304;287;333
1;304;287;333
2;304;287;333
3;304;287;333
0;305;287;333
1;305;287;333
2;305;287;333
3;305;287;333
0;306;287;333
1;306;287;333
2;306;287;333
3;306;287;333
0;307;287;333
1;307;287;333
2;307;287;333
3;307;287;333
0;308;287;333
1;308;287;333
2;308;287;333
3;308;287;333
0;309;287;333
1;309;287;333
2;309;287;333
3;309;287;333
0;310;287;333
1;310;287;333
2;310;287;333
3;310;287;333
0;311;287;333
1;311;287;333
2;311;287;333
3;311;287;333
4;311;287;333
0;312;287;333
1;312;287;333
2;312;287;333
3;312;287;333
4;312;287;333
0;313;287;333
1;313;287;333
2;313;287;333
3;313;287;333
4;313;287;333
0;314;287;333
1;314;287;333
2;314;287;333
3;314;287;333
4;314;287;333
0;315;287;333
1;315;287;333
2;315;287;333
3;315;287;333
4;315;287;333
0;316;287;333
1;316;287;333
2;316;287;333
3;316;287;333
4;316;287;333
0;317;287;333
1;317;287;333
2;317;287;333
3;317;287;333
4;317;287;333
5;317;287;333
0;318;287;333
1;318;287;333
2;318;287;333
3;318;287;333
4;318;287;333
5;318;287;333
0;319;287;333
1;319;287;333
2;319;287;333
3;319;287;333
4;319;287;333
5;319;287;333
6;319;287;333
0;320;287;333
1;320;287;333
2;320;287;333
3;320;287;333
4;320;287;333
5;320;287;333
6;320;287;333
7;320;287;333
8;320;287;333
0;321;287;333
1;321;287;333
2;321;287;333
3;321;287;333
4;321;287;333
5;321;287;333
6;321;287;333
7;321;287;333
8;321;287;333
9;321;287;333
0;322;287;333
1;322;287;333
2;322;287;333
3;322;287;333
4;322;287;333
5;322;287;333
6;322;287;333
7;322;287;333
8;322;287;333
9;322;622;333
10;322;628;333
0;323;287;333
1;323;287;333
2;323;287;333
3;323;287;333
4;323;287;333
5;323;287;333
6;323;287;333
7;323;287;333
8;323;622;333
9;323;628;333
0;324;622;333
1;324;622;333
1;324;623;333
2;324;287;333
3;324;287;333
4;324;287;333
5;324;287;333
6;324;287;333
7;324;622;333
8;324;628;333
1;325;623;333
2;325;287;333
3;325;287;333
4;325;287;333
5;325;287;333
6;325;287;333
7;325;1251;333
1;326;629;333
2;326;622;333
3;326;622;333
4;326;622;333
5;326;622;333
6;326;622;333
7;326;628;333
