# Illarion Server
# 
# This program is free software: you can redistribute it and/or modify it under
# the terms of the GNU Affero General Public License as published by the Free
# Software Foundation, either version 3 of the License, or (at your option) any
# later version.
# 
# This program is distributed in the hope that it will be useful, but WITHOUT
# ANY WARRANTY; without even the implied warranty of MERCHANTABILITY or FITNESS
# FOR A PARTICULAR PURPOSE.  See the GNU Affero General Public License for more
# details.
# 
# You should have received a copy of the GNU Affero General Public License along
# with this program.  If not, see <http://www.gnu.org/licenses/>.
138;64;1862;333
138;64;705;333
138;64;707;333
138;64;706;333
138;64;704;333
144;64;1862;333
144;64;705;333
144;64;707;333
144;64;706;333
144;64;704;333
183;65;3204;0
184;65;3204;0
185;65;3206;0
185;65;3206;0
185;65;3205;333
185;65;3332;0
186;65;3206;0
186;65;210;0
187;65;3206;0
187;65;1360;0
188;65;3206;0
188;65;1360;0
189;65;3206;0
189;65;210;0
190;65;3206;0
190;65;3206;0
190;65;276;0
191;65;3206;0
191;65;3196;0
191;65;2041;0
183;66;3205;0
189;66;8;0
189;66;2856;0
191;66;3330;0
192;66;3206;0
192;66;36;0
192;66;315;0
193;66;3207;0
193;66;3206;0
193;66;3196;0
193;66;2873;0
183;67;3205;0
184;67;267;0
187;67;747;333
193;67;3207;0
193;67;265;0
138;68;1862;333
138;68;705;333
138;68;707;333
138;68;706;333
138;68;704;333
144;68;1862;333
144;68;705;333
144;68;707;333
144;68;706;333
144;68;704;333
161;68;1862;333
161;68;705;333
161;68;707;333
161;68;706;333
161;68;704;333
183;68;3205;0
183;68;3205;0
193;68;3330;0
194;68;3206;0
194;68;3207;0
194;68;3196;0
194;68;275;0
183;69;3209;0
190;69;212;0
191;69;212;0
194;69;3330;333
195;69;3207;0
195;69;3206;0
195;69;3196;0
183;70;3205;0
189;70;213;0
190;70;2880;0
190;70;2856;0
192;70;215;333
195;70;3330;333
196;70;3206;0
196;70;8;333
197;70;3199;0
183;71;3205;0
184;71;267;0
190;71;214;0
191;71;214;0
194;71;969;333
196;71;8;333
197;71;2856;0
198;71;3205;0
179;72;3215;333
180;72;3213;333
181;72;3213;333
182;72;3214;333
182;72;951;333
183;72;3205;0
190;72;266;0
192;72;266;0
196;72;8;0
198;72;3205;0
173;73;1862;333
173;73;705;333
173;73;707;333
173;73;706;333
173;73;704;333
178;73;1862;333
178;73;705;333
178;73;707;333
178;73;706;333
178;73;704;333
180;73;2832;333
182;73;1125;333
183;73;3199;0
184;73;3208;0
185;73;3204;0
186;73;3204;0
187;73;3200;333;descriptionDe=Wohnung Zhambra;descriptionEn=Flat Zhambra;lockId=128;doorLock=locked
188;73;3204;0
189;73;3204;0
190;73;3204;0
191;73;3204;0
192;73;3204;0
193;73;3208;0
194;73;3204;0
195;73;3204;0
196;73;3204;0
197;73;3204;0
198;73;3205;0
198;73;3206;0
198;73;3205;0
199;73;3206;0
199;73;210;0
200;73;3206;0
200;73;1360;0
201;73;3206;0
201;73;1360;0
202;73;3207;0
202;73;3196;0
202;73;210;0
178;74;433;333
179;74;3219;333
183;74;220;333
183;74;275;333
184;74;3672;333
186;74;1124;333
188;74;1124;333
190;74;220;333
190;74;275;333
191;74;3672;333
195;74;1124;333
197;74;2832;333
198;74;3205;0
201;74;1360;0
201;74;2856;0
202;74;3207;0
178;75;433;333
179;75;3219;333
179;75;3219;333
179;75;3218;333
184;75;3518;333
184;75;3518;333
185;75;3518;333
187;75;3518;333
198;75;3205;0
200;75;968;333
202;75;3330;0
203;75;3206;0
203;75;276;0
204;75;3206;0
204;75;3196;0
179;76;3213;333
180;76;3213;333
181;76;3213;333
182;76;3213;333
183;76;3213;333
184;76;3213;333
185;76;3213;333
186;76;3213;333
187;76;3213;333
188;76;3213;333
189;76;3213;333
190;76;3213;333
191;76;3213;333
192;76;3213;333
193;76;3213;333
194;76;3218;333
194;76;3518;333
195;76;3216;333
197;76;1125;333
198;76;3205;0
204;76;3330;0
205;76;3206;0
206;76;3196;0
206;76;2041;0
195;77;3212;333
198;77;3205;0
206;77;3330;0
207;77;3206;0
207;77;276;0
208;77;3206;0
208;77;3196;0
195;78;3212;333
198;78;3201;333;descriptionDe=Wohnung Sirani;descriptionEn=Flat Sirani;lockId=127;doorLock=locked
208;78;3207;0
208;78;265;0
172;79;1862;333
172;79;705;333
172;79;707;333
172;79;706;333
172;79;704;333
179;79;1862;333
179;79;705;333
179;79;707;333
179;79;706;333
179;79;704;333
195;79;3212;333
198;79;3205;0
202;79;212;0
203;79;212;0
206;79;746;333
208;79;3207;0
208;79;265;0
195;80;3212;333
198;80;3205;0
201;80;213;0
202;80;2880;0
202;80;2856;0
204;80;215;0
208;80;3207;0
208;80;8;0
208;80;2856;0
195;81;3212;333
195;81;3518;333
197;81;276;333
198;81;3209;0
202;81;214;0
203;81;214;0
207;81;3331;0
208;81;3198;0
195;82;3212;333
197;82;1123;333
198;82;3205;0
201;82;266;0
204;82;266;0
207;82;3207;0
159;83;1862;333
159;83;705;333
159;83;707;333
159;83;706;333
159;83;704;333
164;83;1862;333
164;83;705;333
164;83;707;333
164;83;706;333
164;83;704;333
195;83;3216;333
195;83;3212;333
197;83;3204;0
197;83;3671;333
198;83;3199;0
199;83;3204;0
200;83;3204;0
201;83;3204;0
202;83;3204;0
203;83;3204;0
204;83;3204;0
205;83;3204;0
206;83;3204;0
207;83;3198;0
179;84;433;333
180;84;3213;333
180;84;3215;333
180;84;951;333
181;84;432;0
181;84;3213;333
181;84;412;333
182;84;432;0
182;84;3213;333
183;84;432;0
183;84;3213;333
184;84;3213;333
185;84;432;0
185;84;3213;333
186;84;3213;333
187;84;432;0
187;84;3213;333
188;84;433;0
188;84;432;0
188;84;3214;333
188;84;413;333
188;84;951;333
194;84;3212;333
195;84;3215;333
197;84;3205;0
198;84;952;0
199;84;750;0
203;84;1360;0
203;84;2856;0
204;84;750;333
206;84;3207;0
206;84;267;333
179;85;433;333
180;85;3219;333
183;85;3672;333
186;85;213;333
187;85;36;333
188;85;3212;333
194;85;3212;333
194;85;3518;333
197;85;3209;0
201;85;747;333
206;85;3207;333
206;85;276;333
179;86;433;333
180;86;3219;333
181;86;3678;333
187;86;214;333
188;86;3212;333
194;86;3212;333
196;86;1125;333
197;86;3205;0
206;86;3207;333
206;86;211;333
179;87;433;333
180;87;3219;333
188;87;3212;333
194;87;3212;333
197;87;3205;0
203;87;212;0
206;87;3207;333
159;88;1862;333
159;88;705;333
159;88;707;333
159;88;706;333
159;88;704;333
164;88;1862;333
164;88;705;333
164;88;707;333
164;88;706;333
164;88;704;333
179;88;433;333
180;88;3219;333
184;88;3607;333
188;88;3212;333
194;88;3212;333
197;88;3201;333;descriptionDe=Wohnung Ronagan;descriptionEn=Flat Ronagan;lockId=126;doorLock=locked
202;88;213;0
204;88;215;0
206;88;3207;333
206;88;276;333
179;89;433;333
180;89;3218;333
183;89;1218;333;nameEn=The Mana Pool;descriptionEn=Channelled by the mages of Galmair in the Year 43;nameDe=Das Manabecken;descriptionDe=Erschaffen von den Magiern Galmairs im Jahre 43
185;89;3707;333
187;89;3671;333
188;89;3212;333
194;89;3212;333
196;89;276;333
197;89;3205;0
202;89;213;0
203;89;2879;0
203;89;2856;0
204;89;215;0
206;89;3207;0
206;89;3207;0
206;89;3207;0
180;90;432;333
180;90;433;333
180;90;1276;333
181;90;3219;333
183;90;3704;333
184;90;3518;333
184;90;467;333
184;90;1198;333
185;90;3705;333
188;90;3212;333
194;90;3212;333
194;90;3216;333
197;90;3205;0
203;90;214;0
206;90;3330;0
207;90;3196;0
180;91;433;333
181;91;3219;333
183;91;3607;333
184;91;3706;333
185;91;3607;333
188;91;3212;333
189;91;3591;333
190;91;3591;333
191;91;3591;333
192;91;3591;333
193;91;3591;333
194;91;3218;333
194;91;3591;333
196;91;3671;333
197;91;3209;0
201;91;266;0
204;91;266;0
207;91;3207;0
180;92;433;333
181;92;3219;333
188;92;433;0
188;92;621;333
189;92;619;333
190;92;619;333
191;92;619;333
192;92;619;333
193;92;619;333
194;92;619;333
195;92;618;333
196;92;3204;0
196;92;1123;333
196;92;951;333
197;92;3199;0
198;92;3204;0
199;92;3204;0
200;92;3204;0
201;92;3204;0
202;92;3204;0
203;92;3204;0
204;92;3204;0
205;92;3204;0
206;92;3204;0
207;92;3198;0
180;93;433;333
181;93;3218;333
188;93;433;0
188;93;3212;333
189;93;3590;333
190;93;3590;333
191;93;3590;333
191;93;3590;333
192;93;3590;333
193;93;3590;333
193;93;3590;333
193;93;3212;333
194;93;3590;333
196;93;3205;0
198;93;276;0
199;93;748;0
202;93;210;0
204;93;748;0
206;93;36;0
206;93;2856;0
207;93;3207;0
207;93;276;0
181;94;432;333
181;94;433;333
181;94;1276;333
182;94;3219;333
182;94;951;333
186;94;213;333
187;94;36;333
188;94;3212;333
193;94;3212;333
194;94;3518;333
196;94;3209;0
197;94;267;0
200;94;212;0
207;94;3207;0
207;94;8;0
181;95;433;333
182;95;3218;333
184;95;3675;333
187;95;214;333
188;95;3212;333
188;95;410;333
188;95;951;333
193;95;3212;333
196;95;3205;0
199;95;213;0
200;95;2885;0
200;95;2856;0
201;95;215;0
207;95;3207;0
207;95;265;0
182;96;432;333
182;96;433;333
182;96;1276;333
183;96;3218;333
184;96;3216;333
185;96;3216;333
186;96;3216;333
186;96;3216;333
186;96;432;333
186;96;432;333
186;96;432;333
186;96;432;333
187;96;3216;333
188;96;3212;333
188;96;3217;333
193;96;3212;333
195;96;1125;333
196;96;3205;0
197;96;267;0
200;96;214;0
205;96;746;333
207;96;3207;0
207;96;265;0
183;97;432;333
184;97;432;333
185;97;432;333
186;97;432;333
187;97;432;333
188;97;432;333
193;97;3212;333
196;97;3205;0
207;97;3207;0
207;97;3207;0
192;98;3518;333
193;98;3212;333
196;98;3201;333;descriptionDe=Wohnung Nargun;descriptionEn=Flat Nargun;lockId=125;doorLock=locked
206;98;3331;0
207;98;3198;0
193;99;3212;333
196;99;3205;0
205;99;3331;0
206;99;1100;0
206;99;1100;0
206;99;3207;0
206;99;3198;0
193;100;3212;333
196;100;3205;0
197;100;267;0
202;100;266;0
203;100;3331;0
204;100;3204;0
205;100;1100;0
205;100;3207;0
205;100;3198;0
192;101;3212;333
193;101;3215;333
193;101;951;333
196;101;3209;0
200;101;3331;0
201;101;3204;0
202;101;3204;0
203;101;1100;0
203;101;1100;0
203;101;3207;0
203;101;3198;0
192;102;3212;333
193;102;3518;333
195;102;2832;333
195;102;1123;333
196;102;3205;0
198;102;3331;0
199;102;3204;0
200;102;1100;0
200;102;1100;0
200;102;3207;0
200;102;3198;0
192;103;3212;333
193;103;3218;333
194;103;3216;333
195;103;3216;333
196;103;3204;0
196;103;3205;0
197;103;3204;0
198;103;1100;0
198;103;1100;0
198;103;3207;0
198;103;3198;0
141;118;1862;333
141;118;705;333
141;118;707;333
141;118;706;333
141;118;704;333
141;122;1862;333
141;122;705;333
141;122;707;333
141;122;706;333
141;122;704;333
151;125;1862;333
151;125;705;333
151;125;707;333
151;125;706;333
151;125;704;333
118;128;1862;333
118;128;705;333
118;128;707;333
118;128;706;333
118;128;704;333
122;128;1862;333
122;128;705;333
122;128;707;333
122;128;706;333
122;128;704;333
151;129;1862;333
151;129;705;333
151;129;707;333
151;129;706;333
151;129;704;333
17;144;3197;333
18;144;633;333
18;144;3206;333
18;144;396;333
18;144;1265;333
19;144;3206;333
20;144;3206;333
21;144;3196;333
21;144;396;333
21;144;1265;333
16;145;3197;333
17;145;3329;333
19;145;2832;333
21;145;3330;333
22;145;3206;333
23;145;3196;333
23;145;692;333;descriptionEn=A man dressed in black, wearing noble, tasteful clothing, looks at a picklock in his left hand. He grins gleefully as he scratches one of his earrings with his other hand.;descriptionDe=Ein schwarz gekleideter Mann, noble, geschmacksvolle Kleider tragend, blickt auf seinen Dietrich in seiner linken Hand. Er grinst h‰misch w‰hrend er einen seiner Ohrring mit der anderen Hand kratzt.
24;145;3332;333
16;146;3205;333
24;146;3196;333
15;147;3197;333
16;147;3329;333
20;147;2877;333
24;147;3207;333
15;148;3205;333
18;148;213;0
19;148;320;333
20;148;320;333
21;148;320;0
22;148;215;0
24;148;3330;333
25;148;3206;333
26;148;3196;333
26;148;396;333
26;148;1265;333
15;149;3205;333
18;149;213;0
19;149;320;333
20;149;396;0
21;149;320;0
22;149;215;0
26;149;3207;333
26;149;2805;333;nameDe=Auf der Spitze der S‰ule starrt ein groﬂer schwarzer Rabe in die Ferne. Der Rabe h‰lt einen Ohrring in seinem Schnabel und der Schatten von Flammen erscheint in seinen Augen.;nameEn=On top of the column, a huge black raven stares into the distance. The raven holds an earring in his beak and the shadows of flames appear in his eyes.
14;150;3197;333
15;150;3329;333
18;150;213;0
19;150;320;333
20;150;396;0
21;150;320;0
22;150;215;0
26;150;3211;333
26;150;361;333;god=6
154;150;1862;333
154;150;705;333
154;150;707;333
154;150;706;333
154;150;704;333
14;151;3205;333
18;151;213;0
19;151;320;0
20;151;396;0
21;151;320;0
22;151;215;0
26;151;3207;333
26;151;2805;333;descriptionEn=At the top of the column a huge black raven peers into distance. The raven holds an earring in his beak and the shade of flames appears in the eyes.;descriptionDe=Auf der Spitze der S‰ule starrt ein groﬂer schwarzer Rabe in die Ferne. Der Rabe h‰lt einen Ohrring in seinem Schnabel und der Schatten von Flammen erscheint in seinen Augen.
14;152;3205;333
26;152;3207;333
14;153;3205;333
26;153;3207;333
14;154;3199;333
15;154;3204;333
16;154;3208;333
17;154;3204;333
18;154;3204;333
19;154;3204;333
20;154;3200;333;descriptionDe=Tempel des Nargun;descriptionEn=Temple of Nargun;lockId=103;doorLock=unlocked
21;154;3200;333;descriptionDe=Tempel des Nargun;descriptionEn=Temple of Nargun;lockId=103;doorLock=unlocked
22;154;3204;333
23;154;3204;333
24;154;3204;333
25;154;3208;333
26;154;3195;333
26;154;3198;333
26;154;3198;333
15;155;3219;333
17;155;402;333
19;155;692;333
22;155;692;333
24;155;402;333
26;155;3212;333
15;156;3219;333
17;156;212;333
25;156;212;333
26;156;3212;333
15;157;3219;333
16;157;213;333
17;157;36;333
18;157;215;333
21;157;212;333
24;157;213;333
25;157;36;333
26;157;3212;333
15;158;3219;333
20;158;213;333
21;158;36;333
22;158;215;333
25;158;214;333
26;158;3212;333
15;159;3218;333
16;159;3216;333
17;159;3216;333
18;159;3216;333
19;159;3216;333
20;159;3216;333
21;159;3216;333
22;159;3216;333
23;159;3216;333
24;159;3216;333
25;159;3216;333
26;159;3217;333
147;166;1862;333
147;166;705;333
147;166;707;333
147;166;706;333
147;166;704;333
150;166;1862;333
150;166;705;333
150;166;707;333
150;166;706;333
150;166;704;333
158;175;623;333
159;175;287;333
160;175;287;333
161;175;287;333
162;175;287;333
163;175;287;333
164;175;287;333
165;175;287;333
166;175;287;333
167;175;287;333
168;175;287;333
169;175;287;333
170;175;287;333
171;175;287;333
172;175;287;333
173;175;287;333
174;175;287;333
175;175;287;333
176;175;287;333
177;175;287;333
158;176;623;333
159;176;287;333
160;176;287;333
161;176;287;333
162;176;287;333
163;176;287;333
164;176;287;333
165;176;287;333
166;176;287;333
167;176;287;333
168;176;287;333
169;176;287;333
170;176;287;333
171;176;287;333
172;176;287;333
173;176;287;333
174;176;287;333
175;176;287;333
176;176;287;333
177;176;287;333
158;177;623;333
159;177;287;333
160;177;287;333
161;177;287;333
162;177;287;333
163;177;287;333
164;177;287;333
165;177;287;333
166;177;287;333
167;177;287;333
168;177;287;333
169;177;287;333
170;177;287;333
171;177;287;333
172;177;287;333
173;177;287;333
174;177;287;333
175;177;287;333
176;177;287;333
177;177;287;333
157;178;627;333
158;178;623;333
159;178;287;333
160;178;633;0
161;178;633;0
161;178;418;0
161;178;402;0
161;178;1265;0
162;178;633;0
162;178;210;0
163;178;633;0
163;178;210;0
164;178;681;0
164;178;953;0
165;178;287;333
166;178;287;333
167;178;287;333
168;178;287;333
169;178;287;333
170;178;287;333
171;178;287;333
172;178;287;333
173;178;287;333
174;178;287;333
175;178;287;333
176;178;287;333
177;178;287;333
157;179;623;333
158;179;287;333
159;179;287;333
162;179;2832;0
163;179;2832;0
164;179;635;0
164;179;515;0
165;179;287;333
166;179;287;333
167;179;287;333
168;179;287;333
169;179;287;333
170;179;287;333
171;179;287;333
172;179;287;333
173;179;287;333
174;179;287;333
175;179;287;333
176;179;287;333
177;179;287;333
157;180;623;333
158;180;287;333
160;180;674;333
164;180;635;0
164;180;515;0
165;180;287;333
166;180;287;333
167;180;287;333
168;180;287;333
169;180;287;333
170;180;287;333
171;180;287;333
172;180;287;333
173;180;287;333
174;180;287;333
175;180;287;333
176;180;287;333
177;180;287;333
157;181;623;333
158;181;287;333
159;181;677;333
160;181;212;333
164;181;635;0
164;181;404;0
164;181;1265;0
165;181;287;333
166;181;287;333
167;181;287;333
168;181;287;333
169;181;287;333
170;181;287;333
171;181;287;333
172;181;287;333
173;181;287;333
174;181;287;333
175;181;287;333
176;181;287;333
177;181;287;333
157;182;623;333
158;182;287;333
159;182;674;333
160;182;36;333
161;182;215;333
164;182;690;333
164;182;690;333
165;182;681;333
165;182;2041;333
166;182;287;333
167;182;287;333
168;182;287;333
169;182;287;333
170;182;287;333
171;182;287;333
171;182;287;333
172;182;287;333
173;182;287;333
174;182;287;333
175;182;287;333
176;182;287;333
177;182;287;333
158;183;677;333
158;183;622;333
160;183;214;333
165;183;635;333
166;183;287;333
167;183;287;333
168;183;287;333
169;183;287;333
170;183;287;333
170;183;287;333
171;183;287;333
172;183;287;333
173;183;287;333
174;183;287;333
175;183;287;333
176;183;287;333
177;183;287;333
158;184;678;333
159;184;673;333
160;184;673;333
161;184;673;333
165;184;690;333
165;184;690;333
165;184;276;333
166;184;633;333
166;184;680;333
167;184;633;333
167;184;396;333
167;184;1265;333
168;184;633;333
168;184;210;333
169;184;681;333
169;184;276;333
170;184;287;333
171;184;287;333
172;184;287;333
173;184;287;333
174;184;287;333
175;184;287;333
176;184;287;333
177;184;287;333
162;185;676;333
165;185;680;333
166;185;691;333
168;185;212;333
169;185;635;333
170;185;287;333
171;185;287;333
172;185;287;333
173;185;287;333
174;185;287;333
175;185;287;333
176;185;287;333
177;185;287;333
163;186;674;333
164;186;404;333
165;186;634;333
168;186;36;333
169;186;635;333
169;186;515;333
169;186;404;0
170;186;287;333
171;186;287;333
172;186;287;333
173;186;287;333
174;186;287;333
175;186;287;333
176;186;287;333
177;186;287;333
163;187;674;333
165;187;691;333
168;187;214;333
169;187;635;333
169;187;276;333
169;187;1265;0
170;187;287;333
171;187;287;333
172;187;287;333
173;187;287;333
174;187;287;333
175;187;287;333
176;187;287;333
176;187;287;333
177;187;287;333
163;188;674;333
168;188;688;333
169;188;683;333
170;188;287;333
171;188;287;333
171;188;287;333
172;188;287;333
172;188;287;333
173;188;287;333
173;188;287;333
174;188;287;333
174;188;287;333
175;188;287;333
175;188;287;333
176;188;287;333
177;188;287;333
177;188;287;333
163;189;674;333
165;189;688;333
166;189;632;333
167;189;632;333
167;189;632;333
167;189;632;333
168;189;683;333
169;189;630;333
170;189;287;333
171;189;287;333
172;189;287;333
173;189;287;333
174;189;287;333
175;189;287;333
176;189;287;333
177;189;287;333
177;189;287;333
177;189;287;333
163;190;674;333
165;190;749;333
166;190;634;333
167;190;287;333
168;190;287;333
169;190;287;333
170;190;287;333
171;190;287;333
172;190;287;333
173;190;287;333
174;190;287;333
175;190;287;333
176;190;287;333
177;190;287;333
162;191;677;333
166;191;634;333
167;191;287;333
168;191;287;333
169;191;287;333
170;191;287;333
171;191;287;333
172;191;287;333
173;191;287;333
174;191;287;333
175;191;287;333
176;191;287;333
177;191;287;333
162;192;674;333
163;192;2877;333
165;192;690;333
166;192;634;333
167;192;287;333
168;192;287;333
169;192;287;333
170;192;287;333
171;192;287;333
172;192;287;333
173;192;287;333
174;192;287;333
175;192;287;333
176;192;287;333
177;192;287;333
162;193;674;333
163;193;2885;333
164;193;2878;333
165;193;404;333
166;193;634;333
167;193;287;333
168;193;287;333
169;193;287;333
170;193;287;333
171;193;287;333
172;193;287;333
173;193;287;333
174;193;287;333
175;193;287;333
176;193;287;333
177;193;287;333
162;194;674;333
163;194;2875;333
165;194;1914;333
166;194;634;333
167;194;287;333
168;194;287;333
169;194;287;333
170;194;287;333
171;194;287;333
172;194;287;333
173;194;287;333
174;194;287;333
175;194;287;333
176;194;287;333
177;194;287;333
162;195;674;333
166;195;634;333
167;195;287;333
168;195;287;333
169;195;287;333
170;195;287;333
171;195;287;333
172;195;287;333
173;195;287;333
174;195;287;333
175;195;287;333
176;195;287;333
177;195;287;333
162;196;674;333
165;196;690;333
165;196;404;0
166;196;634;333
167;196;287;333
168;196;287;333
169;196;287;333
170;196;287;333
171;196;287;333
172;196;287;333
173;196;287;333
174;196;287;333
175;196;287;333
176;196;287;333
177;196;287;333
162;197;674;333
166;197;634;333
167;197;287;333
168;197;287;333
169;197;287;333
170;197;287;333
171;197;287;333
172;197;287;333
173;197;287;333
174;197;287;333
175;197;287;333
176;197;287;333
177;197;287;333
162;198;678;333
162;198;678;333
165;198;690;333
166;198;634;333
167;198;287;333
168;198;287;333
169;198;287;333
170;198;287;333
171;198;287;333
172;198;287;333
173;198;287;333
174;198;287;333
175;198;287;333
176;198;287;333
177;198;287;333
163;199;674;333
165;199;1003;333
166;199;634;333
167;199;287;333
168;199;287;333
169;199;287;333
170;199;287;333
171;199;287;333
172;199;287;333
173;199;287;333
174;199;287;333
175;199;287;333
176;199;287;333
177;199;287;333
163;200;674;333
163;200;678;333
164;200;673;333
165;200;690;333
165;200;673;333
165;200;673;333
166;200;634;333
166;200;679;333
166;200;688;333
166;200;623;333
167;200;287;333
168;200;287;333
169;200;287;333
170;200;287;333
171;200;287;333
172;200;287;333
173;200;287;333
174;200;287;333
175;200;287;333
176;200;287;333
177;200;287;333
166;201;287;333
167;201;287;333
168;201;287;333
169;201;287;333
170;201;287;333
171;201;287;333
172;201;287;333
173;201;287;333
174;201;287;333
166;202;287;333
167;202;287;333
168;202;287;333
169;202;287;333
170;202;287;333
171;202;287;333
172;202;287;333
173;202;287;333
174;202;287;333
