# Illarion Server
# 
# This program is free software: you can redistribute it and/or modify it under
# the terms of the GNU Affero General Public License as published by the Free
# Software Foundation, either version 3 of the License, or (at your option) any
# later version.
# 
# This program is distributed in the hope that it will be useful, but WITHOUT
# ANY WARRANTY; without even the implied warranty of MERCHANTABILITY or FITNESS
# FOR A PARTICULAR PURPOSE.  See the GNU Affero General Public License for more
# details.
# 
# You should have received a copy of the GNU Affero General Public License along
# with this program.  If not, see <http://www.gnu.org/licenses/>.
53;0;287;0
54;0;287;0
55;0;287;0
56;0;287;0
57;0;287;0
58;0;287;0
59;0;287;0
60;0;287;0
61;0;287;0
62;0;287;0
63;0;287;0
64;0;287;0
65;0;287;0
66;0;287;0
67;0;287;0
68;0;287;0
69;0;287;0
70;0;287;0
71;0;287;0
75;0;629;333
76;0;287;0
77;0;287;0
78;0;287;0
79;0;287;0
80;0;287;0
81;0;287;0
82;0;287;0
83;0;287;0
86;0;287;0
87;0;287;0
88;0;287;0
89;0;287;0
92;0;287;0
93;0;287;0
94;0;287;0
95;0;287;0
96;0;287;0
97;0;287;0
98;0;287;0
99;0;287;0
53;1;287;0
54;1;597;0
54;1;599;0
55;1;599;0
55;1;597;0
55;1;597;0
56;1;597;0
57;1;597;0
58;1;597;0
58;1;914;333
59;1;597;0
60;1;597;0
61;1;597;0
62;1;597;0
62;1;624;0
63;1;597;0
64;1;597;0
65;1;287;0
66;1;597;0
67;1;597;0
68;1;622;0
69;1;622;0
70;1;597;0
70;1;1218;333
71;1;597;0
71;1;3100;333
75;1;915;333
76;1;597;0
77;1;597;0
77;1;596;0
78;1;597;0
78;1;287;0
79;1;622;0
80;1;622;0
81;1;597;0
81;1;915;0
82;1;597;0
86;1;287;0
86;1;624;0
87;1;287;0
88;1;287;0
89;1;597;0
92;1;622;0
93;1;622;0
94;1;597;0
94;1;627;0
95;1;597;0
96;1;597;0
97;1;597;0
97;1;287;0
98;1;597;0
98;1;596;0
99;1;287;0
99;1;287;0
53;2;287;0
54;2;599;0
58;2;914;333
71;2;3100;333
77;2;596;0
78;2;287;0
79;2;599;0
82;2;359;0
86;2;359;0
88;2;627;0
93;2;629;0
94;2;627;0
96;2;287;0
97;2;287;0
98;2;596;0
99;2;287;0
53;3;287;0
54;3;599;0
66;3;627;333
77;3;596;0
78;3;287;0
79;3;599;0
80;3;1246;0
83;3;629;0
88;3;629;0
89;3;628;0
91;3;797;0
93;3;629;0
94;3;629;0
95;3;628;0
96;3;622;0
97;3;627;0
98;3;596;0
99;3;287;0
53;4;287;0
54;4;599;0
59;4;626;333
76;4;626;0
77;4;915;0
77;4;629;0
78;4;622;0
79;4;628;0
83;4;626;0
85;4;1245;0
97;4;623;0
98;4;596;0
99;4;287;0
53;5;287;0
54;5;599;0
80;5;359;0
87;5;2745;333;descriptionEn=Page 24.  I seem trapped in never ending portals that go nowhere and back.  Many days have passed. I no longer think I will get home, somehow this does not trouble me anymore.
95;5;607;0
97;5;630;0
98;5;596;0
99;5;287;0
53;6;287;0
54;6;599;0
75;6;359;0
77;6;626;0
85;6;914;0
90;6;629;0
95;6;608;0
97;6;629;0
98;6;596;0
53;7;287;0
54;7;599;0
58;7;627;333
81;7;359;0
91;7;359;0
93;7;1246;0
95;7;608;0
96;7;359;0
53;8;287;0
54;8;599;0
70;8;606;0
71;8;602;0
72;8;602;0
73;8;602;0
74;8;601;0
86;8;629;0
87;8;359;0
95;8;608;0
97;8;359;0
53;9;287;0
54;9;599;0
59;9;3101;333
62;9;287;0
63;9;287;0
64;9;626;0
75;9;607;0
79;9;359;0
81;9;629;0
83;9;359;0
89;9;359;0
95;9;612;0
53;10;287;0
54;10;599;0
60;10;3098;333
61;10;3098;333
62;10;623;0
63;10;287;0
64;10;599;0
71;10;3098;333
75;10;608;0
93;10;359;0
97;10;359;0
98;10;596;0
99;10;287;0
52;11;596;0
53;11;287;0
54;11;599;0
61;11;1218;333
62;11;623;0
63;11;287;0
64;11;287;0
65;11;599;0
70;11;3098;333
71;11;3098;333
75;11;608;0
76;11;359;0
84;11;3101;333
86;11;606;0
87;11;605;0
88;11;604;0
89;11;602;0
90;11;601;0
96;11;2039;333
98;11;596;0
99;11;287;0
40;12;287;0
41;12;287;0
42;12;287;0
43;12;287;0
44;12;287;0
45;12;287;0
52;12;596;0
53;12;287;0
54;12;599;0
62;12;629;0
63;12;629;0
64;12;287;0
65;12;287;0
66;12;599;0
70;12;626;0
75;12;612;0
82;12;1245;0
90;12;607;0
97;12;629;0
98;12;596;0
99;12;287;0
37;13;287;0
38;13;287;0
39;13;287;0
40;13;287;0
41;13;597;0
42;13;597;0
43;13;597;0
44;13;287;0
45;13;287;0
52;13;596;0
53;13;287;0
54;13;599;0
63;13;629;0
64;13;597;0
64;13;596;0
65;13;287;0
66;13;599;0
77;13;359;0
79;13;915;0
80;13;607;0
87;13;626;0
89;13;359;0
90;13;608;0
93;13;626;0
97;13;287;0
98;13;596;0
99;13;287;0
37;14;287;0
38;14;622;0
38;14;628;333
39;14;622;0
40;14;622;0
44;14;629;0
45;14;287;0
51;14;596;0
52;14;596;0
53;14;287;0
54;14;599;0
63;14;3100;333
64;14;596;0
65;14;287;0
66;14;599;0
70;14;359;0
75;14;607;0
80;14;608;0
86;14;359;0
90;14;608;0
97;14;1254;0
98;14;596;0
99;14;287;0
0;15;287;0
0;15;287;0
1;15;287;0
1;15;287;0
2;15;287;0
2;15;287;0
3;15;287;0
3;15;287;0
4;15;287;0
4;15;287;0
5;15;287;0
5;15;287;0
6;15;287;0
6;15;287;0
7;15;287;0
7;15;287;0
8;15;287;0
8;15;287;0
9;15;287;0
9;15;287;0
10;15;287;0
10;15;287;0
11;15;287;0
11;15;287;0
12;15;287;0
12;15;287;0
13;15;287;0
13;15;287;0
14;15;287;0
14;15;287;0
15;15;287;0
15;15;287;0
16;15;287;0
16;15;287;0
17;15;287;0
17;15;287;0
18;15;287;0
18;15;287;0
19;15;287;0
19;15;287;0
20;15;287;0
20;15;287;0
21;15;287;0
21;15;287;0
22;15;287;0
22;15;287;0
23;15;287;0
23;15;287;0
24;15;287;0
24;15;287;0
25;15;287;0
25;15;287;0
26;15;287;0
26;15;287;0
27;15;287;0
27;15;287;0
28;15;287;0
28;15;287;0
29;15;287;0
29;15;287;0
30;15;287;0
30;15;287;0
31;15;287;0
31;15;287;0
32;15;287;0
33;15;287;0
34;15;287;0
35;15;287;0
36;15;287;0
37;15;287;0
40;15;914;333
42;15;1276;333
45;15;287;0
50;15;287;0
51;15;287;0
52;15;287;0
53;15;287;0
54;15;599;0
55;15;3100;333
56;15;3100;333
58;15;2745;333;descriptionEn=Page 23.  I can feel the heat coming back.  Am I heading upwards again?  Time will tell, I will rest awhile and think on those I have found down here.  I am feeling a kinship to my brethren.
62;15;2937;333
64;15;596;0
65;15;287;0
66;15;287;0
67;15;599;0
71;15;359;0
75;15;608;0
80;15;609;0
81;15;359;0
82;15;629;0
86;15;1245;0
90;15;612;0
98;15;596;0
99;15;287;0
0;16;287;0
0;16;287;0
1;16;287;0
1;16;287;0
2;16;287;0
2;16;287;0
3;16;287;0
3;16;287;0
4;16;287;0
4;16;287;0
5;16;287;0
5;16;287;0
6;16;287;0
6;16;287;0
7;16;287;0
7;16;287;0
8;16;287;0
8;16;287;0
9;16;287;0
9;16;287;0
10;16;287;0
10;16;287;0
11;16;287;0
11;16;287;0
12;16;287;0
12;16;287;0
13;16;287;0
13;16;287;0
14;16;287;0
14;16;287;0
15;16;287;0
15;16;287;0
16;16;287;0
16;16;287;0
17;16;287;0
17;16;287;0
18;16;287;0
18;16;287;0
19;16;287;0
19;16;287;0
20;16;287;0
20;16;287;0
21;16;287;0
21;16;287;0
22;16;287;0
22;16;287;0
23;16;287;0
23;16;287;0
24;16;287;0
24;16;287;0
25;16;287;0
25;16;287;0
26;16;287;0
26;16;287;0
27;16;287;0
27;16;287;0
28;16;287;0
28;16;287;0
29;16;287;0
29;16;287;0
30;16;287;0
30;16;287;0
31;16;287;0
31;16;287;0
32;16;287;0
33;16;287;0
34;16;287;0
35;16;597;0
36;16;597;0
37;16;597;0
38;16;1251;333
43;16;914;333
45;16;287;0
49;16;596;0
50;16;287;0
51;16;597;0
51;16;599;0
52;16;597;0
53;16;597;0
54;16;628;0
55;16;3100;333
60;16;3101;333
64;16;629;0
65;16;287;0
66;16;287;0
66;16;287;0
67;16;287;0
68;16;599;0
75;16;610;0
77;16;626;0
78;16;359;0
80;16;610;0
98;16;596;0
98;16;625;0
99;16;287;0
0;17;287;0
1;17;287;0
2;17;287;0
3;17;287;0
4;17;287;0
5;17;287;0
6;17;287;0
7;17;287;0
8;17;287;0
9;17;287;0
10;17;287;0
11;17;287;0
12;17;287;0
13;17;287;0
14;17;287;0
15;17;287;0
16;17;287;0
17;17;287;0
18;17;287;0
19;17;287;0
20;17;287;0
21;17;287;0
22;17;287;0
23;17;287;0
24;17;287;0
25;17;287;0
26;17;287;0
27;17;287;0
28;17;287;0
29;17;287;0
30;17;287;0
31;17;287;0
31;17;287;0
32;17;287;0
33;17;287;0
34;17;287;0
35;17;628;333
40;17;626;333
42;17;915;333
45;17;287;0
50;17;287;0
51;17;599;0
65;17;287;0
66;17;287;0
67;17;287;0
68;17;599;0
69;17;626;0
75;17;611;0
76;17;359;0
80;17;611;0
82;17;359;0
85;17;914;0
88;17;1246;0
92;17;606;0
93;17;605;0
94;17;604;0
95;17;602;0
96;17;601;0
98;17;596;0
99;17;287;0
0;18;613;0
1;18;613;0
2;18;613;0
3;18;613;0
4;18;613;0
5;18;613;0
6;18;613;0
7;18;613;0
8;18;613;0
9;18;613;0
10;18;613;0
11;18;613;0
12;18;613;0
13;18;613;0
14;18;613;0
15;18;613;0
16;18;613;0
17;18;613;0
18;18;613;0
19;18;613;0
20;18;613;0
21;18;613;0
22;18;613;0
23;18;287;0
24;18;287;0
25;18;287;0
26;18;287;0
26;18;287;0
27;18;287;0
27;18;287;0
27;18;597;0
28;18;287;0
28;18;597;0
29;18;287;0
29;18;597;0
30;18;287;0
31;18;287;0
31;18;287;0
32;18;622;0
33;18;622;0
34;18;622;0
35;18;628;0
45;18;287;0
49;18;596;0
50;18;287;0
51;18;599;0
60;18;915;333
64;18;596;0
65;18;287;0
66;18;287;0
67;18;599;0
69;18;359;0
72;18;359;0
75;18;608;0
78;18;359;0
80;18;608;0
92;18;3101;333
97;18;796;333
98;18;596;0
99;18;287;0
0;19;1103;0
0;19;1101;0
1;19;1103;0
1;19;2805;333
1;19;359;333
2;19;1103;0
3;19;1103;0
3;19;36;333
3;19;2777;655
4;19;1103;0
5;19;1103;0
5;19;2805;333
5;19;359;333
6;19;1103;0
7;19;1103;0
7;19;36;333
7;19;2739;777
8;19;1103;0
8;19;36;333
8;19;549;333
9;19;1103;0
10;19;1103;0
10;19;2805;333
10;19;359;333
11;19;1103;0
12;19;1103;0
12;19;36;333
12;19;3035;866
13;19;1103;0
14;19;1103;0
14;19;36;333
14;19;2402;588
15;19;1103;0
16;19;1103;0
16;19;2805;333
16;19;359;333
17;19;1103;0
18;19;1103;0
18;19;36;333
18;19;2785;788
19;19;1103;0
19;19;36;333
19;19;2378;877
20;19;1103;0
21;19;1102;0
21;19;1103;0
21;19;2805;333
21;19;359;333
22;19;613;0
23;19;287;0
24;19;287;0
25;19;597;0
26;19;597;0
27;19;597;0
28;19;597;0
29;19;597;0
29;19;914;333
30;19;622;0
31;19;622;0
32;19;628;0
34;19;1245;333
37;19;1276;333
45;19;287;0
49;19;596;0
50;19;287;0
51;19;599;0
60;19;627;0
61;19;598;0
62;19;598;0
63;19;598;0
64;19;596;0
65;19;287;0
66;19;599;0
75;19;612;0
76;19;3101;333
80;19;609;0
90;19;607;0
94;19;359;0
97;19;1246;0
98;19;596;0
99;19;287;0
0;20;1101;0
21;20;1102;0
22;20;613;0
23;20;287;0
24;20;287;0
30;20;1251;333
35;20;914;333
45;20;287;0
46;20;287;0
47;20;287;0
49;20;596;0
50;20;287;0
51;20;599;0
60;20;623;0
61;20;287;0
61;20;287;0
62;20;287;0
63;20;287;0
64;20;287;0
65;20;287;0
66;20;599;0
71;20;359;0
80;20;612;0
90;20;610;0
92;20;359;0
98;20;596;0
99;20;287;0
0;21;1101;0
21;21;1102;0
22;21;613;0
23;21;287;0
24;21;287;0
27;21;914;333
42;21;914;333
45;21;1245;333
46;21;629;333
47;21;287;0
48;21;287;0
49;21;623;0
50;21;287;0
51;21;599;0
54;21;914;333
56;21;3101;333
60;21;596;0
60;21;2038;333
61;21;287;0
62;21;599;0
63;21;287;0
64;21;597;0
65;21;622;0
66;21;628;0
76;21;606;0
77;21;602;0
78;21;602;0
79;21;601;0
83;21;626;0
88;21;914;0
90;21;611;0
92;21;914;0
94;21;915;0
98;21;596;0
99;21;287;0
99;21;287;0
0;22;1101;0
1;22;2805;333
1;22;359;333
21;22;1102;0
21;22;1123;0
22;22;613;0
23;22;287;0
24;22;287;0
34;22;1245;333
48;22;629;0
49;22;623;0
50;22;287;0
51;22;599;0
53;22;914;333
60;22;596;0
61;22;287;0
62;22;599;0
72;22;626;0
78;22;608;0
83;22;359;0
86;22;359;0
90;22;608;0
92;22;1246;0
93;22;1245;0
94;22;623;0
95;22;598;0
96;22;598;0
97;22;598;0
98;22;596;0
98;22;598;0
99;22;287;0
0;23;1101;0
4;23;320;333
4;23;2551;333
7;23;320;333
7;23;2552;333
11;23;320;333
11;23;2553;333
15;23;320;333
15;23;2554;333
19;23;2745;333;descriptionEn=Page 22.  I should feel outraged at what I find in here, yet after what I did to Horace I do not have it in me.  I am feeling a strange sort of kinship to the worshipers.
21;23;1106;0
34;23;627;0
35;23;627;0
36;23;287;0
36;23;287;0
37;23;287;0
38;23;287;0
38;23;287;0
49;23;629;0
50;23;629;0
51;23;597;0
51;23;914;333
52;23;915;333
60;23;623;0
61;23;287;0
62;23;599;0
73;23;359;0
78;23;610;0
80;23;626;0
84;23;629;0
88;23;359;0
90;23;610;0
93;23;915;0
94;23;623;0
95;23;287;0
96;23;287;0
97;23;287;0
98;23;596;0
99;23;287;0
0;24;1101;0
8;24;3101;333
9;24;3101;333
10;24;3101;333
11;24;3101;333
21;24;1111;0
34;24;627;0
35;24;287;0
35;24;287;0
36;24;287;0
37;24;287;0
38;24;287;0
46;24;1251;333
52;24;1276;333
60;24;623;0
61;24;287;0
62;24;599;0
66;24;1245;333
69;24;795;0
77;24;359;0
78;24;611;0
82;24;359;0
90;24;611;0
92;24;914;0
94;24;629;0
95;24;597;0
96;24;622;0
97;24;287;0
98;24;596;0
98;24;287;0
99;24;287;0
0;25;1101;0
7;25;1862;333
12;25;1862;333
13;25;3101;333
21;25;1111;0
34;25;287;0
35;25;287;0
36;25;287;0
37;25;287;0
38;25;287;0
55;25;915;333
58;25;915;333
60;25;623;0
61;25;287;0
62;25;599;0
74;25;626;0
75;25;287;0
76;25;599;0
78;25;608;0
79;25;359;0
89;25;359;0
90;25;609;0
98;25;596;0
99;25;287;0
0;26;1101;0
6;26;3101;333
14;26;3101;333
21;26;1102;0
21;26;1123;0
22;26;613;0
23;26;287;0
24;26;287;0
25;26;598;0
26;26;598;0
27;26;598;0
28;26;598;0
29;26;598;0
30;26;598;0
31;26;598;0
32;26;598;0
33;26;598;0
34;26;287;0
35;26;287;0
36;26;287;0
37;26;287;0
38;26;287;0
38;26;287;0
39;26;287;0
40;26;287;0
49;26;1276;333
54;26;914;333
60;26;596;0
61;26;287;0
62;26;599;0
68;26;915;333
75;26;287;0
76;26;599;0
78;26;608;0
80;26;359;0
86;26;629;0
90;26;608;0
92;26;1245;0
93;26;1246;0
96;26;797;0
98;26;596;0
98;26;625;0
99;26;287;0
0;27;1101;0
1;27;2805;333
1;27;359;333
4;27;320;333
4;27;463;577;descriptionEn=The tip of the quill is red and has a faint metallic smell.  It has been used to write with blood.;descriptionDe=Die Spitzen der Feder sind Rot und haben einen faden, metallischen Geschmack. Es würde üblicherweise mit Blut geschrieben.
5;27;3101;333
10;27;320;333
10;27;3109;333;descriptionEn=The writing is red and distinguishable part reads "Enchanting Slaves";descriptionDe=Das Schreiben ist Rot, auf dem lesbaren Teil erkennt man die Worte: "Bezaubernde Sklaven"
14;27;3101;333
21;27;1102;0
21;27;2805;333
21;27;359;333
22;27;613;0
23;27;287;0
24;27;287;0
25;27;287;0
26;27;287;0
26;27;287;0
27;27;287;0
28;27;287;0
29;27;287;0
30;27;287;0
31;27;287;0
31;27;287;0
32;27;287;0
32;27;287;0
33;27;287;0
33;27;287;0
34;27;287;0
34;27;287;0
35;27;287;0
36;27;287;0
37;27;287;0
38;27;287;0
39;27;287;0
40;27;287;0
40;27;287;0
60;27;596;0
61;27;287;0
62;27;599;0
67;27;1245;333
70;27;914;333
74;27;596;0
75;27;287;0
76;27;599;0
78;27;612;0
83;27;598;0
84;27;598;0
85;27;599;0
90;27;612;0
97;27;1245;0
98;27;596;0
0;28;1101;0
6;28;3101;333
14;28;3101;333
21;28;1102;0
22;28;613;0
23;28;287;0
24;28;287;0
25;28;597;0
26;28;597;0
27;28;597;0
28;28;622;0
29;28;622;0
30;28;597;0
30;28;596;0
30;28;628;333
31;28;287;0
32;28;287;0
33;28;287;0
34;28;287;0
35;28;287;0
36;28;287;0
37;28;287;0
38;28;287;0
39;28;287;0
40;28;287;0
40;28;287;0
52;28;627;0
54;28;598;0
60;28;596;0
61;28;287;0
62;28;599;0
72;28;1257;333
75;28;287;0
76;28;599;0
83;28;287;0
84;28;287;0
85;28;599;0
85;28;598;0
97;28;630;0
0;29;1101;0
6;29;1862;333
10;29;1879;333
13;29;1862;333
21;29;1102;0
21;29;36;333
21;29;2742;666
22;29;613;0
23;29;287;0
24;29;287;0
25;29;3092;333
30;29;596;0
30;29;2038;333
31;29;287;0
32;29;287;0
33;29;287;0
34;29;287;0
35;29;287;0
36;29;287;0
37;29;287;0
38;29;287;0
39;29;287;0
40;29;287;0
40;29;287;0
41;29;287;0
42;29;287;0
43;29;287;0
44;29;287;0
45;29;287;0
52;29;287;0
53;29;287;0
54;29;599;0
56;29;598;0
57;29;598;0
58;29;626;0
60;29;596;0
61;29;287;0
62;29;599;0
67;29;627;333
71;29;2745;333;descriptionEn=Page 26. I can not leave, my soul was lost here and so to should be my body.  I am burying the treasure I found here with my body, hopefully some 'kind' soul will find it.  The hole is dug... I just need to crawl in and drink the poison.
73;29;914;333
75;29;287;0
76;29;599;0
83;29;796;333
84;29;287;0
85;29;287;0
86;29;599;0
0;30;1101;0
6;30;3101;333
13;30;3101;333
21;30;1102;0
22;30;613;0
23;30;287;0
24;30;287;0
30;30;596;0
30;30;3097;333
31;30;622;0
32;30;622;0
33;30;597;0
34;30;597;0
34;30;1175;333
35;30;622;0
35;30;3094;333
36;30;597;0
37;30;597;0
37;30;1174;333
38;30;287;0
39;30;287;0
40;30;287;0
41;30;287;0
42;30;287;0
43;30;287;0
44;30;287;0
45;30;287;0
49;30;598;0
50;30;598;0
51;30;598;0
52;30;598;0
53;30;287;0
53;30;598;0
54;30;599;0
55;30;598;0
56;30;287;0
57;30;287;0
58;30;598;0
59;30;626;0
60;30;596;0
61;30;287;0
62;30;599;0
72;30;519;333;descriptionEn=Here lies my body, my soul got lost along the way.;nameEn=Megildor;nameDe=Megildor
75;30;287;0
76;30;599;0
76;30;598;0
85;30;287;0
86;30;599;0
87;30;599;0
0;31;1101;0
4;31;320;333
4;31;1060;333;descriptionEn=Dissection: How to make your subject live for longer times;descriptionDe=Obduktion: Wie Ihr eure Untertanen lang lebender macht.
7;31;3101;333
12;31;3101;333
16;31;2805;333
16;31;359;333
21;31;1102;0
21;31;2805;333
21;31;359;333
22;31;613;0
23;31;287;0
24;31;287;0
30;31;3097;333
30;31;3094;333
31;31;3094;333
32;31;3094;333
37;31;596;0
38;31;287;0
38;31;3094;333
39;31;287;0
40;31;287;0
41;31;287;0
42;31;287;0
43;31;287;0
44;31;287;0
45;31;287;0
46;31;598;0
47;31;598;0
48;31;598;0
49;31;598;0
50;31;598;0
51;31;598;0
52;31;598;0
53;31;598;0
54;31;287;0
55;31;287;0
56;31;287;0
57;31;287;0
58;31;287;0
59;31;287;0
60;31;287;0
61;31;626;0
61;31;287;0
62;31;599;0
66;31;1257;333
68;31;914;333
73;31;1245;333
75;31;287;0
76;31;287;0
76;31;287;0
76;31;287;0
77;31;599;0
77;31;598;0
85;31;287;0
86;31;287;0
87;31;599;0
92;31;598;0
96;31;914;0
0;32;1101;0
1;32;2805;333
1;32;359;333
8;32;3101;333
9;32;1862;333
10;32;3101;333
11;32;3101;333
12;32;3293;0
12;32;2805;333
12;32;359;333
13;32;1100;0
14;32;1100;0
15;32;1100;0
16;32;1100;0
17;32;1100;0
18;32;1100;0
19;32;1100;0
20;32;1100;0
21;32;1100;0
21;32;1102;0
21;32;1100;0
22;32;1100;0
22;32;613;0
23;32;287;0
24;32;287;0
29;32;3097;333
30;32;3097;333
32;32;3101;333
34;32;2937;333
37;32;627;333
38;32;622;333
38;32;3094;333
39;32;622;0
39;32;624;333
40;32;622;0
41;32;287;0
42;32;287;0
43;32;287;0
44;32;598;0
44;32;596;0
44;32;287;0
45;32;598;0
46;32;287;0
47;32;287;0
47;32;287;0
48;32;287;0
51;32;597;0
52;32;597;0
58;32;629;0
59;32;287;0
60;32;287;0
61;32;287;0
62;32;599;0
63;32;1245;333
67;32;1245;333
75;32;629;333
76;32;287;0
77;32;287;0
78;32;599;0
85;32;287;0
90;32;2937;333
92;32;599;0
97;32;1245;0
0;33;1101;0
12;33;1102;0
13;33;613;0
13;33;613;0
14;33;613;0
15;33;613;0
16;33;613;0
17;33;613;0
18;33;613;0
19;33;613;0
20;33;613;0
21;33;613;0
22;33;613;0
23;33;287;0
24;33;287;0
29;33;3097;333
37;33;3094;333
38;33;3094;333
39;33;3094;333
40;33;1174;333
41;33;629;0
42;33;622;0
43;33;627;333
44;33;596;0
44;33;626;333
45;33;287;0
50;33;797;333
52;33;915;333
55;33;627;333
59;33;597;0
60;33;597;0
68;33;914;333
77;33;287;0
78;33;599;0
78;33;598;0
79;33;622;0
80;33;287;0
81;33;622;0
82;33;597;0
82;33;914;0
83;33;597;0
84;33;597;0
85;33;287;0
92;33;597;0
0;34;1101;0
12;34;1102;0
12;34;36;333
12;34;3111;333
13;34;613;0
14;34;287;0
15;34;287;0
16;34;287;0
17;34;287;0
18;34;287;0
19;34;287;0
20;34;287;0
21;34;287;0
22;34;287;0
23;34;287;0
24;34;287;0
41;34;3094;333
42;34;3095;333
43;34;629;333
44;34;596;0
44;34;628;333
45;34;287;0
53;34;2745;333;descriptionEn=Page 25.  I feel this the last magical doorway is the way out, yet I am reluctant to leave...
56;34;1245;333
61;34;915;333
67;34;915;333
83;34;626;0
85;34;622;0
87;34;914;0
96;34;915;0
0;35;1101;0
4;35;320;333
4;35;1089;333;descriptionEn=Blood Magic: Using the power from within;descriptionDe=Blut Magie: Benutzt die Stärke aus dem Inneren.
12;35;1102;0
13;35;613;0
14;35;287;0
15;35;287;0
16;35;287;0
17;35;287;0
18;35;287;0
19;35;287;0
20;35;287;0
21;35;287;0
22;35;287;0
23;35;287;0
24;35;287;0
42;35;3093;333
43;35;623;0
43;35;625;333
44;35;287;0
50;35;1245;333
72;35;628;0
76;35;1254;0
84;35;1254;0
0;36;1101;0
12;36;1102;0
13;36;613;0
14;36;287;0
15;36;287;0
16;36;287;0
17;36;287;0
18;36;287;0
19;36;287;0
20;36;287;0
21;36;287;0
22;36;287;0
22;36;622;0
23;36;287;0
23;36;622;0
24;36;287;0
25;36;3097;333
29;36;3098;333
30;36;3098;333
42;36;2038;333
42;36;2038;333
43;36;623;0
44;36;287;0
45;36;287;0
68;36;597;0
69;36;599;0
74;36;915;333
90;36;915;0
91;36;627;0
0;37;1101;0
1;37;2805;333
1;37;359;333
12;37;1102;0
12;37;2805;333
12;37;359;333
13;37;613;0
14;37;287;0
15;37;597;0
16;37;597;0
16;37;3100;333
17;37;597;0
18;37;622;0
19;37;2039;333
20;37;797;333
21;37;2039;333
22;37;622;0
23;37;622;0
24;37;597;0
24;37;1173;333
25;37;3097;333
29;37;3098;333
29;37;3095;333
30;37;596;0
30;37;3097;333
31;37;598;0
32;37;598;0
33;37;598;0
42;37;3093;333
43;37;629;0
44;37;596;0
45;37;287;0
53;37;626;333
56;37;914;333
66;37;597;0
66;37;597;0
67;37;597;0
67;37;287;333
67;37;287;333
68;37;287;333
69;37;599;0
79;37;626;0
87;37;914;0
91;37;629;0
92;37;626;0
93;37;627;0
0;38;1101;0
12;38;1102;0
13;38;613;0
14;38;287;0
16;38;3099;333
16;38;3100;333
17;38;3099;333
25;38;3101;333
29;38;3097;333
30;38;596;0
30;38;3097;333
31;38;287;0
32;38;287;0
33;38;598;0
34;38;598;0
41;38;2937;333
43;38;3094;333
44;38;596;0
44;38;1173;333
45;38;287;0
46;38;287;0
51;38;914;333
65;38;597;0
65;38;599;0
66;38;287;333
67;38;287;333
67;38;287;333
68;38;287;333
69;38;599;0
90;38;596;0
91;38;287;0
92;38;599;0
98;38;596;0
99;38;287;0
0;39;1101;0
4;39;320;333
4;39;1061;333;descriptionEn=The Path to Power;descriptionDe=Der Weg der Stärke
12;39;1102;0
12;39;36;333
12;39;505;333
13;39;613;0
14;39;287;0
16;39;3099;333
16;39;3100;333
17;39;3099;333
22;39;3101;333
26;39;2937;333
30;39;596;0
31;39;287;0
32;39;287;0
32;39;287;0
33;39;287;0
34;39;598;0
35;39;598;0
36;39;598;0
45;39;623;0
45;39;3094;333
46;39;287;0
65;39;599;0
66;39;287;333
67;39;287;333
68;39;287;333
69;39;599;0
72;39;626;0
79;39;626;0
90;39;596;0
91;39;287;0
92;39;599;0
98;39;596;0
99;39;287;0
0;40;1101;0
12;40;1102;0
13;40;613;0
14;40;287;0
16;40;3100;333
16;40;3100;333
17;40;3099;333
30;40;596;0
31;40;287;0
32;40;597;0
32;40;1278;333
33;40;597;0
33;40;627;333
34;40;597;0
34;40;626;333
35;40;287;0
36;40;599;0
45;40;629;0
46;40;287;0
47;40;287;0
55;40;287;0
56;40;287;0
57;40;287;0
58;40;287;0
64;40;599;0
65;40;3098;333
66;40;3098;333
67;40;287;333
68;40;287;333
69;40;599;0
69;40;598;0
85;40;598;0
86;40;598;0
86;40;598;0
87;40;598;0
88;40;598;0
88;40;598;0
89;40;596;0
89;40;598;0
90;40;287;0
91;40;629;0
92;40;599;0
98;40;596;0
99;40;287;0
0;41;1101;0
12;41;1102;0
13;41;613;0
14;41;287;0
15;41;3100;333
16;41;3099;333
16;41;3099;333
16;41;3100;333
17;41;3099;333
17;41;3099;333
17;41;3099;333
17;41;3099;333
17;41;3099;333
27;41;598;0
28;41;598;0
29;41;598;0
30;41;596;0
31;41;287;0
32;41;1278;333
33;41;629;333
34;41;628;333
34;41;1278;333
35;41;287;0
36;41;599;0
45;41;3093;333
46;41;596;0
47;41;287;0
53;41;287;0
54;41;287;0
55;41;597;333
55;41;1273;333
56;41;597;0
56;41;1273;333
57;41;597;0
57;41;1278;333
58;41;287;0
59;41;287;0
60;41;287;0
61;41;287;0
62;41;287;0
63;41;287;0
64;41;599;0
64;41;622;0
67;41;1096;333
68;41;914;333
69;41;597;0
70;41;599;0
85;41;596;0
86;41;287;0
87;41;287;0
88;41;287;0
89;41;287;0
91;41;797;333
92;41;599;0
92;41;598;0
93;41;598;0
94;41;598;0
95;41;598;0
96;41;598;0
97;41;598;0
98;41;598;0
99;41;287;0
0;42;1101;0
1;42;2805;333
4;42;2805;333
4;42;359;333
8;42;2805;333
8;42;359;333
12;42;1102;0
12;42;2805;333
12;42;359;333
13;42;613;0
14;42;287;0
15;42;3100;333
16;42;3099;333
16;42;3100;333
16;42;3100;333
17;42;3100;333
26;42;598;0
27;42;287;0
28;42;287;0
29;42;287;0
30;42;287;0
31;42;1278;333
32;42;627;333
33;42;626;333
34;42;1278;333
34;42;1278;333
34;42;1278;333
35;42;287;0
36;42;598;0
37;42;598;0
37;42;599;0
46;42;623;0
47;42;287;0
50;42;287;0
51;42;287;0
52;42;287;0
53;42;287;0
54;42;622;333
56;42;3518;333
57;42;622;333
58;42;597;0
59;42;597;0
60;42;622;0
61;42;597;0
62;42;622;0
63;42;597;0
69;42;629;0
70;42;599;0
70;42;598;0
71;42;599;0
78;42;598;0
79;42;598;0
80;42;598;0
81;42;598;0
82;42;598;0
83;42;598;0
84;42;598;0
85;42;596;0
85;42;598;0
85;42;598;0
87;42;1783;333
88;42;1783;333
89;42;1182;333
92;42;629;0
93;42;287;0
94;42;287;0
95;42;287;0
96;42;287;0
97;42;287;0
98;42;287;0
99;42;287;0
0;43;1103;0
0;43;3290;0
0;43;915;333
1;43;1103;0
2;43;1103;0
3;43;1103;0
3;43;1124;333
4;43;1103;0
5;43;1108;0
6;43;1108;0
7;43;1103;0
8;43;1103;0
8;43;1124;333
9;43;1103;0
9;43;915;333
10;43;1103;0
11;43;1103;0
12;43;1103;0
12;43;629;0
13;43;287;0
14;43;287;0
15;43;287;0
16;43;3100;333
16;43;287;333
17;43;3100;333
17;43;287;333
18;43;598;0
19;43;598;0
20;43;598;0
21;43;598;0
22;43;598;0
23;43;598;0
24;43;598;0
25;43;598;0
26;43;287;0
27;43;622;0
28;43;597;0
29;43;597;0
30;43;597;0
32;43;629;333
33;43;628;333
34;43;1178;333
35;43;629;0
36;43;287;0
37;43;599;0
45;43;1783;333
46;43;596;0
46;43;1175;333
47;43;287;0
48;43;287;0
49;43;287;0
50;43;287;0
51;43;622;0
52;43;622;0
59;43;1197;333
62;43;274;333
63;43;1182;333
70;43;629;0
71;43;599;0
72;43;598;333
73;43;598;333
74;43;598;333
78;43;598;0
79;43;287;0
79;43;287;0
80;43;287;0
80;43;287;0
81;43;287;0
82;43;287;0
83;43;287;0
84;43;287;0
85;43;287;0
86;43;1783;333
86;43;1250;333
87;43;1790;333
88;43;233;333
89;43;1783;333
90;43;163;333
93;43;274;333
94;43;596;0
95;43;287;0
96;43;287;0
97;43;287;0
98;43;287;0
99;43;628;0
0;44;1178;333
10;44;1197;333
12;44;629;0
13;44;622;0
14;44;622;0
15;44;622;0
16;44;622;333
17;44;287;333
18;44;287;0
19;44;287;0
20;44;287;0
21;44;287;0
22;44;287;0
23;44;287;0
24;44;287;0
25;44;287;0
26;44;287;0
28;44;1783;333
29;44;1783;333
30;44;1182;333
32;44;1783;333
33;44;1179;333
34;44;1783;333
35;44;1178;333
36;44;287;0
37;44;598;0
38;44;598;0
39;44;598;0
40;44;598;0
41;44;599;0
44;44;1783;333
45;44;1179;333
46;44;629;0
47;44;622;0
48;44;622;0
49;44;597;0
50;44;597;0
51;44;1196;333
52;44;274;333
57;44;274;333
64;44;274;333
65;44;1790;333
67;44;521;333;descriptionEn=Simplicity;descriptionDe=Naivität
68;44;163;333
70;44;1276;333
70;44;1276;333
71;44;622;333
72;44;622;333
73;44;622;333
74;44;622;333
75;44;598;333
76;44;598;333
77;44;598;0
77;44;598;333
78;44;287;0
79;44;274;333
80;44;125;333
81;44;561;333
83;44;1783;333
85;44;1178;333
86;44;1783;333
87;44;1179;333
88;44;1246;333
91;44;1254;333
92;44;233;333
93;44;1783;333
94;44;596;0
95;44;287;0
96;44;287;0
97;44;287;0
98;44;628;0
99;44;233;333
11;45;914;333
14;45;1790;333
17;45;1182;333
18;45;629;0
19;45;622;0
20;45;622;0
21;45;622;0
22;45;597;0
22;45;1782;333
23;45;597;0
23;45;1782;333
24;45;1178;333
25;45;163;333
26;45;1178;333
27;45;519;333;descriptionEn=Kindness;descriptionDe=Freundlichkeit
28;45;274;333
29;45;1783;333
31;45;1783;333
32;45;1783;333
35;45;1783;333
36;45;287;0
37;45;287;0
38;45;287;0
39;45;287;0
40;45;287;0
41;45;599;0
42;45;274;333
43;45;163;333
45;45;1783;333
47;45;274;333
54;45;1783;333
55;45;607;0
56;45;607;0
57;45;1783;333
62;45;163;333
64;45;1179;333
65;45;274;333
69;45;1179;333
70;45;274;333
72;45;1783;333
75;45;629;333
76;45;622;333
77;45;628;333
79;45;1790;333
80;45;1783;333
81;45;1179;333
82;45;274;333
83;45;163;333
85;45;1196;333
86;45;1178;333
87;45;1783;333
89;45;1250;333
93;45;1178;333
94;45;629;0
95;45;622;0
96;45;622;0
97;45;622;0
99;45;1783;333
1;46;1197;333
2;46;274;333
6;46;232;333
15;46;163;333
17;46;274;333
18;46;1790;333
19;46;163;333
23;46;1179;333
30;46;163;333
33;46;1790;333
34;46;274;333
35;46;274;333
36;46;597;0
37;46;597;0
38;46;1178;333
39;46;1783;333
40;46;520;333;descriptionEn=Faith;descriptionDe=Glaube
50;46;163;333
52;46;1180;333
54;46;1178;333
55;46;610;0
56;46;609;0
57;46;1783;333
58;46;1783;333
68;46;1783;333
69;46;1783;333
70;46;542;333
73;46;274;333
73;46;42;333
74;46;1783;333
74;46;42;333
75;46;1182;333
76;46;1197;333
81;46;1783;333
90;46;1197;333
92;46;1790;333
93;46;1179;333
94;46;1783;333
95;46;233;333
96;46;1178;333
0;47;1783;333
1;47;535;333
2;47;2169;333
4;47;163;333
5;47;1783;333
6;47;1182;333
7;47;1790;333
8;47;535;333
9;47;535;333
10;47;233;333
11;47;163;333
12;47;274;333
13;47;535;333
14;47;1181;333
15;47;535;333
35;47;274;333
36;47;1783;333
38;47;1179;333
39;47;274;333
40;47;163;333
52;47;1783;333
53;47;163;333
54;47;1783;333
55;47;611;0
56;47;609;0
57;47;1177;333
73;47;1177;333
73;47;42;333
74;47;338;333
74;47;42;333
75;47;42;333
76;47;233;333
77;47;1783;333
79;47;1177;333
92;47;1783;333
93;47;163;333
94;47;1196;333
5;48;1783;333
8;48;585;333
9;48;593;333
11;48;1783;333
12;48;1250;333
13;48;535;333
15;48;1196;333
23;48;1177;333
35;48;1178;333
36;48;1182;333
37;48;1783;333
38;48;1783;333
55;48;608;0
56;48;608;0
57;48;338;333
58;48;1177;333
73;48;338;333
73;48;42;333
74;48;338;333
74;48;42;333
75;48;338;333
75;48;42;333
76;48;1250;333
77;48;1196;333
97;48;1177;333
2;49;1177;333
24;49;1177;333
32;49;1177;333
55;49;609;0
56;49;609;0
71;49;1783;333
72;49;1783;333
73;49;42;333
74;49;42;333
75;49;42;333
87;49;1177;333
12;50;338;333
14;50;1177;333
55;50;609;0
56;50;609;0
70;50;1790;333
73;50;274;333
91;50;1783;333
92;50;1783;333
93;50;535;333
94;50;535;333
0;51;232;333
8;51;274;333
11;51;338;333
13;51;338;333
21;51;1178;333
54;51;1178;333
55;51;608;0
56;51;608;0
58;51;1783;333
61;51;163;333
62;51;272;333
69;51;274;333
70;51;1783;333
71;51;1182;333
84;51;542;333
88;51;3098;333
89;51;163;333
91;51;1783;333
92;51;1783;333
93;51;1178;333
0;52;233;333
1;52;1181;333
8;52;2170;333
11;52;233;333
12;52;535;333
13;52;1790;333
14;52;535;333
20;52;1189;333
29;52;1790;333
36;52;1178;333
37;52;1790;333
39;52;1782;333
41;52;1178;333
48;52;1177;333
53;52;1179;333
54;52;1182;333
55;52;612;0
56;52;612;0
57;52;163;333
58;52;1783;333
60;52;563;333
62;52;125;333
69;52;520;333;descriptionEn=Honesty;descriptionDe=Aufrichtigkeit
90;52;1178;333
92;52;1180;333
96;52;2937;333
99;52;1197;333
9;53;338;333
10;53;338;333
11;53;338;333
12;53;1783;333
13;53;535;333
20;53;1790;333
35;53;274;333
36;53;1182;333
37;53;1178;333
39;53;1179;333
40;53;274;333
41;53;12;333
53;53;1783;333
54;53;1782;333
55;53;1783;333
57;53;274;333
58;53;1179;333
59;53;1790;333
60;53;12;333
62;53;1783;333
69;53;163;333
71;53;1102;333
72;53;613;333
73;53;599;333
73;53;599;333
74;53;1276;333
74;53;1276;333
75;53;1276;333
84;53;594;333
86;53;1790;333
90;53;1783;333
91;53;1783;333
92;53;1178;333
97;53;585;333
0;54;1100;0
0;54;3292;0
1;54;1100;0
2;54;1100;0
3;54;1100;0
4;54;1100;0
5;54;1100;0
5;54;1037;333
6;54;1035;333
7;54;1032;333
8;54;338;333
9;54;1177;333
10;54;1034;333
10;54;535;333
11;54;1036;333
12;54;1033;333
13;54;1100;0
13;54;3292;333
14;54;1100;0
15;54;1100;0
16;54;1100;0
17;54;1100;0
18;54;1035;333
19;54;1032;333
20;54;1100;0
20;54;3292;333
21;54;1100;0
22;54;1029;333
23;54;1029;333
24;54;1100;0
25;54;1100;0
26;54;1100;0
27;54;1035;333
28;54;1036;333
29;54;1197;333
32;54;338;333
35;54;1179;333
36;54;3292;0
40;54;163;333
41;54;1178;333
42;54;1783;333
44;54;1783;333
56;54;519;333;descriptionEn=Loyalty;descriptionDe=Treue
58;54;535;333
59;54;535;333
60;54;1783;333
61;54;274;333
62;54;163;333
63;54;1182;333
64;54;1783;333
70;54;274;333
71;54;1102;333
72;54;613;333
73;54;599;333
73;54;1276;333
74;54;1276;333
75;54;1276;333
80;54;535;333
85;54;1178;333
86;54;1025;333
87;54;1028;333
87;54;163;333
88;54;1023;333
89;54;1019;333
89;54;1178;333
91;54;1025;333
92;54;1028;333
98;54;1025;333
99;54;1793;333
0;55;1101;0
9;55;338;333
12;55;1180;333
14;55;1783;333
16;55;1178;333
17;55;1254;333
19;55;1196;333
20;55;1782;333
21;55;1790;333
22;55;3518;333
23;55;1197;333
29;55;1196;333
32;55;1177;333
33;55;338;333
36;55;1101;0
40;55;274;333
41;55;274;333
43;55;1783;333
53;55;1790;333
62;55;1783;333
64;55;521;333;descriptionEn=Serenity;descriptionDe=Gelassenheit
70;55;1783;333
71;55;1102;333
72;55;613;333
73;55;599;333
79;55;1783;333
80;55;535;333
84;55;3098;333
85;55;1783;333
90;55;1790;333
93;55;163;333
94;55;996;333
96;55;1783;333
98;55;163;333
99;55;1796;333
0;56;1101;0
3;56;1088;333
4;56;535;333
5;56;1196;333
7;56;338;333
8;56;338;333
11;56;1254;333
28;56;1196;333
29;56;915;333
31;56;338;333
32;56;338;333
36;56;1101;0
41;56;163;333
44;56;1783;333
53;56;2745;333;descriptionEn=Page 19.  The tombstones... they appear to be banishment of all the good and softer things in life.   My soul feels chilled.  I think of Zzeslia and her quiet voice, I miss her.
55;56;163;333
58;56;1783;333
60;56;2937;333
69;56;2038;333
71;56;1102;333
72;56;613;333
73;56;599;333
79;56;1783;333
81;56;1783;333
82;56;1178;333
86;56;1790;333
89;56;1178;333
91;56;3098;333
95;56;1783;333
95;56;163;333
96;56;1783;333
97;56;1257;333
99;56;995;333
99;56;2039;333
0;57;1101;0
0;57;1101;0
3;57;1783;333
4;57;535;333
6;57;338;333
9;57;1218;333
16;57;915;333
26;57;1245;333
32;57;338;333
36;57;1101;0
42;57;521;333;descriptionEn=Hope ;descriptionDe=Hoffnung
57;57;274;333
58;57;163;333
61;57;607;0
62;57;607;0
63;57;274;333
69;57;274;333
70;57;1179;333
71;57;1102;333
72;57;613;333
73;57;599;333
78;57;3097;333
80;57;1790;333
81;57;1783;333
82;57;1182;333
84;57;1783;333
87;57;1178;333
88;57;1179;333
90;57;1276;333
91;57;3098;333
94;57;1783;333
97;57;1783;333
99;57;994;333
0;58;1101;0
0;58;1101;0
2;58;1783;333
3;58;1783;333
4;58;274;333
6;58;338;333
23;58;998;333
32;58;338;333
33;58;915;333
36;58;1101;0
41;58;1790;333
43;58;1178;333
45;58;1783;333
46;58;464;333
56;58;1181;333
61;58;608;0
62;58;608;0
64;58;1783;333
69;58;1783;333
71;58;1102;333
72;58;613;333
73;58;599;333
77;58;1790;333
79;58;1179;333
80;58;1178;333
81;58;163;333
82;58;1783;333
83;58;1783;333
91;58;163;333
95;58;1178;333
96;58;1783;333
99;58;993;333
0;59;1101;0
0;59;1101;0
2;59;163;333
4;59;1783;333
6;59;338;333
12;59;1196;333
13;59;914;333
21;59;1196;333
23;59;1101;0
29;59;915;333
30;59;3293;333
36;59;1101;0
42;59;274;333
44;59;1178;333
45;59;274;333
46;59;163;333
58;59;535;333
59;59;1790;333
60;59;1179;333
61;59;609;0
62;59;609;0
69;59;1783;333
71;59;1102;333
72;59;613;333
73;59;599;333
78;59;163;333
83;59;163;333
85;59;2745;333;descriptionEn=Page 18.  Though the part they live in seems to be well maintained, many signs point to their world below deteriorating.  I only hope they don't come back to the surface.
87;59;1783;333
88;59;1783;333
92;59;1783;333
93;59;1783;333
94;59;1181;333
95;59;1783;333
96;59;1783;333
97;59;163;333
99;59;992;333
0;60;1101;0
0;60;3292;333
2;60;233;333
3;60;915;333
4;60;1783;333
9;60;3293;333
13;60;914;333
16;60;915;333
16;60;3293;333
22;60;3518;333
23;60;1101;0
36;60;1101;0
42;60;163;333
43;60;1783;333
44;60;1179;333
45;60;1178;333
46;60;1783;333
47;60;274;333
56;60;1177;333
58;60;535;333
59;60;535;333
60;60;1178;333
61;60;609;0
62;60;609;0
70;60;1783;333
71;60;1102;333
72;60;613;333
73;60;599;333
83;60;3098;333
88;60;1273;333
92;60;1783;333
93;60;1178;333
95;60;1783;333
95;60;1795;333
96;60;1036;333
97;60;1036;333
98;60;1037;333
99;60;1794;333
0;61;1007;333
1;61;163;333
5;61;1246;333
23;61;1101;0
35;61;915;333
36;61;1101;0
43;61;1782;333
44;61;1783;333
46;61;274;333
47;61;535;333
48;61;1790;333
58;61;1783;333
59;61;535;333
59;61;535;333
61;61;609;0
62;61;609;0
69;61;1790;333
71;61;1102;333
72;61;613;333
73;61;599;333
80;61;1197;333
82;61;3097;333
83;61;3100;333
84;61;163;333
86;61;1783;333
87;61;1783;333
89;61;1783;333
90;61;1783;333
92;61;1783;333
93;61;1783;333
94;61;1783;333
95;61;163;333
0;62;1004;333
1;62;1783;333
2;62;1197;333
5;62;1196;333
16;62;1245;333
23;62;1101;0
31;62;1245;333
36;62;1101;0
45;62;2937;333
47;62;535;333
48;62;1178;333
49;62;163;333
51;62;520;333;descriptionEn=Love;descriptionDe=Liebe
61;62;608;0
62;62;608;0
69;62;1783;333
70;62;1178;333
71;62;1102;333
72;62;613;333
73;62;599;333
83;62;3100;333
87;62;1178;333
90;62;163;333
96;62;1178;333
98;62;1178;333
0;63;1004;333
1;63;1783;333
2;63;1179;333
11;63;1196;333
14;63;914;333
15;63;1096;333
16;63;1196;333
17;63;1245;333
23;63;1101;0
30;63;915;333
30;63;3293;333
36;63;1101;0
47;63;1179;333
61;63;609;0
62;63;609;0
69;63;1783;333
71;63;1102;333
72;63;613;333
73;63;599;333
80;63;163;333
84;63;915;333
85;63;1783;333
86;63;1178;333
87;63;1182;333
88;63;1783;333
89;63;1783;333
97;63;1182;333
98;63;1783;333
0;64;1000;333
1;64;1783;333
9;64;3293;333
9;64;915;333
12;64;1197;333
14;64;1182;333
15;64;233;333
16;64;3293;333
23;64;1101;0
36;64;1101;0
50;64;274;333
51;64;1790;333
61;64;609;0
62;64;609;0
66;64;1177;333
70;64;1179;333
71;64;1102;333
72;64;613;333
73;64;599;333
84;64;1783;333
86;64;1783;333
88;64;1783;333
94;64;163;333
96;64;1783;333
97;64;535;333
98;64;1783;333
0;65;1000;333
13;65;1178;333
14;65;914;333
15;65;1245;333
19;65;1218;333
23;65;1101;0
36;65;1101;0
48;65;274;333
61;65;609;0
62;65;610;0
71;65;1102;333
72;65;613;333
73;65;599;333
79;65;163;333
84;65;1783;333
84;65;535;333
85;65;535;333
86;65;1783;333
86;65;535;333
87;65;1783;333
87;65;535;333
91;65;1183;333
97;65;535;333
0;66;1006;333
14;66;163;333
15;66;1178;333
16;66;1218;333
20;66;1197;333
23;66;1101;0
28;66;1177;333
36;66;1100;0
36;66;1101;0
37;66;1100;0
38;66;1100;0
39;66;1100;0
40;66;1100;0
41;66;1100;0
42;66;1109;0
43;66;1109;0
44;66;1100;0
45;66;1100;0
46;66;1035;333
47;66;1036;333
48;66;1033;333
49;66;1178;333
51;66;1178;333
61;66;608;0
62;66;611;0
69;66;1196;333
70;66;1782;333
71;66;1102;333
72;66;613;333
73;66;599;333
78;66;1790;333
81;66;338;333
84;66;535;333
85;66;535;333
86;66;535;333
87;66;535;333
3;67;1196;333
23;67;1101;0
36;67;1101;0
40;67;1196;333
41;67;3518;333
44;67;3518;333
49;67;1254;333
50;67;1245;333
61;67;609;0
62;67;609;0
71;67;1102;333
72;67;613;333
73;67;599;333
77;67;1783;333
78;67;1783;333
79;67;1783;333
81;67;338;333
82;67;338;333
83;67;338;333
91;67;1177;333
9;68;3293;333
14;68;1246;333
16;68;3293;333
23;68;1101;0
30;68;3293;333
36;68;1101;0
47;68;1197;333
48;68;1218;333
50;68;1245;333
61;68;609;0
62;68;609;0
71;68;1102;333
72;68;613;333
73;68;599;333
78;68;535;333
79;68;535;333
80;68;338;333
82;68;338;333
83;68;338;333
0;69;1000;333
18;69;1179;333
23;69;1101;0
33;69;1245;333
35;69;1196;333
36;69;998;333
61;69;609;0
62;69;609;0
71;69;1102;333
72;69;613;333
73;69;599;333
76;69;1783;333
77;69;1181;333
78;69;535;333
79;69;535;333
80;69;338;333
81;69;1177;333
86;69;1177;333
0;70;1000;333
23;70;1101;0
41;70;1096;333
52;70;1177;333
61;70;610;0
62;70;609;0
71;70;1102;333
72;70;613;333
73;70;599;333
76;70;1783;333
79;70;338;333
82;70;1177;333
87;70;1177;333
0;71;1007;333
4;71;1197;333
21;71;1197;333
23;71;1101;0
45;71;1245;333
61;71;611;0
62;71;609;0
67;71;1177;333
68;71;1196;333
69;71;1250;333
70;71;1245;333
71;71;1102;333
71;71;1245;333
72;71;613;333
73;71;599;333
77;71;1178;333
78;71;338;333
79;71;338;333
89;71;338;333
90;71;338;333
0;72;1007;333
23;72;1101;0
36;72;998;333
39;72;1196;333
54;72;535;333
55;72;535;333
61;72;609;0
62;72;609;0
68;72;1783;333
69;72;1178;333
70;72;1197;333
71;72;1102;333
72;72;613;333
73;72;599;333
78;72;338;333
80;72;1177;333
91;72;535;333
94;72;338;333
0;73;1101;0
23;73;1101;0
36;73;998;333
50;73;274;333
51;73;163;333
54;73;1179;333
55;73;1790;333
56;73;1783;333
61;73;609;0
62;73;610;0
65;73;604;0
66;73;603;0
67;73;602;0
68;73;601;0
71;73;1102;333
72;73;613;333
73;73;599;333
89;73;535;333
90;73;1790;333
92;73;1197;333
92;73;163;333
94;73;338;333
0;74;1100;0
0;74;1101;0
1;74;1100;0
2;74;1100;0
3;74;1100;0
4;74;1100;0
5;74;1109;0
6;74;1109;0
7;74;1100;0
8;74;1100;0
9;74;1100;0
10;74;1100;0
11;74;1100;0
12;74;1100;0
13;74;1100;0
14;74;1100;0
15;74;1100;0
16;74;1100;0
17;74;1100;0
18;74;1100;0
19;74;1100;0
20;74;1100;0
21;74;1100;0
22;74;1100;0
23;74;1101;0
23;74;1100;0
24;74;1100;0
25;74;1100;0
26;74;1100;0
27;74;1100;0
28;74;1100;0
29;74;1100;0
30;74;1100;0
31;74;1100;0
32;74;1100;0
33;74;1100;0
34;74;1100;333
35;74;1100;333
36;74;998;333
46;74;1177;333
48;74;1250;333
51;74;1783;333
52;74;1790;333
53;74;274;333
55;74;1783;333
61;74;608;0
63;74;604;0
64;74;603;0
65;74;603;0
66;74;603;0
67;74;602;0
68;74;601;0
71;74;1102;333
72;74;613;333
73;74;599;333
87;74;1184;333
89;74;1278;333
91;74;163;333
92;74;535;333
95;74;1177;333
0;75;1101;0
2;75;1126;333
9;75;1126;333
10;75;233;333
11;75;3075;333
12;75;525;333
13;75;1126;333
15;75;525;333
17;75;1126;333
18;75;915;333
19;75;525;333
21;75;1126;333
23;75;2880;333
23;75;2640;333
25;75;1126;333
25;75;1246;333
27;75;210;333
29;75;1126;333
32;75;525;333
33;75;1126;333
36;75;998;333
49;75;1019;333
50;75;1179;333
53;75;2937;333
56;75;338;333
57;75;338;333
59;75;338;333
61;75;609;0
62;75;611;0
63;75;1177;333
64;75;338;333
66;75;1178;333
67;75;1783;333
68;75;274;333
71;75;1102;333
72;75;613;333
73;75;599;333
89;75;1783;333
91;75;1783;333
92;75;1783;333
93;75;338;333
94;75;338;333
96;75;1177;333
0;76;1101;0
18;76;2946;333
26;76;1245;333
30;76;2778;333
34;76;1096;333
36;76;998;333
42;76;1245;333
46;76;1196;333
47;76;1197;333
49;76;1006;333
52;76;1783;333
53;76;163;333
56;76;338;333
57;76;1177;333
58;76;1177;333
59;76;338;333
61;76;609;0
62;76;609;0
63;76;338;333
64;76;338;333
67;76;1790;333
71;76;1102;333
72;76;613;333
73;76;599;333
88;76;1178;333
89;76;1179;333
90;76;163;333
94;76;338;333
95;76;338;333
0;77;1101;0
8;77;914;333
36;77;1007;333
48;77;1246;333
49;77;1007;333
53;77;1783;333
56;77;338;333
57;77;338;333
60;77;1177;333
61;77;609;0
62;77;609;0
63;77;338;333
64;77;1177;333
65;77;338;333
68;77;2039;333
71;77;1102;333
72;77;613;333
73;77;599;333
89;77;1783;333
89;77;535;333
91;77;798;333
91;77;798;333
92;77;338;333
95;77;1177;333
0;78;1101;0
36;78;1004;333
37;78;1245;333
42;78;1096;333
46;78;914;333
49;78;1101;0
53;78;1181;333
54;78;274;333
57;78;338;333
58;78;338;333
59;78;338;333
60;78;338;333
61;78;608;0
62;78;608;0
64;78;338;333
65;78;1177;333
67;78;163;333
71;78;1102;333
72;78;613;333
73;78;599;333
75;78;915;333
87;78;338;333
88;78;338;333
90;78;1178;333
91;78;1196;333
92;78;535;333
93;78;338;333
94;78;338;333
0;79;1101;0
10;79;1246;333
11;79;914;333
33;79;796;333
36;79;1004;333
49;79;1101;0
55;79;1783;333
59;79;535;333
60;79;1178;333
61;79;609;0
62;79;609;0
64;79;338;333
66;79;1182;333
67;79;274;333
71;79;1102;333
72;79;613;333
73;79;599;333
76;79;1783;333
77;79;163;333
89;79;338;333
90;79;535;333
92;79;338;333
0;80;1101;0
11;80;233;333
17;80;1245;333
27;80;915;333
34;80;915;333
36;80;1002;333
45;80;914;333
49;80;1101;0
55;80;163;333
57;80;519;333;descriptionEn=Peace;descriptionDe=Frieden
58;80;274;333
59;80;1783;333
60;80;1783;333
61;80;609;0
62;80;609;0
63;80;1783;333
65;80;1783;333
66;80;163;333
71;80;1102;333
72;80;613;333
73;80;599;333
74;80;1273;333
76;80;163;333
89;80;338;333
0;81;1101;0
8;81;1246;333
18;81;233;333
26;81;1096;333
36;81;1007;333
41;81;914;333
49;81;1101;0
57;81;274;333
58;81;1790;333
60;81;535;333
61;81;612;333
62;81;612;333
63;81;274;333
64;81;1783;333
65;81;274;333
71;81;1102;333
71;81;1123;333
72;81;1103;333
73;81;1103;333
74;81;1273;333
0;82;1101;0
36;82;1101;0
42;82;2924;333;descriptionEn=Fallen Foes;descriptionDe=Gefallene Feinde
46;82;2924;333;descriptionEn=Refuse Pit;descriptionDe=Abfallgrube
49;82;1101;0
53;82;1790;333
59;82;1180;333
63;82;1783;333
66;82;2039;333
68;82;1790;333
71;82;1111;333
74;82;1273;333
75;82;163;333
77;82;1783;333
78;82;535;333
97;82;535;333
0;83;1101;0
36;83;1101;0
39;83;914;333
42;83;2937;333
43;83;498;333
44;83;498;333
45;83;914;333
46;83;498;333
47;83;1196;333
49;83;1101;0
51;83;1000;333
52;83;1000;333
59;83;274;333
64;83;1783;333
65;83;3101;333
68;83;1783;333
71;83;1111;333
74;83;1273;333
77;83;535;333
95;83;1783;333
96;83;1783;333
97;83;535;333
98;83;1783;333
0;84;1101;0
0;84;1100;0
1;84;1100;0
2;84;1100;0
3;84;1100;0
4;84;1100;0
5;84;1100;0
6;84;1100;0
7;84;1100;0
8;84;1100;0
9;84;1100;0
10;84;1100;0
11;84;1100;0
12;84;1100;0
13;84;1100;0
14;84;1100;0
15;84;1100;0
16;84;1100;0
17;84;1100;0
18;84;1100;0
19;84;1100;0
20;84;1100;0
21;84;1100;0
22;84;1100;0
23;84;1100;0
24;84;1100;0
25;84;1100;0
26;84;1100;0
27;84;1100;0
28;84;1100;333
29;84;1100;333
30;84;1100;333
31;84;1100;333
32;84;1100;333
33;84;1100;333
34;84;1100;333
35;84;1100;333
36;84;1101;0
36;84;498;333
36;84;498;333
38;84;498;333
38;84;2937;333
39;84;3101;333
40;84;1197;333
42;84;2038;333
43;84;915;333
44;84;2937;333
46;84;2937;333
47;84;2937;333
49;84;1101;0
52;84;1792;333
57;84;1782;333
60;84;1783;333
69;84;2745;333;descriptionEn=Page 17.  The guardians are intriguing.  What form of magic do they have to enchant statues such?
71;84;1102;333
71;84;1123;333
72;84;613;333
73;84;599;333
74;84;1273;333
95;84;535;333
96;84;1179;333
0;85;1101;0
1;85;877;333
2;85;877;333
3;85;877;333
4;85;1126;333
4;85;877;333
5;85;877;333
6;85;877;333
7;85;877;333
8;85;877;333
9;85;1126;333
9;85;877;333
10;85;877;333
11;85;877;333
12;85;877;333
13;85;877;333
14;85;1126;333
14;85;877;333
15;85;877;333
16;85;877;333
17;85;2905;333
19;85;1126;333
20;85;877;333
21;85;877;333
22;85;877;333
23;85;877;333
24;85;1126;333
24;85;877;333
25;85;877;333
27;85;440;333;descriptionEn=Make all orcs suffer!;descriptionDe=Lasse alle Orks leiden!
29;85;1126;333
31;85;2905;333
33;85;877;333
34;85;877;333
35;85;878;333
36;85;1101;0
37;85;498;333
38;85;498;333
40;85;2937;333
42;85;2937;333
42;85;3101;333
44;85;2038;333
46;85;3101;333
47;85;2937;333
47;85;274;333
49;85;1101;0
49;85;3292;333
50;85;1197;333
52;85;1795;333
53;85;1031;333
54;85;1032;333
55;85;1031;333
56;85;1030;333
57;85;1036;333
58;85;274;333
64;85;524;333
64;85;164;333
66;85;524;333
66;85;58;677
71;85;1102;333
72;85;613;333
73;85;287;333
73;85;596;333
74;85;1029;333
75;85;1031;333
76;85;1030;333
77;85;1031;333
95;85;1783;333
96;85;1178;333
0;86;1101;0
7;86;440;333;descriptionEn=Strike first and strike hard!;descriptionDe=Schlage zuerst und Schlage hart!
16;86;878;333
35;86;878;333
36;86;1101;0
37;86;498;333
39;86;2038;333
41;86;2937;333
42;86;3101;333
43;86;2937;333
45;86;1197;333
47;86;498;333
48;86;877;333
49;86;2925;333;descriptionEn=Fallen Foes;descriptionDe=Gefallene Feinde
51;86;274;333
54;86;274;333
59;86;1178;333
63;86;1783;333
66;86;126;333
67;86;52;333
68;86;2039;333
71;86;3291;333
71;86;627;333
72;86;287;333
73;86;596;333
94;86;163;333
96;86;1783;333
97;86;274;333
98;86;1783;333
98;86;163;333
99;86;3098;333
0;87;1101;0
14;87;442;333;descriptionEn=Never underestimate your opponent.;descriptionDe=Unterschätze nie deinen Feind.
16;87;878;333
35;87;878;333
36;87;1101;0
38;87;498;333
39;87;498;333
40;87;3101;333
41;87;2039;333
42;87;274;333
43;87;2937;333
45;87;498;333
47;87;877;333
52;87;1790;333
54;87;1783;333
64;87;160;333
65;87;163;333
66;87;158;333
67;87;1790;333
71;87;3099;333
72;87;287;333
73;87;596;333
74;87;287;333
93;87;3098;333
96;87;163;333
99;87;3098;333
0;88;1101;0
16;88;878;333
26;88;877;333
27;88;877;333
28;88;877;333
29;88;877;333
30;88;877;333
33;88;442;333;descriptionEn=Revenge shall be ours!;descriptionDe=Die Rache sei unsere!
35;88;878;333
36;88;1101;0
39;88;3101;333
40;88;2937;333
42;88;498;333
43;88;2937;333
45;88;3101;333
46;88;877;333
47;88;2925;333;descriptionEn=Refuse Pit;descriptionDe=Abfallgrube
50;88;1178;333
58;88;1783;333
64;88;162;333
65;88;160;333
65;88;1783;333
66;88;162;333
67;88;159;333
68;88;1783;333
71;88;3098;333
72;88;3100;333
74;88;287;333
81;88;1196;333
96;88;1182;333
97;88;1783;333
98;88;1783;333
0;89;1101;0
4;89;878;333
11;89;878;333
16;89;878;333
20;89;441;333;descriptionEn=Strike fear in their hearts!;descriptionDe=Fülle ihre Herzen mit Angst!
21;89;878;333
28;89;878;333
35;89;878;333
36;89;1101;0
39;89;2937;333
41;89;2937;333
43;89;2039;333
44;89;915;333
45;89;877;333
49;89;3101;333
58;89;1000;333
63;89;2039;333
65;89;2937;333
65;89;161;333
67;89;1179;333
68;89;161;333
70;89;3097;333
71;89;3100;333
72;89;287;333
73;89;287;333
74;89;287;333
75;89;599;333
79;89;163;333
93;89;163;333
95;89;1783;333
96;89;1178;333
97;89;274;333
99;89;1783;333
0;90;1101;0
4;90;878;333
11;90;878;333
21;90;878;333
22;90;877;333
23;90;877;333
28;90;878;333
35;90;878;333
36;90;1101;0
39;90;498;333
40;90;498;333
41;90;2937;333
41;90;498;333
42;90;498;333
43;90;274;333
44;90;877;333
57;90;3101;333
58;90;1006;333
59;90;1783;333
63;90;1783;333
64;90;1790;333
65;90;160;333
66;90;159;333
67;90;158;333
68;90;1790;333
68;90;2038;333
70;90;3271;333
70;90;274;333
71;90;630;333
72;90;287;333
73;90;287;333
74;90;287;333
75;90;599;333
77;90;1783;333
78;90;1783;333
80;90;915;333
82;90;535;333
84;90;535;333
91;90;1783;333
92;90;1783;333
93;90;535;333
94;90;1783;333
95;90;1783;333
97;90;1180;333
99;90;274;333
0;91;1101;0
4;91;877;333
5;91;877;333
6;91;877;333
7;91;877;333
8;91;877;333
11;91;878;333
23;91;878;333
28;91;878;333
35;91;878;333
36;91;1101;0
37;91;498;333
38;91;498;333
39;91;498;333
40;91;498;333
41;91;498;333
43;91;877;333
46;91;3101;333
58;91;1004;333
65;91;1783;333
68;91;1783;333
73;91;287;333
76;91;1179;333
81;91;535;333
82;91;1179;333
83;91;1783;333
89;91;535;333
90;91;535;333
90;91;163;333
93;91;1783;333
95;91;274;333
96;91;1783;333
97;91;1178;333
98;91;1783;333
0;92;1101;0
7;92;443;333;descriptionEn=Only good orc is a dead orc!;descriptionDe=Nur ein toter Ork ist ein guter Ork!
8;92;878;333
11;92;878;333
23;92;878;333
28;92;878;333
32;92;877;333
33;92;877;333
34;92;877;333
35;92;877;333
36;92;1101;0
37;92;498;333
37;92;498;333
38;92;498;333
39;92;498;333
42;92;877;333
48;92;3101;333
72;92;287;333
73;92;287;333
77;92;163;333
81;92;1178;333
82;92;274;333
83;92;1783;333
84;92;3097;333
85;92;3097;333
89;92;1783;333
91;92;1179;333
92;92;535;333
94;92;1196;333
95;92;163;333
99;92;628;333
0;93;1101;0
8;93;878;333
11;93;878;333
12;93;877;333
13;93;877;333
14;93;877;333
15;93;877;333
16;93;877;333
17;93;877;333
18;93;877;333
19;93;877;333
20;93;877;333
21;93;877;333
22;93;877;333
23;93;878;333
28;93;878;333
32;93;718;333
33;93;701;333
33;93;701;333
34;93;719;333
36;93;1101;0
41;93;877;333
72;93;287;333
76;93;1783;333
78;93;1783;333
79;93;163;333
82;93;1783;333
84;93;3097;333
87;93;274;333
89;93;163;333
90;93;1783;333
91;93;1178;333
98;93;627;333
99;93;626;333
0;94;1101;0
8;94;878;333
9;94;877;333
10;94;877;333
11;94;1103;0
11;94;1101;0
12;94;1103;0
13;94;1103;0
14;94;1103;0
15;94;1103;0
16;94;1103;0
17;94;1103;0
18;94;1103;0
19;94;1103;0
20;94;1103;0
20;94;1126;333
21;94;1103;0
22;94;1103;0
23;94;1103;0
24;94;1103;0
25;94;1103;0
26;94;1103;0
27;94;1103;0
27;94;1101;0
28;94;1103;0
29;94;1103;0
29;94;1126;333
30;94;1108;0
31;94;1108;0
32;94;1103;0
32;94;1126;333
33;94;1103;0
33;94;268;333
34;94;1103;0
35;94;1103;0
35;94;1101;0
36;94;1103;0
37;94;1103;0
38;94;1103;0
38;94;2905;333
39;94;1103;0
40;94;1103;0
40;94;1098;0
41;94;1103;0
42;94;1103;0
43;94;1103;0
44;94;1103;333
44;94;1119;333
45;94;1103;333
46;94;1103;0
47;94;1103;0
47;94;2905;333
48;94;1103;0
49;94;1103;0
49;94;1098;0
50;94;1103;0
51;94;1103;0
52;94;1103;0
53;94;1103;0
53;94;1101;0
54;94;1103;0
55;94;1103;0
55;94;1124;0
56;94;1103;0
56;94;36;0
56;94;2039;0
57;94;1103;0
57;94;36;0
57;94;2039;0
58;94;1103;0
58;94;750;333;descriptionEn=In the picture can be seen a simple man holding a skull in one hand and a sign in the other, which reads, "North, south, east or west, which will you choose to pass the test? Do not fail for the cost is steep, however one holds the key you seek. Don't go even for they are all wrong, looking elsewhere will keep you strong. One from left or two from right, which will get the key tonight? Right is mighty and wrong is not, make a mistake and you'll find yourself lost.
59;94;1103;0
59;94;36;0
59;94;2039;0
60;94;1103;0
60;94;36;0
60;94;2039;0
61;94;1103;0
61;94;1124;0
62;94;1116;0
62;94;36;0
63;94;1103;333
63;94;613;333
64;94;1103;333
64;94;630;333
65;94;1103;333
65;94;630;333
66;94;1103;333
66;94;630;333
67;94;1103;333
67;94;630;333
68;94;1103;333
68;94;630;333
69;94;1103;333
69;94;630;333
70;94;1103;333
70;94;630;333
70;94;630;333
71;94;3290;333
71;94;287;333
72;94;287;333
73;94;599;333
74;94;1180;333
76;94;274;333
77;94;1783;333
78;94;535;333
80;94;1783;333
80;94;163;333
85;94;1246;333
86;94;914;333
90;94;274;333
91;94;1783;333
96;94;627;333
97;94;626;333
98;94;629;333
99;94;628;333
0;95;1101;0
4;95;878;333
8;95;878;333
9;95;440;333
10;95;953;333
11;95;1101;0
27;95;1101;0
35;95;1101;0
42;95;2877;0
47;95;2877;0
51;95;2832;333
53;95;1101;0
55;95;3102;0
62;95;1102;0
63;95;613;333
64;95;287;333
65;95;287;333
66;95;287;333
67;95;287;333
68;95;287;333
69;95;287;333
70;95;914;333
71;95;1196;333
74;95;1178;333
75;95;1783;333
76;95;535;333
77;95;163;333
78;95;1182;333
79;95;1783;333
80;95;163;333
85;95;1257;333
86;95;627;333
89;95;1273;333
91;95;1783;333
96;95;629;333
97;95;628;333
98;95;627;333
99;95;626;333
0;96;1101;0
4;96;878;333
8;96;878;333
9;96;1196;333
10;96;442;333
11;96;1101;0
27;96;1101;0
33;96;744;333
35;96;1101;0
53;96;1101;0
61;96;2745;333;descriptionEn=Page 13.   More skulls... they line the walls now.  The portal says it is a way out, but how can Horace and I leave now?  The others would have died for nothing.  We will master this riddle and find the answer to this crazy place.
62;96;1102;0
62;96;1123;0
63;96;613;333
64;96;287;333
65;96;287;333
66;96;287;333
67;96;599;333
68;96;627;333
69;96;626;333
70;96;914;333
71;96;1196;333
76;96;1783;333
77;96;1783;333
78;96;1178;333
79;96;1783;333
82;96;1178;333
83;96;274;333
84;96;273;333
86;96;628;333
88;96;1783;333
92;96;1181;333
94;96;627;333
95;96;626;333
96;96;627;333
97;96;626;333
98;96;629;333
99;96;628;333
0;97;1101;0
4;97;878;333
8;97;878;333
9;97;1196;333
10;97;441;333
11;97;1101;0
26;97;1123;0
27;97;1101;0
34;97;36;333
34;97;315;333
35;97;1101;0
36;97;1122;333
51;97;2878;0
53;97;1101;0
57;97;28;0
58;97;3102;0
62;97;1102;0
62;97;36;0
62;97;2038;0
63;97;613;333
64;97;287;333
65;97;287;333
66;97;287;333
67;97;599;333
68;97;629;333
69;97;628;333
70;97;914;333
71;97;1196;333
75;97;3098;333
82;97;1783;333
83;97;1181;333
84;97;163;333
86;97;1250;333
89;97;1783;333
90;97;1783;333
91;97;1783;333
92;97;1178;333
94;97;629;333
94;97;625;333
95;97;628;333
96;97;629;333
97;97;628;333
98;97;627;333
99;97;626;333
0;98;1101;0
4;98;878;333
7;98;441;333;descriptionEn=Never hesitate, never fail!;descriptionDe=Zögere nie, versage nie!
8;98;878;333
9;98;443;333
10;98;1123;333
10;98;953;333
11;98;1101;0
27;98;1101;0
30;98;464;333
35;98;1101;0
53;98;1101;0
55;98;3101;0
62;98;1102;0
62;98;36;0
62;98;2038;0
63;98;613;333
64;98;287;333
65;98;287;333
66;98;287;333
67;98;599;333
68;98;627;333
69;98;626;333
70;98;914;333
71;98;1196;333
74;98;3100;333
75;98;3099;333
82;98;163;333
84;98;1783;333
86;98;1783;333
88;98;1179;333
94;98;627;333
95;98;626;333
96;98;627;333
96;98;629;333
97;98;626;333
98;98;629;333
99;98;628;333
0;99;1101;0
1;99;877;333
2;99;877;333
3;99;877;333
4;99;877;333
8;99;877;333
9;99;877;333
10;99;877;333
11;99;1101;0
11;99;877;333
27;99;1101;0
33;99;744;333
35;99;1101;0
38;99;2876;0
46;99;212;0
52;99;1099;0
53;99;1101;0
59;99;3101;0
62;99;1102;0
62;99;36;0
62;99;2038;0
63;99;613;333
64;99;287;333
65;99;287;333
66;99;287;333
67;99;599;333
68;99;629;333
69;99;628;333
70;99;914;333
71;99;1196;333
77;99;274;333
78;99;1197;333
81;99;1783;333
82;99;163;333
83;99;1783;333
84;99;163;333
85;99;1783;333
89;99;1783;333
92;99;627;333
93;99;626;333
94;99;629;333
95;99;628;333
96;99;629;333
97;99;628;333
98;99;627;333
99;99;626;333
0;100;1101;0
3;100;3278;333
9;100;3278;333
11;100;1101;0
18;100;3293;333
23;100;3293;333
27;100;1101;0
30;100;464;333
35;100;1101;0
41;100;2745;333;descriptionEn=Page 16.  Theresa would have loved the library.  So many books here.  I may see if Horace will stay a few days to explore them.
42;100;3293;333
45;100;213;0
46;100;2885;0
46;100;400;0
47;100;215;0
53;100;1101;0
55;100;2937;0
62;100;1102;0
62;100;36;0
62;100;2038;0
63;100;613;333
64;100;287;333
65;100;287;333
66;100;287;333
67;100;599;333
68;100;627;333
69;100;626;333
70;100;914;333
71;100;1196;333
75;100;1783;333
76;100;163;333
81;100;1783;333
82;100;1178;333
83;100;1182;333
92;100;629;333
93;100;628;333
94;100;627;333
95;100;626;333
96;100;627;333
97;100;626;333
98;100;629;333
99;100;628;333
0;101;1101;0
11;101;1101;0
27;101;1101;0
34;101;1125;333
35;101;1101;0
46;101;214;0
51;101;2878;0
52;101;2906;333
53;101;1101;0
60;101;3102;0
62;101;1102;0
62;101;36;0
62;101;2038;0
63;101;613;333
64;101;287;333
65;101;287;333
66;101;287;333
67;101;599;333
68;101;629;333
69;101;628;333
70;101;914;333
71;101;1196;333
73;101;1783;333
75;101;1783;333
76;101;1783;333
77;101;163;333
92;101;627;333
93;101;626;333
94;101;629;333
95;101;628;333
96;101;629;333
97;101;628;333
98;101;598;333
98;101;287;333
99;101;598;333
0;102;1101;0
10;102;1123;333
11;102;1101;0
27;102;1101;0
30;102;464;333
35;102;1110;0
38;102;2876;0
51;102;2878;0
53;102;1101;0
59;102;3084;333;descriptionEn=Exit here if you dare.;descriptionDe=Ausgang hier, so du es wagst.
62;102;1102;0
62;102;1123;0
63;102;613;333
64;102;287;333
65;102;287;333
66;102;287;333
67;102;599;333
68;102;627;333
69;102;626;333
70;102;914;333
71;102;1196;333
74;102;1783;333
75;102;1179;333
76;102;1178;333
90;102;627;333
91;102;626;333
92;102;629;333
93;102;628;333
94;102;598;333
95;102;598;333
96;102;598;333
97;102;598;333
98;102;287;333
99;102;287;333
0;103;1101;0
11;103;1110;0
12;103;606;333
13;103;603;333
14;103;603;333
15;103;603;333
16;103;609;333
27;103;1101;0
35;103;1110;0
42;103;212;0
46;103;3293;333
53;103;1101;0
61;103;796;333
62;103;1102;0
63;103;613;333
64;103;287;333
65;103;287;333
66;103;287;333
67;103;599;333
68;103;629;333
69;103;628;333
70;103;914;333
71;103;1196;333
74;103;1178;333
75;103;163;333
87;103;628;333
90;103;629;333
91;103;628;333
92;103;627;333
93;103;626;333
94;103;287;333
95;103;287;333
96;103;287;333
97;103;287;333
98;103;287;333
99;103;287;333
0;104;1101;0
11;104;1110;0
12;104;606;333
13;104;603;333
14;104;603;333
15;104;609;333
16;104;609;333
18;104;3293;333
23;104;3293;333
27;104;1101;0
30;104;464;333
34;104;1125;333
35;104;1101;0
41;104;213;0
42;104;2885;0
42;104;400;0
43;104;215;0
52;104;1099;0
53;104;1101;0
62;104;1102;0
63;104;613;333
64;104;287;333
65;104;287;333
66;104;287;333
67;104;599;333
68;104;627;333
69;104;626;333
70;104;914;333
71;104;1196;333
82;104;627;333
88;104;627;333
89;104;626;333
90;104;627;333
91;104;626;333
92;104;629;333
93;104;628;333
94;104;287;333
95;104;287;333
96;104;287;333
97;104;287;333
98;104;287;333
99;104;287;333
0;105;1101;0
10;105;1123;333
11;105;1101;0
15;105;609;333
16;105;609;333
26;105;1123;0
27;105;1101;0
33;105;744;333
35;105;1101;0
36;105;1122;0
38;105;2876;0
42;105;214;0
53;105;1101;0
53;105;1100;0
54;105;1100;0
55;105;1100;0
56;105;1109;0
57;105;1109;0
58;105;1100;0
59;105;1100;0
60;105;1100;0
61;105;1100;0
62;105;1102;0
62;105;1100;0
63;105;613;333
64;105;287;333
65;105;287;333
66;105;287;333
67;105;599;333
68;105;629;333
69;105;628;333
70;105;914;333
71;105;1196;333
86;105;627;333
87;105;626;333
88;105;629;333
89;105;628;333
89;105;628;333
90;105;629;333
91;105;628;333
92;105;598;333
93;105;598;333
94;105;287;333
95;105;287;333
96;105;287;333
97;105;287;333
98;105;287;333
99;105;287;333
0;106;1101;0
11;106;1101;0
15;106;609;333
16;106;609;333
27;106;1101;0
34;106;36;333
35;106;1101;0
38;106;2876;0
45;106;212;0
51;106;2878;0
53;106;1101;0
54;106;1124;333
59;106;1124;333
60;106;2905;333
62;106;1102;0
63;106;613;333
64;106;287;333
65;106;287;333
66;106;287;333
67;106;599;333
68;106;627;333
69;106;626;333
70;106;914;333
71;106;1196;333
72;106;1196;333
73;106;1196;333
74;106;1196;333
77;106;29;333
80;106;627;333
81;106;626;333
82;106;627;333
83;106;626;333
84;106;627;333
85;106;626;333
86;106;629;333
87;106;628;333
88;106;627;333
89;106;626;333
90;106;627;333
91;106;626;333
92;106;287;333
93;106;287;333
94;106;287;333
95;106;287;333
96;106;287;333
97;106;287;333
98;106;287;333
99;106;287;333
0;107;1101;0
10;107;2908;333
11;107;1101;0
15;107;609;333
16;107;609;333
27;107;1101;0
35;107;1101;0
42;107;3293;333
44;107;213;0
45;107;2885;0
45;107;400;0
46;107;215;0
53;107;1101;0
62;107;1102;0
63;107;613;333
64;107;287;333
65;107;287;333
66;107;287;333
67;107;599;333
68;107;629;333
69;107;628;333
70;107;914;333
71;107;914;333
72;107;914;333
73;107;1196;333
74;107;1196;333
74;107;1196;333
74;107;1196;333
80;107;629;333
81;107;628;333
82;107;629;333
83;107;628;333
84;107;629;333
85;107;628;333
86;107;627;333
87;107;626;333
88;107;629;333
89;107;628;333
90;107;629;333
91;107;628;333
92;107;287;333
93;107;287;333
94;107;287;333
95;107;287;333
96;107;287;333
97;107;287;333
98;107;287;333
99;107;287;333
0;108;1101;0
7;108;212;333
11;108;1101;0
15;108;609;333
16;108;609;333
18;108;3293;333
23;108;3293;333
27;108;1101;333
35;108;1101;0
45;108;214;0
50;108;1100;0
51;108;1100;0
52;108;1100;0
53;108;1101;0
53;108;3292;0
62;108;1102;0
63;108;613;333
64;108;287;333
65;108;287;333
66;108;287;333
67;108;287;333
67;108;287;333
67;108;287;333
68;108;599;333
69;108;627;333
70;108;626;333
71;108;627;333
72;108;626;333
73;108;914;333
74;108;1196;333
74;108;1196;333
75;108;1196;333
78;108;627;333
79;108;626;333
80;108;627;333
81;108;626;333
82;108;627;333
83;108;626;333
84;108;627;333
85;108;626;333
86;108;629;333
87;108;628;333
88;108;627;333
89;108;626;333
90;108;598;333
91;108;598;333
92;108;287;333
93;108;287;333
94;108;287;333
95;108;287;333
96;108;287;333
97;108;287;333
98;108;287;333
99;108;287;333
0;109;1101;0
6;109;213;333
7;109;664;333
7;109;2855;333
8;109;215;333
10;109;1123;333
11;109;1101;0
15;109;609;333
16;109;609;333
27;109;1103;333
27;109;1101;333
28;109;1103;333
29;109;1103;333
30;109;1103;333
30;109;36;333
30;109;2719;333
31;109;1103;333
31;109;1126;333
32;109;1108;333
33;109;1103;333
33;109;3102;333
34;109;1103;333
34;109;36;333
34;109;52;333
35;109;1101;0
38;109;2876;0
50;109;1101;0
51;109;3261;333
51;109;1124;333
55;109;320;333
60;109;320;333
60;109;2656;766
62;109;1102;0
63;109;613;333
64;109;287;333
65;109;287;333
66;109;287;333
67;109;287;333
67;109;287;333
68;109;599;333
69;109;629;333
70;109;628;333
71;109;629;333
72;109;627;333
72;109;628;333
73;109;626;333
74;109;914;333
75;109;914;333
76;109;627;333
77;109;626;333
78;109;629;333
79;109;628;333
80;109;629;333
81;109;628;333
82;109;629;333
83;109;628;333
84;109;629;333
85;109;628;333
86;109;627;333
87;109;626;333
88;109;629;333
89;109;628;333
90;109;287;333
91;109;287;333
92;109;287;333
93;109;287;333
94;109;287;333
95;109;287;333
96;109;287;333
97;109;287;333
98;109;287;333
99;109;287;333
0;110;1101;0
7;110;214;333
10;110;665;333
10;110;2923;333
11;110;1101;0
15;110;609;333
16;110;609;333
27;110;1101;333
34;110;60;333
34;110;372;333
35;110;1101;0
48;110;1100;0
49;110;1100;0
50;110;1101;0
50;110;3292;0
54;110;213;333
55;110;320;333
55;110;1051;755
60;110;320;333
60;110;2705;955
61;110;215;333
62;110;1102;0
62;110;2906;333
63;110;613;333
64;110;287;333
65;110;287;333
66;110;287;333
67;110;287;333
68;110;287;333
69;110;598;333
70;110;598;333
71;110;598;333
72;110;629;333
73;110;628;333
74;110;627;333
75;110;626;333
76;110;629;333
77;110;628;333
78;110;627;333
79;110;626;333
80;110;627;333
81;110;626;333
82;110;627;333
83;110;626;333
84;110;627;333
85;110;626;333
86;110;629;333
87;110;628;333
88;110;598;333
89;110;598;333
90;110;287;333
91;110;287;333
92;110;287;333
93;110;287;333
94;110;287;333
95;110;287;333
96;110;287;333
97;110;287;333
98;110;287;333
99;110;287;333
0;111;1101;0
10;111;665;333
10;111;49;333
11;111;1101;0
15;111;609;333
16;111;609;333
27;111;1101;0
29;111;3102;333
31;111;3102;333
34;111;60;333
34;111;1915;333;descriptionEn=The dark picture shows orcs being slaughtered and blood all around. Drow are bathed in blood and celebrating a victory by holding their weapons over their heads and calling out to the bright moon above. 	
34;111;372;333
35;111;1101;0
48;111;1101;0
55;111;320;333
60;111;320;333
60;111;2672;666
62;111;1102;0
63;111;613;333
64;111;287;333
65;111;287;333
66;111;287;333
66;111;287;333
66;111;287;333
66;111;287;333
67;111;287;333
67;111;287;333
68;111;287;333
68;111;287;333
69;111;287;333
69;111;287;333
70;111;287;333
70;111;287;333
71;111;598;333
72;111;598;333
73;111;598;333
74;111;629;333
75;111;628;333
76;111;598;333
77;111;598;333
78;111;629;333
79;111;628;333
80;111;629;333
81;111;628;333
82;111;629;333
83;111;628;333
84;111;629;333
85;111;628;333
86;111;598;333
86;111;287;333
87;111;598;333
87;111;287;333
88;111;287;333
89;111;287;333
90;111;287;333
91;111;287;333
92;111;287;333
93;111;287;333
94;111;287;333
95;111;287;333
96;111;287;333
97;111;287;333
98;111;287;333
99;111;287;333
0;112;1101;0
10;112;665;333
10;112;1154;333
11;112;1101;0
15;112;609;333
16;112;609;333
27;112;1101;0
32;112;3102;333
34;112;60;333
34;112;372;333
35;112;1101;0
46;112;1100;0
47;112;1100;0
48;112;1101;0
48;112;3292;0
53;112;320;333
53;112;2439;555
54;112;320;333
54;112;2284;966
55;112;320;333
55;112;207;688
60;112;320;333
60;112;2626;788
61;112;3266;333
61;112;320;333
61;112;2704;799
62;112;1102;0
63;112;613;333
64;112;287;333
65;112;287;333
66;112;287;333
66;112;287;333
67;112;287;333
68;112;287;333
69;112;287;333
70;112;287;333
71;112;287;333
72;112;287;333
73;112;287;333
74;112;598;333
75;112;598;333
76;112;287;333
77;112;287;333
78;112;287;333
79;112;598;333
80;112;596;333
80;112;598;333
81;112;598;333
82;112;598;333
83;112;598;333
84;112;598;333
85;112;598;333
86;112;287;333
87;112;287;333
88;112;287;333
89;112;287;333
90;112;287;333
91;112;287;333
92;112;287;333
93;112;287;333
94;112;287;333
95;112;287;333
96;112;287;333
97;112;287;333
98;112;287;333
99;112;287;333
0;113;1101;0
5;113;212;333
10;113;665;333
10;113;2647;755
11;113;1101;0
15;113;609;333
16;113;609;333
26;113;1123;0
27;113;1101;0
30;113;3102;333
35;113;1101;0
36;113;1122;0
46;113;1101;0
49;113;1161;333
61;113;3293;333
62;113;1102;0
62;113;1100;0
63;113;613;333
64;113;287;333
65;113;287;333
66;113;287;333
66;113;287;333
67;113;287;333
68;113;287;333
69;113;287;333
70;113;287;333
71;113;287;333
72;113;287;333
73;113;287;333
73;113;287;333
74;113;287;333
75;113;287;333
76;113;287;333
77;113;287;333
78;113;287;333
79;113;287;333
80;113;287;333
81;113;287;333
82;113;287;333
83;113;287;333
84;113;287;333
85;113;287;333
86;113;287;333
87;113;287;333
88;113;287;333
89;113;287;333
90;113;287;333
91;113;287;333
92;113;287;333
93;113;287;333
94;113;287;333
95;113;287;333
96;113;287;333
97;113;287;333
98;113;287;333
99;113;287;333
0;114;1101;333
4;114;213;333
5;114;664;333
5;114;2745;333;descriptionEn=Page 15.  After a fierce battle, we fell onto the food, eating as if we had not fed in days at last slaking our hunger.    I feel funny now.  I wonder if I ate too much or something strange was used in the making of the items.
6;114;215;333
10;114;665;333
10;114;163;333
11;114;1101;0
15;114;612;333
16;114;612;333
27;114;1101;0
35;114;1101;0
39;114;1121;0
42;114;1121;0
44;114;1100;0
45;114;1100;0
46;114;1101;0
46;114;3292;0
49;114;1161;333
53;114;2745;333;descriptionEn=Page 14.  This must be their training room.  Horace and I have been fighting them for days now.  They are very strong.
61;114;1102;333
62;114;287;333
63;114;287;333
64;114;287;333
65;114;287;333
66;114;287;333
67;114;287;333
68;114;622;333
68;114;287;333
69;114;622;333
69;114;287;333
69;114;287;333
69;114;287;333
70;114;287;333
71;114;287;333
72;114;287;333
73;114;287;333
74;114;287;333
75;114;287;333
76;114;287;333
77;114;287;333
78;114;287;333
79;114;287;333
80;114;287;333
81;114;287;333
82;114;287;333
83;114;287;333
84;114;287;333
85;114;287;333
86;114;287;333
87;114;287;333
88;114;287;333
89;114;287;333
90;114;287;333
91;114;287;333
92;114;287;333
93;114;287;333
94;114;287;333
95;114;287;333
96;114;287;333
96;114;287;333
97;114;287;333
98;114;287;333
99;114;287;333
0;115;1101;0
5;115;214;333
10;115;1125;333
11;115;1101;0
11;115;1100;0
12;115;1100;0
13;115;1100;0
14;115;1100;0
15;115;1109;333
16;115;1109;333
17;115;1100;0
18;115;1100;0
18;115;1100;0
19;115;1100;0
20;115;1100;0
21;115;1100;0
22;115;1100;0
23;115;1100;0
24;115;1100;0
25;115;1100;0
26;115;1100;0
27;115;1100;0
27;115;1101;0
28;115;1100;0
29;115;1100;0
30;115;1100;0
31;115;1100;0
32;115;1100;0
33;115;1100;0
34;115;1100;0
35;115;1100;0
35;115;1101;0
36;115;1100;0
37;115;1100;0
38;115;1100;0
39;115;1100;0
40;115;1100;0
41;115;1100;0
42;115;1100;0
43;115;1100;0
44;115;1101;0
44;115;3261;333
49;115;1161;333
60;115;2926;333;descriptionDe=Akaltuts Unterschlupf, nur würdige Verbündete der Wächter mögen passieren. ;descriptionEn=Akaltut's Lair, only worthy allies of the Guardians may pass.
61;115;629;333
62;115;630;333
63;115;622;333
64;115;622;333
65;115;622;333
66;115;622;333
67;115;622;333
68;115;629;333
69;115;630;333
70;115;630;333
71;115;287;333
72;115;287;333
73;115;287;333
74;115;287;333
75;115;287;333
76;115;287;333
77;115;287;333
78;115;287;333
79;115;287;333
80;115;287;333
81;115;287;333
82;115;287;333
83;115;287;333
84;115;287;333
85;115;287;333
86;115;287;333
87;115;287;333
88;115;287;333
89;115;287;333
90;115;287;333
91;115;287;333
92;115;287;333
93;115;287;333
94;115;287;333
95;115;287;333
96;115;287;333
97;115;287;333
98;115;287;333
99;115;287;333
0;116;1101;0
11;116;1101;333
14;116;1124;0
17;116;1124;0
20;116;320;333
20;116;2360;688
21;116;3267;333
23;116;1124;333
24;116;2907;333
27;116;320;333
27;116;2403;655
29;116;1124;333
31;116;2907;333
33;116;1161;333
35;116;1124;333
37;116;320;333
37;116;2400;799
38;116;2907;333
40;116;3267;333
41;116;1124;333
42;116;320;333
42;116;2399;877
49;116;1161;333
60;116;1246;333
61;116;1246;333
62;116;629;333
68;116;629;333
69;116;629;333
70;116;629;333
71;116;622;333
72;116;622;333
73;116;622;333
74;116;622;333
75;116;622;333
76;116;630;333
77;116;287;333
78;116;287;333
79;116;287;333
80;116;287;333
81;116;287;333
82;116;287;333
83;116;287;333
84;116;287;333
85;116;287;333
86;116;287;333
87;116;287;333
88;116;287;333
89;116;287;333
90;116;287;333
91;116;287;333
92;116;287;333
93;116;287;333
94;116;287;333
95;116;287;333
96;116;287;333
97;116;287;333
98;116;287;333
99;116;287;333
0;117;1101;0
7;117;212;333
10;117;2906;333
11;117;1101;333
33;117;1161;333
49;117;1160;333
50;117;1160;333
60;117;1246;333
61;117;1246;333
65;117;3097;333
68;117;3095;333
68;117;3095;333
69;117;402;333
73;117;3099;333
75;117;2039;333
75;117;2039;333
76;117;629;333
77;117;630;333
78;117;287;333
79;117;287;333
80;117;287;333
81;117;287;333
82;117;287;333
83;117;287;333
84;117;287;333
85;117;287;333
86;117;287;333
87;117;287;333
88;117;287;333
89;117;287;333
90;117;287;333
91;117;287;333
92;117;287;333
93;117;287;333
94;117;287;333
95;117;287;333
96;117;287;333
97;117;287;333
98;117;287;333
99;117;287;333
0;118;1101;0
6;118;213;333
7;118;664;333
7;118;2855;333
8;118;215;333
11;118;1101;333
14;118;1161;333
22;118;3101;333
26;118;1;966
31;118;2862;333
33;118;1161;333
38;118;2862;333
44;118;1161;333
53;118;1161;333
60;118;1246;333
61;118;1246;333
66;118;426;333
70;118;232;333
76;118;629;333
77;118;629;333
78;118;287;333
79;118;287;333
80;118;287;333
81;118;287;333
82;118;287;333
83;118;629;333
84;118;630;333
85;118;287;333
86;118;287;333
87;118;287;333
88;118;287;333
89;118;287;333
90;118;287;333
91;118;287;333
92;118;287;333
93;118;287;333
94;118;287;333
95;118;287;333
96;118;287;333
97;118;287;333
98;118;287;333
99;118;287;333
0;119;1101;0
7;119;214;333
10;119;1125;333
11;119;1101;333
14;119;1161;333
24;119;2863;333
27;119;3101;333
35;119;2863;333
44;119;1161;333
53;119;1161;333
55;119;1100;0
55;119;1125;333
56;119;1100;0
57;119;287;333
58;119;599;333
60;119;1246;333
61;119;1246;333
72;119;3101;333
74;119;1245;333
77;119;629;333
78;119;287;333
79;119;287;333
80;119;287;333
81;119;287;333
82;119;287;333
82;119;287;333
83;119;629;333
84;119;629;333
91;119;629;333
92;119;630;333
93;119;287;333
94;119;287;333
95;119;287;333
96;119;287;333
97;119;287;333
98;119;287;333
99;119;287;333
0;120;1101;0
11;120;1101;333
14;120;1161;333
21;120;1160;333
22;120;1160;333
28;120;96;677
36;120;209;444
38;120;3101;333
44;120;1161;333
53;120;1161;333
55;120;1101;0
56;120;287;333
57;120;629;333
58;120;628;333
60;120;1246;333
61;120;1246;333
70;120;3100;333
78;120;629;333
79;120;622;333
80;120;622;333
81;120;622;333
81;120;624;333
82;120;622;333
95;120;629;333
96;120;630;333
97;120;287;333
98;120;287;333
99;120;287;333
0;121;1101;0
10;121;3277;333
11;121;1101;333
14;121;1161;333
22;121;3101;333
25;121;70;833
33;121;3101;333
39;121;1160;333
40;121;1160;333
41;121;1160;333
44;121;1161;333
53;121;1100;0
53;121;1161;333
54;121;1100;0
55;121;1101;0
56;121;287;333
57;121;630;333
58;121;628;333
60;121;1246;333
61;121;1246;333
66;121;426;333
68;121;3102;333
75;121;1246;333
87;121;628;333
96;121;629;333
0;122;1101;0
11;122;1101;333
14;122;1160;333
15;122;1160;333
16;122;1160;333
17;122;1160;333
26;122;1161;333
31;122;2863;333
34;122;17;566
44;122;1160;333
45;122;1160;333
46;122;1160;333
47;122;1160;333
53;122;1101;0
54;122;287;333
55;122;287;333
56;122;287;333
57;122;629;333
59;122;630;333
60;122;630;333
61;122;630;333
76;122;426;333
77;122;3102;333
78;122;3095;333
82;122;232;333
91;122;3100;333
0;123;1101;0
11;123;1101;333
26;123;1161;333
51;123;1100;0
51;123;1125;333
52;123;1100;0
53;123;1101;0
54;123;287;333
56;123;1174;333
57;123;1174;333
57;123;3518;333
58;123;629;333
59;123;628;333
60;123;629;333
61;123;628;333
62;123;630;333
72;123;498;333
80;123;3100;333
87;123;359;333
89;123;626;333
89;123;626;333
96;123;627;333
0;124;1101;0
11;124;1101;333
26;124;1161;333
51;124;1101;0
52;124;287;333
53;124;287;333
54;124;287;333
55;124;1174;333
55;124;3518;333
56;124;1174;333
57;124;1174;333
58;124;1174;333
58;124;3095;333
58;124;3095;333
59;124;1174;333
60;124;629;333
61;124;630;333
62;124;287;333
76;124;915;333
78;124;2937;333
84;124;359;333
99;124;359;333
0;125;1101;0
0;125;1100;0
1;125;1100;0
2;125;1100;0
3;125;1100;0
4;125;1100;0
5;125;1100;0
6;125;1100;0
7;125;1100;0
8;125;1100;0
9;125;1100;0
10;125;1100;0
11;125;1100;0
11;125;1101;333
12;125;1100;0
13;125;1100;0
14;125;1100;0
15;125;1100;0
16;125;1100;0
17;125;1100;0
18;125;1100;0
19;125;1100;0
20;125;1100;0
21;125;1100;0
22;125;1100;0
23;125;1100;0
24;125;1100;0
25;125;1100;0
26;125;1100;0
27;125;1100;0
28;125;1100;0
29;125;1100;0
30;125;1100;0
31;125;1100;0
32;125;1100;0
33;125;1100;0
34;125;1100;0
35;125;1100;0
36;125;1100;0
37;125;1100;0
38;125;1100;0
39;125;1100;0
40;125;1100;0
41;125;1100;0
42;125;1100;0
43;125;1100;0
44;125;1100;0
45;125;1100;0
46;125;1100;0
47;125;1100;0
48;125;1100;0
49;125;1100;0
50;125;1100;0
51;125;1101;0
52;125;287;333
53;125;287;333
55;125;1254;333
59;125;1174;333
60;125;1174;333
60;125;3095;333
61;125;629;333
62;125;287;333
76;125;3098;333
80;125;3097;333
92;125;628;333
43;126;287;333
44;126;287;333
45;126;287;333
46;126;287;333
47;126;287;333
48;126;287;333
49;126;287;333
50;126;287;333
51;126;287;333
52;126;287;333
61;126;629;333
62;126;630;333
63;126;287;333
64;126;287;333
65;126;287;333
66;126;287;333
67;126;287;333
81;126;1254;333
86;126;3098;333
88;126;359;333
95;126;359;333
40;127;287;333
41;127;287;333
42;127;287;333
43;127;287;333
44;127;287;333
45;127;287;333
46;127;287;333
47;127;622;333
48;127;622;333
49;127;597;333
50;127;597;333
50;127;597;333
51;127;287;333
51;127;287;333
52;127;287;333
55;127;3097;333
59;127;1246;333
62;127;629;333
63;127;622;333
64;127;622;333
65;127;622;333
66;127;630;333
67;127;287;333
78;127;220;333
92;127;3100;333
97;127;629;333
98;127;630;333
38;128;287;333
38;128;287;333
39;128;287;333
40;128;287;333
41;128;287;333
42;128;622;333
43;128;622;333
43;128;622;333
44;128;622;333
45;128;597;333
46;128;1254;333
48;128;3095;333
50;128;626;333
51;128;287;333
52;128;287;333
57;128;1158;333
62;128;1174;333
62;128;3095;333
62;128;3095;333
63;128;1174;333
63;128;3095;333
63;128;3518;333
64;128;1174;333
65;128;1254;333
66;128;629;333
67;128;287;333
68;128;287;333
69;128;287;333
70;128;287;333
71;128;287;333
82;128;3098;333
97;128;629;333
98;128;629;333
36;129;287;333
37;129;287;333
38;129;287;333
39;129;287;333
40;129;622;333
40;129;622;333
41;129;622;333
42;129;597;333
44;129;3095;333
45;129;3095;333
50;129;623;333
51;129;287;333
52;129;287;333
53;129;2038;333
53;129;2038;333
60;129;3102;333
66;129;629;333
67;129;622;333
68;129;629;333
69;129;630;333
70;129;287;333
71;129;287;333
77;129;3099;333
81;129;3101;333
88;129;2039;333
94;129;626;333
95;129;3100;333
35;130;287;333
36;130;287;333
37;130;287;333
38;130;622;333
39;130;622;333
41;130;3095;333
49;130;3093;333
50;130;623;333
51;130;287;333
52;130;287;333
53;130;3102;333
60;130;3101;333
68;130;1174;333
69;130;629;333
70;130;287;333
71;130;287;333
91;130;359;333
34;131;287;333
35;131;287;333
36;131;287;333
38;131;3095;333
42;131;2039;333
48;131;232;333
50;131;623;333
51;131;287;333
52;131;287;333
60;131;220;333
67;131;3095;333
68;131;1174;333
68;131;3518;333
69;131;629;333
70;131;630;333
71;131;287;333
81;131;426;333
86;131;1159;333
86;131;1159;333
96;131;3100;333
34;132;287;333
35;132;287;333
44;132;1254;333
50;132;3098;333
51;132;287;333
52;132;287;333
55;132;3100;333
60;132;3099;333
67;132;1246;333
68;132;1174;333
69;132;629;333
70;132;623;333
71;132;287;333
76;132;1158;333
79;132;3102;333
81;132;1245;333
81;132;1245;333
82;132;1254;333
82;132;3097;333
84;132;3099;333
93;132;359;333
98;132;628;333
33;133;287;333
34;133;287;333
51;133;287;333
52;133;287;333
55;133;1174;333
64;133;915;333
69;133;1174;333
70;133;623;333
70;133;625;333
71;133;287;333
81;133;2038;333
81;133;2038;333
82;133;3097;333
82;133;3097;333
97;133;359;333
32;134;287;333
33;134;287;333
39;134;1246;333
42;134;3101;333
50;134;2937;333
51;134;597;333
52;134;597;333
52;134;1174;333
55;134;3097;333
61;134;2039;333
62;134;3093;333
63;134;629;333
64;134;630;333
69;134;1174;333
69;134;3518;333
70;134;623;333
71;134;287;333
76;134;3101;333
81;134;915;333
32;135;287;333
33;135;287;333
41;135;3097;333
45;135;1245;333
51;135;3095;333
52;135;3095;333
53;135;3101;333
62;135;3093;333
63;135;629;333
64;135;1174;333
68;135;2937;333
70;135;623;333
71;135;287;333
82;135;498;333
88;135;627;333
31;136;287;333
32;136;287;333
38;136;2937;333
41;136;3097;333
48;136;1254;333
57;136;2937;333
63;136;3095;333
64;136;1245;333
64;136;3518;333
71;136;287;333
72;136;287;333
78;136;426;333
78;136;426;333
89;136;359;333
91;136;3098;333
97;136;627;333
31;137;287;333
32;137;287;333
45;137;3102;333
49;137;3101;333
54;137;915;333
64;137;1174;333
66;137;1254;333
67;137;1174;333
68;137;287;333
69;137;287;333
70;137;287;333
71;137;287;333
72;137;287;333
82;137;3100;333
31;138;287;333
32;138;287;333
37;138;3101;333
42;138;598;333
60;138;3098;333
68;138;629;333
69;138;630;333
70;138;287;333
71;138;287;333
72;138;287;333
84;138;3097;333
90;138;629;333
90;138;629;333
91;138;630;333
95;138;3098;333
31;139;287;333
32;139;287;333
41;139;1254;333
42;139;630;333
43;139;287;333
44;139;287;333
45;139;287;333
46;139;287;333
47;139;287;333
48;139;287;333
49;139;287;333
50;139;287;333
51;139;287;333
52;139;3102;333
63;139;232;333
66;139;3102;333
68;139;629;333
69;139;629;333
70;139;630;333
71;139;287;333
72;139;287;333
90;139;629;333
91;139;629;333
92;139;359;333
31;140;287;333
32;140;287;333
42;140;3098;333
43;140;630;333
44;140;287;333
45;140;287;333
46;140;287;333
47;140;287;333
48;140;287;333
49;140;287;333
50;140;287;333
51;140;287;333
52;140;287;333
61;140;1159;333
61;140;1159;333
68;140;1174;333
68;140;3095;333
69;140;629;333
70;140;629;333
71;140;630;333
72;140;287;333
73;140;287;333
74;140;287;333
75;140;287;333
82;140;426;333
86;140;3101;333
86;140;3101;333
31;141;287;333
32;141;287;333
38;141;1159;333
43;141;629;333
44;141;622;333
45;141;622;333
46;141;622;333
47;141;597;333
48;141;622;333
49;141;622;333
49;141;622;333
50;141;622;333
51;141;630;333
52;141;287;333
66;141;3100;333
69;141;3095;333
70;141;2038;333
71;141;629;333
72;141;629;333
73;141;630;333
74;141;287;333
75;141;287;333
88;141;2038;333
94;141;626;333
98;141;628;333
31;142;287;333
32;142;287;333
38;142;914;333
44;142;3095;333
45;142;3100;333
46;142;498;333
48;142;3095;333
50;142;629;333
51;142;630;333
52;142;287;333
52;142;287;333
52;142;287;333
52;142;287;333
53;142;287;333
63;142;426;333
71;142;1174;333
72;142;629;333
73;142;629;333
74;142;287;333
75;142;287;333
80;142;3098;333
85;142;1159;333
31;143;287;333
32;143;287;333
43;143;915;333
50;143;3093;333
50;143;3093;333
51;143;629;333
52;143;630;333
53;143;287;333
54;143;287;333
56;143;3100;333
72;143;1174;333
72;143;3095;333
73;143;623;333
74;143;287;333
75;143;287;333
31;144;287;333
32;144;287;333
47;144;3101;333
51;144;3095;333
52;144;629;333
53;144;630;333
54;144;287;333
55;144;3101;333
59;144;1246;333
70;144;796;333
72;144;404;333
73;144;623;333
74;144;287;333
75;144;287;333
95;144;359;333
31;145;287;333
32;145;287;333
44;145;3101;333
52;145;1246;333
52;145;1246;333
53;145;629;333
54;145;287;333
55;145;287;333
56;145;287;333
67;145;2937;333
67;145;2937;333
73;145;629;333
74;145;287;333
75;145;287;333
84;145;3102;333
89;145;1254;333
29;146;287;333
30;146;287;333
31;146;287;333
32;146;287;333
45;146;3097;333
50;146;3099;333
53;146;3095;333
54;146;630;333
55;146;287;333
55;146;287;333
56;146;287;333
57;146;1254;333
75;146;287;333
84;146;220;333
98;146;359;333
29;147;287;333
30;147;287;333
31;147;287;333
32;147;287;333
46;147;914;333
48;147;220;333
54;147;629;333
55;147;630;333
56;147;287;333
57;147;287;333
58;147;287;333
58;147;287;333
59;147;287;333
60;147;287;333
74;147;287;333
75;147;287;333
92;147;498;333
29;148;287;333
30;148;287;333
31;148;287;333
36;148;1246;333
54;148;232;333
55;148;622;333
56;148;622;333
57;148;597;333
58;148;2038;333
59;148;627;333
60;148;287;333
61;148;287;333
68;148;287;333
69;148;287;333
70;148;287;333
71;148;287;333
72;148;287;333
73;148;287;333
74;148;287;333
75;148;287;333
76;148;287;333
77;148;287;333
87;148;3101;333
91;148;3101;333
29;149;287;333
30;149;287;333
31;149;287;333
43;149;2039;333
47;149;3102;333
48;149;3102;333
59;149;627;333
60;149;287;333
61;149;287;333
62;149;287;333
63;149;287;333
64;149;287;333
64;149;287;333
65;149;287;333
66;149;287;333
67;149;287;333
68;149;287;333
68;149;287;333
69;149;287;333
70;149;287;333
71;149;287;333
72;149;287;333
73;149;287;333
74;149;622;333
75;149;622;333
75;149;622;333
76;149;287;333
77;149;287;333
78;149;287;333
79;149;287;333
86;149;2937;333
29;150;287;333
30;150;287;333
31;150;287;333
49;150;3100;333
59;150;287;333
60;150;287;333
61;150;622;333
61;150;622;333
62;150;622;333
62;150;622;333
63;150;622;333
64;150;622;333
65;150;622;333
66;150;597;333
67;150;597;333
68;150;622;333
69;150;622;333
70;150;597;333
71;150;597;333
72;150;622;333
73;150;597;333
75;150;3095;333
76;150;622;333
77;150;630;333
78;150;287;333
79;150;287;333
96;150;628;333
29;151;287;333
30;151;287;333
31;151;287;333
36;151;426;333
50;151;3101;333
53;151;3098;333
56;151;627;333
59;151;287;333
64;151;915;333
65;151;3095;333
68;151;3095;333
72;151;3095;333
77;151;622;333
78;151;630;333
79;151;287;333
89;151;287;333
90;151;287;333
91;151;287;333
92;151;287;333
93;151;287;333
94;151;287;333
95;151;287;333
96;151;287;333
97;151;287;333
98;151;287;333
99;151;287;333
29;152;287;333
30;152;287;333
31;152;287;333
39;152;1246;333
52;152;915;333
52;152;915;333
55;152;627;333
56;152;627;333
57;152;287;333
58;152;287;333
59;152;287;333
70;152;1246;333
75;152;426;333
75;152;426;333
78;152;622;333
79;152;630;333
84;152;2038;333
85;152;596;333
86;152;287;333
87;152;287;333
88;152;287;333
89;152;287;333
90;152;287;333
91;152;287;333
92;152;287;333
93;152;287;333
94;152;287;333
95;152;287;333
96;152;287;333
97;152;287;333
98;152;287;333
99;152;287;333
29;153;287;333
30;153;287;333
31;153;287;333
42;153;629;333
43;153;630;333
45;153;1254;333
50;153;1158;333
55;153;627;333
56;153;287;333
57;153;287;333
57;153;287;333
58;153;287;333
60;153;1245;333
66;153;3098;333
78;153;1250;333
78;153;1250;333
79;153;629;333
85;153;287;333
86;153;287;333
87;153;597;333
88;153;622;333
89;153;622;333
90;153;622;333
91;153;622;333
92;153;597;333
93;153;622;333
94;153;359;333
96;153;3099;333
97;153;597;333
98;153;622;333
99;153;622;333
29;154;287;333
30;154;287;333
37;154;3097;333
42;154;629;333
43;154;629;333
56;154;287;333
56;154;287;333
64;154;3101;333
75;154;3101;333
82;154;596;333
83;154;287;333
84;154;287;333
85;154;287;333
85;154;287;333
86;154;287;333
87;154;622;333
29;155;287;333
30;155;287;333
45;155;3100;333
48;155;915;333
50;155;3098;333
52;155;627;333
53;155;627;333
54;155;287;333
55;155;287;333
56;155;287;333
59;155;3097;333
61;155;2937;333
81;155;498;333
82;155;596;333
83;155;287;333
84;155;287;333
85;155;622;333
86;155;622;333
90;155;915;333
29;156;287;333
30;156;287;333
34;156;915;333
52;156;627;333
53;156;287;333
54;156;287;333
55;156;287;333
64;156;232;333
76;156;3100;333
81;156;3102;333
81;156;3102;333
82;156;623;333
83;156;287;333
84;156;287;333
92;156;629;333
93;156;630;333
97;156;626;333
29;157;287;333
30;157;287;333
51;157;627;333
53;157;287;333
69;157;915;333
74;157;3098;333
75;157;1251;333
76;157;3097;333
77;157;3097;333
78;157;3102;333
79;157;1245;333
80;157;3100;333
81;157;1246;333
82;157;629;333
83;157;622;333
83;157;622;333
83;157;622;333
84;157;622;333
85;157;1250;333
87;157;628;333
92;157;629;333
93;157;629;333
93;157;629;333
29;158;287;333
30;158;287;333
36;158;1254;333
37;158;3099;333
40;158;914;333
49;158;498;333
50;158;627;333
51;158;287;333
52;158;287;333
56;158;498;333
61;158;3100;333
61;158;3100;333
67;158;1159;333
73;158;629;333
74;158;630;333
74;158;630;333
75;158;3100;333
76;158;1251;333
77;158;3098;333
78;158;3097;333
78;158;3097;333
79;158;3098;333
79;158;3098;333
80;158;3099;333
81;158;1250;333
82;158;3100;333
28;159;287;333
29;159;287;333
30;159;287;333
34;159;3102;333
39;159;2937;333
42;159;3098;333
45;159;629;333
46;159;630;333
49;159;3093;333
50;159;623;333
51;159;287;333
56;159;3101;333
69;159;3100;333
73;159;629;333
74;159;629;333
74;159;629;333
77;159;1245;333
78;159;3099;333
79;159;1250;333
88;159;627;333
93;159;359;333
98;159;359;333
28;160;287;333
29;160;287;333
30;160;287;333
45;160;629;333
46;160;629;333
48;160;914;333
49;160;3093;333
50;160;623;333
51;160;287;333
57;160;3100;333
64;160;3102;333
81;160;629;333
82;160;630;333
85;160;359;333
87;160;3098;333
98;160;287;333
99;160;287;333
28;161;287;333
29;161;287;333
30;161;287;333
49;161;3093;333
50;161;623;333
51;161;287;333
55;161;1245;333
68;161;3097;333
72;161;2937;333
81;161;629;333
82;161;629;333
82;161;629;333
97;161;287;333
98;161;287;333
28;162;287;333
29;162;287;333
30;162;287;333
37;162;3098;333
37;162;3098;333
45;162;3102;333
49;162;3093;333
50;162;623;333
51;162;287;333
60;162;220;333
69;162;3102;333
72;162;915;333
73;162;1254;333
78;162;3100;333
89;162;359;333
94;162;3100;333
96;162;287;333
96;162;287;333
97;162;287;333
99;162;628;333
28;163;287;333
29;163;287;333
30;163;287;333
42;163;3100;333
48;163;3099;333
50;163;623;333
51;163;287;333
57;163;1254;333
63;163;914;333
70;163;1254;333
71;163;3099;333
72;163;3097;333
81;163;627;333
84;163;3099;333
92;163;287;333
93;163;287;333
93;163;287;333
94;163;287;333
95;163;287;333
95;163;287;333
96;163;287;333
28;164;287;333
29;164;287;333
30;164;287;333
39;164;3101;333
45;164;1246;333
50;164;623;333
50;164;625;333
51;164;287;333
56;164;3099;333
70;164;3099;333
71;164;3097;333
82;164;359;333
86;164;628;333
91;164;287;333
91;164;287;333
91;164;287;333
92;164;287;333
93;164;287;333
94;164;622;333
95;164;622;333
96;164;622;333
28;165;287;333
29;165;287;333
30;165;287;333
42;165;3097;333
49;165;2038;333
50;165;623;333
51;165;287;333
71;165;1278;333
73;165;2039;333
90;165;287;333
90;165;287;333
91;165;287;333
92;165;1254;333
93;165;622;333
28;166;287;333
29;166;287;333
30;166;287;333
36;166;1246;333
50;166;623;333
51;166;287;333
58;166;3097;333
83;166;3098;333
88;166;287;333
89;166;287;333
90;166;287;333
91;166;622;333
95;166;359;333
98;166;3097;333
28;167;287;333
29;167;287;333
30;167;287;333
43;167;3101;333
48;167;1254;333
50;167;623;333
51;167;287;333
52;167;287;333
61;167;498;333
61;167;498;333
64;167;3101;333
67;167;3100;333
68;167;1257;333
72;167;3101;333
75;167;3098;333
87;167;287;333
88;167;287;333
88;167;287;333
89;167;622;333
89;167;622;333
90;167;622;333
91;167;3099;333
28;168;287;333
29;168;287;333
30;168;287;333
49;168;914;333
50;168;623;333
51;168;287;333
52;168;287;333
53;168;598;333
54;168;287;333
66;168;1278;333
67;168;1246;333
68;168;1254;333
70;168;3102;333
84;168;627;333
86;168;287;333
87;168;287;333
87;168;287;333
88;168;622;333
92;168;3102;333
28;169;287;333
29;169;287;333
30;169;287;333
34;169;3100;333
49;169;3093;333
50;169;623;333
51;169;287;333
52;169;287;333
53;169;287;333
54;169;287;333
54;169;287;333
54;169;287;333
55;169;287;333
60;169;3100;333
60;169;3100;333
64;169;1278;333
65;169;3097;333
66;169;3100;333
67;169;1251;333
76;169;1159;333
79;169;498;333
80;169;2038;333
84;169;623;333
85;169;287;333
85;169;287;333
86;169;287;333
87;169;622;333
88;169;3097;333
89;169;498;333
97;169;627;333
28;170;287;333
29;170;287;333
30;170;287;333
40;170;1158;333
44;170;915;333
50;170;623;333
51;170;287;333
52;170;287;333
53;170;287;333
54;170;287;333
54;170;287;333
54;170;287;333
55;170;287;333
56;170;287;333
59;170;1245;333
60;170;1245;333
61;170;914;333
61;170;914;333
62;170;1257;333
63;170;1254;333
64;170;1250;333
65;170;1250;333
66;170;915;333
70;170;3097;333
79;170;914;333
82;170;3097;333
83;170;3099;333
83;170;3099;333
84;170;629;333
85;170;622;333
86;170;622;333
90;170;3097;333
95;170;359;333
28;171;287;333
29;171;287;333
30;171;287;333
50;171;623;333
51;171;287;333
52;171;287;333
53;171;287;333
54;171;287;333
54;171;287;333
54;171;287;333
55;171;287;333
55;171;287;333
56;171;287;333
56;171;287;333
57;171;287;333
57;171;287;333
58;171;1246;333
59;171;1246;333
60;171;3097;333
61;171;1251;333
62;171;3098;333
63;171;1257;333
64;171;915;333
65;171;1254;333
74;171;914;333
79;171;3098;333
83;171;1246;333
96;171;629;333
97;171;630;333
99;171;359;333
28;172;287;333
29;172;287;333
30;172;287;333
34;172;498;333
46;172;3097;333
48;172;623;333
49;172;287;333
50;172;287;333
51;172;287;333
52;172;287;333
52;172;287;333
53;172;287;333
54;172;287;333
55;172;287;333
56;172;287;333
57;172;287;333
58;172;287;333
59;172;1250;333
60;172;3097;333
63;172;3102;333
64;172;3100;333
74;172;3097;333
86;172;915;333
86;172;915;333
95;172;2039;333
96;172;629;333
97;172;629;333
28;173;287;333
29;173;287;333
30;173;287;333
38;173;3101;333
38;173;3101;333
40;173;220;333
46;173;2039;333
47;173;3093;333
48;173;623;333
49;173;287;333
50;173;287;333
51;173;287;333
51;173;287;333
52;173;287;333
52;173;287;333
53;173;287;333
54;173;287;333
55;173;287;333
56;173;287;333
57;173;622;333
57;173;622;333
58;173;622;333
67;173;1245;333
97;173;3099;333
28;174;287;333
29;174;287;333
30;174;287;333
30;174;287;333
34;174;3098;333
38;174;3102;333
42;174;3099;333
48;174;623;333
49;174;287;333
50;174;287;333
51;174;287;333
52;174;287;333
52;174;287;333
53;174;287;333
54;174;287;333
55;174;287;333
56;174;287;333
65;174;498;333
68;174;426;333
77;174;3102;333
81;174;3099;333
82;174;1276;333
83;174;3099;333
90;174;629;333
91;174;630;333
93;174;1254;333
28;175;287;333
29;175;287;333
30;175;287;333
42;175;914;333
44;175;2937;333
48;175;623;333
49;175;287;333
50;175;287;333
51;175;287;333
52;175;287;333
53;175;287;333
54;175;287;333
55;175;287;333
56;175;287;333
75;175;3100;333
79;175;3099;333
80;175;1254;333
81;175;3097;333
82;175;3099;333
85;175;2937;333
87;175;3098;333
89;175;3101;333
90;175;629;333
91;175;629;333
91;175;629;333
93;175;3097;333
28;176;287;333
29;176;287;333
30;176;287;333
39;176;1246;333
46;176;1246;333
48;176;623;333
49;176;287;333
50;176;287;333
51;176;287;333
52;176;287;333
53;176;287;333
54;176;287;333
55;176;287;333
56;176;287;333
56;176;287;333
57;176;287;333
58;176;287;333
78;176;1250;333
79;176;1257;333
98;176;359;333
28;177;287;333
29;177;287;333
30;177;287;333
45;177;3101;333
46;177;3093;333
47;177;623;333
48;177;287;333
49;177;287;333
50;177;287;333
51;177;287;333
52;177;287;333
53;177;287;333
54;177;287;333
55;177;287;333
56;177;287;333
56;177;287;333
57;177;287;333
58;177;287;333
59;177;287;333
78;177;1250;333
79;177;1250;333
87;177;3102;333
90;177;915;333
90;177;915;333
92;177;426;333
28;178;287;333
29;178;287;333
30;178;287;333
31;178;287;333
40;178;629;333
41;178;630;333
47;178;623;333
48;178;287;333
49;178;287;333
50;178;287;333
51;178;287;333
52;178;287;333
53;178;287;333
54;178;287;333
55;178;287;333
56;178;287;333
56;178;287;333
57;178;287;333
58;178;287;333
59;178;287;333
60;178;287;333
61;178;287;333
62;178;287;333
63;178;287;333
64;178;287;333
65;178;287;333
77;178;1257;333
78;178;1250;333
79;178;1250;333
83;178;1245;333
83;178;1245;333
28;179;287;333
29;179;287;333
30;179;287;333
31;179;287;333
40;179;629;333
41;179;629;333
45;179;915;333
47;179;623;333
48;179;287;333
49;179;287;333
50;179;287;333
51;179;287;333
52;179;287;333
53;179;287;333
54;179;287;333
55;179;287;333
56;179;287;333
56;179;287;333
57;179;287;333
58;179;287;333
59;179;287;333
60;179;287;333
61;179;287;333
62;179;287;333
63;179;287;333
64;179;287;333
65;179;287;333
66;179;287;333
67;179;287;333
68;179;287;333
69;179;287;333
70;179;287;333
77;179;1250;333
78;179;1250;333
91;179;3098;333
95;179;1246;333
98;179;3093;333
99;179;629;333
28;180;287;333
29;180;287;333
30;180;287;333
31;180;287;333
32;180;287;333
37;180;914;333
39;180;3100;333
41;180;426;333
43;180;3099;333
46;180;3093;333
46;180;3093;333
47;180;623;333
48;180;287;333
49;180;287;333
50;180;287;333
51;180;287;333
52;180;287;333
53;180;287;333
54;180;287;333
55;180;287;333
56;180;287;333
56;180;287;333
56;180;287;333
57;180;287;333
57;180;287;333
58;180;287;333
58;180;287;333
59;180;287;333
59;180;287;333
60;180;287;333
60;180;287;333
61;180;287;333
61;180;287;333
62;180;287;333
62;180;287;333
63;180;287;333
63;180;287;333
64;180;287;333
64;180;287;333
65;180;287;333
65;180;287;333
66;180;287;333
66;180;287;333
67;180;287;333
67;180;287;333
68;180;287;333
68;180;287;333
69;180;287;333
69;180;287;333
70;180;287;333
70;180;287;333
71;180;287;333
72;180;287;333
73;180;287;333
74;180;287;333
75;180;287;333
76;180;287;333
77;180;1257;333
78;180;1257;333
86;180;3098;333
96;180;3098;333
28;181;287;333
29;181;287;333
30;181;287;333
31;181;287;333
32;181;287;333
46;181;3093;333
47;181;623;333
48;181;287;333
49;181;287;333
50;181;287;333
51;181;287;333
52;181;287;333
53;181;287;333
54;181;287;333
55;181;287;333
56;181;287;333
56;181;287;333
57;181;287;333
58;181;287;333
59;181;287;333
60;181;287;333
61;181;287;333
62;181;287;333
63;181;287;333
64;181;287;333
65;181;287;333
66;181;287;333
67;181;287;333
68;181;287;333
69;181;287;333
70;181;287;333
71;181;287;333
72;181;287;333
73;181;287;333
74;181;287;333
75;181;287;333
76;181;287;333
81;181;3099;333
88;181;1159;333
28;182;287;333
29;182;287;333
30;182;287;333
31;182;287;333
32;182;287;333
33;182;287;333
42;182;3101;333
47;182;623;333
48;182;287;333
49;182;287;333
50;182;287;333
51;182;287;333
52;182;287;333
53;182;287;333
54;182;287;333
55;182;287;333
56;182;287;333
56;182;287;333
57;182;287;333
58;182;287;333
59;182;287;333
60;182;287;333
61;182;287;333
62;182;287;333
63;182;287;333
64;182;287;333
65;182;287;333
66;182;287;333
67;182;287;333
68;182;287;333
69;182;287;333
70;182;287;333
71;182;287;333
72;182;287;333
73;182;287;333
74;182;287;333
75;182;287;333
76;182;287;333
28;183;287;333
29;183;287;333
30;183;287;333
31;183;287;333
32;183;287;333
33;183;287;333
46;183;3098;333
47;183;623;333
48;183;287;333
49;183;287;333
50;183;287;333
51;183;287;333
52;183;287;333
53;183;287;333
54;183;287;333
55;183;287;333
56;183;287;333
56;183;287;333
57;183;287;333
58;183;287;333
59;183;287;333
60;183;287;333
61;183;287;333
62;183;287;333
63;183;287;333
64;183;287;333
65;183;287;333
66;183;287;333
67;183;287;333
68;183;287;333
69;183;287;333
70;183;287;333
71;183;287;333
72;183;287;333
73;183;287;333
74;183;287;333
75;183;287;333
76;183;287;333
81;183;1246;333
85;183;3098;333
93;183;914;333
95;183;3097;333
96;183;498;333
97;183;3101;333
99;183;359;333
28;184;287;333
29;184;287;333
30;184;287;333
31;184;287;333
32;184;287;333
33;184;287;333
46;184;2038;333
47;184;629;333
48;184;622;333
49;184;622;333
50;184;630;333
51;184;287;333
52;184;287;333
53;184;287;333
54;184;287;333
55;184;287;333
56;184;287;333
57;184;622;333
58;184;622;333
59;184;622;333
60;184;597;333
61;184;622;333
62;184;597;333
63;184;622;333
64;184;622;333
65;184;597;333
65;184;597;333
66;184;597;333
67;184;622;333
68;184;622;333
68;184;624;333
69;184;622;333
70;184;622;333
71;184;622;333
72;184;622;333
73;184;622;333
74;184;597;333
75;184;622;333
76;184;630;333
83;184;1254;333
89;184;220;333
97;184;1254;333
97;184;1254;333
28;185;287;333
29;185;287;333
30;185;287;333
31;185;287;333
32;185;287;333
33;185;287;333
48;185;1254;333
49;185;3093;333
50;185;623;333
51;185;287;333
52;185;287;333
53;185;287;333
54;185;287;333
55;185;287;333
56;185;287;333
59;185;3097;333
61;185;3095;333
64;185;3095;333
69;185;3095;333
70;185;3095;333
72;185;3098;333
75;185;3093;333
76;185;629;333
28;186;287;333
29;186;287;333
30;186;287;333
31;186;287;333
32;186;287;333
33;186;287;333
43;186;3102;333
45;186;914;333
50;186;623;333
51;186;287;333
52;186;287;333
53;186;287;333
54;186;287;333
55;186;287;333
56;186;287;333
64;186;3100;333
67;186;1246;333
73;186;1254;333
76;186;3095;333
76;186;3095;333
87;186;915;333
88;186;629;333
88;186;629;333
89;186;630;333
92;186;3097;333
97;186;3099;333
28;187;287;333
29;187;287;333
30;187;287;333
31;187;287;333
32;187;287;333
33;187;287;333
47;187;3098;333
50;187;629;333
51;187;622;333
52;187;622;333
53;187;622;333
54;187;622;333
54;187;624;333
55;187;622;333
56;187;622;333
58;187;498;333
59;187;1254;333
61;187;3101;333
62;187;3098;333
70;187;1254;333
79;187;3097;333
81;187;3102;333
88;187;629;333
89;187;629;333
91;187;1246;333
28;188;287;333
29;188;287;333
30;188;287;333
31;188;287;333
32;188;287;333
33;188;287;333
34;188;287;333
40;188;915;333
43;188;3100;333
44;188;629;333
45;188;630;333
51;188;3097;333
52;188;3095;333
52;188;3095;333
56;188;3095;333
63;188;914;333
67;188;629;333
68;188;630;333
70;188;3102;333
97;188;2038;333
28;189;287;333
29;189;287;333
30;189;287;333
31;189;287;333
32;189;287;333
33;189;287;333
34;189;287;333
44;189;629;333
44;189;629;333
45;189;629;333
46;189;3101;333
48;189;3097;333
53;189;3101;333
56;189;3098;333
56;189;3098;333
61;189;3099;333
65;189;3101;333
65;189;3101;333
67;189;629;333
68;189;629;333
73;189;3097;333
78;189;3101;333
80;189;3099;333
80;189;3099;333
91;189;3098;333
99;189;627;333
28;190;287;333
29;190;287;333
30;190;287;333
31;190;287;333
32;190;287;333
33;190;287;333
34;190;287;333
42;190;3099;333
50;190;915;333
53;190;1158;333
57;190;629;333
58;190;630;333
70;190;2039;333
70;190;2039;333
91;190;2937;333
93;190;3101;333
97;190;359;333
28;191;287;333
29;191;287;333
30;191;287;333
31;191;287;333
32;191;287;333
33;191;287;333
34;191;287;333
40;191;3101;333
51;191;426;333
57;191;629;333
58;191;629;333
75;191;3100;333
89;191;3099;333
28;192;287;333
29;192;287;333
30;192;287;333
31;192;287;333
32;192;287;333
33;192;287;333
34;192;287;333
43;192;2937;333
52;192;3099;333
55;192;3100;333
59;192;2937;333
66;192;3101;333
66;192;3101;333
68;192;1158;333
72;192;2937;333
81;192;3101;333
87;192;915;333
28;193;287;333
29;193;287;333
30;193;287;333
31;193;287;333
32;193;287;333
33;193;287;333
34;193;287;333
35;193;287;333
46;193;1254;333
49;193;3098;333
62;193;629;333
63;193;630;333
63;193;630;333
63;193;630;333
63;193;629;333
69;193;1246;333
76;193;3098;333
77;193;914;333
83;193;426;333
91;193;359;333
97;193;3097;333
28;194;287;333
29;194;287;333
30;194;287;333
31;194;287;333
32;194;287;333
33;194;287;333
34;194;287;333
35;194;287;333
62;194;629;333
63;194;629;333
65;194;915;333
67;194;3099;333
70;194;3102;333
70;194;3102;333
85;194;1254;333
87;194;3098;333
94;194;359;333
28;195;287;333
29;195;287;333
30;195;287;333
31;195;287;333
32;195;287;333
33;195;287;333
34;195;287;333
35;195;287;333
36;195;287;333
37;195;287;333
38;195;287;333
81;195;3097;333
84;195;3097;333
96;195;628;333
98;195;359;333
28;196;287;333
29;196;287;333
30;196;287;333
31;196;287;333
32;196;287;333
33;196;287;333
34;196;287;333
35;196;287;333
36;196;287;333
37;196;287;333
38;196;287;333
66;196;1254;333
91;196;3097;333
28;197;287;333
29;197;287;333
30;197;287;333
31;197;287;333
32;197;287;333
33;197;287;333
34;197;287;333
35;197;287;333
36;197;287;333
37;197;287;333
38;197;287;333
39;197;287;333
40;197;287;333
41;197;287;333
42;197;287;333
43;197;287;333
44;197;287;333
45;197;287;333
46;197;287;333
47;197;287;333
48;197;287;333
92;197;627;333
28;198;287;333
29;198;287;333
30;198;287;333
31;198;287;333
32;198;287;333
33;198;287;333
34;198;287;333
35;198;287;333
36;198;287;333
37;198;287;333
38;198;287;333
39;198;287;333
40;198;287;333
41;198;287;333
42;198;287;333
43;198;287;333
44;198;287;333
45;198;287;333
46;198;287;333
47;198;287;333
48;198;287;333
49;198;287;333
50;198;287;333
51;198;287;333
52;198;287;333
53;198;287;333
54;198;287;333
55;198;287;333
56;198;287;333
57;198;287;333
58;198;287;333
59;198;287;333
60;198;287;333
61;198;287;333
62;198;287;333
63;198;287;333
64;198;287;333
65;198;287;333
66;198;287;333
67;198;287;333
68;198;287;333
69;198;287;333
70;198;287;333
71;198;287;333
72;198;287;333
73;198;287;333
74;198;287;333
89;198;359;333
96;198;3099;333
99;198;629;333
28;199;287;333
29;199;287;333
30;199;287;333
31;199;287;333
32;199;287;333
33;199;287;333
34;199;287;333
35;199;287;333
36;199;287;333
37;199;287;333
38;199;287;333
39;199;287;333
40;199;287;333
41;199;287;333
42;199;287;333
43;199;287;333
43;199;287;333
44;199;287;333
45;199;287;333
46;199;287;333
47;199;287;333
48;199;287;333
49;199;287;333
50;199;287;333
51;199;287;333
52;199;287;333
53;199;287;333
54;199;287;333
55;199;287;333
56;199;287;333
57;199;287;333
58;199;287;333
59;199;287;333
60;199;287;333
61;199;287;333
62;199;287;333
63;199;287;333
64;199;287;333
65;199;287;333
66;199;287;333
67;199;287;333
68;199;287;333
69;199;287;333
70;199;287;333
71;199;287;333
72;199;287;333
73;199;287;333
74;199;287;333
75;199;287;333
76;199;287;333
77;199;287;333
78;199;287;333
79;199;287;333
80;199;287;333
81;199;599;333
94;199;359;333
