# Illarion Server
# 
# This program is free software: you can redistribute it and/or modify it under
# the terms of the GNU Affero General Public License as published by the Free
# Software Foundation, either version 3 of the License, or (at your option) any
# later version.
# 
# This program is distributed in the hope that it will be useful, but WITHOUT
# ANY WARRANTY; without even the implied warranty of MERCHANTABILITY or FITNESS
# FOR A PARTICULAR PURPOSE.  See the GNU Affero General Public License for more
# details.
# 
# You should have received a copy of the GNU Affero General Public License along
# with this program.  If not, see <http://www.gnu.org/licenses/>.
0;0;613;333
1;0;613;333
2;0;613;333
3;0;613;333
4;0;613;333
5;0;613;333
6;0;613;333
7;0;613;333
8;0;613;333
9;0;613;333
10;0;613;333
11;0;613;333
12;0;613;333
13;0;613;333
14;0;613;333
15;0;613;333
16;0;613;333
17;0;613;333
18;0;613;333
19;0;613;333
20;0;613;333
21;0;613;333
22;0;613;333
23;0;613;333
24;0;613;333
25;0;613;333
26;0;613;333
27;0;613;333
28;0;613;333
29;0;613;333
30;0;613;333
30;0;613;333
0;1;630;333
1;1;630;333
2;1;3097;333
2;1;622;333
3;1;622;333
3;1;622;333
3;1;622;333
3;1;622;333
3;1;622;333
4;1;622;333
5;1;622;333
5;1;624;333
6;1;622;333
7;1;622;333
8;1;622;333
8;1;622;333
9;1;622;333
10;1;622;333
11;1;622;333
12;1;622;333
13;1;622;333
14;1;622;333
15;1;622;333
16;1;622;333
17;1;622;333
18;1;622;333
19;1;622;333
20;1;622;333
20;1;622;333
21;1;622;333
21;1;622;333
22;1;622;333
22;1;622;333
23;1;622;333
24;1;622;333
25;1;622;333
26;1;622;333
27;1;622;333
28;1;627;333
28;1;622;333
29;1;629;333
29;1;622;333
29;1;623;333
30;1;613;333
0;2;630;333
1;2;3097;333
2;2;3097;333
4;2;419;333
6;2;3100;333
7;2;1266;333
7;2;735;333
8;2;878;333
9;2;1813;333
9;2;3094;333
11;2;417;333
12;2;735;333
13;2;426;333
14;2;418;333
14;2;3094;333
15;2;627;333
16;2;629;333
17;2;628;333
18;2;627;333
19;2;629;333
20;2;628;333
22;2;417;333
23;2;3098;333
24;2;877;333
25;2;877;333
26;2;877;333
27;2;877;333
28;2;626;333
29;2;628;333
29;2;623;333
30;2;613;333
0;3;630;333
1;3;3097;333
2;3;3097;333
8;3;878;333
12;3;3102;333
15;3;2039;333
16;3;426;333
17;3;425;333
18;3;629;333
19;3;628;333
20;3;3093;333
22;3;1265;333
23;3;3094;333
24;3;878;333
25;3;3093;333
26;3;425;333
28;3;414;333
28;3;914;333
29;3;623;333
30;3;613;333
0;4;630;333
0;4;630;333
1;4;3097;333
2;4;3097;333
5;4;29;333
7;4;427;333
8;4;878;333
9;4;877;333
10;4;877;333
13;4;3101;333
16;4;1265;333
17;4;426;333
18;4;419;333
19;4;2937;333
21;4;3101;333
29;4;623;333
30;4;613;333
0;5;630;333
1;5;3097;333
2;5;3097;333
7;5;915;333
8;5;878;333
9;5;2925;333;descriptionEn=Beware, advance at your own risk.  Home of the lost ones below!;descriptionDe=Vorsicht! Weitergehen auf eigene Gefahr! Die Heimstatt der Verlorenen.
26;5;878;333
29;5;623;333
30;5;613;333
0;6;630;333
0;6;630;333
1;6;3097;333
2;6;3097;333
5;6;877;333
6;6;877;333
7;6;877;333
8;6;877;333
12;6;301;333
13;6;301;333
14;6;301;333
15;6;301;333
16;6;301;333
17;6;877;333
18;6;877;333
19;6;877;333
20;6;878;333
23;6;878;333
25;6;427;333
26;6;878;333
27;6;877;333
28;6;877;333
29;6;623;333
30;6;613;333
0;7;630;333
1;7;3097;333
2;7;3097;333
6;7;425;333
12;7;301;333
13;7;425;333
15;7;1812;333
17;7;425;333
20;7;878;333
21;7;877;333
21;7;423;333
22;7;877;333
23;7;877;333
28;7;424;333
28;7;425;333
28;7;3097;333
29;7;623;333
30;7;613;333
0;8;630;333
1;8;3097;333
2;8;3097;333
5;8;1266;333
5;8;3101;333
10;8;301;333
10;8;301;333
11;8;301;333
12;8;301;333
16;8;3101;333
17;8;1265;333
21;8;423;333
22;8;3097;333
22;8;3094;333
23;8;301;333
25;8;1265;333
28;8;301;333
29;8;623;333
30;8;613;333
0;9;630;333
1;9;3097;333
2;9;3097;333
5;9;498;333
7;9;301;333
8;9;301;333
9;9;301;333
10;9;301;333
11;9;425;333
11;9;426;333
18;9;3102;333
23;9;301;333
27;9;301;333
28;9;301;333
29;9;623;333
30;9;613;333
0;10;630;333
1;10;3097;333
2;10;3097;333
7;10;301;333
9;10;726;333
11;10;3101;333
14;10;878;333
15;10;877;333
16;10;877;333
17;10;1265;333
20;10;301;333
21;10;301;333
22;10;301;333
23;10;301;333
26;10;426;333
27;10;301;333
28;10;301;333
29;10;623;333
30;10;613;333
0;11;630;333
1;11;3097;333
2;11;3097;333
3;11;301;333
4;11;3100;333
5;11;301;333
6;11;301;333
7;11;301;333
14;11;878;333
15;11;1257;333
16;11;423;333
20;11;301;333
21;11;1812;333
22;11;2039;333
23;11;3101;333
27;11;424;333
28;11;301;333
29;11;623;333
30;11;613;333
0;12;630;333
1;12;3097;333
2;12;3097;333
3;12;301;333
4;12;301;333
5;12;301;333
7;12;426;333
14;12;878;333
17;12;3101;333
20;12;301;333
22;12;426;333
23;12;1266;333
29;12;623;333
29;12;623;333
29;12;623;333
30;12;613;333
0;13;630;333
1;13;3097;333
2;13;3097;333
3;13;301;333
4;13;301;333
6;13;3101;333
9;13;301;333
10;13;301;333
11;13;301;333
12;13;301;333
13;13;877;333
14;13;877;333
15;13;1272;333
18;13;233;333
20;13;301;333
21;13;301;333
22;13;406;333
28;13;416;333
29;13;623;333
30;13;613;333
0;14;630;333
0;14;630;333
1;14;1813;333
3;14;426;333
9;14;301;333
10;14;425;333
11;14;1813;333
12;14;301;333
13;14;3098;333
14;14;411;333
21;14;301;333
22;14;301;333
23;14;301;333
24;14;301;333
25;14;301;333
29;14;623;333
30;14;613;333
0;15;630;333
5;15;301;333
6;15;301;333
7;15;301;333
8;15;301;333
9;15;301;333
11;15;992;333
12;15;301;333
18;15;878;333
20;15;1265;333
21;15;3101;333
22;15;2693;333
23;15;3101;333
24;15;1812;333
24;15;3095;333
25;15;301;333
28;15;1265;333
29;15;623;333
29;15;625;333
30;15;613;333
0;16;630;333
0;16;630;333
5;16;301;333
5;16;3094;333
9;16;3096;333
10;16;1019;333
12;16;301;333
13;16;301;333
14;16;301;333
15;16;301;333
18;16;878;333
21;16;3101;333
22;16;2937;333;descriptionEn=The body appears to have fallen after a brutal battle.;descriptionDe=Die Leiche scheint in einer brutalen Schlacht gefallen zu sein
25;16;301;333
29;16;623;333
29;16;623;333
30;16;613;333
0;17;630;333
2;17;2039;333
2;17;426;333
3;17;51;333
4;17;426;333
5;17;301;333
6;17;1034;333
6;17;1812;333
7;17;1035;333
7;17;3093;333
8;17;1036;333
9;17;1037;333
10;17;3099;333
12;17;1813;333
13;17;1272;333
13;17;425;333
14;17;3098;333
15;17;301;333
18;17;878;333
19;17;877;333
20;17;878;333
24;17;1265;333
24;17;301;333
25;17;301;333
28;17;301;333
28;17;3096;333
29;17;623;333
30;17;613;333
0;18;630;333
1;18;3097;333
4;18;24;333
5;18;3098;333
7;18;1266;333
8;18;392;333
9;18;3101;333
9;18;3096;333
10;18;992;333
10;18;3099;333
10;18;3093;333
11;18;878;333
13;18;1266;333
15;18;1266;333
15;18;301;333
19;18;424;333
20;18;878;333
21;18;301;333
22;18;301;333
23;18;301;333
24;18;301;333
29;18;623;333
30;18;613;333
0;19;630;333
0;19;630;333
3;19;498;333
4;19;726;333
8;19;2937;333;descriptionEn=Dry withered skin lays on the bones;descriptionDe=vertrocknete Hautfetzen sind an den Knochen
10;19;996;333
11;19;878;333
15;19;301;333
20;19;301;333
21;19;426;333
21;19;426;333
21;19;26;333
22;19;3099;333
22;19;3095;333
29;19;623;333
30;19;613;333
0;20;630;333
3;20;3101;333
6;20;3097;333
10;20;990;333
10;20;3094;333
11;20;878;333
19;20;426;333
20;20;301;333
26;20;301;333
29;20;623;333
30;20;613;333
0;21;630;333
5;21;3100;333
10;21;990;333
10;21;736;333
11;21;878;333
13;21;3102;333
20;21;301;333
28;21;415;333
29;21;623;333
30;21;613;333
0;22;630;333
5;22;3101;333
6;22;3100;333
10;22;3097;333
10;22;991;333
11;22;878;333
14;22;3109;333;descriptionEn=Dearest, I took refuge in a cave but am now lost in a maze... I hope I find my way to you soon...;descriptionDe=Liebling, ich habe Schutz in einer Höhle gefunden, habe mich aber in einem Labyrinth verirrt. Hoffentlich finde ich bald einen Weg zu Dir.
15;22;878;333
16;22;301;333
17;22;301;333
19;22;424;333
20;22;301;333
20;22;3093;333
21;22;301;333
22;22;301;333
23;22;301;333
23;22;301;333
28;22;301;333
28;22;3095;333
29;22;623;333
30;22;613;333
0;23;630;333
6;23;3097;333
7;23;3099;333
9;23;1266;333
9;23;3098;333
10;23;66;0;markerstone=268
11;23;878;333
15;23;878;333
16;23;426;333
22;23;1266;333
22;23;1813;333
23;23;301;333
26;23;498;333
27;23;426;333
28;23;424;333
29;23;623;333
30;23;613;333
0;24;630;333
2;24;3101;333
6;24;1266;333
6;24;3094;333
7;24;3099;333
8;24;3098;333
9;24;1266;333
10;24;2038;333
11;24;878;333
12;24;877;333
13;24;877;333
14;24;877;333
15;24;877;333
19;24;1266;333
21;24;426;333
23;24;301;333
24;24;301;333
27;24;1272;333
28;24;3097;333
29;24;623;333
30;24;613;333
0;25;630;333
2;25;426;333
9;25;1272;333
10;25;424;333
11;25;878;333
12;25;3097;333
13;25;1272;333
14;25;413;333
15;25;3101;333
16;25;1266;333
19;25;1272;333
20;25;1272;333
26;25;3094;333
27;25;301;333
28;25;301;333
29;25;623;333
30;25;613;333
0;26;630;333
0;26;630;333
3;26;35;333
4;26;1266;333
7;26;1266;333
9;26;3101;333
11;26;878;333
12;26;1266;333
12;26;1266;333
15;26;1266;333
18;26;878;333
18;26;3102;333
26;26;1272;333
28;26;408;333
29;26;623;333
30;26;613;333
0;27;630;333
2;27;426;333
5;27;3102;333
10;27;392;333
11;27;878;333
16;27;3099;333
18;27;878;333
24;27;1266;333
29;27;623;333
30;27;613;333
0;28;630;333
5;28;392;333
7;28;424;333
10;28;3099;333
11;28;878;333
17;28;408;333
18;28;878;333
28;28;1813;333
29;28;623;333
30;28;613;333
0;29;630;333
1;29;598;333
2;29;598;333
3;29;598;333
4;29;598;333
5;29;598;333
6;29;598;333
7;29;598;333
8;29;598;333
9;29;598;333
10;29;598;333
11;29;598;333
12;29;598;333
13;29;598;333
14;29;598;333
15;29;598;333
16;29;598;333
17;29;598;333
18;29;598;333
19;29;598;333
20;29;598;333
21;29;598;333
22;29;598;333
23;29;598;333
24;29;598;333
24;29;598;333
25;29;598;333
26;29;598;333
26;29;598;333
27;29;598;333
28;29;598;333
29;29;598;333
30;29;613;333
