# Illarion Server
# 
# This program is free software: you can redistribute it and/or modify it under
# the terms of the GNU Affero General Public License as published by the Free
# Software Foundation, either version 3 of the License, or (at your option) any
# later version.
# 
# This program is distributed in the hope that it will be useful, but WITHOUT
# ANY WARRANTY; without even the implied warranty of MERCHANTABILITY or FITNESS
# FOR A PARTICULAR PURPOSE.  See the GNU Affero General Public License for more
# details.
# 
# You should have received a copy of the GNU Affero General Public License along
# with this program.  If not, see <http://www.gnu.org/licenses/>.
0;0;3087;333
1;0;3092;333
1;0;3085;333
2;0;3092;333
2;0;3085;333
3;0;3092;333
3;0;3085;333
4;0;3092;333
4;0;3085;333
5;0;3092;333
5;0;3085;333
6;0;3092;333
6;0;3085;333
7;0;3092;333
7;0;3085;333
8;0;3092;333
8;0;3085;333
9;0;3092;333
9;0;3085;333
10;0;3092;333
10;0;3085;333
11;0;3092;333
11;0;3085;333
12;0;3092;333
12;0;3085;333
13;0;3092;333
13;0;3085;333
14;0;3092;333
14;0;3085;333
15;0;3092;333
15;0;3085;333
16;0;3092;333
16;0;3085;333
17;0;3092;333
17;0;3085;333
18;0;3092;333
18;0;3085;333
19;0;3092;333
19;0;3085;333
20;0;3092;333
20;0;3085;333
21;0;3092;333
21;0;3085;333
22;0;3092;333
22;0;3085;333
23;0;3092;333
23;0;3085;333
24;0;3092;333
24;0;3085;333
25;0;3092;333
25;0;3085;333
26;0;3092;333
26;0;3085;333
27;0;3092;333
27;0;3085;333
28;0;3092;333
28;0;3085;333
29;0;3092;333
29;0;3085;333
30;0;3092;333
30;0;3085;333
31;0;3092;333
31;0;3085;333
32;0;3092;333
32;0;3085;333
33;0;3092;333
33;0;3085;333
34;0;3092;333
34;0;3085;333
35;0;3092;333
35;0;3085;333
36;0;3092;333
36;0;3085;333
37;0;3092;333
37;0;3085;333
38;0;3092;333
38;0;3085;333
39;0;3089;333
40;0;3089;333
41;0;3089;333
42;0;3089;333
43;0;3089;333
44;0;3089;333
45;0;3089;333
46;0;3089;333
47;0;3089;333
48;0;3089;333
49;0;3089;333
50;0;3089;333
51;0;3089;333
52;0;3089;333
53;0;3089;333
54;0;3089;333
55;0;3089;333
56;0;3089;333
57;0;3089;333
58;0;3089;333
59;0;3089;333
60;0;3089;333
61;0;3089;333
62;0;3089;333
63;0;3089;333
64;0;3089;333
65;0;3089;333
66;0;3089;333
67;0;3089;333
68;0;3089;333
69;0;3089;333
70;0;3089;333
71;0;3089;333
72;0;3089;333
73;0;3089;333
74;0;3089;333
75;0;3089;333
76;0;3089;333
77;0;3089;333
78;0;3089;333
79;0;3089;333
80;0;3089;333
81;0;3089;333
82;0;3089;333
83;0;3089;333
84;0;3089;333
85;0;3089;333
86;0;3089;333
87;0;3089;333
88;0;3089;333
89;0;3089;333
90;0;3089;333
91;0;3089;333
92;0;3089;333
93;0;3089;333
94;0;3089;333
95;0;3089;333
96;0;3089;333
97;0;3089;333
98;0;3089;333
99;0;3088;333
0;1;3087;333
1;1;3085;333
2;1;3085;333
3;1;3085;333
4;1;3085;333
5;1;3085;333
6;1;3085;333
7;1;3085;333
8;1;3085;333
9;1;3085;333
10;1;3085;333
11;1;3085;333
12;1;3085;333
13;1;3085;333
14;1;3085;333
15;1;3085;333
16;1;3085;333
17;1;3085;333
18;1;3085;333
19;1;3085;333
20;1;3085;333
21;1;3085;333
22;1;3085;333
23;1;3085;333
24;1;3085;333
25;1;3085;333
26;1;3085;333
27;1;3085;333
28;1;3085;333
29;1;3085;333
30;1;3085;333
31;1;3085;333
32;1;3085;333
33;1;3085;333
34;1;3085;333
35;1;3085;333
36;1;3085;333
37;1;3085;333
38;1;3085;333
39;1;3085;333
40;1;3085;333
41;1;3085;333
42;1;3085;333
43;1;3085;333
44;1;3085;333
45;1;3085;333
46;1;3085;333
47;1;3085;333
48;1;3085;333
49;1;3085;333
50;1;3085;333
51;1;3085;333
52;1;3085;333
53;1;3085;333
54;1;3085;333
55;1;3085;333
56;1;3085;333
57;1;3085;333
58;1;3085;333
59;1;3085;333
60;1;3085;333
61;1;3085;333
62;1;3085;333
63;1;3085;333
64;1;3085;333
65;1;3085;333
66;1;3085;333
67;1;3085;333
68;1;3085;333
69;1;3085;333
70;1;3085;333
71;1;3085;333
72;1;3085;333
73;1;3085;333
74;1;3085;333
75;1;3085;333
76;1;3085;333
77;1;3085;333
78;1;3085;333
79;1;3085;333
80;1;3085;333
81;1;3085;333
82;1;3085;333
83;1;3085;333
84;1;3085;333
85;1;3085;333
86;1;3085;333
87;1;3085;333
88;1;3085;333
89;1;3085;333
90;1;3085;333
91;1;3085;333
92;1;3085;333
93;1;3085;333
94;1;3085;333
95;1;3085;333
96;1;3085;333
97;1;3085;333
98;1;3085;333
99;1;3088;333
0;2;3087;333
1;2;3087;333
2;2;622;333
3;2;622;333
4;2;622;333
4;2;622;333
5;2;622;333
6;2;622;333
7;2;622;333
8;2;622;333
8;2;622;333
9;2;622;333
10;2;622;333
11;2;622;333
11;2;624;333
12;2;622;333
13;2;622;333
14;2;622;333
15;2;622;333
16;2;622;333
17;2;622;333
18;2;622;333
19;2;622;333
19;2;624;333
20;2;622;333
21;2;622;333
22;2;622;333
23;2;622;333
24;2;622;333
25;2;622;333
26;2;622;333
26;2;625;333
27;2;628;333
28;2;914;333
30;2;694;333
34;2;3098;333
34;2;627;333
35;2;3099;333
38;2;694;333
39;2;629;333
40;2;622;333
41;2;622;333
41;2;624;333
42;2;622;333
43;2;628;333
44;2;3098;333
47;2;3098;333
49;2;3075;333
53;2;629;333
54;2;622;333
55;2;622;333
56;2;622;333
57;2;622;333
58;2;622;333
59;2;622;333
60;2;628;333
61;2;1272;333
63;2;3098;333
66;2;3099;333
67;2;3100;333
70;2;2937;333
73;2;3075;333
75;2;695;333
76;2;629;333
77;2;622;333
78;2;622;333
79;2;622;333
80;2;622;333
81;2;622;333
82;2;622;333
83;2;622;333
83;2;624;333
84;2;622;333
85;2;622;333
86;2;622;333
87;2;622;333
88;2;622;333
89;2;622;333
90;2;622;333
90;2;624;333
91;2;622;333
92;2;628;333
94;2;627;333
98;2;3088;333
99;2;3088;333
0;3;3087;333
1;3;3087;333
12;3;628;333
17;3;359;333
23;3;359;333
28;3;628;333
34;3;629;333
35;3;1265;333
35;3;628;333
45;3;2937;333
50;3;694;333
51;3;797;333
52;3;694;333
57;3;2365;333
68;3;3101;333
71;3;3097;333
85;3;629;333
92;3;627;333
93;3;1272;333
94;3;629;333
95;3;628;333
96;3;627;333
98;3;3088;333
99;3;3088;333
0;4;3087;333
1;4;3087;333
8;4;359;333
16;4;1265;333
17;4;2926;333
18;4;3099;333
19;4;629;333
30;4;629;333
39;4;1265;333
39;4;3099;333
55;4;2704;333
58;4;2745;333;descriptionEn=Page 20.   I feel strangely drawn to the armor and sword I just found.   Something in their darkened sheen calls to me as I took them off my foe down below.  I will toss my gear to the side and take it on. 
62;4;520;333;descriptionEn=Horace;descriptionDe=Horace
64;4;3098;333
67;4;3100;333
68;4;3100;333
90;4;359;333
92;4;629;333
93;4;628;333
94;4;627;333
96;4;629;333
97;4;628;333
98;4;3088;333
99;4;3088;333
0;5;3087;333
1;5;3087;333
5;5;359;333
14;5;28;333
17;5;606;333
17;5;3101;333
18;5;605;333
19;5;604;333
19;5;3096;333
20;5;603;333
21;5;603;333
22;5;603;333
23;5;602;333
24;5;602;333
25;5;602;333
25;5;3101;333
26;5;605;333
26;5;3101;333
27;5;915;333
34;5;607;333
35;5;607;333
38;5;3099;333
39;5;3099;333
46;5;3098;333
47;5;3098;333
48;5;3098;333
52;5;1272;333
61;5;2745;333;descriptionEn=Page 21. What have I done? Horace is lying dead beside me and all I remember is all consuming rage when he spoke to me after I changed into this armor. Yet, I can not make myself take it off. Perhaps there are more answers below.
76;5;629;333
93;5;1246;333
94;5;629;333
95;5;628;333
96;5;627;333
98;5;3088;333
99;5;3088;333
0;6;3087;333
1;6;3087;333
10;6;3092;333
11;6;3099;333
17;6;606;333
18;6;603;333
19;6;603;333
20;6;605;333
21;6;604;333
22;6;603;333
22;6;3101;333
23;6;605;333
24;6;915;333
25;6;609;333
34;6;610;333
35;6;609;333
41;6;627;333
47;6;3098;333
56;6;1265;333
70;6;359;333
91;6;628;333
93;6;1251;333
95;6;1250;333
96;6;1272;333
96;6;629;333
97;6;628;333
98;6;3088;333
99;6;3088;333
0;7;3087;333
1;7;3087;333
6;7;627;333
10;7;66;333;markerstone=270
19;7;3092;333
20;7;627;333
25;7;609;333
35;7;609;333
38;7;626;333
47;7;626;333
77;7;628;333
86;7;627;333
92;7;1783;333
94;7;1783;333
97;7;627;333
98;7;3088;333
99;7;3088;333
0;8;3087;333
1;8;3087;333
8;8;628;333
10;8;2745;333;descriptionEn=Page 1.  The simple maze has lead my party of 8 into the fiery depths of some hell.  I keep thinking we should turn back and heed the signs warning, Randolph says keep pushing forward.
13;8;1265;333
14;8;1272;333
14;8;3331;333
15;8;1032;333
15;8;3094;333
16;8;1034;333
25;8;609;333
35;8;610;333
42;8;359;333
44;8;628;333
57;8;607;333
61;8;628;333
67;8;627;333
83;8;627;333
88;8;359;333
92;8;359;333
96;8;1273;333
97;8;623;333
98;8;3088;333
99;8;3088;333
0;9;3087;333
1;9;3087;333
1;9;3087;333
10;9;1265;333
14;9;466;333
15;9;1265;333
15;9;3094;333
16;9;525;333
16;9;3095;333
18;9;1793;333
18;9;3095;333
23;9;359;333
25;9;609;333
26;9;626;333
29;9;628;333
32;9;627;333
34;9;359;333
35;9;359;333
49;9;627;333
57;9;608;333
77;9;359;333
80;9;627;333
81;9;626;333
82;9;627;333
83;9;626;333
94;9;629;333
97;9;623;333
98;9;3088;333
99;9;3088;333
0;10;3087;333
1;10;3087;333
5;10;359;333
12;10;2937;333;descriptionEn=The shackles are still attached to the wasting body.;descriptionDe=Die Fesseln umschließen nich den verwesenden Körper
16;10;1265;333
17;10;1783;333
25;10;609;333
34;10;359;333
35;10;359;333
39;10;3097;333
55;10;359;333
57;10;610;333
61;10;359;333
66;10;3100;333
67;10;359;333
68;10;1276;333
71;10;3100;333
72;10;627;333
73;10;626;333
74;10;627;333
75;10;626;333
76;10;3092;333
78;10;2862;333
78;10;359;333
79;10;3101;333
80;10;629;333
81;10;1265;333
81;10;628;333
82;10;629;333
82;10;625;333
83;10;628;333
96;10;359;333
97;10;623;333
98;10;3088;333
99;10;3088;333
0;11;3087;333
1;11;3087;333
9;11;3099;333
10;11;2924;333;descriptionEn=Danger lies ahead!;descriptionDe=Achtung, voraus sind Lug & Trug 
17;11;1266;333
17;11;466;333
25;11;609;333
34;11;611;333
58;11;611;333
63;11;3098;333
64;11;3100;333
65;11;3098;333
66;11;3100;333
66;11;3093;333
67;11;3098;333
69;11;3100;333
70;11;3100;333
71;11;3100;333
72;11;629;333
73;11;628;333
74;11;3101;333
74;11;629;333
75;11;628;333
78;11;1272;333
79;11;1272;333
83;11;627;333
84;11;626;333
97;11;623;333
98;11;3088;333
99;11;3088;333
0;12;3087;333
1;12;3087;333
11;12;607;333
12;12;607;333
13;12;3100;333
16;12;2937;333;descriptionEn=The shackles are still attached to the wasting body.;descriptionDe=Die Fesseln umschließen nich den verwesenden Körper
18;12;3329;333
20;12;359;333
25;12;610;333
25;12;359;333
26;12;629;333
30;12;3097;333
34;12;608;333
35;12;611;333
39;12;628;333
41;12;359;333
58;12;608;333
64;12;3098;333
65;12;3098;333
68;12;3092;333
69;12;3100;333
69;12;3096;333
70;12;3098;333
71;12;3100;333
72;12;627;333
73;12;626;333
83;12;629;333
84;12;628;333
88;12;629;333
97;12;623;333
97;12;625;333
98;12;3088;333
99;12;3088;333
0;13;3087;333
1;13;3087;333
5;13;629;333
11;13;609;333
12;13;609;333
13;13;3100;333
14;13;1004;333
14;13;3095;333
15;13;3101;333
25;13;611;333
32;13;2039;333
34;13;612;333
35;13;612;333
50;13;628;333
55;13;359;333
58;13;612;333
64;13;3098;333
65;13;3099;333
70;13;3098;333
71;13;3100;333
72;13;629;333
73;13;628;333
82;13;3101;333
97;13;623;333
98;13;3088;333
99;13;3088;333
0;14;3087;333
1;14;3087;333
9;14;359;333
11;14;609;333
12;14;609;333
14;14;1033;333
18;14;628;333
21;14;627;333
25;14;609;333
30;14;2183;333
31;14;2586;333
33;14;2183;333
37;14;626;333
43;14;627;333
47;14;359;333
59;14;2937;333;descriptionEn=The flames glint off the armor still on the corpse.;descriptionDe=Die Flammen flackern durch die Rüstung, welche noch den Körper bedeckt
61;14;1265;333
61;14;3101;333
65;14;3099;333
66;14;1276;333
70;14;3098;333
71;14;3098;333
72;14;2038;333
76;14;3099;333
77;14;3099;333
78;14;3092;333
85;14;359;333
89;14;359;333
97;14;623;333
98;14;3088;333
99;14;3088;333
0;15;3087;333
1;15;3087;333
5;15;359;333
11;15;609;333
12;15;609;333
20;15;2039;333
21;15;629;333
22;15;628;333
25;15;609;333
28;15;3097;333
30;15;2586;333
31;15;12;333
32;15;2586;333
35;15;3101;333
38;15;3100;333
63;15;3101;333
65;15;3098;333
66;15;3097;333
67;15;3097;333
76;15;3099;333
77;15;3098;333
77;15;3095;333
78;15;3098;333
97;15;623;333
98;15;3088;333
99;15;3088;333
0;16;3087;333
1;16;3087;333
11;16;609;333
12;16;609;333
13;16;626;333
20;16;498;333
21;16;2038;333
25;16;610;333
25;16;359;333
27;16;627;333
29;16;1783;333
30;16;2495;333
31;16;2586;333
33;16;1272;333
43;16;359;333
51;16;627;333
56;16;628;333
60;16;3099;333
61;16;3098;333
65;16;1272;333
66;16;3099;333
70;16;2937;333;descriptionEn=The skull appears crushed by a blunt object.;descriptionDe=Der Schädel scheint von einem stumpfen Gegenstand zertrümmert.
73;16;1276;333
74;16;3098;333
75;16;3098;333
76;16;3098;333
77;16;3098;333
93;16;359;333
97;16;623;333
98;16;3088;333
99;16;3088;333
0;17;3087;333
1;17;3087;333
8;17;627;333
11;17;609;333
12;17;610;333
15;17;359;333
25;17;611;333
34;17;466;333
35;17;3092;333
37;17;2378;333
38;17;3101;333
55;17;359;333
59;17;3098;333
60;17;3099;333
61;17;3099;333
65;17;3100;333
66;17;3098;333
66;17;3093;333
67;17;3097;333
72;17;3098;333
73;17;3099;333
74;17;3099;333
75;17;3098;333
79;17;359;333
97;17;623;333
98;17;3088;333
99;17;3088;333
0;18;3087;333
1;18;3087;333
9;18;359;333
11;18;609;333
25;18;609;333
30;18;2745;333;descriptionEn=Page 3.  We make camp not far from where we took down the cultist at a dead end.  John seems worse for his wounds I fear for him.
31;18;3099;333
34;18;1265;333
35;18;466;333
39;18;627;333
44;18;628;333
59;18;3098;333
59;18;3095;333
60;18;3092;333
61;18;3098;333
67;18;3101;333
72;18;3099;333
73;18;3092;333
74;18;3099;333
77;18;1783;333
95;18;629;333
97;18;623;333
98;18;3088;333
99;18;3088;333
0;19;3087;333
1;19;3087;333
4;19;628;333
11;19;609;333
13;19;359;333
21;19;626;333
25;19;609;333
33;19;3101;333
39;19;3098;333
50;19;359;333
59;19;3098;333
60;19;3098;333
61;19;3099;333
61;19;3095;333
70;19;3097;333
71;19;3097;333
72;19;3097;333
72;19;3096;333
73;19;3099;333
74;19;3098;333
86;19;359;333
89;19;628;333
92;19;3100;333
97;19;623;333
98;19;3088;333
99;19;3088;333
0;20;3087;333
1;20;3087;333
7;20;628;333
11;20;609;333
12;20;611;333
14;20;627;333
17;20;629;333
25;20;609;333
26;20;626;333
34;20;1272;333
36;20;389;333
36;20;3101;333
41;20;359;333
45;20;626;333
67;20;3098;333
68;20;3098;333
69;20;3098;333
70;20;3098;333
77;20;627;333
97;20;623;333
97;20;624;333
98;20;3088;333
99;20;3088;333
0;21;3087;333
1;21;3087;333
11;21;610;333
12;21;608;333
21;21;359;333
25;21;610;333
29;21;627;333
30;21;3099;333
31;21;3099;333
43;21;359;333
52;21;628;333
55;21;629;333
61;21;627;333
67;21;3098;333
68;21;3097;333
69;21;1276;333
73;21;3101;333
81;21;629;333
85;21;1273;333
91;21;1272;333
93;21;359;333
95;21;359;333
97;21;623;333
98;21;3088;333
99;21;3088;333
0;22;3087;333
1;22;3087;333
11;22;359;333
12;22;609;333
25;22;359;333
27;22;359;333
30;22;3099;333
31;22;3099;333
32;22;607;333
33;22;607;333
34;22;3097;333
47;22;628;333
65;22;3092;333
66;22;3097;333
67;22;3098;333
75;22;1272;333
76;22;3100;333
77;22;3100;333
84;22;3097;333
86;22;2862;333
86;22;359;333
87;22;2862;333
87;22;359;333
88;22;2862;333
88;22;359;333
89;22;2862;333
89;22;359;333
97;22;623;333
98;22;3088;333
99;22;3088;333
0;23;3087;333
1;23;3087;333
8;23;629;333
12;23;609;333
32;23;608;333
33;23;608;333
36;23;359;333
40;23;626;333
58;23;629;333
65;23;3099;333
66;23;3098;333
67;23;3098;333
70;23;1783;333
74;23;3100;333
75;23;3100;333
76;23;3100;333
77;23;3100;333
81;23;2925;333
87;23;2862;333
87;23;359;333
88;23;2862;333
88;23;359;333
97;23;623;333
98;23;3088;333
99;23;3088;333
0;24;3087;333
1;24;3087;333
6;24;359;333
12;24;609;333
16;24;627;333
21;24;627;333
27;24;2038;333
32;24;608;333
33;24;608;333
44;24;3099;333
57;24;359;333
62;24;359;333
66;24;3098;333
71;24;1257;333
72;24;3097;333
73;24;3092;333
74;24;3099;333
75;24;3098;333
78;24;606;333
79;24;602;333
80;24;601;333
86;24;1265;333
91;24;1276;333
94;24;627;333
97;24;623;333
98;24;3088;333
99;24;3088;333
0;25;3087;333
1;25;3087;333
11;25;611;333
12;25;610;333
14;25;359;333
19;25;359;333
23;25;3097;333
26;25;3101;333
30;25;627;333
32;25;612;333
33;25;612;333
33;25;3101;333
36;25;627;333
39;25;359;333
45;25;359;333
65;25;628;333
70;25;3097;333
71;25;3097;333
72;25;3097;333
73;25;3099;333
74;25;3099;333
74;25;3095;333
75;25;3098;333
78;25;606;333
79;25;602;333
80;25;601;333
97;25;623;333
98;25;3088;333
99;25;3088;333
0;26;3087;333
1;26;3087;333
5;26;626;333
9;26;359;333
11;26;608;333
12;26;611;333
48;26;627;333
60;26;604;333
61;26;603;333
62;26;603;333
63;26;603;333
64;26;601;333
68;26;1272;333
71;26;3097;333
72;26;3097;333
81;26;2925;333
82;26;3098;333
90;26;3100;333
97;26;623;333
98;26;3088;333
99;26;3088;333
0;27;3087;333
1;27;3087;333
11;27;612;333
12;27;612;333
13;27;626;333
14;27;627;333
20;27;359;333
25;27;3100;333
31;27;3100;333
37;27;606;333
38;27;602;333
39;27;602;333
40;27;602;333
41;27;603;333
42;27;603;333
43;27;605;333
51;27;359;333
57;27;359;333
58;27;604;333
59;27;603;333
60;27;603;333
61;27;603;333
62;27;603;333
63;27;603;333
64;27;601;333
68;27;3101;333
71;27;3098;333
73;27;2039;333
84;27;66;333;markerstone=542
91;27;359;333
97;27;623;333
98;27;3088;333
99;27;3088;333
0;28;3087;333
1;28;3087;333
8;28;628;333
10;28;3092;333
13;28;628;333
14;28;629;333
15;28;628;333
26;28;629;333
31;28;3092;333
33;28;627;333
37;28;606;333
38;28;602;333
39;28;602;333
40;28;602;333
41;28;602;333
42;28;602;333
43;28;603;333
44;28;603;333
45;28;605;333
46;28;359;333
70;28;3100;333
71;28;3098;333
74;28;3098;333
76;28;627;333
95;28;627;333
97;28;623;333
98;28;3088;333
99;28;3088;333
0;29;3087;333
1;29;3087;333
8;29;1265;333
15;29;606;333
16;29;602;333
17;29;602;333
18;29;605;333
19;29;604;333
20;29;602;333
21;29;602;333
21;29;2937;333
22;29;602;333
23;29;602;333
24;29;605;333
25;29;604;333
26;29;602;333
27;29;605;333
32;29;1265;333
33;29;629;333
33;29;625;333
34;29;628;333
38;29;629;333
53;29;627;333
60;29;629;333
70;29;3100;333
70;29;3100;333
74;29;3092;333
80;29;359;333
92;29;628;333
97;29;623;333
98;29;3088;333
99;29;3088;333
0;30;3087;333
1;30;3087;333
2;30;627;333
8;30;337;333;descriptionEn=Theresa;descriptionDe=Theresa
9;30;337;333;descriptionEn=Adam;descriptionDe=Adam 
10;30;337;333;descriptionEn=John;descriptionDe=John
11;30;1272;333
13;30;498;333
15;30;606;333
16;30;605;333
17;30;604;333
18;30;602;333
19;30;602;333
20;30;602;333
21;30;605;333
22;30;604;333
23;30;602;333
24;30;602;333
25;30;602;333
26;30;602;333
27;30;602;333
28;30;601;333
29;30;1265;333
31;30;334;333
47;30;359;333
66;30;627;333
67;30;626;333
97;30;623;333
98;30;3088;333
99;30;3088;333
0;31;3087;333
1;31;3087;333
7;31;2745;333;descriptionEn=Page 5.  We backtracked and placed our three fallen comrades in some empty coffins.  I have to wonder why they are here.
8;31;2039;333
12;31;1783;333
14;31;1265;333
15;31;2926;333;descriptionEn=The crossroads;descriptionDe=Kreuzungen
19;31;608;333
27;31;1272;333
30;31;3101;333
32;31;2783;333
35;31;628;333
44;31;627;333
51;31;628;333
66;31;629;333
67;31;628;333
84;31;628;333
87;31;359;333
97;31;623;333
98;31;3088;333
99;31;3088;333
0;32;3087;333
1;32;3087;333
12;32;3102;333
13;32;2038;333
16;32;359;333
19;32;608;333
24;32;359;333
27;32;2745;333;descriptionEn=Page 2. The wild creatures here took down Theresa today, our party's mage. May her spirit find its way from here.
30;32;1265;333
31;32;2937;333
40;32;359;333
41;32;628;333
55;32;627;333
59;32;359;333
64;32;359;333
69;32;629;333
97;32;623;333
98;32;3088;333
99;32;3088;333
0;33;3087;333
1;33;3087;333
7;33;607;333
8;33;607;333
9;33;2924;333;descriptionEn=The crossroads;descriptionDe=Kreuzungen
19;33;608;333
28;33;3098;333
29;33;3097;333
30;33;1272;333
31;33;607;333
32;33;1278;333
94;33;629;333
97;33;623;333
98;33;3088;333
99;33;3088;333
0;34;3087;333
1;34;3087;333
3;34;627;333
7;34;609;333
8;34;609;333
14;34;627;333
19;34;610;333
20;34;628;333
22;34;359;333
28;34;3100;333
29;34;3100;333
31;34;609;333
33;34;359;333
44;34;359;333
78;34;628;333
87;34;627;333
97;34;623;333
98;34;3088;333
99;34;3088;333
0;35;3087;333
1;35;3087;333
7;35;609;333
8;35;609;333
11;35;359;333
19;35;611;333
31;35;609;333
47;35;629;333
55;35;359;333
57;35;359;333
72;35;629;333
80;35;627;333
96;35;359;333
97;35;623;333
98;35;3088;333
99;35;3088;333
0;36;3087;333
1;36;3087;333
7;36;610;333
8;36;609;333
17;36;359;333
19;36;610;333
29;36;359;333
31;36;609;333
35;36;627;333
50;36;359;333
51;36;627;333
58;36;629;333
82;36;359;333
91;36;359;333
97;36;623;333
98;36;3088;333
99;36;3088;333
0;37;3087;333
1;37;3087;333
7;37;611;333
8;37;609;333
13;37;359;333
16;37;627;333
19;37;611;333
23;37;627;333
31;37;609;333
62;37;629;333
88;37;627;333
97;37;623;333
98;37;3088;333
99;37;3088;333
0;38;3087;333
1;38;3087;333
6;38;359;333
7;38;609;333
8;38;609;333
14;38;3099;333
15;38;3098;333
16;38;629;333
16;38;629;333
17;38;628;333
18;38;3100;333
19;38;612;333
31;38;609;333
38;38;359;333
62;38;611;333
63;38;611;333
65;38;627;333
90;38;627;333
97;38;623;333
97;38;625;333
98;38;3088;333
99;38;3088;333
0;39;3087;333
1;39;3087;333
7;39;609;333
8;39;609;333
13;39;629;333
14;39;3099;333
17;39;2039;333
20;39;3092;333
23;39;359;333
24;39;626;333
31;39;610;333
32;39;359;333
41;39;627;333
54;39;359;333
62;39;609;333
63;39;609;333
91;39;611;333
97;39;623;333
98;39;3088;333
99;39;3088;333
0;40;3087;333
0;40;3087;333
1;40;3087;333
1;40;3087;333
7;40;610;333
8;40;609;333
19;40;3102;333
20;40;498;333
28;40;359;333
31;40;611;333
62;40;610;333
63;40;609;333
70;40;629;333
75;40;359;333
78;40;629;333
83;40;628;333
91;40;609;333
94;40;626;333
97;40;623;333
98;40;3088;333
99;40;3088;333
0;41;3087;333
1;41;3087;333
8;41;609;333
15;41;3102;333
18;41;3097;333
19;41;3097;333
25;41;628;333
31;41;609;333
35;41;359;333
44;41;626;333
48;41;359;333
63;41;609;333
63;41;356;333
91;41;609;333
92;41;359;333
97;41;623;333
98;41;3088;333
99;41;3088;333
0;42;3087;333
1;42;3087;333
8;42;610;333
17;42;3102;333
18;42;3097;333
20;42;628;333
31;42;609;333
37;42;626;333
40;42;359;333
44;42;359;333
52;42;628;333
56;42;626;333
61;42;359;333
62;42;611;333
63;42;609;333
66;42;359;333
90;42;611;333
91;42;609;333
97;42;629;333
98;42;3088;333
99;42;3088;333
0;43;3087;333
1;43;3087;333
3;43;628;333
7;43;611;333
8;43;611;333
11;43;627;333
15;43;359;333
31;43;609;333
62;43;609;333
63;43;610;333
85;43;628;333
90;43;609;333
91;43;609;333
98;43;3088;333
99;43;3088;333
0;44;3087;333
1;44;3087;333
7;44;609;333
8;44;609;333
18;44;611;333
27;44;359;333
29;44;2039;333
31;44;612;333
33;44;3092;333
55;44;359;333
62;44;609;333
63;44;611;333
70;44;628;333
79;44;359;333
89;44;626;333
90;44;609;333
91;44;609;333
91;44;1272;333
96;44;627;333
98;44;3088;333
99;44;3088;333
0;45;3087;333
1;45;3087;333
7;45;609;333
8;45;609;333
13;45;626;333
18;45;608;333
22;45;359;333
31;45;627;333
36;45;626;333
45;45;629;333
47;45;359;333
60;45;629;333
62;45;609;333
63;45;609;333
66;45;628;333
90;45;612;333
91;45;612;333
92;45;627;333
95;45;359;333
96;45;629;333
97;45;628;333
98;45;3088;333
99;45;3088;333
0;46;3087;333
1;46;3087;333
7;46;609;333
8;46;609;333
17;46;627;333
18;46;608;333
19;46;603;333
20;46;605;333
21;46;604;333
22;46;603;333
23;46;603;333
24;46;603;333
25;46;603;333
26;46;603;333
27;46;603;333
28;46;601;333
31;46;629;333
31;46;624;333
32;46;628;333
33;46;627;333
37;46;359;333
39;46;628;333
58;46;359;333
61;46;3100;333
62;46;612;333
63;46;612;333
64;46;3092;333
73;46;359;333
87;46;359;333
92;46;3332;333
93;46;466;333
96;46;627;333
98;46;3088;333
99;46;3088;333
0;47;3087;333
1;47;3087;333
5;47;359;333
7;47;609;333
8;47;610;333
18;47;608;333
33;47;629;333
33;47;625;333
34;47;628;333
55;47;628;333
58;47;3332;333
59;47;373;333
60;47;3332;333
65;47;3100;333
70;47;627;333
75;47;626;333
81;47;626;333
91;47;3101;333
94;47;3098;333
94;47;626;333
95;47;3098;333
96;47;629;333
97;47;628;333
98;47;3088;333
99;47;3088;333
0;48;3087;333
1;48;3087;333
7;48;609;333
8;48;611;333
13;48;606;333
14;48;603;333
15;48;603;333
16;48;603;333
17;48;603;333
18;48;608;333
22;48;359;333
32;48;1272;333
47;48;628;333
60;48;2745;333;descriptionEn=Page 7.  The winds are so strong here.  Randolph was knocked off his feet and into the burning lava before we could grab him.  Sadly, only his hat remains.  The winds seem to blow in different directions.  Which way do we go?
66;48;3332;333
88;48;3092;333
90;48;1272;333
94;48;627;333
95;48;3099;333
96;48;627;333
97;48;3100;333
98;48;3088;333
99;48;3088;333
0;49;3087;333
1;49;3087;333
7;49;610;333
8;49;609;333
18;49;608;333
26;49;628;333
32;49;1265;333
42;49;628;333
49;49;629;333
66;49;373;333
84;49;628;333
88;49;3101;333
89;49;2937;333
92;49;3100;333
92;49;626;333
93;49;3100;333
94;49;629;333
95;49;628;333
96;49;629;333
97;49;628;333
98;49;3088;333
99;49;3088;333
0;50;3087;333
1;50;3087;333
6;50;3092;333
7;50;611;333
8;50;609;333
10;50;2745;333;descriptionEn=Page 4.  Seeing some people being set afire, Adam tried to save them only to get lost to the blaze himself.
11;50;628;333
14;50;3332;333
18;50;608;333
29;50;359;333
32;50;1265;333
33;50;607;333
44;50;359;333
51;50;359;333
54;50;3092;333
56;50;2498;333
57;50;1906;333
58;50;1272;333
66;50;3332;333
77;50;359;333
85;50;1273;333
92;50;627;333
93;50;3100;333
94;50;627;333
95;50;3099;333
96;50;627;333
97;50;3100;333
98;50;3088;333
99;50;3088;333
0;51;3087;333
1;51;3087;333
5;51;1265;333
7;51;612;333
8;51;612;333
13;51;2863;333
13;51;359;333
18;51;610;333
23;51;626;333
33;51;609;333
39;51;627;333
51;51;3332;333
52;51;373;333
53;51;3332;333
58;51;1272;333
60;51;3215;333
60;51;373;333
61;51;3213;333
61;51;373;333
62;51;3214;333
62;51;373;333
65;51;3101;333
72;51;628;333
85;51;518;333
86;51;3101;333
88;51;2745;333;descriptionEn=Page 8.  We ran out of water today. This is especially hard on Zzeslia.  I hope we find a way out soon.
90;51;3100;333
90;51;626;333
91;51;3100;333
92;51;629;333
93;51;628;333
94;51;629;333
95;51;628;333
96;51;629;333
97;51;628;333
98;51;3088;333
99;51;3088;333
0;52;3087;333
1;52;3087;333
5;52;1265;333
11;52;1265;333
13;52;2863;333
13;52;359;333
26;52;359;333
33;52;609;333
34;52;627;333
37;52;628;333
41;52;359;333
45;52;359;333
54;52;1272;333
54;52;3101;333
59;52;1265;333
60;52;3219;333
60;52;373;333
61;52;373;333
62;52;3212;333
62;52;373;333
66;52;3099;333
70;52;626;333
77;52;627;333
83;52;3101;333
87;52;1272;333
89;52;3099;333
90;52;627;333
91;52;3098;333
92;52;627;333
93;52;3100;333
94;52;627;333
95;52;3099;333
96;52;627;333
97;52;3100;333
98;52;3088;333
99;52;3088;333
0;53;3087;333
1;53;3087;333
5;53;1783;333
12;53;1272;333
14;53;3329;333
17;53;628;333
33;53;609;333
35;53;359;333
60;53;3218;333
60;53;373;333
61;53;3216;333
61;53;373;333
62;53;3217;333
62;53;373;333
66;53;3092;333
73;53;359;333
80;53;359;333
82;53;2039;333
88;53;627;333
89;53;3099;333
90;53;629;333
91;53;628;333
92;53;629;333
93;53;628;333
94;53;629;333
95;53;628;333
96;53;629;333
97;53;628;333
98;53;3088;333
99;53;3088;333
0;54;3087;333
1;54;3087;333
6;54;2924;333;descriptionEn=You should go back.;descriptionDe=Du solltest umkehren.
8;54;2937;333
10;54;2924;333;descriptionEn=You should go back.;descriptionDe=Du solltest umkehren.
12;54;1783;333
19;54;359;333
28;54;626;333
31;54;359;333
33;54;609;333
42;54;626;333
46;54;628;333
51;54;3098;333
53;54;3098;333
54;54;1783;333
58;54;3101;333
65;54;3099;333
74;54;627;333
84;54;3101;333
86;54;627;333
87;54;1272;333
87;54;1265;333
87;54;3100;333
88;54;629;333
89;54;628;333
90;54;627;333
91;54;3098;333
92;54;627;333
93;54;3100;333
94;54;627;333
95;54;3099;333
96;54;627;333
97;54;3100;333
98;54;3088;333
99;54;3088;333
0;55;3087;333
1;55;3087;333
7;55;607;333
8;55;607;333
33;55;610;333
38;55;359;333
64;55;606;333
65;55;603;333
66;55;603;333
67;55;603;333
68;55;603;333
69;55;605;333
70;55;627;333
74;55;629;333
75;55;628;333
76;55;604;333
77;55;603;333
78;55;603;333
79;55;603;333
80;55;601;333
81;55;2937;333
86;55;629;333
87;55;628;333
88;55;627;333
89;55;3099;333
90;55;629;333
91;55;628;333
92;55;629;333
93;55;628;333
94;55;629;333
95;55;628;333
96;55;629;333
97;55;628;333
98;55;3088;333
99;55;3088;333
0;56;3087;333
1;56;3087;333
2;56;628;333
7;56;609;333
8;56;609;333
23;56;627;333
25;56;359;333
33;56;627;333
42;56;2039;333
43;56;3092;333
56;56;3097;333
64;56;606;333
65;56;603;333
66;56;603;333
67;56;603;333
68;56;603;333
69;56;603;333
70;56;603;333
70;56;2763;333
71;56;605;333
72;56;627;333
74;56;604;333
75;56;603;333
76;56;603;333
77;56;603;333
78;56;603;333
79;56;603;333
80;56;601;333
82;56;1272;333
84;56;3101;333
86;56;2038;333
88;56;629;333
89;56;628;333
90;56;627;333
91;56;3098;333
92;56;627;333
93;56;3100;333
94;56;627;333
95;56;3099;333
96;56;627;333
97;56;3100;333
98;56;3088;333
99;56;3088;333
0;57;3087;333
1;57;3087;333
7;57;609;333
8;57;609;333
43;57;606;333
44;57;603;333
45;57;603;333
46;57;603;333
47;57;605;333
48;57;604;333
49;57;603;333
50;57;603;333
51;57;603;333
52;57;603;333
53;57;603;333
54;57;601;333
57;57;3097;333
60;57;3332;333
61;57;373;333
62;57;3332;333
72;57;629;333
73;57;628;333
84;57;1278;333
86;57;1272;333
87;57;3101;333
89;57;3332;333
90;57;629;333
91;57;628;333
92;57;629;333
93;57;628;333
94;57;629;333
95;57;628;333
96;57;629;333
97;57;628;333
98;57;3088;333
99;57;3088;333
0;58;3087;333
1;58;3087;333
5;58;359;333
7;58;610;333
8;58;609;333
12;58;359;333
14;58;628;333
16;58;359;333
18;58;626;333
28;58;626;333
44;58;2926;333;descriptionEn=Findari's Torment;descriptionDe=Findaris Pein
49;58;359;333
57;58;3092;333
60;58;1272;333
77;58;359;333
80;58;607;333
80;58;1265;333
82;58;3092;333
84;58;2937;333
89;58;466;333
91;58;626;333
92;58;627;333
93;58;3100;333
94;58;627;333
95;58;3099;333
96;58;627;333
97;58;3100;333
98;58;3088;333
99;58;3088;333
0;59;3087;333
1;59;3087;333
8;59;609;333
25;59;359;333
36;59;3101;333
43;59;3101;333
52;59;628;333
55;59;359;333
70;59;359;333
74;59;627;333
80;59;609;333
90;59;3101;333
91;59;3092;333
92;59;629;333
93;59;628;333
94;59;629;333
95;59;628;333
96;59;629;333
97;59;628;333
98;59;3088;333
99;59;3088;333
0;60;3087;333
1;60;3087;333
8;60;609;333
31;60;626;333
32;60;3097;333
33;60;3097;333
36;60;1272;333
38;60;1265;333
39;60;627;333
47;60;628;333
58;60;607;333
65;60;627;333
80;60;609;333
83;60;359;333
93;60;1272;333
94;60;627;333
95;60;3099;333
96;60;627;333
97;60;3100;333
98;60;3088;333
99;60;3088;333
0;61;3087;333
1;61;3087;333
5;61;627;333
8;61;610;333
28;61;359;333
36;61;627;333
37;61;1272;333
38;61;914;333
39;61;914;333
39;61;629;333
39;61;625;333
39;61;3095;333
40;61;914;333
40;61;628;333
43;61;627;333
44;61;3097;333
45;61;3097;333
53;61;359;333
55;61;628;333
58;61;608;333
59;61;3098;333
60;61;3098;333
76;61;627;333
78;61;359;333
80;61;609;333
85;61;627;333
89;61;359;333
93;61;1251;333
94;61;629;333
95;61;628;333
96;61;629;333
97;61;628;333
98;61;3088;333
99;61;3088;333
0;62;3087;333
1;62;3087;333
7;62;611;333
8;62;611;333
11;62;359;333
17;62;359;333
20;62;628;333
30;62;1783;333
31;62;1246;333
32;62;1272;333
35;62;627;333
36;62;629;333
37;62;628;333
38;62;914;333
39;62;914;333
39;62;627;333
40;62;914;333
43;62;629;333
44;62;628;333
45;62;3097;333
58;62;609;333
59;62;3098;333
66;62;359;333
70;62;626;333
80;62;612;333
81;62;1265;333
91;62;628;333
93;62;359;333
97;62;627;333
98;62;3088;333
99;62;3088;333
0;63;3087;333
1;63;3087;333
7;63;609;333
8;63;609;333
12;63;627;333
20;63;359;333
22;63;628;333
22;63;628;333
24;63;359;333
26;63;627;333
35;63;629;333
36;63;628;333
36;63;624;333
36;63;3093;333
37;63;627;333
38;63;914;333
39;63;914;333
39;63;629;333
40;63;914;333
40;63;628;333
48;63;626;333
58;63;610;333
61;63;626;333
76;63;3100;333
82;63;2863;333
82;63;359;333
83;63;3092;333
86;63;359;333
97;63;623;333
98;63;3088;333
99;63;3088;333
0;64;3087;333
1;64;3087;333
7;64;609;333
8;64;609;333
28;64;628;333
37;64;629;333
38;64;628;333
39;64;914;333
40;64;914;333
41;64;1272;333
46;64;359;333
50;64;359;333
58;64;359;333
77;64;524;333
77;64;498;333
83;64;627;333
84;64;626;333
88;64;3100;333
89;64;1265;333
92;64;3092;333
96;64;359;333
97;64;623;333
98;64;3088;333
99;64;3088;333
0;65;3087;333
1;65;3087;333
7;65;609;333
8;65;609;333
14;65;359;333
20;65;626;333
26;65;359;333
31;65;627;333
34;65;2937;333;descriptionEn=A flapping blue robe is pinned to the ground by the bones.;descriptionDe=Ein flatternder blauer Umhang ist mit Knochen am Boden befestigt.
37;65;629;333
37;65;3095;333
38;65;628;333
39;65;627;333
40;65;914;333
58;65;611;333
63;65;359;333
74;65;626;333
76;65;2039;333
79;65;1265;333
83;65;629;333
84;65;628;333
86;65;628;333
92;65;1273;333
97;65;623;333
98;65;3088;333
99;65;3088;333
0;66;3087;333
1;66;3087;333
4;66;628;333
7;66;609;333
8;66;609;333
25;66;1032;333
26;66;1030;333
33;66;1265;333
38;66;1257;333
39;66;629;333
39;66;3095;333
40;66;628;333
41;66;1266;333
42;66;2038;333
45;66;359;333
48;66;3098;333
53;66;627;333
55;66;359;333
58;66;609;333
60;66;628;333
70;66;359;333
75;66;2039;333
76;66;2039;333
84;66;3100;333
90;66;627;333
91;66;626;333
92;66;1273;333
94;66;626;333
97;66;623;333
98;66;3088;333
99;66;3088;333
0;67;3087;333
1;67;3087;333
6;67;359;333
7;67;609;333
8;67;612;333
10;67;3098;333
21;67;1019;333
22;67;1021;333
22;67;513;333
23;67;1020;333
23;67;513;333
24;67;1022;333
24;67;525;333
26;67;994;333
26;67;3096;333
28;67;628;333
33;67;3097;333
36;67;3101;333
58;67;609;333
65;67;627;333
76;67;2937;333;descriptionEn=The bones appear to be wrapped in ceremonial clothing.;descriptionDe=Die Knochen scheinen in zeremonielle Kleidung eingewickelt zu sein.
78;67;2924;333;descriptionEn=Offerings for the ancestors;descriptionDe=Opfer für die Ahnen
84;67;2862;333
84;67;359;333
90;67;629;333
91;67;628;333
92;67;1273;333
93;67;359;333
96;67;359;333
97;67;623;333
98;67;3088;333
99;67;3088;333
0;68;3087;333
1;68;3087;333
7;68;612;333
11;68;1783;333
14;68;627;333
21;68;1007;333
22;68;513;333
26;68;991;333
26;68;1251;333
31;68;607;333
32;68;3101;333
49;68;359;333
58;68;609;333
65;68;359;333
70;68;2863;333
70;68;359;333
71;68;3092;333
76;68;1265;333
78;68;2038;333
79;68;3097;333
82;68;2937;333;descriptionEn=The bones appear to be wrapped in ceremonial clothing.;descriptionDe=Die Knochen scheinen in zeremonielle Kleidung eingewickelt zu sein.
85;68;359;333
87;68;1265;333
91;68;1276;333
92;68;1276;333
97;68;623;333
98;68;3088;333
99;68;3088;333
0;69;3087;333
1;69;3087;333
9;69;1265;333
12;69;3092;333
15;69;797;333
16;69;3100;333
19;69;1265;333
21;69;1004;333
26;69;320;333
26;69;2745;333;descriptionEn=Page 6. Massive numbers of creatures came at us today, while others tortured more victims.  Grahn fell under a mass onslaught.
27;69;1002;333
27;69;3098;333
28;69;3098;333
29;69;359;333
31;69;609;333
35;69;3092;333
40;69;1273;333
45;69;626;333
51;69;628;333
54;69;359;333
58;69;609;333
77;69;2038;333
78;69;2038;333
79;69;2038;333
82;69;2038;333
83;69;2039;333
91;69;627;333
92;69;626;333
97;69;623;333
98;69;3088;333
99;69;3088;333
0;70;3087;333
1;70;3087;333
19;70;3100;333
21;70;999;333
21;70;3099;333
22;70;3100;333
26;70;2850;333
27;70;3100;333
27;70;3095;333
31;70;609;333
33;70;359;333
36;70;914;333
37;70;628;333
58;70;609;333
61;70;626;333
66;70;626;333
75;70;2926;333;descriptionEn=Offerings for the ancestors;descriptionDe=Opfer für die Ahnen
76;70;2038;333
77;70;2038;333
78;70;2038;333
79;70;2038;333
80;70;2038;333
81;70;2925;333;descriptionEn=Offerings for the ancestors;descriptionDe=Opfer für die Ahnen
82;70;2038;333
83;70;1272;333
91;70;629;333
92;70;628;333
93;70;1273;333
95;70;359;333
97;70;623;333
98;70;3088;333
99;70;3088;333
0;71;3087;333
1;71;3087;333
6;71;1020;333
6;71;1019;333
7;71;1028;333
8;71;1027;333
9;71;1025;333
11;71;3101;333
17;71;628;333
20;71;1021;333
20;71;1004;333
26;71;3102;333
31;71;612;333
42;71;359;333
55;71;627;333
56;71;604;333
57;71;603;333
58;71;603;333
59;71;603;333
60;71;605;333
61;71;604;333
62;71;603;333
63;71;603;333
64;71;603;333
65;71;603;333
66;71;603;333
67;71;601;333
77;71;2038;333
78;71;2038;333
79;71;2038;333
86;71;3092;333
91;71;1278;333
92;71;3100;333
93;71;3092;333
96;71;628;333
97;71;623;333
98;71;3088;333
99;71;3088;333
0;72;3087;333
1;72;3087;333
6;72;1006;333
7;72;523;333
7;72;3094;333
12;72;2937;333;descriptionEn=A knife sticks out of the back of the body, rusted with age.;descriptionDe=Ein mit der Zeit verrostetes Messer steckt im Rücken des Körpers
14;72;3101;333
20;72;1006;333
33;72;628;333
46;72;627;333
47;72;604;333
48;72;603;333
49;72;603;333
50;72;603;333
51;72;603;333
52;72;603;333
53;72;603;333
54;72;603;333
55;72;603;333
56;72;603;333
57;72;603;333
58;72;603;333
59;72;603;333
60;72;603;333
61;72;603;333
62;72;605;333
63;72;604;333
64;72;603;333
65;72;603;333
66;72;603;333
67;72;601;333
73;72;1272;333
77;72;3097;333
78;72;2038;333
81;72;1272;333
82;72;1257;333
83;72;628;333
85;72;627;333
88;72;914;333
92;72;3100;333
93;72;1276;333
93;72;3100;333
97;72;623;333
97;72;624;333
98;72;3088;333
99;72;3088;333
0;73;3087;333
1;73;3087;333
6;73;1007;333
8;73;3101;333
10;73;3101;333
23;73;3329;333
23;73;3330;333
23;73;3331;333
23;73;3332;333
32;73;3099;333
37;73;627;333
47;73;608;333
48;73;608;333
49;73;626;333
49;73;3082;333;descriptionEn=The end of the line.;descriptionDe=Das Ende der Flucht. 
56;73;359;333
66;73;3099;333
67;73;3099;333
75;73;2745;333;descriptionEn=Page 9.  This area appears to be a shrine of some kind.  The stacks of skulls are creepy so I am pressing Horace and Zzeslia to move on.
78;73;2927;333;descriptionEn=Offerings for the ancestors;descriptionDe=Opfer für die Ahnen
81;73;3098;333
92;73;627;333
93;73;626;333
97;73;623;333
98;73;3088;333
99;73;3088;333
0;74;3087;333
1;74;3087;333
5;74;994;333
13;74;607;333
15;74;359;333
22;74;3102;333
28;74;1251;333
30;74;3102;333
34;74;359;333
35;74;3097;333
36;74;3098;333
42;74;628;333
47;74;608;333
48;74;608;333
54;74;628;333
58;74;359;333
61;74;627;333
66;74;3099;333
69;74;627;333
70;74;626;333
73;74;2937;333;descriptionEn=The bones appear to be wrapped in ceremonial clothing.;descriptionDe=Die Knochen scheinen in zeremonielle Kleidung eingewickelt zu sein.
83;74;2926;333;descriptionEn=Caution Hot!;descriptionDe=Vorsicht Heiß!
92;74;629;333
93;74;628;333
97;74;623;333
97;74;623;333
98;74;3088;333
99;74;3088;333
0;75;3087;333
1;75;3087;333
5;75;992;333
9;75;1037;333
11;75;3101;333
13;75;609;333
25;75;3097;333
34;75;3097;333
35;75;3097;333
36;75;3098;333
47;75;610;333
48;75;608;333
54;75;359;333
68;75;2863;333
68;75;359;333
69;75;629;333
70;75;628;333
73;75;2039;333
74;75;2039;333
74;75;2039;333
83;75;2114;333
84;75;359;333
86;75;3100;333
97;75;623;333
98;75;3088;333
99;75;3088;333
0;76;3087;333
1;76;3087;333
6;76;629;333
7;76;1022;333
7;76;3100;333
8;76;1021;333
8;76;3098;333
8;76;3093;333
9;76;3097;333
12;76;359;333
13;76;609;333
17;76;3092;333
19;76;3097;333
33;76;3092;333
34;76;3265;333
34;76;3265;333
35;76;3265;333
35;76;3265;333
39;76;3092;333
40;76;3100;333
44;76;359;333
47;76;359;333
48;76;608;333
73;76;2039;333
84;76;628;333
89;76;1265;333
90;76;627;333
91;76;626;333
94;76;626;333
96;76;359;333
97;76;623;333
98;76;3088;333
99;76;3088;333
0;77;3087;333
1;77;3087;333
7;77;3099;333
8;77;3098;333
8;77;3093;333
13;77;612;333
14;77;3101;333
15;77;2924;333;descriptionEn=Punishment Area;descriptionDe=Bestrafungsplatz
28;77;3100;333
30;77;359;333
33;77;3265;333
33;77;3265;333
34;77;3265;333
34;77;2039;333
34;77;3096;333
35;77;3265;333
35;77;2039;333
37;77;3101;333
39;77;3099;333
40;77;3100;333
46;77;627;333
47;77;611;333
48;77;608;333
71;77;3098;333
76;77;1272;333
78;77;2039;333
79;77;2038;333
80;77;522;333
80;77;498;333
83;77;359;333
90;77;629;333
91;77;628;333
97;77;623;333
98;77;3088;333
99;77;3088;333
0;78;3087;333
1;78;3087;333
9;78;626;333
22;78;2926;333;descriptionEn=Graves for the weak.;descriptionDe=Gräber der Schwachen
25;78;3092;333
27;78;3100;333
39;78;606;333
40;78;603;333
41;78;603;333
42;78;603;333
43;78;603;333
44;78;605;333
45;78;604;333
46;78;603;333
47;78;603;333
48;78;603;333
49;78;626;333
55;78;627;333
61;78;359;333
65;78;359;333
67;78;627;333
73;78;3092;333
78;78;2039;333
79;78;1265;333
82;78;359;333
85;78;1273;333
88;78;1265;333
91;78;1273;333
91;78;1273;333
93;78;359;333
97;78;629;333
98;78;3088;333
99;78;3088;333
0;79;3087;333
1;79;3087;333
6;79;1272;333
16;79;1272;333
17;79;1272;333
25;79;24;333
27;79;520;333;descriptionEn=This grave marker is blank and the hole before it empty and ready to be filled;descriptionDe=Der Grabstein ist blank, die Grube davor leer, bereit gefüllt zu werden.
31;79;359;333
34;79;3101;333
39;79;606;333
40;79;603;333
41;79;603;333
42;79;605;333
43;79;604;333
44;79;603;333
45;79;603;333
46;79;603;333
47;79;603;333
48;79;603;333
49;79;628;333
53;79;359;333
61;79;626;333
70;79;1265;333
70;79;359;333
78;79;2937;333;descriptionEn=The bones appear to be wrapped in ceremonial clothing.;descriptionDe=Die Knochen scheinen in zeremonielle Kleidung eingewickelt zu sein.
80;79;3092;333
82;79;1257;333
83;79;3092;333
89;79;627;333
90;79;626;333
96;79;628;333
97;79;627;333
98;79;3088;333
99;79;3088;333
0;80;3087;333
1;80;3087;333
5;80;628;333
12;80;1272;333
16;80;1272;333
17;80;1272;333
29;80;628;333
37;80;3101;333
43;80;626;333
57;80;628;333
65;80;3092;333
66;80;3099;333
73;80;628;333
75;80;627;333
89;80;629;333
90;80;628;333
93;80;628;333
97;80;3097;333
98;80;3088;333
99;80;3088;333
0;81;3087;333
1;81;3087;333
8;81;3092;333
12;81;1272;333
14;81;3101;333
14;81;3101;333
17;81;2664;333
17;81;3101;333
23;81;521;333;descriptionEn=Grahn;descriptionDe=Grahn
25;81;519;333;descriptionEn=This appears to be a marker for a mass grave;descriptionDe=Dies scheint eine Markierung eines Massengrabes zu sein.
29;81;1265;333
30;81;524;333
30;81;9;333
30;81;3101;333
31;81;524;333
31;81;2746;333
32;81;2140;333
32;81;2140;333
39;81;3092;333
44;81;359;333
49;81;627;333
54;81;359;333
65;81;1257;333
69;81;3100;333
70;81;3100;333
74;81;3098;333
75;81;359;333
79;81;627;333
84;81;915;333
89;81;1273;333
91;81;359;333
97;81;1272;333
97;81;627;333
98;81;3088;333
99;81;3088;333
0;82;3087;333
1;82;3087;333
7;82;1265;333
11;82;2924;333
18;82;3101;333
28;82;173;333
29;82;522;333
29;82;2697;333
29;82;3101;333
30;82;3101;333
31;82;3101;333
32;82;2681;333
34;82;2745;333;descriptionEn=Page 10. Bodies lay around in various stages of amputation.  Parts are in the boxes and some strewn on the table.  Weakened by the lack of water, Zzeslia has fallen here in this mess.  I will carry her forward and out of this cesspit.
36;82;3265;333
36;82;2038;333
37;82;3265;333
37;82;3265;333
38;82;3265;333
38;82;3265;333
46;82;359;333
70;82;3100;333
78;82;359;333
88;82;606;333
89;82;603;333
90;82;603;333
91;82;603;333
92;82;605;333
93;82;604;333
94;82;603;333
95;82;601;333
97;82;623;333
98;82;3088;333
99;82;3088;333
0;83;3087;333
1;83;3087;333
10;83;3101;333
11;83;3332;333
11;83;3331;333
11;83;3330;333
11;83;3329;333
16;83;3101;333
18;83;3329;333
18;83;3330;333
18;83;3331;333
19;83;466;333
25;83;626;333
30;83;3101;333
34;83;3101;333
36;83;3265;333
36;83;3265;333
37;83;3265;333
37;83;3265;333
51;83;628;333
54;83;359;333
58;83;627;333
86;83;606;333
87;83;603;333
88;83;603;333
89;83;605;333
90;83;604;333
91;83;603;333
92;83;605;333
93;83;604;333
94;83;603;333
95;83;601;333
97;83;623;333
98;83;3088;333
99;83;3088;333
0;84;3087;333
1;84;3087;333
11;84;466;333
13;84;3101;333
17;84;3330;333
21;84;3101;333
28;84;173;333
29;84;522;333
29;84;2140;333
30;84;2681;333
36;84;3265;333
36;84;2038;333
39;84;359;333
41;84;627;333
60;84;359;333
63;84;1265;333
64;84;3097;333
68;84;2745;333;descriptionEn=Page 11.  I laid Zzeslia to rest. I miss my lover and friend.  As I sit here at the fire and surrounded by lava, I feel cold inside.
74;84;3099;333
75;84;3092;333
86;84;915;333
87;84;915;333
97;84;629;333
98;84;3088;333
99;84;3088;333
0;85;3087;333
1;85;3087;333
14;85;2862;333
14;85;359;333
15;85;2862;333
15;85;359;333
16;85;2862;333
16;85;359;333
19;85;3101;333
24;85;359;333
26;85;3097;333
69;85;2586;333
71;85;3098;333
76;85;606;333
77;85;605;333
78;85;604;333
78;85;359;333
79;85;601;333
86;85;915;333
89;85;359;333
96;85;627;333
97;85;626;333
98;85;3088;333
99;85;3088;333
0;86;3087;333
1;86;3087;333
9;86;2664;333
9;86;3101;333
11;86;3101;333
16;86;3101;333
33;86;3101;333
43;86;626;333
58;86;627;333
65;86;3100;333
68;86;2586;333
69;86;12;333
70;86;2586;333
76;86;606;333
77;86;605;333
78;86;604;333
79;86;601;333
85;86;3092;333
88;86;627;333
91;86;628;333
96;86;629;333
97;86;628;333
98;86;3088;333
99;86;3088;333
0;87;3087;333
1;87;3087;333
9;87;3101;333
17;87;466;333
27;87;3101;333
30;87;1793;333
30;87;3094;333
34;87;606;333
35;87;602;333
36;87;602;333
37;87;603;333
38;87;605;333
39;87;627;333
40;87;604;333
41;87;603;333
42;87;603;333
43;87;605;333
44;87;359;333
45;87;604;333
46;87;603;333
47;87;605;333
48;87;359;333
49;87;604;333
50;87;605;333
51;87;626;333
52;87;604;333
53;87;603;333
54;87;603;333
55;87;603;333
56;87;603;333
57;87;603;333
58;87;605;333
64;87;3100;333
69;87;2586;333
81;87;1265;333
97;87;627;333
98;87;3088;333
99;87;3088;333
0;88;3087;333
1;88;3087;333
10;88;466;333
11;88;3329;333
11;88;3330;333
11;88;3331;333
11;88;3332;333
14;88;3101;333
15;88;2664;333
15;88;3101;333
18;88;3331;333
18;88;3330;333
18;88;3329;333
18;88;3332;333
21;88;628;333
24;88;3101;333
26;88;498;333
26;88;498;333
28;88;498;333
29;88;498;333
34;88;606;333
35;88;602;333
36;88;602;333
37;88;602;333
38;88;602;333
39;88;602;333
40;88;602;333
41;88;603;333
42;88;603;333
43;88;602;333
44;88;602;333
45;88;602;333
46;88;605;333
47;88;604;333
48;88;602;333
49;88;602;333
50;88;602;333
51;88;602;333
52;88;602;333
53;88;602;333
54;88;605;333
57;88;604;333
58;88;603;333
59;88;603;333
60;88;601;333
65;88;1265;333
65;88;3100;333
73;88;1272;333
77;88;359;333
83;88;1245;333
84;88;1272;333
89;88;359;333
91;88;2745;333;descriptionEn=Page 12.  Horace and I found a small hole and some pick-axes.  After we rest, we will start trying to dig our way out.
96;88;48;333
97;88;623;333
98;88;3088;333
99;88;3088;333
0;89;3087;333
1;89;3087;333
22;89;3092;333
26;89;498;333
27;89;498;333
29;89;498;333
31;89;1006;333
35;89;628;333
65;89;3100;333
66;89;3100;333
67;89;1783;333
68;89;3098;333
87;89;359;333
91;89;2763;333
97;89;623;333
97;89;625;333
98;89;3088;333
99;89;3088;333
0;90;3087;333
1;90;3087;333
16;90;3092;333
17;90;627;333
18;90;3101;333
25;90;1797;333
27;90;498;333
28;90;498;333
29;90;3098;333
29;90;3095;333
30;90;1796;333
30;90;3101;333
38;90;359;333
43;90;628;333
52;90;359;333
62;90;3092;333
66;90;3100;333
67;90;3100;333
78;90;915;333
91;90;2760;333
93;90;29;333
95;90;2760;333
97;90;735;333
97;90;623;333
98;90;3088;333
99;90;3088;333
0;91;3087;333
1;91;3087;333
5;91;359;333
7;91;359;333
9;91;627;333
12;91;359;333
15;91;3101;333
17;91;629;333
18;91;628;333
19;91;359;333
24;91;1265;333
24;91;3096;333
25;91;1795;333
30;91;1794;333
47;91;627;333
53;91;628;333
64;91;3099;333
67;91;628;333
71;91;3097;333
97;91;629;333
98;91;3088;333
99;91;3088;333
0;92;3087;333
1;92;3087;333
6;92;626;333
28;92;1022;333
29;92;1024;333
57;92;628;333
61;92;359;333
69;92;1265;333
69;92;137;333
70;92;519;333;descriptionDe=Zzeslia;descriptionEn=Zzeslia
71;92;1783;333
74;92;627;333
82;92;1272;333
87;92;627;333
88;92;626;333
92;92;48;333
94;92;2763;333
95;92;1265;333
96;92;3100;333
97;92;3100;333
98;92;3088;333
99;92;3088;333
0;93;3087;333
1;93;3087;333
20;93;3099;333
28;93;3092;333
35;93;626;333
39;93;359;333
42;93;359;333
48;93;626;333
83;93;626;333
85;93;359;333
87;93;629;333
88;93;628;333
89;93;735;333
95;93;3100;333
96;93;3100;333
97;93;3097;333
98;93;3088;333
99;93;3088;333
0;94;3087;333
1;94;3087;333
11;94;626;333
15;94;627;333
17;94;359;333
23;94;3092;333
31;94;627;333
57;94;359;333
61;94;627;333
70;94;3092;333
72;94;359;333
81;94;359;333
91;94;1272;333
96;94;3098;333
97;94;3098;333
97;94;3096;333
98;94;3088;333
99;94;3088;333
0;95;3087;333
1;95;3087;333
7;95;626;333
12;95;359;333
17;95;1272;333
29;95;359;333
32;95;359;333
48;95;359;333
64;95;628;333
78;95;3092;333
88;95;1272;333
97;95;623;333
98;95;3088;333
99;95;3088;333
0;96;3087;333
1;96;3087;333
8;96;359;333
17;96;359;333
19;96;628;333
21;96;626;333
28;96;628;333
36;96;627;333
42;96;627;333
55;96;627;333
76;96;628;333
84;96;628;333
87;96;3100;333
97;96;3100;333
98;96;3088;333
99;96;3088;333
0;97;3087;333
0;97;3087;333
0;97;3087;333
1;97;3087;333
26;97;628;333
30;97;359;333
51;97;627;333
71;97;628;333
75;97;359;333
79;97;627;333
82;97;359;333
86;97;3100;333
87;97;3100;333
90;97;627;333
91;97;626;333
95;97;3100;333
96;97;3100;333
97;97;3100;333
98;97;3088;333
99;97;3088;333
0;98;3087;333
1;98;3087;333
58;98;359;333
61;98;626;333
66;98;359;333
68;98;626;333
80;98;359;333
81;98;359;333
86;98;3098;333
87;98;3098;333
90;98;629;333
91;98;626;333
91;98;626;333
91;98;626;333
91;98;628;333
95;98;3100;333
96;98;3100;333
97;98;3100;333
98;98;3088;333
99;98;3088;333
0;99;3086;333
1;99;3086;333
2;99;3086;333
3;99;3086;333
4;99;3086;333
5;99;3086;333
6;99;3086;333
7;99;3086;333
8;99;3086;333
9;99;3086;333
10;99;3086;333
11;99;3086;333
12;99;3086;333
13;99;3086;333
14;99;3086;333
15;99;3086;333
16;99;3086;333
17;99;3086;333
18;99;3086;333
19;99;3086;333
20;99;3086;333
21;99;3086;333
22;99;3086;333
23;99;3086;333
24;99;3086;333
25;99;3086;333
26;99;3086;333
27;99;3086;333
28;99;3086;333
29;99;3086;333
30;99;3086;333
31;99;3086;333
32;99;3086;333
33;99;3086;333
34;99;3086;333
35;99;3086;333
36;99;3086;333
37;99;3086;333
38;99;3086;333
39;99;3086;333
40;99;3086;333
41;99;3086;333
42;99;3086;333
43;99;3086;333
44;99;3086;333
45;99;3086;333
46;99;3086;333
47;99;3086;333
48;99;3086;333
49;99;3086;333
50;99;3086;333
51;99;3086;333
52;99;3086;333
53;99;3086;333
54;99;3086;333
55;99;3086;333
56;99;3086;333
57;99;3086;333
58;99;3086;333
59;99;3086;333
60;99;3086;333
61;99;3086;333
62;99;3086;333
63;99;3086;333
64;99;3086;333
65;99;3086;333
66;99;3086;333
67;99;3086;333
68;99;3086;333
69;99;3086;333
70;99;3086;333
71;99;3086;333
72;99;3086;333
73;99;3086;333
74;99;3086;333
75;99;3086;333
76;99;3086;333
77;99;3086;333
78;99;3086;333
79;99;3086;333
80;99;3086;333
81;99;3086;333
82;99;3086;333
83;99;3086;333
84;99;3086;333
85;99;3086;333
86;99;3086;333
87;99;3086;333
88;99;3086;333
89;99;3086;333
90;99;3086;333
91;99;3086;333
92;99;3086;333
93;99;3086;333
94;99;3086;333
95;99;3086;333
96;99;3086;333
97;99;3086;333
98;99;3088;333
98;99;3086;333
99;99;3088;333
99;99;3086;333
