# Illarion Server
# 
# This program is free software: you can redistribute it and/or modify it under
# the terms of the GNU Affero General Public License as published by the Free
# Software Foundation, either version 3 of the License, or (at your option) any
# later version.
# 
# This program is distributed in the hope that it will be useful, but WITHOUT
# ANY WARRANTY; without even the implied warranty of MERCHANTABILITY or FITNESS
# FOR A PARTICULAR PURPOSE.  See the GNU Affero General Public License for more
# details.
# 
# You should have received a copy of the GNU Affero General Public License along
# with this program.  If not, see <http://www.gnu.org/licenses/>.
V: 2
L: -10
X: 431
Y: 830
W: 20
H: 25
0;0;16;0
1;0;16;0
2;0;16;0
3;0;16;0
4;0;16;0
5;0;16;0
6;0;16;0
7;0;16;0
8;0;16;0
9;0;16;0
10;0;16;0
11;0;16;0
12;0;16;0
13;0;16;0
14;0;16;0
15;0;16;0
16;0;16;0
17;0;16;0
18;0;16;0
19;0;16;0
0;1;16;0
1;1;16;0
2;1;16;0
3;1;16;0
4;1;16;0
5;1;16;0
6;1;16;0
7;1;16;0
8;1;16;0
9;1;16;0
10;1;16;0
11;1;16;0
12;1;16;0
13;1;16;0
14;1;16;0
15;1;16;0
16;1;16;0
17;1;16;0
18;1;16;0
19;1;16;0
0;2;16;0
1;2;16;0
2;2;16;0
3;2;16;0
4;2;16;0
5;2;16;0
6;2;16;0
7;2;16;0
8;2;16;0
9;2;16;0
10;2;16;0
11;2;16;0
12;2;16;0
13;2;16;0
14;2;16;0
15;2;16;0
16;2;16;0
17;2;16;0
18;2;16;0
19;2;16;0
0;3;16;0
1;3;16;0
2;3;16;0
3;3;16;0
4;3;16;0
5;3;16;0
6;3;16;0
7;3;16;0
8;3;16;0
9;3;17926;0
10;3;9734;0
11;3;27142;0
12;3;16;0
13;3;16;0
14;3;16;0
15;3;16;0
16;3;16;0
17;3;16;0
18;3;16;0
19;3;16;0
0;4;16;0
1;4;16;0
2;4;16;0
3;4;16;0
4;4;16;0
5;4;16;0
6;4;16;0
7;4;16;0
8;4;19974;0
9;4;6;0
10;4;6;0
11;4;25094;0
12;4;16;0
13;4;16;0
14;4;16;0
15;4;16;0
16;4;16;0
17;4;16;0
18;4;16;0
19;4;16;0
0;5;16;0
1;5;16;0
2;5;16;0
3;5;16;0
4;5;16;0
5;5;16;0
6;5;16;0
7;5;16;0
8;5;28166;0
9;5;11782;0
10;5;22022;0
11;5;16;0
12;5;16;0
13;5;16;0
14;5;16;0
15;5;16;0
16;5;16;0
17;5;16;0
18;5;16;0
19;5;16;0
0;6;16;0
1;6;16;0
2;6;16;0
3;6;16;0
4;6;16;0
5;6;16;0
6;6;16;0
7;6;16;0
8;6;16;0
9;6;16;0
10;6;16;0
11;6;16;0
12;6;16;0
13;6;16;0
14;6;16;0
15;6;16;0
16;6;16;0
17;6;16;0
18;6;16;0
19;6;16;0
0;7;16;0
1;7;16;0
2;7;16;0
3;7;16;0
4;7;16;0
5;7;16;0
6;7;16;0
7;7;16;0
8;7;16;0
9;7;16;0
10;7;16;0
11;7;16;0
12;7;16;0
13;7;16;0
14;7;16;0
15;7;16;0
16;7;16;0
17;7;16;0
18;7;16;0
19;7;16;0
0;8;16;0
1;8;16;0
2;8;16;0
3;8;16;0
4;8;16;0
5;8;16;0
6;8;16;0
7;8;16;0
8;8;16;0
9;8;17928;0
10;8;27144;0
11;8;16;0
12;8;16;0
13;8;16;0
14;8;17926;0
15;8;27142;0
16;8;16;0
17;8;16;0
18;8;16;0
19;8;16;0
0;9;16;0
1;9;16;0
2;9;16;0
3;9;16;0
4;9;16;0
5;9;16;0
6;9;16;0
7;9;16;0
8;9;19976;0
9;9;8;0
10;9;25096;0
11;9;16;0
12;9;16;0
13;9;19974;0
14;9;6;0
15;9;25094;0
16;9;16;0
17;9;16;0
18;9;16;0
19;9;16;0
0;10;16;0
1;10;16;0
2;10;16;0
3;10;16;0
4;10;16;0
5;10;16;0
6;10;16;0
7;10;16;0
8;10;28168;0
9;10;22024;0
10;10;16;0
11;10;16;0
12;10;16;0
13;10;28166;0
14;10;22022;0
15;10;16;0
16;10;16;0
17;10;16;0
18;10;16;0
19;10;16;0
0;11;16;0
1;11;16;0
2;11;16;0
3;11;16;0
4;11;16;0
5;11;16;0
6;11;16;0
7;11;16;0
8;11;16;0
9;11;16;0
10;11;16;0
11;11;16;0
12;11;16;0
13;11;16;0
14;11;16;0
15;11;16;0
16;11;16;0
17;11;16;0
18;11;16;0
19;11;16;0
0;12;16;0
1;12;16;0
2;12;16;0
3;12;16;0
4;12;26118;0
5;12;9734;0
6;12;27142;0
7;12;16;0
8;12;16;0
9;12;16;0
10;12;16;0
11;12;16;0
12;12;16;0
13;12;16;0
14;12;16;0
15;12;16;0
16;12;16;0
17;12;16;0
18;12;16;0
19;12;16;0
0;13;16;0
1;13;16;0
2;13;16;0
3;13;16;0
4;13;10758;0
5;13;6;0
6;13;25094;0
7;13;16;0
8;13;16;0
9;13;16;0
10;13;16;0
11;13;16;0
12;13;16;0
13;13;16;0
14;13;16;0
15;13;16;0
16;13;16;0
17;13;16;0
18;13;16;0
19;13;16;0
0;14;16;0
1;14;16;0
2;14;16;0
3;14;16;0
4;14;28166;0
5;14;22022;0
6;14;16;0
7;14;16;0
8;14;16;0
9;14;16;0
10;14;16;0
11;14;16;0
12;14;16;0
13;14;16;0
14;14;16;0
15;14;16;0
16;14;16;0
17;14;16;0
18;14;16;0
19;14;16;0
0;15;16;0
1;15;16;0
2;15;16;0
3;15;16;0
4;15;16;0
5;15;16;0
6;15;16;0
7;15;16;0
8;15;16;0
9;15;16;0
10;15;16;0
11;15;16;0
12;15;16;0
13;15;16;0
14;15;16;0
15;15;16;0
16;15;16;0
17;15;16;0
18;15;16;0
19;15;16;0
0;16;16;0
1;16;16;0
2;16;16;0
3;16;16;0
4;16;16;0
5;16;16;0
6;16;16;0
7;16;16;0
8;16;16;0
9;16;16;0
10;16;16;0
11;16;17926;0
12;16;27142;0
13;16;16;0
14;16;16;0
15;16;16;0
16;16;16;0
17;16;16;0
18;16;16;0
19;16;16;0
0;17;16;0
1;17;16;0
2;17;16;0
3;17;16;0
4;17;16;0
5;17;16;0
6;17;16;0
7;17;16;0
8;17;16;0
9;17;16;0
10;17;19974;0
11;17;6;0
12;17;12806;0
13;17;16;0
14;17;16;0
15;17;16;0
16;17;16;0
17;17;16;0
18;17;16;0
19;17;16;0
0;18;16;0
1;18;16;0
2;18;16;0
3;18;16;0
4;18;26118;0
5;18;9734;0
6;18;27142;0
7;18;16;0
8;18;16;0
9;18;16;0
10;18;28166;0
11;18;11782;0
12;18;29190;0
13;18;16;0
14;18;16;0
15;18;16;0
16;18;16;0
17;18;16;0
18;18;16;0
19;18;16;0
0;19;16;0
1;19;16;0
2;19;16;0
3;19;16;0
4;19;10758;0
5;19;6;0
6;19;12806;0
7;19;16;0
8;19;16;0
9;19;16;0
10;19;16;0
11;19;16;0
12;19;16;0
13;19;16;0
14;19;16;0
15;19;16;0
16;19;16;0
17;19;16;0
18;19;16;0
19;19;16;0
0;20;16;0
1;20;16;0
2;20;16;0
3;20;16;0
4;20;28166;0
5;20;11782;0
6;20;29190;0
7;20;16;0
8;20;16;0
9;20;16;0
10;20;16;0
11;20;16;0
12;20;16;0
13;20;16;0
14;20;16;0
15;20;16;0
16;20;16;0
17;20;16;0
18;20;16;0
19;20;16;0
0;21;16;0
1;21;16;0
2;21;16;0
3;21;16;0
4;21;16;0
5;21;16;0
6;21;16;0
7;21;16;0
8;21;16;0
9;21;16;0
10;21;16;0
11;21;16;0
12;21;16;0
13;21;16;0
14;21;16;0
15;21;16;0
16;21;16;0
17;21;16;0
18;21;16;0
19;21;16;0
0;22;16;0
1;22;16;0
2;22;16;0
3;22;16;0
4;22;16;0
5;22;16;0
6;22;16;0
7;22;16;0
8;22;16;0
9;22;16;0
10;22;16;0
11;22;16;0
12;22;16;0
13;22;16;0
14;22;16;0
15;22;16;0
16;22;16;0
17;22;16;0
18;22;16;0
19;22;16;0
0;23;16;0
1;23;16;0
2;23;16;0
3;23;16;0
4;23;16;0
5;23;16;0
6;23;16;0
7;23;16;0
8;23;16;0
9;23;16;0
10;23;16;0
11;23;16;0
12;23;16;0
13;23;16;0
14;23;16;0
15;23;16;0
16;23;16;0
17;23;16;0
18;23;16;0
19;23;16;0
0;24;16;0
1;24;16;0
2;24;16;0
3;24;16;0
4;24;16;0
5;24;16;0
6;24;16;0
7;24;16;0
8;24;16;0
9;24;16;0
10;24;16;0
11;24;16;0
12;24;16;0
13;24;16;0
14;24;16;0
15;24;16;0
16;24;16;0
17;24;16;0
18;24;16;0
19;24;16;0
