# Illarion Server
# 
# This program is free software: you can redistribute it and/or modify it under
# the terms of the GNU Affero General Public License as published by the Free
# Software Foundation, either version 3 of the License, or (at your option) any
# later version.
# 
# This program is distributed in the hope that it will be useful, but WITHOUT
# ANY WARRANTY; without even the implied warranty of MERCHANTABILITY or FITNESS
# FOR A PARTICULAR PURPOSE.  See the GNU Affero General Public License for more
# details.
# 
# You should have received a copy of the GNU Affero General Public License along
# with this program.  If not, see <http://www.gnu.org/licenses/>.
0;0;3092;333
1;0;3092;333
1;0;3092;333
2;0;3092;333
2;0;3092;333
3;0;3092;333
3;0;3092;333
4;0;3092;333
4;0;3092;333
5;0;3092;333
5;0;3092;333
5;0;3092;333
6;0;3092;333
6;0;3092;333
7;0;3092;333
7;0;3092;333
8;0;3092;333
9;0;3092;333
10;0;3092;333
11;0;3092;333
12;0;3092;333
13;0;3092;333
14;0;3092;333
15;0;3092;333
16;0;3092;333
17;0;3092;333
18;0;3092;333
19;0;3092;333
20;0;3092;333
21;0;3092;333
21;0;3092;333
22;0;3092;333
22;0;3092;333
23;0;3092;333
23;0;3092;333
23;0;3092;333
24;0;3092;333
25;0;3092;333
25;0;3092;333
26;0;3092;333
27;0;3092;333
27;0;3089;333
28;0;3092;333
28;0;3089;333
29;0;3089;333
30;0;3089;333
30;0;3089;333
31;0;3089;333
32;0;3089;333
33;0;3089;333
34;0;3089;333
35;0;3089;333
36;0;3089;333
37;0;3089;333
38;0;3089;333
39;0;3089;333
40;0;3089;333
41;0;3089;333
42;0;3089;333
43;0;3089;333
44;0;3089;333
45;0;3089;333
46;0;3089;333
47;0;3089;333
48;0;3089;333
49;0;3089;333
50;0;3089;333
51;0;3089;333
52;0;3089;333
53;0;3089;333
54;0;3089;333
55;0;3089;333
56;0;3089;333
57;0;3089;333
58;0;3089;333
59;0;3089;333
60;0;3089;333
61;0;3089;333
62;0;3089;333
63;0;3089;333
64;0;3089;333
65;0;3089;333
66;0;3089;333
67;0;3089;333
68;0;3089;333
69;0;3089;333
70;0;3089;333
71;0;3089;333
72;0;3089;333
73;0;3089;333
74;0;3089;333
75;0;3089;333
76;0;3089;333
77;0;3089;333
78;0;3089;333
79;0;3089;333
80;0;3089;333
81;0;3092;333
82;0;3092;333
83;0;3092;333
84;0;3092;333
0;1;3092;333
1;1;3092;333
1;1;3092;333
2;1;3092;333
2;1;3092;333
3;1;3092;333
3;1;3092;333
4;1;3092;333
4;1;3092;333
5;1;3092;333
5;1;3092;333
6;1;3092;333
7;1;3092;333
8;1;3092;333
9;1;3092;333
10;1;3092;333
11;1;3092;333
12;1;3092;333
13;1;3092;333
14;1;3092;333
15;1;3092;333
16;1;3092;333
17;1;3092;333
18;1;3092;333
19;1;3092;333
20;1;3092;333
21;1;3092;333
21;1;3092;333
22;1;3092;333
22;1;3092;333
23;1;3092;333
23;1;3092;333
23;1;3092;333
24;1;3092;333
25;1;3092;333
25;1;3092;333
25;1;3089;333
26;1;3092;333
26;1;3089;333
27;1;3092;333
27;1;3089;333
28;1;3092;333
29;1;3089;333
30;1;3089;333
31;1;3089;333
32;1;3089;333
33;1;3089;333
34;1;3089;333
35;1;3089;333
36;1;3089;333
37;1;3089;333
38;1;3089;333
39;1;3089;333
40;1;3089;333
41;1;3089;333
42;1;3089;333
43;1;3089;333
44;1;3089;333
45;1;3089;333
46;1;3089;333
47;1;3089;333
48;1;3089;333
49;1;3089;333
49;1;3085;333
50;1;3085;333
51;1;3085;333
52;1;3085;333
53;1;3085;333
54;1;3085;333
55;1;3085;333
56;1;3085;333
57;1;3085;333
58;1;3085;333
59;1;3085;333
60;1;3085;333
61;1;3085;333
62;1;3085;333
63;1;3085;333
64;1;3085;333
65;1;3085;333
66;1;3085;333
67;1;3085;333
68;1;3085;333
69;1;3085;333
70;1;3085;333
71;1;3085;333
72;1;3085;333
73;1;3085;333
74;1;3085;333
75;1;3085;333
76;1;3085;333
77;1;3085;333
78;1;3085;333
79;1;3085;333
80;1;3085;333
81;1;3092;333
82;1;3092;333
83;1;3092;333
84;1;3092;333
0;2;3092;333
1;2;3092;333
1;2;3092;333
2;2;3092;333
2;2;3092;333
2;2;3092;333
3;2;3092;333
3;2;3092;333
3;2;3092;333
4;2;3092;333
4;2;3092;333
4;2;3092;333
5;2;3092;333
5;2;3092;333
5;2;3092;333
6;2;3092;333
6;2;3092;333
7;2;3092;333
8;2;3092;333
9;2;3092;333
10;2;3092;333
11;2;3092;333
12;2;3092;333
13;2;3092;333
14;2;3092;333
15;2;3092;333
16;2;3092;333
17;2;3092;333
18;2;3092;333
19;2;3092;333
20;2;3092;333
21;2;3092;333
21;2;3092;333
22;2;3092;333
22;2;3092;333
23;2;3092;333
23;2;3092;333
23;2;3092;333
24;2;3092;333
24;2;3092;333
25;2;3092;333
25;2;3092;333
25;2;3092;333
25;2;3089;333
26;2;3092;333
26;2;3089;333
27;2;3092;333
27;2;3089;333
28;2;3092;333
29;2;3089;333
30;2;3089;333
31;2;3089;333
32;2;3089;333
33;2;3089;333
34;2;3089;333
35;2;3089;333
36;2;3089;333
37;2;3089;333
38;2;3089;333
39;2;3089;333
40;2;3089;333
41;2;3089;333
42;2;3089;333
43;2;3089;333
44;2;3089;333
45;2;3089;333
46;2;3089;333
47;2;3089;333
48;2;3089;333
49;2;3089;333
56;2;2855;333
82;2;3092;333
83;2;3092;333
84;2;3092;333
0;3;3092;333
0;3;3092;333
1;3;3092;333
1;3;3092;333
2;3;3092;333
3;3;3092;333
4;3;3092;333
5;3;3092;333
6;3;3092;333
7;3;3092;333
8;3;3092;333
9;3;3092;333
10;3;3092;333
11;3;3092;333
12;3;3092;333
13;3;3092;333
14;3;3092;333
15;3;3092;333
16;3;3092;333
17;3;3092;333
18;3;3092;333
19;3;3092;333
20;3;3092;333
21;3;3092;333
21;3;3092;333
21;3;3092;333
22;3;3092;333
22;3;3092;333
22;3;3092;333
23;3;3092;333
23;3;3092;333
23;3;3092;333
24;3;3092;333
24;3;3092;333
25;3;3092;333
25;3;3092;333
25;3;3092;333
26;3;3092;333
27;3;3092;333
27;3;3089;333
28;3;3092;333
28;3;3089;333
29;3;3089;333
30;3;3089;333
31;3;3089;333
32;3;3089;333
33;3;3089;333
34;3;3089;333
35;3;3089;333
36;3;3089;333
37;3;3089;333
38;3;3089;333
39;3;3089;333
40;3;3089;333
41;3;3089;333
42;3;3089;333
43;3;3089;333
44;3;3089;333
45;3;3089;333
46;3;3089;333
47;3;3089;333
48;3;3085;333
49;3;3085;333
82;3;3092;333
83;3;3092;333
84;3;3092;333
0;4;3092;333
0;4;3092;333
0;4;3092;333
1;4;3092;333
1;4;3092;333
1;4;3092;333
2;4;3092;333
2;4;3092;333
3;4;3092;333
4;4;3092;333
5;4;3092;333
6;4;3092;333
7;4;3092;333
8;4;3092;333
9;4;3092;333
10;4;3092;333
11;4;3092;333
12;4;3092;333
13;4;3092;333
14;4;3092;333
15;4;3092;333
16;4;3092;333
17;4;3092;333
18;4;3092;333
19;4;3092;333
20;4;3092;333
21;4;3092;333
21;4;3092;333
22;4;3092;333
22;4;3092;333
23;4;3092;333
23;4;3092;333
24;4;3092;333
25;4;3092;333
25;4;3092;333
26;4;3092;333
27;4;3092;333
27;4;3089;333
28;4;3092;333
28;4;3089;333
29;4;3089;333
30;4;3089;333
31;4;3089;333
32;4;3089;333
33;4;3089;333
34;4;3089;333
35;4;3089;333
36;4;3089;333
37;4;3089;333
38;4;3089;333
39;4;3089;333
40;4;3089;333
41;4;3089;333
42;4;3089;333
43;4;3089;333
44;4;3089;333
45;4;3089;333
46;4;3089;333
47;4;3089;333
47;4;3085;333
61;4;1245;333
82;4;3092;333
83;4;3092;333
84;4;3092;333
0;5;3092;333
0;5;3092;333
1;5;3092;333
1;5;3092;333
2;5;3092;333
3;5;3092;333
4;5;3092;333
5;5;3092;333
6;5;3092;333
7;5;915;333
8;5;915;333
9;5;3092;333
10;5;3092;333
11;5;3092;333
12;5;3092;333
13;5;3092;333
14;5;3092;333
15;5;3092;333
16;5;3092;333
17;5;3092;333
17;5;3089;333
18;5;3092;333
18;5;3089;333
19;5;3092;333
19;5;3089;333
20;5;3092;333
20;5;3089;333
21;5;3092;333
21;5;3092;333
21;5;3089;333
22;5;3092;333
22;5;3092;333
22;5;3089;333
23;5;3092;333
23;5;3092;333
23;5;3089;333
24;5;3092;333
24;5;3089;333
25;5;3092;333
25;5;3092;333
25;5;3089;333
26;5;3092;333
26;5;3092;333
26;5;3092;333
26;5;3089;333
27;5;3092;333
27;5;3092;333
27;5;3092;333
27;5;3089;333
28;5;3092;333
28;5;3092;333
28;5;3089;333
29;5;3089;333
30;5;3089;333
31;5;3089;333
32;5;3089;333
33;5;3089;333
34;5;3089;333
35;5;3089;333
36;5;3089;333
37;5;3089;333
38;5;3089;333
39;5;3089;333
40;5;3089;333
41;5;3089;333
42;5;3089;333
43;5;3089;333
44;5;3089;333
45;5;3089;333
46;5;3085;333
47;5;3085;333
82;5;3092;333
83;5;3092;333
84;5;3092;333
0;6;3092;333
0;6;3092;333
1;6;3092;333
1;6;3092;333
2;6;3092;333
3;6;3092;333
4;6;3092;333
9;6;3092;333
10;6;3092;333
11;6;3092;333
12;6;3092;333
13;6;3092;333
14;6;3092;333
15;6;3092;333
16;6;3092;333
17;6;3092;333
17;6;3089;333
18;6;3092;333
18;6;3089;333
19;6;3092;333
19;6;3089;333
20;6;3092;333
20;6;3089;333
21;6;3092;333
21;6;3092;333
21;6;3092;333
21;6;3089;333
22;6;3092;333
22;6;3092;333
22;6;3092;333
22;6;3089;333
23;6;3092;333
23;6;3092;333
23;6;3092;333
23;6;3089;333
24;6;3092;333
24;6;3089;333
25;6;3092;333
25;6;3089;333
26;6;3092;333
26;6;3089;333
27;6;3092;333
27;6;3089;333
28;6;3092;333
28;6;3089;333
29;6;3089;333
30;6;3089;333
31;6;3089;333
32;6;3089;333
33;6;3089;333
34;6;3089;333
35;6;3089;333
36;6;3089;333
37;6;3089;333
38;6;3089;333
39;6;3089;333
40;6;3089;333
41;6;3089;333
42;6;3089;333
43;6;3089;333
44;6;3089;333
45;6;3089;333
45;6;3085;333
82;6;3092;333
83;6;3092;333
84;6;3092;333
0;7;3092;333
0;7;3092;333
1;7;3092;333
1;7;3092;333
1;7;3092;333
2;7;3092;333
3;7;3092;333
4;7;3092;333
10;7;525;333
11;7;3092;333
12;7;3092;333
13;7;3092;333
14;7;3092;333
15;7;3092;333
16;7;3092;333
17;7;3092;333
17;7;3089;333
18;7;3092;333
18;7;3089;333
19;7;3092;333
19;7;3089;333
20;7;3092;333
20;7;3089;333
21;7;3092;333
21;7;3092;333
21;7;3092;333
21;7;3089;333
22;7;3092;333
22;7;3092;333
22;7;3092;333
22;7;3089;333
23;7;3092;333
23;7;3092;333
23;7;3092;333
23;7;3092;333
23;7;3089;333
24;7;3092;333
24;7;3089;333
25;7;3092;333
25;7;3089;333
26;7;3092;333
26;7;3089;333
27;7;3092;333
27;7;3089;333
28;7;3092;333
28;7;3089;333
29;7;3089;333
30;7;3089;333
31;7;3089;333
32;7;3089;333
33;7;3089;333
34;7;3089;333
35;7;3089;333
36;7;3089;333
37;7;3089;333
38;7;3089;333
39;7;3089;333
40;7;3089;333
41;7;3089;333
42;7;3089;333
43;7;3089;333
44;7;3089;333
45;7;3089;333
66;7;359;333
82;7;3092;333
83;7;3092;333
84;7;3092;333
0;8;3092;333
0;8;3092;333
0;8;3092;333
1;8;3092;333
1;8;3092;333
1;8;3092;333
1;8;3092;333
2;8;3092;333
7;8;3101;333
11;8;3092;333
12;8;3092;333
13;8;3092;333
14;8;3092;333
15;8;3092;333
16;8;3092;333
17;8;3092;333
17;8;3089;333
18;8;3092;333
18;8;3089;333
19;8;3092;333
19;8;3089;333
20;8;3092;333
20;8;3089;333
21;8;3092;333
21;8;3092;333
21;8;3089;333
22;8;3092;333
22;8;3092;333
22;8;3089;333
23;8;3092;333
23;8;3092;333
23;8;3089;333
24;8;3092;333
24;8;3089;333
25;8;3092;333
25;8;3089;333
26;8;3092;333
26;8;3089;333
26;8;3089;333
27;8;3092;333
27;8;3092;333
27;8;3089;333
27;8;3089;333
28;8;3092;333
28;8;3092;333
28;8;3089;333
28;8;3089;333
29;8;3089;333
29;8;3089;333
30;8;3089;333
30;8;3089;333
31;8;3089;333
31;8;3089;333
32;8;3089;333
32;8;3089;333
33;8;3089;333
33;8;3089;333
34;8;3089;333
34;8;3089;333
35;8;3089;333
35;8;3089;333
36;8;3089;333
36;8;3089;333
37;8;3089;333
37;8;3089;333
38;8;3089;333
38;8;3089;333
39;8;3089;333
39;8;3089;333
40;8;3089;333
40;8;3089;333
41;8;3089;333
41;8;3089;333
42;8;3089;333
43;8;3089;333
44;8;3089;333
45;8;3089;333
52;8;3101;333
68;8;359;333
69;8;359;333
82;8;3092;333
83;8;3092;333
84;8;3092;333
0;9;3092;333
0;9;3092;333
1;9;3092;333
1;9;3092;333
1;9;3092;333
2;9;3092;333
2;9;3092;333
11;9;3095;333
12;9;3092;333
13;9;3092;333
14;9;3092;333
15;9;3092;333
16;9;3092;333
17;9;3092;333
18;9;3092;333
19;9;3092;333
20;9;3092;333
21;9;3092;333
22;9;3092;333
23;9;3092;333
24;9;3092;333
25;9;3092;333
26;9;3092;333
26;9;3089;333
27;9;3092;333
27;9;3092;333
27;9;3089;333
28;9;3092;333
28;9;3089;333
29;9;3089;333
30;9;3089;333
31;9;3089;333
32;9;3089;333
33;9;3089;333
34;9;3089;333
35;9;3089;333
36;9;3089;333
37;9;3089;333
38;9;3089;333
39;9;3089;333
40;9;3089;333
41;9;3089;333
41;9;3085;333
42;9;3085;333
43;9;3085;333
43;9;3085;333
44;9;3085;333
45;9;3085;333
61;9;359;333
71;9;359;333
82;9;3092;333
83;9;3092;333
84;9;3092;333
0;10;3092;333
0;10;3092;333
1;10;3092;333
1;10;3092;333
2;10;3092;333
5;10;2855;333
11;10;3779;333
12;10;3092;333
13;10;3085;333
14;10;3085;333
15;10;672;333
15;10;3085;333
16;10;672;333
16;10;3085;333
17;10;672;333
17;10;3085;333
18;10;672;333
18;10;3085;333
19;10;672;333
19;10;3085;333
20;10;672;333
20;10;3085;333
21;10;672;333
21;10;3085;333
21;10;3101;333
22;10;672;333
22;10;3085;333
23;10;672;333
23;10;3092;333
23;10;3092;333
24;10;3092;333
25;10;3092;333
26;10;3092;333
26;10;3089;333
27;10;3092;333
27;10;3092;333
27;10;3089;333
28;10;3092;333
28;10;3089;333
29;10;3089;333
30;10;3089;333
31;10;3089;333
32;10;3089;333
33;10;3089;333
34;10;3089;333
35;10;3089;333
36;10;3089;333
37;10;3089;333
38;10;3089;333
39;10;3089;333
40;10;3089;333
41;10;3089;333
75;10;359;333
82;10;3092;333
83;10;3092;333
84;10;3092;333
0;11;3092;333
0;11;3092;333
1;11;3092;333
1;11;3092;333
2;11;3092;333
12;11;3754;333
14;11;3769;333
15;11;3783;333
16;11;1372;333
17;11;3769;333
18;11;525;333
19;11;525;333
20;11;3784;333
22;11;3783;333
22;11;2855;333
23;11;3088;333
23;11;3092;333
24;11;3092;333
25;11;3092;333
26;11;3092;333
27;11;3092;333
27;11;3092;333
28;11;3092;333
29;11;3089;333
30;11;3089;333
31;11;3089;333
32;11;3089;333
33;11;3089;333
34;11;3089;333
35;11;3089;333
36;11;3089;333
37;11;3089;333
38;11;3089;333
39;11;3089;333
40;11;3085;333
41;11;3085;333
82;11;3092;333
83;11;3092;333
84;11;3092;333
0;12;3092;333
0;12;3092;333
0;12;3092;333
1;12;3092;333
1;12;3092;333
1;12;3092;333
2;12;3092;333
11;12;3101;333
12;12;3754;333
15;12;3783;333
16;12;1372;333
22;12;3783;333
23;12;3088;333
23;12;3092;333
24;12;3092;333
25;12;3092;333
26;12;3092;333
27;12;3092;333
27;12;3092;333
28;12;3092;333
29;12;3089;333
30;12;3089;333
31;12;3089;333
32;12;3089;333
33;12;3089;333
34;12;3089;333
35;12;3089;333
36;12;3089;333
37;12;3089;333
38;12;3085;333
39;12;3085;333
56;12;359;333
77;12;359;333
82;12;3092;333
83;12;3092;333
84;12;3092;333
0;13;3092;333
0;13;3092;333
1;13;3092;333
1;13;3092;333
12;13;3764;333
14;13;3101;333
15;13;3783;333
16;13;1372;333
22;13;3783;333
23;13;3088;333
23;13;3092;333
24;13;3092;333
25;13;3092;333
26;13;3092;333
27;13;3092;333
27;13;3092;333
28;13;3092;333
28;13;3089;333
29;13;3089;333
30;13;3089;333
31;13;3089;333
32;13;3089;333
33;13;3089;333
34;13;3089;333
35;13;3089;333
36;13;3085;333
37;13;3085;333
44;13;1245;333
82;13;3092;333
83;13;3092;333
84;13;3092;333
0;14;3092;333
1;14;3092;333
6;14;3101;333
12;14;1373;333
13;14;1376;333
14;14;3101;333
16;14;1372;333
23;14;3088;333
23;14;3092;333
24;14;3092;333
25;14;3092;333
26;14;3092;333
27;14;3092;333
27;14;3092;333
27;14;3089;333
27;14;3089;333
28;14;3092;333
28;14;3089;333
28;14;3089;333
29;14;3089;333
29;14;3089;333
30;14;3089;333
30;14;3089;333
30;14;3089;333
31;14;3089;333
31;14;3089;333
31;14;3089;333
32;14;3089;333
32;14;3089;333
33;14;3089;333
33;14;3089;333
34;14;3089;333
35;14;3085;333
58;14;359;333
82;14;3092;333
83;14;3092;333
84;14;3092;333
0;15;3092;333
1;15;3092;333
6;15;915;333
9;15;3101;333
13;15;3763;333
13;15;2855;333
14;15;3763;333
14;15;3095;333
15;15;3763;333
15;15;3779;333
16;15;1370;333
17;15;1376;333
23;15;3088;333
23;15;3092;333
24;15;3092;333
25;15;3092;333
25;15;3092;333
25;15;3092;333
26;15;3092;333
27;15;3092;333
27;15;3092;333
27;15;3089;333
27;15;3089;333
28;15;3092;333
28;15;3089;333
28;15;3089;333
29;15;3089;333
29;15;3089;333
29;15;3089;333
30;15;3089;333
30;15;3089;333
30;15;3089;333
30;15;3089;333
30;15;3089;333
31;15;3089;333
31;15;3089;333
31;15;3089;333
31;15;3089;333
32;15;3089;333
32;15;3089;333
33;15;3089;333
33;15;3089;333
34;15;3089;333
34;15;3085;333
35;15;3085;333
82;15;3092;333
83;15;3092;333
84;15;3092;333
0;16;3092;333
0;16;3092;333
1;16;3092;333
1;16;3092;333
13;16;3101;333
16;16;2937;333
16;16;3765;333
17;16;3763;333
17;16;3095;333
18;16;3763;333
19;16;3756;333
20;16;3756;333
21;16;1375;333
21;16;3099;333
22;16;1375;333
22;16;1373;333
22;16;3096;333
23;16;3088;333
23;16;3092;333
24;16;3092;333
25;16;3092;333
26;16;3092;333
27;16;3092;333
27;16;3092;333
28;16;3092;333
28;16;3092;333
29;16;3089;333
30;16;3089;333
30;16;3089;333
30;16;3089;333
31;16;3089;333
31;16;3089;333
32;16;3089;333
32;16;3085;333
33;16;3089;333
34;16;3085;333
35;16;3085;333
37;16;2855;333
61;16;359;333
82;16;3092;333
83;16;3092;333
84;16;3092;333
0;17;3092;333
1;17;3092;333
21;17;3780;333
22;17;3762;333
23;17;3767;333
25;17;3767;333
27;17;3783;333
28;17;3092;333
28;17;3092;333
29;17;3092;333
30;17;3092;333
31;17;3092;333
31;17;3085;333
32;17;3085;333
33;17;3085;333
75;17;359;333
82;17;3092;333
83;17;3092;333
84;17;3092;333
0;18;3092;333
1;18;3092;333
22;18;3762;333
25;18;3782;333
26;18;3101;333
27;18;3783;333
28;18;3092;333
28;18;3092;333
28;18;3092;333
29;18;3092;333
30;18;3092;333
31;18;3092;333
31;18;3085;333
31;18;3085;333
32;18;3085;333
77;18;359;333
82;18;3092;333
83;18;3092;333
84;18;3092;333
0;19;3092;333
1;19;3092;333
22;19;3764;333
28;19;3092;333
28;19;3092;333
29;19;3092;333
29;19;3092;333
30;19;3092;333
30;19;3092;333
31;19;3092;333
58;19;359;333
82;19;3092;333
83;19;3092;333
84;19;3092;333
0;20;3092;333
1;20;3092;333
22;20;3754;333
28;20;3092;333
28;20;3092;333
29;20;3092;333
29;20;3092;333
30;20;3092;333
30;20;3092;333
31;20;3092;333
67;20;360;333;nameDe=Portal;nameEn=Portal
67;20;798;333
82;20;3092;333
83;20;3092;333
84;20;3092;333
0;21;3092;333
1;21;3092;333
9;21;3101;333
13;21;2855;333
14;21;520;333
22;21;3762;333
25;21;3101;333
27;21;2855;333
29;21;3092;333
29;21;3092;333
30;21;3092;333
30;21;3092;333
31;21;3092;333
31;21;3092;333
36;21;1245;333
65;21;3287;333
66;21;972;333
66;21;3780;333
67;21;973;333
68;21;3286;333
68;21;3780;333
82;21;3092;333
83;21;3092;333
84;21;3092;333
0;22;3092;333
1;22;3092;333
17;22;3101;333
22;22;3762;333
22;22;3764;333
26;22;3782;333
28;22;523;333
29;22;3092;333
29;22;3092;333
29;22;3092;333
30;22;3092;333
30;22;3092;333
30;22;3092;333
31;22;3092;333
31;22;3092;333
31;22;3092;333
82;22;3092;333
83;22;3092;333
84;22;3092;333
0;23;3092;333
1;23;3092;333
22;23;3754;333
28;23;3783;333
29;23;3092;333
30;23;3092;333
31;23;3092;333
31;23;3092;333
75;23;359;333
82;23;3092;333
83;23;3092;333
84;23;3092;333
0;24;3092;333
1;24;3092;333
1;24;3092;333
2;24;3092;333
3;24;3092;333
22;24;3764;333
22;24;3779;333
28;24;3783;333
29;24;3092;333
30;24;3092;333
31;24;3092;333
31;24;3092;333
82;24;3092;333
83;24;3092;333
84;24;3092;333
0;25;3092;333
0;25;3092;333
1;25;3092;333
1;25;3092;333
2;25;3092;333
3;25;3092;333
3;25;3092;333
4;25;3092;333
5;25;3092;333
22;25;3764;333
29;25;3092;333
30;25;3092;333
31;25;3092;333
31;25;3092;333
32;25;3092;333
33;25;3092;333
33;25;3092;333
79;25;2855;333
82;25;3092;333
83;25;3092;333
84;25;3092;333
0;26;3092;333
0;26;3092;333
1;26;3092;333
1;26;3092;333
1;26;3092;333
2;26;3092;333
2;26;3092;333
3;26;3092;333
3;26;3092;333
3;26;3092;333
4;26;3092;333
4;26;3092;333
5;26;3092;333
6;26;3092;333
22;26;3762;333
29;26;3092;333
30;26;3092;333
31;26;3092;333
31;26;3092;333
31;26;3092;333
32;26;3092;333
33;26;3092;333
33;26;3092;333
54;26;3099;333
82;26;3092;333
83;26;3092;333
84;26;3092;333
0;27;3092;333
0;27;3092;333
0;27;3092;333
1;27;3092;333
1;27;3092;333
1;27;3092;333
1;27;3092;333
1;27;3092;333
2;27;3092;333
2;27;3092;333
2;27;3092;333
3;27;3092;333
3;27;3092;333
3;27;3092;333
4;27;3092;333
4;27;3092;333
4;27;3092;333
5;27;3092;333
6;27;3092;333
6;27;3092;333
22;27;3762;333
22;27;3779;333
29;27;3092;333
30;27;3092;333
31;27;3092;333
31;27;3092;333
31;27;3092;333
32;27;3092;333
33;27;3092;333
33;27;3092;333
37;27;3101;333
54;27;3099;333
54;27;3099;333
75;27;359;333
82;27;3092;333
83;27;3092;333
84;27;3092;333
0;28;3092;333
0;28;3092;333
0;28;3092;333
1;28;3092;333
1;28;3092;333
1;28;3092;333
1;28;3092;333
1;28;3092;333
2;28;3092;333
2;28;3092;333
2;28;3092;333
2;28;3092;333
2;28;3092;333
3;28;3092;333
3;28;3092;333
3;28;3092;333
3;28;3092;333
3;28;3092;333
4;28;3092;333
4;28;3092;333
4;28;3092;333
4;28;3092;333
5;28;3092;333
5;28;3092;333
5;28;3092;333
6;28;3092;333
6;28;3092;333
6;28;3092;333
6;28;3092;333
7;28;3092;333
21;28;1373;333
22;28;1375;333
22;28;1378;333
23;28;1375;333
24;28;1375;333
25;28;1375;333
25;28;3765;333
26;28;1375;333
26;28;3765;333
27;28;1375;333
27;28;3765;333
28;28;1375;333
29;28;1375;333
30;28;1375;333
31;28;3092;333
31;28;3092;333
32;28;3092;333
32;28;3092;333
33;28;3092;333
54;28;3099;333
54;28;3099;333
82;28;3092;333
83;28;3092;333
84;28;3092;333
0;29;3092;333
1;29;3092;333
1;29;3092;333
2;29;3092;333
2;29;3092;333
2;29;3092;333
3;29;3092;333
3;29;3092;333
4;29;3092;333
4;29;3092;333
5;29;3092;333
5;29;3092;333
6;29;3092;333
7;29;3092;333
21;29;3762;333
25;29;3101;333
27;29;3101;333
28;29;3781;333
30;29;523;333
31;29;3092;333
31;29;3092;333
32;29;3092;333
32;29;3092;333
32;29;3092;333
33;29;3092;333
33;29;3092;333
54;29;3099;333
82;29;3092;333
83;29;3092;333
84;29;3092;333
0;30;3092;333
0;30;3092;333
1;30;3092;333
1;30;3092;333
2;30;3092;333
3;30;3092;333
4;30;3092;333
5;30;3092;333
21;30;3762;333
31;30;3092;333
32;30;3092;333
32;30;3092;333
33;30;3092;333
64;30;359;333
82;30;3092;333
83;30;3092;333
84;30;3092;333
0;31;3092;333
0;31;3092;333
0;31;3092;333
1;31;3092;333
1;31;3092;333
2;31;3092;333
3;31;3092;333
4;31;3092;333
5;31;3092;333
9;31;3101;333
21;31;3758;333
24;31;2855;333
31;31;3092;333
32;31;3092;333
38;31;915;333
38;31;915;333
39;31;915;333
40;31;915;333
41;31;915;333
42;31;915;333
43;31;915;333
44;31;915;333
45;31;915;333
46;31;915;333
47;31;915;333
48;31;915;333
49;31;915;333
50;31;915;333
51;31;915;333
54;31;359;333
82;31;3092;333
83;31;3092;333
84;31;3092;333
0;32;3092;333
0;32;3092;333
1;32;3092;333
1;32;3092;333
2;32;3092;333
6;32;2855;333
8;32;915;333
16;32;520;333
21;32;3762;333
21;32;3762;333
21;32;3762;333
31;32;3092;333
32;32;3092;333
38;32;915;333
69;32;359;333
82;32;3092;333
83;32;3092;333
84;32;3092;333
0;33;3092;333
1;33;3092;333
1;33;3092;333
2;33;3092;333
21;33;3762;333
27;33;3092;333
28;33;3092;333
29;33;3092;333
30;33;3092;333
31;33;3092;333
32;33;3092;333
38;33;915;333
73;33;359;333
82;33;3092;333
83;33;3092;333
84;33;3092;333
0;34;3092;333
1;34;3092;333
1;34;3092;333
2;34;3092;333
21;34;3764;333
23;34;3092;333
24;34;3092;333
25;34;3092;333
25;34;3092;333
26;34;3092;333
26;34;3092;333
27;34;3092;333
27;34;3092;333
28;34;3092;333
28;34;3092;333
29;34;3092;333
29;34;3092;333
30;34;3092;333
30;34;3092;333
31;34;3092;333
38;34;915;333
82;34;3092;333
83;34;3092;333
84;34;3092;333
0;35;3092;333
1;35;3092;333
1;35;3092;333
2;35;3092;333
21;35;3092;333
22;35;3092;333
23;35;3092;333
23;35;3092;333
24;35;3092;333
24;35;3092;333
25;35;3092;333
25;35;3092;333
26;35;3092;333
26;35;3092;333
27;35;3092;333
28;35;3092;333
38;35;915;333
40;35;2805;333;descriptionEn=P;descriptionEn=P
40;35;359;333
40;35;2038;333
43;35;2805;333;descriptionDe=L;descriptionEn=L
43;35;359;333
43;35;2038;333
45;35;2805;333;descriptionDe=A;descriptionEn=A
45;35;359;333
45;35;2038;333
48;35;2805;333;descriptionDe=H;descriptionEn=H
48;35;359;333
48;35;2038;333
56;35;359;333
82;35;3092;333
83;35;3092;333
84;35;3092;333
0;36;3092;333
1;36;3092;333
1;36;3092;333
2;36;3092;333
2;36;3092;333
3;36;3092;333
17;36;2855;333
21;36;3092;333
21;36;3092;333
21;36;3092;333
22;36;3092;333
23;36;3092;333
24;36;3092;333
25;36;3092;333
25;36;3092;333
26;36;3092;333
26;36;3092;333
27;36;3092;333
28;36;3092;333
32;36;3101;333
38;36;915;333
66;36;359;333
67;36;359;333
82;36;3092;333
83;36;3092;333
84;36;3092;333
0;37;3092;333
1;37;3092;333
2;37;3092;333
3;37;3092;333
18;37;3101;333
21;37;3092;333
21;37;3092;333
22;37;3092;333
23;37;3092;333
23;37;3092;333
23;37;3092;333
24;37;3092;333
34;37;3101;333
38;37;915;333
82;37;3092;333
83;37;3092;333
84;37;3092;333
0;38;3092;333
1;38;3092;333
1;38;3092;333
2;38;3092;333
2;38;3092;333
2;38;3092;333
3;38;3092;333
4;38;3092;333
22;38;3092;333
23;38;3092;333
24;38;3092;333
38;38;915;333
44;38;361;333
48;38;2805;333;descriptionDe=D;descriptionEn=D
48;38;359;333
48;38;2038;333
82;38;3092;333
83;38;3092;333
84;38;3092;333
0;39;3092;333
1;39;3092;333
1;39;3092;333
2;39;3092;333
3;39;3092;333
23;39;3092;333
24;39;3098;333
38;39;915;333
40;39;2805;333;descriptionDe=R;descriptionEn=R
40;39;359;333
40;39;2038;333
48;39;2805;333;descriptionEn=R;descriptionEn=R
48;39;359;333
48;39;2038;333
56;39;359;333
82;39;3092;333
83;39;3092;333
84;39;3092;333
0;40;3092;333
1;40;3092;333
1;40;3092;333
2;40;3092;333
3;40;3092;333
10;40;3101;333
22;40;3097;333
23;40;3097;333
24;40;3098;333
38;40;915;333
79;40;2855;333
82;40;3092;333
83;40;3092;333
84;40;3092;333
0;41;3092;333
1;41;3092;333
1;41;3092;333
2;41;3092;333
22;41;3097;333
22;41;3097;333
23;41;3097;333
24;41;3098;333
38;41;915;333
82;41;3092;333
83;41;3092;333
84;41;3092;333
0;42;3092;333
1;42;3092;333
13;42;3101;333
21;42;3097;333
21;42;3097;333
22;42;3097;333
38;42;915;333
76;42;1245;333
82;42;3092;333
83;42;3092;333
84;42;3092;333
0;43;3092;333
1;43;3092;333
19;43;3098;333
20;43;3097;333
21;43;3098;333
38;43;915;333
55;43;915;333
82;43;3092;333
83;43;3092;333
84;43;3092;333
0;44;3092;333
1;44;3092;333
1;44;3092;333
18;44;3098;333
19;44;3098;333
20;44;3098;333
38;44;915;333
40;44;2805;333;descriptionDe=E;descriptionEn=E
40;44;359;333
40;44;2038;333
43;44;2805;333;descriptionDe=A;descriptionEn=A
43;44;359;333
43;44;2038;333
45;44;2805;333;descriptionDe=C;descriptionEn=C
45;44;359;333
45;44;2038;333
48;44;2805;333;descriptionDe=E;descriptionEn=E
48;44;359;333
48;44;2038;333
55;44;915;333
82;44;3092;333
83;44;3092;333
84;44;3092;333
0;45;3092;333
1;45;3092;333
1;45;3092;333
14;45;3098;333
15;45;3098;333
17;45;3098;333
18;45;3098;333
19;45;3098;333
38;45;915;333
55;45;915;333
82;45;3092;333
83;45;3092;333
84;45;3092;333
0;46;3092;333
1;46;3092;333
1;46;3092;333
12;46;3098;333
13;46;3098;333
13;46;3101;333
14;46;3098;333
14;46;3101;333
15;46;3098;333
15;46;3101;333
16;46;3098;333
17;46;3098;333
38;46;915;333
55;46;915;333
82;46;3092;333
83;46;3092;333
84;46;3092;333
0;47;3092;333
1;47;3092;333
1;47;3092;333
6;47;3098;333
7;47;3098;333
8;47;3098;333
9;47;3098;333
10;47;3098;333
11;47;3098;333
11;47;3098;333
12;47;3098;333
12;47;3098;333
13;47;3098;333
13;47;3101;333
14;47;3101;333
15;47;3101;333
38;47;915;333
55;47;915;333
55;47;915;333
82;47;3092;333
83;47;3092;333
84;47;3092;333
0;48;3092;333
1;48;3092;333
1;48;3092;333
2;48;3098;333
3;48;3098;333
4;48;3098;333
5;48;3098;333
6;48;3098;333
6;48;3098;333
7;48;3098;333
8;48;3098;333
9;48;3098;333
10;48;3098;333
11;48;3098;333
12;48;3098;333
38;48;915;333
53;48;915;333
54;48;915;333
55;48;915;333
82;48;3092;333
83;48;3092;333
84;48;3092;333
0;49;3092;333
1;49;3092;333
1;49;3092;333
1;49;3098;333
2;49;3098;333
2;49;3098;333
3;49;3098;333
3;49;3098;333
4;49;3098;333
5;49;3098;333
6;49;3098;333
53;49;915;333
82;49;3092;333
83;49;3092;333
84;49;3092;333
0;50;3092;333
0;50;3092;333
1;50;3092;333
1;50;3092;333
1;50;3098;333
2;50;3098;333
2;50;3098;333
3;50;3098;333
3;50;3098;333
4;50;3098;333
5;50;3098;333
6;50;3098;333
17;50;3101;333
53;50;915;333
82;50;3092;333
83;50;3092;333
84;50;3092;333
0;51;3092;333
0;51;3092;333
1;51;3092;333
1;51;3092;333
12;51;914;333
44;51;915;333
45;51;915;333
46;51;915;333
47;51;915;333
48;51;915;333
49;51;915;333
50;51;915;333
51;51;915;333
52;51;915;333
53;51;915;333
69;51;2855;333
82;51;3092;333
83;51;3092;333
84;51;3092;333
0;52;3092;333
0;52;3092;333
1;52;3092;333
1;52;3092;333
52;52;2855;333
82;52;3092;333
83;52;3092;333
84;52;3092;333
0;53;3092;333
0;53;3092;333
1;53;3092;333
1;53;3092;333
82;53;3092;333
83;53;3092;333
84;53;3092;333
0;54;3092;333
0;54;3092;333
0;54;3092;333
1;54;3092;333
1;54;3092;333
2;54;3092;333
24;54;3101;333
29;54;3101;333
82;54;3092;333
83;54;3092;333
84;54;3092;333
0;55;3092;333
0;55;3092;333
1;55;3092;333
1;55;3092;333
2;55;3092;333
3;55;3092;333
24;55;3101;333
82;55;3092;333
83;55;3092;333
84;55;3092;333
0;56;3092;333
0;56;3092;333
1;56;3092;333
1;56;3092;333
2;56;3092;333
3;56;3092;333
48;56;3092;333
49;56;3092;333
50;56;3092;333
51;56;3092;333
52;56;3092;333
53;56;3092;333
54;56;3092;333
55;56;3092;333
56;56;3092;333
57;56;3092;333
58;56;3092;333
59;56;3092;333
60;56;3092;333
61;56;3092;333
62;56;3092;333
63;56;3092;333
64;56;3092;333
65;56;3092;333
66;56;3092;333
67;56;3092;333
68;56;3092;333
69;56;3092;333
70;56;3092;333
71;56;3092;333
72;56;3092;333
73;56;3092;333
74;56;3092;333
75;56;3092;333
76;56;3092;333
77;56;3092;333
78;56;3092;333
79;56;3092;333
80;56;3092;333
81;56;3092;333
82;56;3092;333
83;56;3092;333
84;56;3092;333
0;57;3092;333
0;57;3092;333
1;57;3092;333
1;57;3092;333
2;57;3092;333
2;57;3092;333
3;57;3092;333
14;57;3101;333
48;57;3092;333
49;57;3092;333
50;57;3092;333
51;57;3092;333
52;57;3092;333
53;57;3092;333
54;57;3092;333
55;57;3092;333
56;57;3092;333
57;57;3092;333
58;57;3092;333
59;57;3092;333
60;57;3092;333
61;57;3092;333
62;57;3092;333
63;57;3092;333
64;57;3092;333
65;57;3092;333
66;57;3092;333
67;57;3092;333
68;57;3092;333
69;57;3092;333
70;57;3092;333
71;57;3092;333
72;57;3092;333
73;57;3092;333
74;57;3092;333
75;57;3092;333
76;57;3092;333
77;57;3092;333
78;57;3092;333
79;57;3092;333
80;57;3092;333
81;57;3092;333
82;57;3092;333
83;57;3092;333
84;57;3092;333
0;58;3092;333
1;58;3092;333
2;58;3092;333
2;58;3092;333
3;58;3092;333
18;58;3101;333
45;58;3092;333
46;58;3092;333
47;58;3092;333
48;58;3092;333
49;58;3092;333
50;58;3092;333
51;58;3092;333
52;58;3092;333
53;58;3092;333
54;58;3092;333
55;58;3092;333
56;58;3092;333
57;58;3092;333
58;58;3092;333
59;58;3092;333
60;58;3092;333
61;58;3092;333
62;58;3092;333
63;58;3092;333
64;58;3092;333
65;58;3092;333
66;58;3092;333
67;58;3092;333
68;58;3092;333
69;58;3092;333
70;58;3092;333
71;58;3092;333
72;58;3092;333
73;58;3092;333
74;58;3092;333
75;58;3092;333
76;58;3092;333
77;58;3092;333
78;58;3092;333
79;58;3092;333
80;58;3092;333
81;58;3092;333
82;58;3092;333
83;58;3092;333
84;58;3092;333
0;59;3092;333
1;59;3092;333
2;59;3092;333
2;59;3092;333
3;59;3092;333
45;59;3092;333
46;59;3092;333
47;59;3092;333
48;59;3092;333
49;59;3092;333
50;59;3092;333
51;59;3092;333
52;59;3092;333
53;59;3092;333
54;59;3092;333
55;59;3092;333
56;59;3092;333
57;59;3092;333
58;59;3092;333
59;59;3092;333
60;59;3092;333
61;59;3092;333
62;59;3092;333
63;59;3092;333
64;59;3092;333
65;59;3092;333
66;59;3092;333
67;59;3092;333
68;59;3092;333
69;59;3092;333
70;59;3092;333
71;59;3092;333
72;59;3092;333
73;59;3092;333
74;59;3092;333
75;59;3092;333
76;59;3092;333
77;59;3092;333
78;59;3092;333
79;59;3092;333
80;59;3092;333
81;59;3092;333
82;59;3092;333
83;59;3092;333
84;59;3092;333
0;60;3092;333
1;60;3092;333
2;60;3092;333
2;60;3092;333
3;60;3092;333
42;60;3092;333
43;60;3092;333
44;60;3092;333
45;60;3092;333
45;60;3092;333
46;60;3092;333
47;60;3092;333
48;60;3092;333
49;60;3092;333
50;60;3092;333
51;60;3092;333
52;60;3092;333
53;60;3092;333
54;60;3092;333
55;60;3092;333
56;60;3092;333
57;60;3092;333
58;60;3092;333
59;60;3092;333
60;60;3092;333
61;60;3092;333
62;60;3092;333
63;60;3092;333
64;60;3092;333
65;60;3092;333
66;60;3092;333
67;60;3092;333
68;60;3092;333
69;60;3092;333
70;60;3092;333
71;60;3092;333
72;60;3092;333
73;60;3092;333
74;60;3092;333
75;60;3092;333
76;60;3092;333
77;60;3092;333
78;60;3092;333
79;60;3092;333
80;60;3092;333
81;60;3092;333
82;60;3092;333
83;60;3092;333
84;60;3092;333
0;61;3092;333
1;61;3092;333
2;61;3092;333
2;61;3092;333
3;61;3092;333
34;61;3092;333
35;61;3092;333
36;61;3092;333
37;61;3092;333
38;61;3092;333
38;61;3092;333
39;61;3092;333
39;61;3092;333
40;61;3092;333
40;61;3092;333
40;61;3092;333
41;61;3092;333
41;61;3092;333
42;61;3092;333
42;61;3092;333
43;61;3092;333
44;61;3092;333
45;61;3092;333
45;61;3092;333
46;61;3092;333
47;61;3092;333
48;61;3092;333
49;61;3092;333
50;61;3092;333
51;61;3092;333
52;61;3092;333
53;61;3092;333
54;61;3092;333
55;61;3092;333
56;61;3092;333
57;61;3092;333
58;61;3092;333
59;61;3092;333
60;61;3092;333
61;61;3092;333
62;61;3092;333
63;61;3092;333
64;61;3092;333
65;61;3092;333
66;61;3092;333
67;61;3092;333
68;61;3092;333
69;61;3092;333
70;61;3092;333
71;61;3092;333
72;61;3092;333
73;61;3092;333
74;61;3092;333
75;61;3092;333
76;61;3092;333
77;61;3092;333
78;61;3092;333
79;61;3092;333
80;61;3092;333
81;61;3092;333
82;61;3092;333
83;61;3092;333
84;61;3092;333
0;62;3092;333
1;62;3092;333
2;62;3092;333
2;62;3092;333
3;62;3092;333
30;62;914;333
34;62;3092;333
35;62;3092;333
36;62;3092;333
37;62;3092;333
38;62;3092;333
38;62;3092;333
39;62;3092;333
39;62;3092;333
39;62;3092;333
40;62;3092;333
40;62;3092;333
40;62;3092;333
40;62;3092;333
41;62;3092;333
41;62;3092;333
41;62;3092;333
42;62;3092;333
42;62;3092;333
43;62;3092;333
44;62;3092;333
45;62;3092;333
45;62;3092;333
46;62;3092;333
47;62;3092;333
48;62;3092;333
49;62;3092;333
50;62;3092;333
51;62;3092;333
52;62;3092;333
53;62;3092;333
54;62;3092;333
55;62;3092;333
56;62;3092;333
57;62;3092;333
58;62;3092;333
59;62;3092;333
60;62;3092;333
61;62;3092;333
62;62;3092;333
63;62;3092;333
64;62;3092;333
65;62;3092;333
66;62;3092;333
67;62;3092;333
68;62;3092;333
69;62;3092;333
70;62;3092;333
71;62;3092;333
72;62;3092;333
73;62;3092;333
74;62;3092;333
75;62;3092;333
76;62;3092;333
77;62;3092;333
78;62;3092;333
79;62;3092;333
80;62;3092;333
81;62;3092;333
82;62;3092;333
83;62;3092;333
84;62;3092;333
0;63;3092;333
1;63;3092;333
2;63;3092;333
2;63;3092;333
3;63;3092;333
34;63;3092;333
35;63;3092;333
36;63;3092;333
36;63;3092;333
37;63;3092;333
37;63;3092;333
38;63;3092;333
38;63;3092;333
39;63;3092;333
39;63;3092;333
40;63;3092;333
40;63;3092;333
41;63;3092;333
42;63;3092;333
43;63;3092;333
44;63;3092;333
45;63;3092;333
45;63;3092;333
46;63;3092;333
47;63;3092;333
48;63;3092;333
49;63;3092;333
50;63;3092;333
51;63;3092;333
52;63;3092;333
53;63;3092;333
54;63;3092;333
55;63;3092;333
56;63;3092;333
57;63;3092;333
58;63;3092;333
59;63;3092;333
60;63;3092;333
61;63;3092;333
62;63;3092;333
63;63;3092;333
64;63;3092;333
65;63;3092;333
66;63;3092;333
67;63;3092;333
68;63;3092;333
69;63;3092;333
70;63;3092;333
71;63;3092;333
72;63;3092;333
73;63;3092;333
74;63;3092;333
75;63;3092;333
76;63;3092;333
77;63;3092;333
78;63;3092;333
79;63;3092;333
80;63;3092;333
81;63;3092;333
82;63;3092;333
83;63;3092;333
84;63;3092;333
0;64;3092;333
1;64;3092;333
2;64;3092;333
2;64;3092;333
3;64;3092;333
34;64;3092;333
35;64;3092;333
36;64;3092;333
36;64;3092;333
37;64;3092;333
37;64;3092;333
38;64;3092;333
38;64;3092;333
39;64;3092;333
39;64;3092;333
40;64;3092;333
40;64;3092;333
41;64;3092;333
42;64;3092;333
43;64;3092;333
44;64;3092;333
45;64;3092;333
45;64;3092;333
46;64;3092;333
47;64;3092;333
48;64;3092;333
49;64;3092;333
50;64;3092;333
51;64;3092;333
52;64;3092;333
53;64;3092;333
54;64;3092;333
55;64;3092;333
56;64;3092;333
57;64;3092;333
58;64;3092;333
59;64;3092;333
60;64;3092;333
61;64;3092;333
62;64;3092;333
63;64;3092;333
64;64;3092;333
65;64;3092;333
66;64;3092;333
67;64;3092;333
68;64;3092;333
69;64;3092;333
70;64;3092;333
71;64;3092;333
72;64;3092;333
73;64;3092;333
74;64;3092;333
75;64;3092;333
76;64;3092;333
77;64;3092;333
78;64;3092;333
79;64;3092;333
80;64;3092;333
81;64;3092;333
82;64;3092;333
83;64;3092;333
84;64;3092;333
0;65;3092;333
1;65;3092;333
2;65;3092;333
2;65;3092;333
3;65;3092;333
32;65;3092;333
33;65;3092;333
34;65;3092;333
34;65;3092;333
35;65;3092;333
36;65;3092;333
37;65;3092;333
38;65;3092;333
39;65;3092;333
40;65;3092;333
41;65;3092;333
42;65;3092;333
43;65;3092;333
44;65;3092;333
45;65;3092;333
45;65;3092;333
46;65;3092;333
47;65;3092;333
48;65;3092;333
49;65;3092;333
50;65;3092;333
51;65;3092;333
52;65;3092;333
53;65;3092;333
54;65;3092;333
55;65;3092;333
56;65;3092;333
57;65;3092;333
58;65;3092;333
59;65;3092;333
60;65;3092;333
61;65;3092;333
62;65;3092;333
63;65;3092;333
64;65;3092;333
65;65;3092;333
66;65;3092;333
67;65;3092;333
68;65;3092;333
69;65;3092;333
70;65;3092;333
71;65;3092;333
72;65;3092;333
73;65;3092;333
74;65;3092;333
75;65;3092;333
76;65;3092;333
77;65;3092;333
78;65;3092;333
79;65;3092;333
80;65;3092;333
81;65;3092;333
82;65;3092;333
83;65;3092;333
84;65;3092;333
0;66;3092;333
1;66;3092;333
2;66;3092;333
2;66;3092;333
3;66;3092;333
32;66;3092;333
33;66;3092;333
34;66;3092;333
34;66;3092;333
35;66;3092;333
36;66;3092;333
37;66;3092;333
38;66;3092;333
39;66;3092;333
40;66;3092;333
41;66;3092;333
42;66;3092;333
43;66;3092;333
44;66;3092;333
45;66;3092;333
45;66;3092;333
46;66;3092;333
47;66;3092;333
82;66;3092;333
83;66;3092;333
84;66;3092;333
0;67;3092;333
1;67;3092;333
2;67;3092;333
2;67;3092;333
3;67;3092;333
13;67;914;333
31;67;3092;333
32;67;3092;333
32;67;3092;333
32;67;3092;333
33;67;3092;333
33;67;3092;333
34;67;3092;333
34;67;3092;333
35;67;3092;333
36;67;3092;333
36;67;3092;333
37;67;3092;333
38;67;3092;333
39;67;3092;333
40;67;3092;333
41;67;3092;333
42;67;3092;333
43;67;3092;333
44;67;3092;333
45;67;3092;333
45;67;3092;333
46;67;3092;333
47;67;3092;333
82;67;3092;333
83;67;3092;333
84;67;3092;333
0;68;3092;333
1;68;3092;333
2;68;3092;333
2;68;3092;333
3;68;3092;333
8;68;914;333
28;68;3092;333
29;68;3092;333
30;68;3092;333
31;68;3092;333
32;68;3092;333
32;68;3092;333
33;68;3092;333
34;68;3092;333
35;68;3092;333
36;68;3092;333
36;68;3092;333
37;68;3092;333
38;68;3092;333
39;68;3092;333
40;68;3092;333
41;68;3092;333
42;68;3092;333
43;68;3092;333
44;68;3092;333
45;68;3092;333
82;68;3092;333
83;68;3092;333
84;68;3092;333
0;69;3092;333
1;69;3092;333
2;69;3092;333
2;69;3092;333
3;69;3092;333
28;69;3092;333
28;69;3092;333
29;69;3092;333
29;69;3092;333
30;69;3092;333
31;69;3092;333
32;69;3092;333
32;69;3092;333
33;69;3092;333
34;69;3092;333
35;69;3092;333
36;69;3092;333
36;69;3092;333
37;69;3092;333
38;69;3092;333
39;69;3092;333
40;69;3092;333
41;69;3092;333
42;69;3092;333
43;69;3092;333
44;69;3092;333
45;69;3092;333
82;69;3092;333
83;69;3092;333
84;69;3092;333
0;70;3092;333
1;70;3092;333
2;70;3092;333
2;70;3092;333
3;70;3092;333
28;70;3092;333
29;70;3092;333
29;70;3092;333
30;70;3092;333
31;70;3092;333
32;70;3092;333
33;70;3092;333
34;70;3092;333
35;70;3092;333
36;70;3092;333
36;70;3092;333
37;70;3092;333
38;70;3092;333
39;70;3092;333
40;70;3092;333
41;70;3092;333
0;71;3092;333
1;71;3092;333
2;71;3092;333
2;71;3092;333
3;71;3092;333
27;71;3092;333
28;71;3092;333
29;71;3092;333
29;71;3092;333
30;71;3092;333
31;71;3092;333
32;71;3092;333
33;71;3092;333
34;71;3092;333
35;71;3092;333
36;71;3092;333
36;71;3092;333
37;71;3092;333
38;71;3092;333
39;71;3092;333
40;71;3092;333
41;71;3092;333
0;72;3092;333
1;72;3092;333
2;72;3092;333
2;72;3092;333
3;72;3092;333
26;72;3092;333
27;72;3092;333
27;72;3092;333
0;73;3092;333
1;73;3092;333
2;73;3092;333
2;73;3092;333
3;73;3092;333
22;73;3092;333
23;73;3092;333
24;73;3092;333
25;73;3092;333
26;73;3092;333
0;74;3092;333
1;74;3092;333
2;74;3092;333
2;74;3092;333
3;74;3092;333
22;74;3092;333
23;74;3092;333
23;74;3092;333
23;74;3092;333
24;74;3092;333
24;74;3092;333
24;74;3092;333
24;74;3092;333
25;74;3092;333
25;74;3092;333
25;74;3092;333
26;74;3092;333
26;74;3092;333
0;75;3092;333
1;75;3092;333
2;75;3092;333
2;75;3092;333
3;75;3092;333
20;75;3092;333
21;75;3092;333
22;75;3092;333
22;75;3092;333
23;75;3092;333
23;75;3092;333
24;75;3092;333
0;76;3092;333
1;76;3092;333
2;76;3092;333
2;76;3092;333
3;76;3092;333
18;76;3092;333
19;76;3092;333
20;76;3092;333
20;76;3092;333
21;76;3092;333
21;76;3092;333
22;76;3092;333
23;76;3092;333
0;77;3092;333
1;77;3092;333
2;77;3092;333
2;77;3092;333
3;77;3092;333
14;77;3092;333
15;77;3092;333
16;77;3092;333
17;77;3092;333
18;77;3092;333
18;77;3092;333
19;77;3092;333
20;77;3092;333
20;77;3092;333
21;77;3092;333
21;77;3092;333
22;77;3092;333
23;77;3092;333
0;78;3092;333
0;78;3092;333
1;78;3092;333
1;78;3092;333
2;78;3092;333
2;78;3092;333
3;78;3092;333
4;78;3092;333
10;78;3092;333
11;78;3092;333
12;78;3092;333
13;78;3092;333
14;78;3092;333
14;78;3092;333
15;78;3092;333
16;78;3092;333
17;78;3092;333
18;78;3092;333
18;78;3092;333
19;78;3092;333
20;78;3092;333
21;78;3092;333
0;79;3092;333
0;79;3092;333
1;79;3092;333
1;79;3092;333
2;79;3092;333
2;79;3092;333
3;79;3092;333
4;79;3092;333
5;79;3092;333
6;79;3092;333
7;79;3092;333
7;79;3092;333
8;79;3092;333
8;79;3092;333
9;79;3092;333
10;79;3092;333
10;79;3092;333
11;79;3092;333
11;79;3092;333
12;79;3092;333
13;79;3092;333
14;79;3092;333
14;79;3092;333
15;79;3092;333
16;79;3092;333
17;79;3092;333
18;79;3092;333
0;80;3092;333
0;80;3092;333
1;80;3092;333
1;80;3092;333
1;80;3092;333
2;80;3092;333
2;80;3092;333
2;80;3092;333
3;80;3092;333
3;80;3092;333
4;80;3092;333
4;80;3092;333
5;80;3092;333
5;80;3092;333
6;80;3092;333
7;80;3092;333
7;80;3092;333
8;80;3092;333
8;80;3092;333
9;80;3092;333
10;80;3092;333
10;80;3092;333
11;80;3092;333
11;80;3092;333
12;80;3092;333
13;80;3092;333
14;80;3092;333
0;81;3092;333
1;81;3092;333
1;81;3092;333
2;81;3092;333
2;81;3092;333
3;81;3092;333
4;81;3092;333
5;81;3092;333
5;81;3092;333
6;81;3092;333
7;81;3092;333
8;81;3092;333
0;82;3092;333
1;82;3092;333
1;82;3092;333
2;82;3092;333
2;82;3092;333
3;82;3092;333
4;82;3092;333
5;82;3092;333
0;83;3092;333
1;83;3092;333
1;83;3092;333
2;83;3092;333
2;83;3092;333
3;83;3092;333
4;83;3092;333
5;83;3092;333
0;84;3092;333
1;84;3092;333
2;84;3092;333
0;85;3092;333
1;85;3092;333
2;85;3092;333
0;86;3092;333
1;86;3092;333
2;86;3092;333
0;87;3092;333
1;87;3092;333
0;88;3092;333
1;88;3092;333
0;89;3092;333
1;89;3092;333
0;90;3092;333
1;90;3092;333
0;91;3092;333
1;91;3092;333
0;92;3092;333
1;92;3092;333
0;93;3092;333
1;93;3092;333
0;94;3092;333
1;94;3092;333
0;95;3092;333
1;95;3092;333
0;96;3092;333
1;96;3092;333
0;97;3092;333
1;97;3092;333
0;98;3092;333
1;98;3092;333
0;99;3092;333
1;99;3092;333
0;100;3092;333
1;100;3092;333
0;101;3092;333
1;101;3092;333
0;102;3092;333
1;102;3092;333
0;103;3092;333
1;103;3092;333
0;104;3092;333
1;104;3092;333
0;105;3092;333
1;105;3092;333
0;106;3092;333
1;106;3092;333
0;107;3092;333
1;107;3092;333
0;108;3092;333
1;108;3092;333
0;109;3092;333
1;109;3092;333
0;110;3092;333
1;110;3092;333
73;110;3092;333
74;110;3092;333
75;110;3092;333
76;110;3092;333
0;111;3092;333
1;111;3092;333
72;111;3092;333
73;111;3092;333
74;111;3092;333
75;111;3092;333
76;111;3092;333
0;112;3092;333
1;112;3092;333
72;112;3092;333
73;112;3092;333
74;112;3092;333
75;112;3092;333
76;112;3092;333
0;113;3092;333
1;113;3092;333
72;113;3092;333
73;113;3092;333
74;113;3092;333
75;113;3092;333
76;113;3092;333
0;114;3092;333
1;114;3092;333
71;114;3092;333
72;114;3092;333
72;114;3092;333
73;114;3092;333
74;114;3092;333
75;114;3092;333
76;114;3092;333
0;115;3092;333
1;115;3092;333
53;115;3092;333
54;115;3092;333
55;115;3092;333
56;115;3092;333
57;115;3092;333
58;115;3092;333
59;115;3092;333
60;115;3092;333
61;115;3092;333
62;115;3092;333
63;115;3092;333
64;115;3092;333
65;115;3092;333
66;115;3092;333
67;115;3092;333
68;115;3092;333
69;115;3092;333
70;115;3092;333
71;115;3092;333
71;115;3092;333
72;115;3092;333
73;115;3092;333
74;115;3092;333
75;115;3092;333
76;115;3092;333
0;116;3092;333
1;116;3092;333
53;116;3092;333
54;116;3092;333
55;116;3092;333
56;116;3092;333
57;116;3092;333
58;116;3092;333
59;116;3092;333
60;116;3092;333
61;116;3092;333
62;116;3092;333
63;116;3092;333
64;116;3092;333
65;116;3092;333
66;116;3092;333
67;116;3092;333
68;116;3092;333
69;116;3092;333
70;116;3092;333
71;116;3092;333
71;116;3092;333
72;116;3092;333
73;116;3092;333
74;116;3092;333
75;116;3092;333
76;116;3092;333
0;117;3092;333
0;117;3092;333
1;117;3092;333
1;117;3092;333
1;117;3092;333
2;117;3092;333
3;117;3092;333
4;117;3092;333
5;117;3092;333
6;117;3092;333
7;117;3092;333
8;117;3092;333
9;117;3092;333
10;117;3092;333
11;117;3092;333
12;117;3092;333
13;117;3092;333
14;117;3092;333
15;117;3092;333
16;117;3092;333
17;117;3092;333
18;117;3092;333
19;117;3092;333
20;117;3092;333
21;117;3092;333
22;117;3092;333
23;117;3092;333
24;117;3092;333
25;117;3092;333
26;117;3092;333
27;117;3092;333
28;117;3092;333
29;117;3092;333
30;117;3092;333
31;117;3092;333
32;117;3092;333
33;117;3092;333
34;117;3092;333
35;117;3092;333
36;117;3092;333
37;117;3092;333
38;117;3092;333
39;117;3092;333
40;117;3092;333
41;117;3092;333
42;117;3092;333
43;117;3092;333
44;117;3092;333
45;117;3092;333
46;117;3092;333
47;117;3092;333
48;117;3092;333
49;117;3092;333
50;117;3092;333
51;117;3092;333
52;117;3092;333
53;117;3092;333
54;117;3092;333
55;117;3092;333
56;117;3092;333
57;117;3092;333
58;117;3092;333
59;117;3092;333
60;117;3092;333
61;117;3092;333
62;117;3092;333
63;117;3092;333
64;117;3092;333
65;117;3092;333
66;117;3092;333
67;117;3092;333
68;117;3092;333
69;117;3092;333
70;117;3092;333
71;117;3092;333
71;117;3092;333
72;117;3092;333
73;117;3092;333
74;117;3092;333
75;117;3092;333
76;117;3092;333
0;118;3092;333
1;118;3092;333
1;118;3092;333
2;118;3092;333
3;118;3092;333
4;118;3092;333
5;118;3092;333
6;118;3092;333
7;118;3092;333
8;118;3092;333
9;118;3092;333
10;118;3092;333
11;118;3092;333
12;118;3092;333
13;118;3092;333
14;118;3092;333
15;118;3092;333
16;118;3092;333
17;118;3092;333
18;118;3092;333
19;118;3092;333
20;118;3092;333
21;118;3092;333
22;118;3092;333
23;118;3092;333
24;118;3092;333
25;118;3092;333
26;118;3092;333
27;118;3092;333
28;118;3092;333
29;118;3092;333
30;118;3092;333
31;118;3092;333
32;118;3092;333
33;118;3092;333
34;118;3092;333
35;118;3092;333
36;118;3092;333
37;118;3092;333
38;118;3092;333
39;118;3092;333
40;118;3092;333
41;118;3092;333
42;118;3092;333
43;118;3092;333
44;118;3092;333
45;118;3092;333
46;118;3092;333
47;118;3092;333
48;118;3092;333
49;118;3092;333
50;118;3092;333
51;118;3092;333
52;118;3092;333
53;118;3092;333
54;118;3092;333
55;118;3092;333
56;118;3092;333
57;118;3092;333
58;118;3092;333
59;118;3092;333
60;118;3092;333
61;118;3092;333
62;118;3092;333
63;118;3092;333
64;118;3092;333
65;118;3092;333
66;118;3092;333
67;118;3092;333
68;118;3092;333
69;118;3092;333
70;118;3092;333
71;118;3092;333
71;118;3092;333
72;118;3092;333
73;118;3092;333
74;118;3092;333
75;118;3092;333
76;118;3092;333
0;119;3092;333
1;119;3092;333
1;119;3092;333
2;119;3092;333
3;119;3092;333
4;119;3092;333
5;119;3092;333
6;119;3092;333
7;119;3092;333
8;119;3092;333
9;119;3092;333
10;119;3092;333
11;119;3092;333
12;119;3092;333
13;119;3092;333
14;119;3092;333
15;119;3092;333
16;119;3092;333
17;119;3092;333
18;119;3092;333
19;119;3092;333
20;119;3092;333
21;119;3092;333
22;119;3092;333
23;119;3092;333
24;119;3092;333
25;119;3092;333
26;119;3092;333
27;119;3092;333
28;119;3092;333
29;119;3092;333
30;119;3092;333
31;119;3092;333
32;119;3092;333
33;119;3092;333
34;119;3092;333
35;119;3092;333
36;119;3092;333
37;119;3092;333
38;119;3092;333
39;119;3092;333
40;119;3092;333
41;119;3092;333
42;119;3092;333
43;119;3092;333
44;119;3092;333
45;119;3092;333
46;119;3092;333
47;119;3092;333
48;119;3092;333
49;119;3092;333
50;119;3092;333
51;119;3092;333
52;119;3092;333
53;119;3092;333
54;119;3092;333
55;119;3092;333
56;119;3092;333
57;119;3092;333
58;119;3092;333
59;119;3092;333
60;119;3092;333
61;119;3092;333
62;119;3092;333
63;119;3092;333
64;119;3092;333
65;119;3092;333
66;119;3092;333
67;119;3092;333
68;119;3092;333
69;119;3092;333
70;119;3092;333
71;119;3092;333
71;119;3092;333
72;119;3092;333
73;119;3092;333
74;119;3092;333
75;119;3092;333
76;119;3092;333
0;120;3092;333
1;120;3092;333
1;120;3092;333
2;120;3092;333
3;120;3092;333
4;120;3092;333
5;120;3092;333
6;120;3092;333
7;120;3092;333
8;120;3092;333
9;120;3092;333
10;120;3092;333
11;120;3092;333
12;120;3092;333
13;120;3092;333
14;120;3092;333
15;120;3092;333
16;120;3092;333
17;120;3092;333
18;120;3092;333
19;120;3092;333
20;120;3092;333
21;120;3092;333
22;120;3092;333
23;120;3092;333
24;120;3092;333
25;120;3092;333
26;120;3092;333
27;120;3092;333
28;120;3092;333
29;120;3092;333
30;120;3092;333
31;120;3092;333
32;120;3092;333
33;120;3092;333
34;120;3092;333
35;120;3092;333
36;120;3092;333
37;120;3092;333
38;120;3092;333
39;120;3092;333
40;120;3092;333
41;120;3092;333
42;120;3092;333
43;120;3092;333
44;120;3092;333
45;120;3092;333
46;120;3092;333
47;120;3092;333
48;120;3092;333
49;120;3092;333
50;120;3092;333
51;120;3092;333
52;120;3092;333
53;120;3092;333
54;120;3092;333
55;120;3092;333
56;120;3092;333
57;120;3092;333
58;120;3092;333
59;120;3092;333
60;120;3092;333
61;120;3092;333
62;120;3092;333
63;120;3092;333
64;120;3092;333
65;120;3092;333
66;120;3092;333
67;120;3092;333
68;120;3092;333
69;120;3092;333
70;120;3092;333
71;120;3092;333
71;120;3092;333
72;120;3092;333
73;120;3092;333
74;120;3092;333
74;120;3092;333
75;120;3092;333
75;120;3092;333
76;120;3092;333
0;121;3092;333
1;121;3092;333
1;121;3092;333
2;121;3092;333
3;121;3092;333
4;121;3092;333
5;121;3092;333
6;121;3092;333
7;121;3092;333
8;121;3092;333
9;121;3092;333
10;121;3092;333
11;121;3092;333
12;121;3092;333
13;121;3092;333
14;121;3092;333
15;121;3092;333
16;121;3092;333
17;121;3092;333
18;121;3092;333
19;121;3092;333
20;121;3092;333
21;121;3092;333
22;121;3092;333
23;121;3092;333
24;121;3092;333
25;121;3092;333
26;121;3092;333
27;121;3092;333
28;121;3092;333
29;121;3092;333
30;121;3092;333
31;121;3092;333
32;121;3092;333
33;121;3092;333
34;121;3092;333
35;121;3092;333
36;121;3092;333
37;121;3092;333
38;121;3092;333
39;121;3092;333
40;121;3092;333
41;121;3092;333
42;121;3092;333
43;121;3092;333
44;121;3092;333
45;121;3092;333
46;121;3092;333
47;121;3092;333
48;121;3092;333
49;121;3092;333
50;121;3092;333
51;121;3092;333
52;121;3092;333
53;121;3092;333
54;121;3092;333
55;121;3092;333
56;121;3092;333
57;121;3092;333
58;121;3092;333
59;121;3092;333
60;121;3092;333
61;121;3092;333
62;121;3092;333
63;121;3092;333
64;121;3092;333
65;121;3092;333
66;121;3092;333
67;121;3092;333
68;121;3092;333
69;121;3092;333
70;121;3092;333
71;121;3092;333
71;121;3092;333
72;121;3092;333
73;121;3092;333
74;121;3092;333
74;121;3092;333
75;121;3092;333
75;121;3092;333
75;121;3092;333
76;121;3092;333
