# Illarion Server
# 
# This program is free software: you can redistribute it and/or modify it under
# the terms of the GNU Affero General Public License as published by the Free
# Software Foundation, either version 3 of the License, or (at your option) any
# later version.
# 
# This program is distributed in the hope that it will be useful, but WITHOUT
# ANY WARRANTY; without even the implied warranty of MERCHANTABILITY or FITNESS
# FOR A PARTICULAR PURPOSE.  See the GNU Affero General Public License for more
# details.
# 
# You should have received a copy of the GNU Affero General Public License along
# with this program.  If not, see <http://www.gnu.org/licenses/>.
V: 2
L: 1
X: 220
Y: 759
W: 71
H: 71
0;0;0;7
1;0;0;7
2;0;0;7
3;0;0;7
4;0;0;7
5;0;0;7
6;0;0;7
7;0;0;7
8;0;0;7
9;0;2;7
10;0;2;7
11;0;2;7
12;0;2;7
13;0;2;7
14;0;0;7
15;0;0;7
16;0;0;7
17;0;0;7
18;0;0;7
19;0;0;7
20;0;0;7
21;0;0;7
22;0;0;7
23;0;0;7
24;0;0;7
25;0;0;7
26;0;0;7
27;0;0;7
28;0;0;7
29;0;0;7
30;0;0;7
31;0;0;7
32;0;0;7
33;0;0;7
34;0;0;7
35;0;0;7
36;0;0;7
37;0;0;7
38;0;0;7
39;0;0;7
40;0;0;7
41;0;0;7
42;0;0;7
43;0;0;7
44;0;0;7
45;0;0;7
46;0;0;7
47;0;0;7
48;0;0;7
49;0;0;7
50;0;0;7
51;0;0;7
52;0;0;7
53;0;0;7
54;0;0;7
55;0;0;7
56;0;0;7
57;0;0;7
58;0;0;7
59;0;0;7
60;0;0;7
61;0;0;7
62;0;0;7
63;0;0;7
64;0;0;7
65;0;0;7
66;0;0;7
67;0;0;7
68;0;0;7
69;0;0;7
70;0;0;7
0;1;0;7
1;1;0;7
2;1;0;7
3;1;0;7
4;1;0;7
5;1;0;7
6;1;0;7
7;1;0;7
8;1;2;7
9;1;2;7
10;1;2;7
11;1;2;7
12;1;2;7
13;1;2;7
14;1;2;7
15;1;0;7
16;1;0;7
17;1;0;7
18;1;0;7
19;1;0;7
20;1;0;7
21;1;0;7
22;1;0;7
23;1;0;7
24;1;0;7
25;1;0;7
26;1;0;7
27;1;2;7
28;1;2;7
29;1;0;7
30;1;0;7
31;1;0;7
32;1;2;7
33;1;2;7
34;1;2;7
35;1;0;7
36;1;0;7
37;1;0;7
38;1;0;7
39;1;0;7
40;1;0;7
41;1;0;7
42;1;0;7
43;1;0;7
44;1;0;7
45;1;0;7
46;1;0;7
47;1;0;7
48;1;0;7
49;1;0;7
50;1;0;7
51;1;0;7
52;1;0;7
53;1;0;7
54;1;0;7
55;1;0;7
56;1;0;7
57;1;0;7
58;1;0;7
59;1;0;7
60;1;0;7
61;1;0;7
62;1;0;7
63;1;0;7
64;1;0;7
65;1;0;7
66;1;0;7
67;1;0;7
68;1;0;7
69;1;0;7
70;1;0;7
0;2;0;7
1;2;0;7
2;2;0;7
3;2;0;7
4;2;0;7
5;2;0;7
6;2;0;7
7;2;2;7
8;2;2;7
9;2;2;7
10;2;2;7
11;2;2;7
12;2;2;7
13;2;2;7
14;2;2;7
15;2;2;7
16;2;2;7
17;2;2;7
18;2;2;7
19;2;2;7
20;2;2;7
21;2;2;7
22;2;0;7
23;2;0;7
24;2;2;7
25;2;2;7
26;2;2;7
27;2;2;7
28;2;2;7
29;2;2;7
30;2;2;7
31;2;2;7
32;2;2;7
33;2;2;7
34;2;2;7
35;2;2;7
36;2;2;7
37;2;2;7
38;2;2;7
39;2;0;7
40;2;0;7
41;2;0;7
42;2;0;7
43;2;0;7
44;2;0;7
45;2;0;7
46;2;0;7
47;2;0;7
48;2;0;7
49;2;0;7
50;2;0;7
51;2;0;7
52;2;0;7
53;2;0;7
54;2;0;7
55;2;0;7
56;2;0;7
57;2;0;7
58;2;0;7
59;2;0;7
60;2;0;7
61;2;0;7
62;2;0;7
63;2;0;7
64;2;0;7
65;2;0;7
66;2;0;7
67;2;0;7
68;2;0;7
69;2;0;7
70;2;0;7
0;3;0;7
1;3;0;7
2;3;0;7
3;3;0;7
4;3;0;7
5;3;0;7
6;3;2;7
7;3;2;7
8;3;2;7
9;3;2;7
10;3;2;7
11;3;2;7
12;3;2;7
13;3;2;7
14;3;2;7
15;3;2;7
16;3;2;7
17;3;2;7
18;3;2;7
19;3;2;7
20;3;2;7
21;3;2;7
22;3;2;7
23;3;2;7
24;3;2;7
25;3;2;7
26;3;2;7
27;3;2;7
28;3;2;7
29;3;2;7
30;3;2;7
31;3;2;7
32;3;2;7
33;3;2;7
34;3;2;7
35;3;2;7
36;3;2;7
37;3;2;7
38;3;2;7
39;3;2;7
40;3;2;7
41;3;2;7
42;3;2;7
43;3;0;7
44;3;0;7
45;3;0;7
46;3;0;7
47;3;0;7
48;3;0;7
49;3;0;7
50;3;0;7
51;3;0;7
52;3;0;7
53;3;0;7
54;3;0;7
55;3;0;7
56;3;0;7
57;3;0;7
58;3;0;7
59;3;0;7
60;3;0;7
61;3;0;7
62;3;2;7
63;3;2;7
64;3;2;7
65;3;0;7
66;3;0;7
67;3;0;7
68;3;0;7
69;3;0;7
70;3;0;7
0;4;0;7
1;4;0;7
2;4;0;7
3;4;0;7
4;4;0;7
5;4;2;7
6;4;2;7
7;4;2;7
8;4;2;7
9;4;2;7
10;4;2;7
11;4;2;7
12;4;25667;7
13;4;18499;7
14;4;2;7
15;4;2;7
16;4;2;7
17;4;2;7
18;4;2;7
19;4;2;7
20;4;2;7
21;4;17475;7
22;4;9283;7
23;4;18499;7
24;4;2;7
25;4;2;7
26;4;2;7
27;4;2;7
28;4;2;7
29;4;2;7
30;4;2;7
31;4;2;7
32;4;2;7
33;4;2;7
34;4;2;7
35;4;2;7
36;4;2;7
37;4;2;7
38;4;2;7
39;4;2;7
40;4;2;7
41;4;2;7
42;4;2;7
43;4;2;7
44;4;2;7
45;4;0;7
46;4;0;7
47;4;0;7
48;4;0;7
49;4;0;7
50;4;0;7
51;4;0;7
52;4;0;7
53;4;0;7
54;4;0;7
55;4;0;7
56;4;0;7
57;4;0;7
58;4;0;7
59;4;0;7
60;4;0;7
61;4;2;7
62;4;2;7
63;4;2;7
64;4;2;7
65;4;0;7
66;4;0;7
67;4;0;7
68;4;0;7
69;4;0;7
70;4;0;7
0;5;0;7
1;5;0;7
2;5;0;7
3;5;0;7
4;5;0;7
5;5;2;7
6;5;2;7
7;5;2;7
8;5;6626;7
9;5;11746;7
10;5;5602;7
11;5;2;7
12;5;10307;7
13;5;3;7
14;5;23619;7
15;5;2;7
16;5;2;7
17;5;2;7
18;5;2;7
19;5;2;7
20;5;13379;7
21;5;3;7
22;5;3;7
23;5;3;7
24;5;14403;7
25;5;2;7
26;5;2;7
27;5;2;7
28;5;2;7
29;5;2;7
30;5;2;7
31;5;2;7
32;5;2;7
33;5;2;7
34;5;2;7
35;5;2;7
36;5;2;7
37;5;25667;7
38;5;18499;7
39;5;2;7
40;5;2;7
41;5;2;7
42;5;8674;7
43;5;15;7
44;5;4578;7
45;5;2;7
46;5;0;7
47;5;0;7
48;5;0;7
49;5;0;7
50;5;0;7
51;5;0;7
52;5;0;7
53;5;0;7
54;5;0;7
55;5;0;7
56;5;0;7
57;5;0;7
58;5;0;7
59;5;0;7
60;5;2;7
61;5;2;7
62;5;2;7
63;5;2;7
64;5;2;7
65;5;2;7
66;5;2;7
67;5;2;7
68;5;2;7
69;5;0;7
70;5;0;7
0;6;0;7
1;6;0;7
2;6;0;7
3;6;0;7
4;6;0;7
5;6;2;7
6;6;2;7
7;6;8674;7
8;6;15;7
9;6;15;7
10;6;15;7
11;6;4578;7
12;6;27715;7
13;6;11331;7
14;6;28739;7
15;6;2;7
16;6;2;7
17;6;2;7
18;6;2;7
19;6;13379;7
20;6;3;7
21;6;3;7
22;6;3;7
23;6;3;7
24;6;3;7
25;6;14403;7
26;6;2;7
27;6;2;7
28;6;17475;7
29;6;26691;7
30;6;2;7
31;6;2;7
32;6;2;7
33;6;2;7
34;6;2;7
35;6;2;7
36;6;2;7
37;6;20547;7
38;6;3;7
39;6;2115;7
40;6;26691;7
41;6;2;7
42;6;12770;7
43;6;15;7
44;6;10722;7
45;6;2;7
46;6;0;7
47;6;0;7
48;6;0;7
49;6;0;7
50;6;0;7
51;6;0;7
52;6;0;7
53;6;0;7
54;6;0;7
55;6;0;7
56;6;0;7
57;6;0;7
58;6;0;7
59;6;2;7
60;6;2;7
61;6;2;7
62;6;2;7
63;6;2;7
64;6;2;7
65;6;2;7
66;6;2;7
67;6;2;7
68;6;2;7
69;6;2;7
70;6;0;7
0;7;0;7
1;7;0;7
2;7;0;7
3;7;2;7
4;7;2;7
5;7;2;7
6;7;2;7
7;7;25058;7
8;7;15;7
9;7;15;7
10;7;15;7
11;7;3554;7
12;7;2;7
13;7;2;7
14;7;2;7
15;7;2;7
16;7;2;7
17;7;2;7
18;7;13379;7
19;7;3;7
20;7;6211;7
21;7;5187;7
22;7;6627;7
23;7;11747;7
24;7;5603;7
25;7;3;7
26;7;2115;7
27;7;1091;7
28;7;3;7
29;7;24643;7
30;7;2;7
31;7;2;7
32;7;2;7
33;7;2;7
34;7;2;7
35;7;2;7
36;7;2;7
37;7;2;7
38;7;4163;7
39;7;3;7
40;7;12355;7
41;7;2;7
42;7;7650;7
43;7;15;7
44;7;3554;7
45;7;2;7
46;7;0;7
47;7;0;7
48;7;0;7
49;7;0;7
50;7;0;7
51;7;0;7
52;7;0;7
53;7;0;7
54;7;0;7
55;7;0;7
56;7;0;7
57;7;0;7
58;7;2;7
59;7;2;7
60;7;2;7
61;7;2;7
62;7;2;7
63;7;2;7
64;7;2;7
65;7;2;7
66;7;2;7
67;7;2;7
68;7;2;7
69;7;2;7
70;7;0;7
0;8;0;7
1;8;0;7
2;8;2;7
3;8;2;7
4;8;2;7
5;8;2;7
6;8;8674;7
7;8;15;7
8;8;15;7
9;8;26082;7
10;8;1506;7
11;8;2;7
12;8;2;7
13;8;2;7
14;8;2;7
15;8;2;7
16;8;2;7
17;8;19523;7
18;8;3;7
19;8;16451;7
20;8;2;7
21;8;16866;7
22;8;15;7
23;8;15;7
24;8;15;7
25;8;15843;7
26;8;3;7
27;8;3;7
28;8;16451;7
29;8;2;7
30;8;2;7
31;8;2;7
32;8;2;7
33;8;2;7
34;8;2;7
35;8;2;7
36;8;2;7
37;8;2;7
38;8;10307;7
39;8;3;7
40;8;12355;7
41;8;2;7
42;8;2;7
43;8;2;7
44;8;2;7
45;8;0;7
46;8;0;7
47;8;0;7
48;8;0;7
49;8;0;7
50;8;0;7
51;8;0;7
52;8;0;7
53;8;0;7
54;8;0;7
55;8;2;7
56;8;2;7
57;8;2;7
58;8;2;7
59;8;2;7
60;8;2;7
61;8;2;7
62;8;2;7
63;8;2;7
64;8;2;7
65;8;2;7
66;8;2;7
67;8;2;7
68;8;2;7
69;8;2;7
70;8;0;7
0;9;0;7
1;9;0;7
2;9;2;7
3;9;2;7
4;9;2;7
5;9;2;7
6;9;7650;7
7;9;15;7
8;9;15;7
9;9;3554;7
10;9;2;7
11;9;2;7
12;9;2;7
13;9;2;7
14;9;2;7
15;9;2;7
16;9;2;7
17;9;27715;7
18;9;21571;7
19;9;2;7
20;9;2;7
21;9;15;7
22;9;15;7
23;9;15;7
24;9;15;7
25;9;15;7
26;9;4579;7
27;9;8259;7
28;9;2;7
29;9;2;7
30;9;2;7
31;9;2;7
32;9;2;7
33;9;17475;7
34;9;9283;7
35;9;18499;7
36;9;2;7
37;9;2;7
38;9;10307;7
39;9;3;7
40;9;12355;7
41;9;2;7
42;9;2;7
43;9;2;7
44;9;34;7
45;9;0;7
46;9;0;7
47;9;0;7
48;9;0;7
49;9;0;7
50;9;0;7
51;9;0;7
52;9;0;7
53;9;0;7
54;9;0;7
55;9;2;7
56;9;2;7
57;9;2;7
58;9;2;7
59;9;2;7
60;9;2;7
61;9;2;7
62;9;2;7
63;9;2;7
64;9;2;7
65;9;2;7
66;9;2;7
67;9;2;7
68;9;2;7
69;9;2;7
70;9;0;7
0;10;0;7
1;10;0;7
2;10;0;7
3;10;0;7
4;10;0;7
5;10;2;7
6;10;13379;7
7;10;2531;7
8;10;1507;7
9;10;2115;7
10;10;9283;7
11;10;9283;7
12;10;9283;7
13;10;18499;7
14;10;2;7
15;10;2;7
16;10;2;7
17;10;2;7
18;10;2;7
19;10;2;7
20;10;2;7
21;10;2530;7
22;10;18915;7
23;10;15;7
24;10;15;7
25;10;15;7
26;10;3555;7
27;10;24643;7
28;10;2;7
29;10;2;7
30;10;2;7
31;10;25667;7
32;10;1091;7
33;10;3;7
34;10;3;7
35;10;3;7
36;10;23619;7
37;10;2;7
38;10;10307;7
39;10;3;7
40;10;12355;7
41;10;2;7
42;10;2;7
43;10;2;7
44;10;34;7
45;10;0;7
46;10;0;7
47;10;0;7
48;10;0;7
49;10;0;7
50;10;0;7
51;10;0;7
52;10;0;7
53;10;2;7
54;10;2;7
55;10;2;7
56;10;2;7
57;10;2;7
58;10;2;7
59;10;2;7
60;10;2;7
61;10;2;7
62;10;17475;7
63;10;26691;7
64;10;2;7
65;10;2;7
66;10;2;7
67;10;2;7
68;10;2;7
69;10;2;7
70;10;2;7
0;11;0;7
1;11;0;7
2;11;0;7
3;11;0;7
4;11;0;7
5;11;3;7
6;11;3;7
7;11;3;7
8;11;3;7
9;11;3;7
10;11;3;7
11;11;3;7
12;11;3;7
13;11;3;7
14;11;23619;7
15;11;2;7
16;11;2;7
17;11;2;7
18;11;2;7
19;11;2;7
20;11;25667;7
21;11;1091;7
22;11;3;7
23;11;2531;7
24;11;9699;7
25;11;1507;7
26;11;8259;7
27;11;2;7
28;11;2;7
29;11;2;7
30;11;2;7
31;11;27715;7
32;11;5187;7
33;11;3;7
34;11;3;7
35;11;3;7
36;11;12355;7
37;11;2;7
38;11;20547;7
39;11;3;7
40;11;12355;7
41;11;2;7
42;11;2;7
43;11;2;7
44;11;34;7
45;11;0;7
46;11;0;7
47;11;0;7
48;11;0;7
49;11;0;7
50;11;0;7
51;11;0;7
52;11;2;7
53;11;2;7
54;11;2;7
55;11;17475;7
56;11;9283;7
57;11;9283;7
58;11;26691;7
59;11;2;7
60;11;25667;7
61;11;1091;7
62;11;3;7
63;11;24643;7
64;11;2;7
65;11;2;7
66;11;2;7
67;11;2;7
68;11;2;7
69;11;2;7
70;11;2;7
0;12;0;7
1;12;0;7
2;12;0;7
3;12;0;7
4;12;0;7
5;12;11331;7
6;12;5187;7
7;12;3;7
8;12;3;7
9;12;6211;7
10;12;5187;7
11;12;3;7
12;12;3;7
13;12;3;7
14;12;7235;7
15;12;2;7
16;12;2;7
17;12;2;7
18;12;2;7
19;12;2;7
20;12;27715;7
21;12;11331;7
22;12;11331;7
23;12;11331;7
24;12;11331;7
25;12;11331;7
26;12;28739;7
27;12;2;7
28;12;2;7
29;12;2;7
30;12;2;7
31;12;2;7
32;12;2;7
33;12;3;7
34;12;3;7
35;12;6211;7
36;12;28739;7
37;12;2;7
38;12;2;7
39;12;4163;7
40;12;7235;7
41;12;2;7
42;12;2;7
43;12;2;7
44;12;2;7
45;12;0;7
46;12;0;7
47;12;0;7
48;12;0;7
49;12;0;7
50;12;0;7
51;12;0;7
52;12;2;7
53;12;25667;7
54;12;1091;7
55;12;3;7
56;12;3;7
57;12;3;7
58;12;7235;7
59;12;2;7
60;12;3139;7
61;12;3;7
62;12;16451;7
63;12;2;7
64;12;2;7
65;12;2;7
66;12;2;7
67;12;2;7
68;12;2;7
69;12;2;7
70;12;2;7
0;13;0;7
1;13;0;7
2;13;0;7
3;13;0;7
4;13;2;7
5;13;2;7
6;13;2;7
7;13;22595;7
8;13;21571;7
9;13;2;7
10;13;2;7
11;13;3;7
12;13;3;7
13;13;3;7
14;13;3;7
15;13;2115;7
16;13;9283;7
17;13;18499;7
18;13;2;7
19;13;2;7
20;13;2;7
21;13;2;7
22;13;2;7
23;13;2;7
24;13;2;7
25;13;2;7
26;13;2;7
27;13;2;7
28;13;2;7
29;13;2;7
30;13;2;7
31;13;2;7
32;13;13379;7
33;13;3;7
34;13;8259;7
35;13;2;7
36;13;2;7
37;13;2;7
38;13;2;7
39;13;3139;7
40;13;3;7
41;13;2115;7
42;13;26691;7
43;13;2;7
44;13;2;7
45;13;34;7
46;13;34;7
47;13;34;7
48;13;34;7
49;13;34;7
50;13;34;7
51;13;34;7
52;13;2;7
53;13;20547;7
54;13;6403;7
55;13;5379;7
56;13;3;7
57;13;3;7
58;13;3;7
59;13;3;7
60;13;3;7
61;13;16451;7
62;13;2;7
63;13;2;7
64;13;2;7
65;13;2;7
66;13;2;7
67;13;2;7
68;13;2;7
69;13;2;7
70;13;2;7
0;14;0;7
1;14;0;7
2;14;0;7
3;14;0;7
4;14;2;7
5;14;2;7
6;14;2;7
7;14;2;7
8;14;2;7
9;14;2;7
10;14;19523;7
11;14;3;7
12;14;6211;7
13;14;5187;7
14;14;3;7
15;14;3;7
16;14;3;7
17;14;3;7
18;14;23619;7
19;14;2;7
20;14;2;7
21;14;2;7
22;14;2;7
23;14;2;7
24;14;2;7
25;14;2;7
26;14;17475;7
27;14;26691;7
28;14;2;7
29;14;2;7
30;14;2;7
31;14;19523;7
32;14;3;7
33;14;3;7
34;14;12355;7
35;14;2;7
36;14;25667;7
37;14;9283;7
38;14;1091;7
39;14;3;7
40;14;3;7
41;14;3;7
42;14;12355;7
43;14;2;7
44;14;2;7
45;14;0;7
46;14;0;7
47;14;0;7
48;14;0;7
49;14;0;7
50;14;0;7
51;14;2;7
52;14;2;7
53;14;8450;7
54;14;8;7
55;14;8;7
56;14;4355;7
57;14;3;7
58;14;3;7
59;14;3;7
60;14;8259;7
61;14;2;7
62;14;2;7
63;14;2;7
64;14;2;7
65;14;2;7
66;14;2;7
67;14;2;7
68;14;2;7
69;14;2;7
70;14;0;7
0;15;0;7
1;15;0;7
2;15;0;7
3;15;0;7
4;15;2;7
5;15;2;7
6;15;6402;7
7;15;11522;7
8;15;5378;7
9;15;2;7
10;15;10307;7
11;15;8259;7
12;15;2;7
13;15;2;7
14;15;22595;7
15;15;11331;7
16;15;11331;7
17;15;5187;7
18;15;6403;7
19;15;11522;7
20;15;5378;7
21;15;2;7
22;15;2;7
23;15;2;7
24;15;25667;7
25;15;1091;7
26;15;3;7
27;15;12355;7
28;15;2;7
29;15;2;7
30;15;2;7
31;15;10307;7
32;15;3;7
33;15;3;7
34;15;12355;7
35;15;2;7
36;15;20547;7
37;15;3;7
38;15;3;7
39;15;3;7
40;15;6211;7
41;15;11331;7
42;15;28739;7
43;15;2;7
44;15;0;7
45;15;0;7
46;15;0;7
47;15;0;7
48;15;0;7
49;15;0;7
50;15;2;7
51;15;2;7
52;15;2;7
53;15;12546;7
54;15;8;7
55;15;8;7
56;15;10498;7
57;15;22595;7
58;15;11331;7
59;15;11331;7
60;15;28739;7
61;15;2;7
62;15;2;7
63;15;2;7
64;15;2;7
65;15;2;7
66;15;2;7
67;15;2;7
68;15;2;7
69;15;2;7
70;15;0;7
0;16;0;7
1;16;0;7
2;16;0;7
3;16;0;7
4;16;2;7
5;16;16642;7
6;16;8;7
7;16;8;7
8;16;8;7
9;16;4354;7
10;16;27715;7
11;16;28739;7
12;16;2;7
13;16;2;7
14;16;2;7
15;16;2;7
16;16;2;7
17;16;8450;7
18;16;8;7
19;16;8;7
20;16;8;7
21;16;4354;7
22;16;2;7
23;16;2;7
24;16;10307;7
25;16;3;7
26;16;3;7
27;16;12355;7
28;16;2;7
29;16;2;7
30;16;2;7
31;16;27715;7
32;16;11331;7
33;16;11331;7
34;16;28739;7
35;16;2;7
36;16;2;7
37;16;4163;7
38;16;3;7
39;16;8259;7
40;16;2;7
41;16;2;7
42;16;2;7
43;16;2;7
44;16;0;7
45;16;0;7
46;16;0;7
47;16;0;7
48;16;0;7
49;16;2;7
50;16;2;7
51;16;2;7
52;16;2;7
53;16;7426;7
54;16;8;7
55;16;8;7
56;16;3330;7
57;16;2;7
58;16;2;7
59;16;2;7
60;16;2;7
61;16;2;7
62;16;2;7
63;16;2;7
64;16;2;7
65;16;2;7
66;16;17475;7
67;16;26691;7
68;16;2;7
69;16;2;7
70;16;0;7
0;17;0;7
1;17;0;7
2;17;2;7
3;17;2;7
4;17;8450;7
5;17;8;7
6;17;8;7
7;17;8;7
8;17;8;7
9;17;3330;7
10;17;2;7
11;17;2;7
12;17;2;7
13;17;2;7
14;17;2;7
15;17;2;7
16;17;2;7
17;17;7426;7
18;17;8;7
19;17;8;7
20;17;8;7
21;17;3330;7
22;17;2;7
23;17;2;7
24;17;10307;7
25;17;3;7
26;17;3;7
27;17;24643;7
28;17;2;7
29;17;2;7
30;17;2;7
31;17;2;7
32;17;2;7
33;17;2;7
34;17;2;7
35;17;2;7
36;17;2;7
37;17;27715;7
38;17;11331;7
39;17;28739;7
40;17;2;7
41;17;2;7
42;17;2;7
43;17;0;7
44;17;0;7
45;17;0;7
46;17;0;7
47;17;0;7
48;17;0;7
49;17;2;7
50;17;2;7
51;17;2;7
52;17;2;7
53;17;2;7
54;17;2306;7
55;17;1282;7
56;17;2;7
57;17;2;7
58;17;2;7
59;17;2;7
60;17;2;7
61;17;2;7
62;17;2;7
63;17;2;7
64;17;25667;7
65;17;1091;7
66;17;3;7
67;17;24643;7
68;17;2;7
69;17;2;7
70;17;0;7
0;18;0;7
1;18;0;7
2;18;2;7
3;18;2;7
4;18;7426;7
5;18;8;7
6;18;8;7
7;18;17666;7
8;18;1282;7
9;18;2;7
10;18;2;7
11;18;2;7
12;18;2;7
13;18;2;7
14;18;2;7
15;18;2;7
16;18;2;7
17;18;2;7
18;18;2306;7
19;18;9474;7
20;18;1282;7
21;18;2;7
22;18;2;7
23;18;2;7
24;18;3139;7
25;18;3;7
26;18;8259;7
27;18;2;7
28;18;2;7
29;18;2;7
30;18;2;7
31;18;2;7
32;18;6402;7
33;18;11522;7
34;18;5378;7
35;18;2;7
36;18;2;7
37;18;2;7
38;18;2;7
39;18;2;7
40;18;2;7
41;18;2;7
42;18;0;7
43;18;0;7
44;18;0;7
45;18;0;7
46;18;0;7
47;18;2;7
48;18;2;7
49;18;2;7
50;18;2;7
51;18;2;7
52;18;2;7
53;18;2;7
54;18;2;7
55;18;2;7
56;18;2;7
57;18;2;7
58;18;2;7
59;18;2;7
60;18;2;7
61;18;2;7
62;18;2;7
63;18;2;7
64;18;3139;7
65;18;3;7
66;18;8259;7
67;18;2;7
68;18;2;7
69;18;2;7
70;18;0;7
0;19;0;7
1;19;0;7
2;19;2;7
3;19;2;7
4;19;2;7
5;19;2306;7
6;19;1282;7
7;19;2;7
8;19;2;7
9;19;2;7
10;19;2;7
11;19;2;7
12;19;2;7
13;19;2;7
14;19;2;7
15;19;2;7
16;19;2;7
17;19;2;7
18;19;2;7
19;19;2;7
20;19;2;7
21;19;2;7
22;19;2;7
23;19;19523;7
24;19;3;7
25;19;3;7
26;19;7235;7
27;19;2;7
28;19;2;7
29;19;2;7
30;19;2;7
31;19;8450;7
32;19;8;7
33;19;8;7
34;19;8;7
35;19;4354;7
36;19;2;7
37;19;2;7
38;19;2;7
39;19;2;7
40;19;2;7
41;19;2;7
42;19;0;7
43;19;0;7
44;19;0;7
45;19;0;7
46;19;2;7
47;19;2;7
48;19;2;7
49;19;2;7
50;19;2;7
51;19;2;7
52;19;2;7
53;19;2;7
54;19;2;7
55;19;2;7
56;19;2;7
57;19;2;7
58;19;2;7
59;19;2;7
60;19;2;7
61;19;25667;7
62;19;9283;7
63;19;1091;7
64;19;3;7
65;19;6211;7
66;19;28739;7
67;19;2;7
68;19;2;7
69;19;2;7
70;19;0;7
0;20;0;7
1;20;0;7
2;20;2;7
3;20;2;7
4;20;2;7
5;20;2;7
6;20;2;7
7;20;2;7
8;20;2;7
9;20;2;7
10;20;2;7
11;20;2;7
12;20;2;7
13;20;2;7
14;20;2;7
15;20;2;7
16;20;2;7
17;20;2;7
18;20;2;7
19;20;2;7
20;20;2;7
21;20;2;7
22;20;2;7
23;20;20547;7
24;20;3;7
25;20;3;7
26;20;3;7
27;20;2115;7
28;20;9283;7
29;20;26691;7
30;20;2;7
31;20;12546;7
32;20;8;7
33;20;8;7
34;20;8;7
35;20;3330;7
36;20;2;7
37;20;2;7
38;20;2;7
39;20;0;7
40;20;0;7
41;20;0;7
42;20;0;7
43;20;0;7
44;20;0;7
45;20;2;7
46;20;2;7
47;20;2;7
48;20;2;7
49;20;2;7
50;20;2;7
51;20;2;7
52;20;2;7
53;20;2;7
54;20;2;7
55;20;2;7
56;20;2;7
57;20;2;7
58;20;2;7
59;20;2;7
60;20;2;7
61;20;3139;7
62;20;3;7
63;20;3;7
64;20;16451;7
65;20;2;7
66;20;2;7
67;20;2;7
68;20;0;7
69;20;0;7
70;20;0;7
0;21;0;7
1;21;0;7
2;21;2;7
3;21;2;7
4;21;2;7
5;21;2;7
6;21;0;7
7;21;0;7
8;21;2;7
9;21;2;7
10;21;2;7
11;21;2;7
12;21;0;7
13;21;0;7
14;21;2;7
15;21;2;7
16;21;2;7
17;21;2;7
18;21;2;7
19;21;2;7
20;21;2;7
21;21;2;7
22;21;2;7
23;21;2;7
24;21;15427;7
25;21;6403;7
26;21;11523;7
27;21;5379;7
28;21;3;7
29;21;7235;7
30;21;6402;7
31;21;28930;7
32;21;8;7
33;21;8;7
34;21;13570;7
35;21;2;7
36;21;2;7
37;21;2;7
38;21;2;7
39;21;0;7
40;21;0;7
41;21;0;7
42;21;0;7
43;21;0;7
44;21;0;7
45;21;2;7
46;21;2;7
47;21;2;7
48;21;2;7
49;21;2;7
50;21;2;7
51;21;25667;7
52;21;18499;7
53;21;2;7
54;21;2;7
55;21;2;7
56;21;2;7
57;21;2;7
58;21;2;7
59;21;2;7
60;21;19523;7
61;21;3;7
62;21;3;7
63;21;16451;7
64;21;2;7
65;21;2;7
66;21;2;7
67;21;2;7
68;21;0;7
69;21;0;7
70;21;0;7
0;22;0;7
1;22;0;7
2;22;0;7
3;22;0;7
4;22;2;7
5;22;0;7
6;22;0;7
7;22;0;7
8;22;0;7
9;22;0;7
10;22;0;7
11;22;0;7
12;22;0;7
13;22;0;7
14;22;0;7
15;22;2;7
16;22;2;7
17;22;2;7
18;22;2;7
19;22;2;7
20;22;2;7
21;22;2;7
22;22;2;7
23;22;2;7
24;22;8450;7
25;22;8;7
26;22;8;7
27;22;8;7
28;22;22787;7
29;22;21763;7
30;22;8;7
31;22;8;7
32;22;8;7
33;22;19714;7
34;22;2;7
35;22;2;7
36;22;2;7
37;22;2;7
38;22;0;7
39;22;0;7
40;22;0;7
41;22;0;7
42;22;0;7
43;22;0;7
44;22;2;7
45;22;2;7
46;22;2;7
47;22;2;7
48;22;2;7
49;22;2;7
50;22;2;7
51;22;3139;7
52;22;3;7
53;22;2115;7
54;22;26691;7
55;22;2;7
56;22;2;7
57;22;2;7
58;22;2;7
59;22;2;7
60;22;27715;7
61;22;11331;7
62;22;21571;7
63;22;2;7
64;22;2;7
65;22;2;7
66;22;2;7
67;22;2;7
68;22;0;7
69;22;0;7
70;22;0;7
0;23;0;7
1;23;0;7
2;23;0;7
3;23;0;7
4;23;0;7
5;23;0;7
6;23;0;7
7;23;0;7
8;23;0;7
9;23;0;7
10;23;0;7
11;23;0;7
12;23;0;7
13;23;0;7
14;23;0;7
15;23;0;7
16;23;2;7
17;23;2;7
18;23;2;7
19;23;2;7
20;23;2;7
21;23;2;7
22;23;2;7
23;23;2;7
24;23;12546;7
25;23;8;7
26;23;8;7
27;23;8;7
28;23;8;7
29;23;8;7
30;23;8;7
31;23;8;7
32;23;8;7
33;23;3330;7
34;23;2;7
35;23;2;7
36;23;2;7
37;23;2;7
38;23;0;7
39;23;0;7
40;23;0;7
41;23;0;7
42;23;0;7
43;23;2;7
44;23;2;7
45;23;2;7
46;23;2;7
47;23;2;7
48;23;2;7
49;23;25667;7
50;23;1091;7
51;23;3;7
52;23;3;7
53;23;3;7
54;23;12355;7
55;23;2;7
56;23;2;7
57;23;2;7
58;23;2;7
59;23;2;7
60;23;2;7
61;23;2;7
62;23;2;7
63;23;2;7
64;23;2;7
65;23;2;7
66;23;2;7
67;23;2;7
68;23;0;7
69;23;0;7
70;23;0;7
0;24;0;7
1;24;0;7
2;24;0;7
3;24;0;7
4;24;0;7
5;24;0;7
6;24;0;7
7;24;0;7
8;24;0;7
9;24;0;7
10;24;0;7
11;24;0;7
12;24;0;7
13;24;0;7
14;24;0;7
15;24;0;7
16;24;0;7
17;24;2;7
18;24;2;7
19;24;2;7
20;24;2;7
21;24;2;7
22;24;2;7
23;24;2;7
24;24;12546;7
25;24;8;7
26;24;8;7
27;24;8;7
28;24;8;7
29;24;8;7
30;24;17666;7
31;24;9474;7
32;24;1282;7
33;24;2;7
34;24;2;7
35;24;2;7
36;24;2;7
37;24;2;7
38;24;0;7
39;24;0;7
40;24;0;7
41;24;0;7
42;24;2;7
43;24;2;7
44;24;2;7
45;24;2;7
46;24;2;7
47;24;2;7
48;24;2;7
49;24;10307;7
50;24;3;7
51;24;3;7
52;24;3;7
53;24;3;7
54;24;12355;7
55;24;2;7
56;24;2;7
57;24;2;7
58;24;2;7
59;24;2;7
60;24;2;7
61;24;2;7
62;24;2;7
63;24;2;7
64;24;2;7
65;24;2;7
66;24;2;7
67;24;2;7
68;24;0;7
69;24;0;7
70;24;0;7
0;25;0;7
1;25;0;7
2;25;0;7
3;25;0;7
4;25;0;7
5;25;0;7
6;25;0;7
7;25;0;7
8;25;0;7
9;25;0;7
10;25;0;7
11;25;0;7
12;25;0;7
13;25;0;7
14;25;0;7
15;25;0;7
16;25;0;7
17;25;0;7
18;25;2;7
19;25;2;7
20;25;2;7
21;25;2;7
22;25;2;7
23;25;2;7
24;25;7426;7
25;25;8;7
26;25;8;7
27;25;8;7
28;25;17666;7
29;25;1282;7
30;25;2;7
31;25;2;7
32;25;2;7
33;25;2;7
34;25;2;7
35;25;0;7
36;25;0;7
37;25;0;7
38;25;0;7
39;25;0;7
40;25;0;7
41;25;2;7
42;25;2;7
43;25;2;7
44;25;2;7
45;25;2;7
46;25;2;7
47;25;2;7
48;25;2;7
49;25;27715;7
50;25;11331;7
51;25;11331;7
52;25;11331;7
53;25;11331;7
54;25;28739;7
55;25;2;7
56;25;25667;7
57;25;18499;7
58;25;2;7
59;25;2;7
60;25;2;7
61;25;2;7
62;25;2;7
63;25;2;7
64;25;2;7
65;25;2;7
66;25;2;7
67;25;2;7
68;25;0;7
69;25;0;7
70;25;0;7
0;26;0;7
1;26;0;7
2;26;0;7
3;26;0;7
4;26;0;7
5;26;0;7
6;26;0;7
7;26;0;7
8;26;0;7
9;26;0;7
10;26;0;7
11;26;0;7
12;26;0;7
13;26;0;7
14;26;0;7
15;26;0;7
16;26;0;7
17;26;0;7
18;26;0;7
19;26;34;7
20;26;2;7
21;26;2;7
22;26;2;7
23;26;2;7
24;26;2;7
25;26;2306;7
26;26;9474;7
27;26;1282;7
28;26;2;7
29;26;2;7
30;26;2;7
31;26;2;7
32;26;2;7
33;26;2;7
34;26;2;7
35;26;0;7
36;26;0;7
37;26;0;7
38;26;0;7
39;26;0;7
40;26;0;7
41;26;2;7
42;26;2;7
43;26;2;7
44;26;2;7
45;26;2;7
46;26;2;7
47;26;2;7
48;26;2;7
49;26;2;7
50;26;2;7
51;26;2;7
52;26;2;7
53;26;6402;7
54;26;5378;7
55;26;2;7
56;26;3139;7
57;26;3;7
58;26;14403;7
59;26;2;7
60;26;2;7
61;26;2;7
62;26;2;7
63;26;2;7
64;26;2;7
65;26;2;7
66;26;2;7
67;26;2;7
68;26;0;7
69;26;0;7
70;26;0;7
0;27;0;7
1;27;0;7
2;27;0;7
3;27;0;7
4;27;0;7
5;27;0;7
6;27;0;7
7;27;0;7
8;27;0;7
9;27;0;7
10;27;0;7
11;27;0;7
12;27;0;7
13;27;0;7
14;27;0;7
15;27;0;7
16;27;0;7
17;27;0;7
18;27;0;7
19;27;0;7
20;27;2;7
21;27;2;7
22;27;2;7
23;27;2;7
24;27;2;7
25;27;2;7
26;27;2;7
27;27;2;7
28;27;2;7
29;27;2;7
30;27;2;7
31;27;2;7
32;27;2;7
33;27;2;7
34;27;0;7
35;27;0;7
36;27;0;7
37;27;0;7
38;27;0;7
39;27;0;7
40;27;0;7
41;27;0;7
42;27;2;7
43;27;2;7
44;27;2;7
45;27;2;7
46;27;2;7
47;27;2;7
48;27;2;7
49;27;2;7
50;27;2;7
51;27;2;7
52;27;8450;7
53;27;8;7
54;27;8;7
55;27;1091;7
56;27;3;7
57;27;3;7
58;27;3;7
59;27;23619;7
60;27;2;7
61;27;2;7
62;27;2;7
63;27;2;7
64;27;2;7
65;27;2;7
66;27;2;7
67;27;2;7
68;27;0;7
69;27;0;7
70;27;0;7
0;28;0;7
1;28;0;7
2;28;0;7
3;28;0;7
4;28;0;7
5;28;0;7
6;28;0;7
7;28;0;7
8;28;0;7
9;28;0;7
10;28;0;7
11;28;0;7
12;28;0;7
13;28;0;7
14;28;0;7
15;28;0;7
16;28;0;7
17;28;0;7
18;28;0;7
19;28;0;7
20;28;0;7
21;28;0;7
22;28;0;7
23;28;2;7
24;28;2;7
25;28;2;7
26;28;2;7
27;28;2;7
28;28;2;7
29;28;2;7
30;28;2;7
31;28;2;7
32;28;0;7
33;28;0;7
34;28;0;7
35;28;0;7
36;28;0;7
37;28;0;7
38;28;0;7
39;28;0;7
40;28;0;7
41;28;0;7
42;28;0;7
43;28;2;7
44;28;2;7
45;28;2;7
46;28;2;7
47;28;2;7
48;28;2;7
49;28;2;7
50;28;2;7
51;28;2;7
52;28;7426;7
53;28;8;7
54;28;8;7
55;28;3331;7
56;28;3;7
57;28;3;7
58;28;3;7
59;28;12355;7
60;28;2;7
61;28;2;7
62;28;2;7
63;28;2;7
64;28;2;7
65;28;2;7
66;28;2;7
67;28;0;7
68;28;0;7
69;28;0;7
70;28;0;7
0;29;0;7
1;29;0;7
2;29;0;7
3;29;0;7
4;29;0;7
5;29;0;7
6;29;0;7
7;29;0;7
8;29;0;7
9;29;0;7
10;29;0;7
11;29;0;7
12;29;0;7
13;29;0;7
14;29;0;7
15;29;0;7
16;29;0;7
17;29;0;7
18;29;0;7
19;29;0;7
20;29;0;7
21;29;0;7
22;29;0;7
23;29;2;7
24;29;2;7
25;29;2;7
26;29;2;7
27;29;2;7
28;29;2;7
29;29;2;7
30;29;2;7
31;29;0;7
32;29;0;7
33;29;0;7
34;29;0;7
35;29;0;7
36;29;0;7
37;29;0;7
38;29;0;7
39;29;0;7
40;29;0;7
41;29;0;7
42;29;0;7
43;29;0;7
44;29;2;7
45;29;2;7
46;29;2;7
47;29;2;7
48;29;2;7
49;29;2;7
50;29;2;7
51;29;2;7
52;29;2;7
53;29;2306;7
54;29;1282;7
55;29;22595;7
56;29;11331;7
57;29;5187;7
58;29;3;7
59;29;12355;7
60;29;2;7
61;29;2;7
62;29;2;7
63;29;17475;7
64;29;9283;7
65;29;18499;7
66;29;2;7
67;29;2;7
68;29;0;7
69;29;0;7
70;29;0;7
0;30;0;7
1;30;0;7
2;30;0;7
3;30;0;7
4;30;0;7
5;30;0;7
6;30;0;7
7;30;0;7
8;30;0;7
9;30;0;7
10;30;0;7
11;30;0;7
12;30;0;7
13;30;0;7
14;30;0;7
15;30;0;7
16;30;0;7
17;30;0;7
18;30;0;7
19;30;0;7
20;30;0;7
21;30;0;7
22;30;0;7
23;30;2;7
24;30;2;7
25;30;2;7
26;30;2;7
27;30;2;7
28;30;0;7
29;30;0;7
30;30;0;7
31;30;0;7
32;30;0;7
33;30;0;7
34;30;0;7
35;30;0;7
36;30;0;7
37;30;0;7
38;30;0;7
39;30;0;7
40;30;0;7
41;30;0;7
42;30;0;7
43;30;0;7
44;30;2;7
45;30;2;7
46;30;2;7
47;30;2;7
48;30;2;7
49;30;2;7
50;30;2;7
51;30;2;7
52;30;2;7
53;30;2;7
54;30;2;7
55;30;6402;7
56;30;11522;7
57;30;11522;7
58;30;5379;7
59;30;24643;7
60;30;2;7
61;30;2;7
62;30;13379;7
63;30;3;7
64;30;3;7
65;30;3;7
66;30;2115;7
67;30;1091;7
68;30;0;7
69;30;0;7
70;30;0;7
0;31;0;7
1;31;0;7
2;31;0;7
3;31;0;7
4;31;0;7
5;31;0;7
6;31;0;7
7;31;0;7
8;31;0;7
9;31;0;7
10;31;0;7
11;31;0;7
12;31;0;7
13;31;0;7
14;31;0;7
15;31;0;7
16;31;0;7
17;31;0;7
18;31;0;7
19;31;0;7
20;31;0;7
21;31;0;7
22;31;0;7
23;31;0;7
24;31;0;7
25;31;2;7
26;31;2;7
27;31;2;7
28;31;0;7
29;31;0;7
30;31;0;7
31;31;0;7
32;31;0;7
33;31;0;7
34;31;0;7
35;31;0;7
36;31;0;7
37;31;0;7
38;31;0;7
39;31;0;7
40;31;0;7
41;31;0;7
42;31;0;7
43;31;0;7
44;31;0;7
45;31;2;7
46;31;2;7
47;31;2;7
48;31;2;7
49;31;2;7
50;31;2;7
51;31;2;7
52;31;2;7
53;31;2;7
54;31;8450;7
55;31;8;7
56;31;8;7
57;31;8;7
58;31;8;7
59;31;4354;7
60;31;2;7
61;31;19523;7
62;31;3;7
63;31;3;7
64;31;3;7
65;31;6211;7
66;31;5187;7
67;31;3;7
68;31;0;7
69;31;0;7
70;31;0;7
0;32;0;7
1;32;0;7
2;32;0;7
3;32;0;7
4;32;0;7
5;32;0;7
6;32;0;7
7;32;0;7
8;32;0;7
9;32;0;7
10;32;0;7
11;32;0;7
12;32;0;7
13;32;0;7
14;32;0;7
15;32;0;7
16;32;0;7
17;32;0;7
18;32;0;7
19;32;0;7
20;32;0;7
21;32;0;7
22;32;0;7
23;32;0;7
24;32;0;7
25;32;0;7
26;32;0;7
27;32;0;7
28;32;0;7
29;32;0;7
30;32;0;7
31;32;0;7
32;32;0;7
33;32;0;7
34;32;0;7
35;32;0;7
36;32;0;7
37;32;0;7
38;32;0;7
39;32;0;7
40;32;0;7
41;32;0;7
42;32;0;7
43;32;0;7
44;32;0;7
45;32;2;7
46;32;2;7
47;32;2;7
48;32;2;7
49;32;2;7
50;32;2;7
51;32;2;7
52;32;2;7
53;32;2;7
54;32;24834;7
55;32;8;7
56;32;8;7
57;32;8;7
58;32;8;7
59;32;10498;7
60;32;2;7
61;32;10307;7
62;32;3;7
63;32;6211;7
64;32;21571;7
65;32;2;7
66;32;2;7
67;32;0;7
68;32;0;7
69;32;0;7
70;32;0;7
0;33;0;7
1;33;0;7
2;33;0;7
3;33;0;7
4;33;0;7
5;33;0;7
6;33;0;7
7;33;0;7
8;33;0;7
9;33;0;7
10;33;0;7
11;33;0;7
12;33;0;7
13;33;0;7
14;33;0;7
15;33;0;7
16;33;0;7
17;33;0;7
18;33;0;7
19;33;0;7
20;33;0;7
21;33;0;7
22;33;0;7
23;33;0;7
24;33;0;7
25;33;0;7
26;33;0;7
27;33;0;7
28;33;0;7
29;33;0;7
30;33;0;7
31;33;0;7
32;33;0;7
33;33;0;7
34;33;0;7
35;33;0;7
36;33;0;7
37;33;0;7
38;33;0;7
39;33;0;7
40;33;0;7
41;33;0;7
42;33;0;7
43;33;0;7
44;33;0;7
45;33;0;7
46;33;2;7
47;33;2;7
48;33;2;7
49;33;2;7
50;33;2;7
51;33;2;7
52;33;6402;7
53;33;21762;7
54;33;8;7
55;33;8;7
56;33;8;7
57;33;8;7
58;33;8;7
59;33;3330;7
60;33;2;7
61;33;27715;7
62;33;21571;7
63;33;2;7
64;33;2;7
65;33;2;7
66;33;0;7
67;33;0;7
68;33;0;7
69;33;0;7
70;33;0;7
0;34;0;7
1;34;0;7
2;34;0;7
3;34;0;7
4;34;0;7
5;34;0;7
6;34;0;7
7;34;0;7
8;34;0;7
9;34;0;7
10;34;0;7
11;34;0;7
12;34;0;7
13;34;0;7
14;34;0;7
15;34;0;7
16;34;0;7
17;34;0;7
18;34;0;7
19;34;0;7
20;34;0;7
21;34;0;7
22;34;0;7
23;34;0;7
24;34;0;7
25;34;0;7
26;34;0;7
27;34;0;7
28;34;0;7
29;34;0;7
30;34;0;7
31;34;0;7
32;34;0;7
33;34;0;7
34;34;0;7
35;34;0;7
36;34;0;7
37;34;0;7
38;34;0;7
39;34;0;7
40;34;0;7
41;34;0;7
42;34;0;7
43;34;0;7
44;34;0;7
45;34;0;7
46;34;0;7
47;34;0;7
48;34;2;7
49;34;2;7
50;34;2;7
51;34;8450;7
52;34;8;7
53;34;8;7
54;34;8;7
55;34;8;7
56;34;6632;7
57;34;11746;7
58;34;11746;7
59;34;11746;7
60;34;5602;7
61;34;2;7
62;34;2;7
63;34;2;7
64;34;2;7
65;34;0;7
66;34;0;7
67;34;0;7
68;34;0;7
69;34;0;7
70;34;0;7
0;35;0;7
1;35;0;7
2;35;0;7
3;35;0;7
4;35;0;7
5;35;0;7
6;35;0;7
7;35;0;7
8;35;0;7
9;35;0;7
10;35;0;7
11;35;0;7
12;35;0;7
13;35;0;7
14;35;0;7
15;35;0;7
16;35;0;7
17;35;0;7
18;35;0;7
19;35;0;7
20;35;0;7
21;35;0;7
22;35;0;7
23;35;0;7
24;35;0;7
25;35;0;7
26;35;0;7
27;35;0;7
28;35;0;7
29;35;0;7
30;35;0;7
31;35;0;7
32;35;0;7
33;35;0;7
34;35;0;7
35;35;0;7
36;35;0;7
37;35;0;7
38;35;0;7
39;35;0;7
40;35;0;7
41;35;0;7
42;35;0;7
43;35;0;7
44;35;0;7
45;35;0;7
46;35;0;7
47;35;0;7
48;35;2;7
49;35;2;7
50;35;2;7
51;35;7426;7
52;35;8;7
53;35;17667;7
54;35;18691;7
55;35;8;7
56;35;15;7
57;35;15;7
58;35;15;7
59;35;15;7
60;35;15;7
61;35;23010;7
62;35;21986;7
63;35;15;7
64;35;0;7
65;35;0;7
66;35;0;7
67;35;0;7
68;35;0;7
69;35;0;7
70;35;0;7
0;36;0;7
1;36;0;7
2;36;0;7
3;36;0;7
4;36;0;7
5;36;0;7
6;36;0;7
7;36;0;7
8;36;0;7
9;36;0;7
10;36;0;7
11;36;0;7
12;36;0;7
13;36;0;7
14;36;0;7
15;36;0;7
16;36;0;7
17;36;0;7
18;36;0;7
19;36;0;7
20;36;0;7
21;36;0;7
22;36;0;7
23;36;0;7
24;36;0;7
25;36;0;7
26;36;0;7
27;36;0;7
28;36;0;7
29;36;0;7
30;36;0;7
31;36;0;7
32;36;0;7
33;36;0;7
34;36;0;7
35;36;0;7
36;36;0;7
37;36;0;7
38;36;0;7
39;36;0;7
40;36;0;7
41;36;0;7
42;36;0;7
43;36;0;7
44;36;0;7
45;36;0;7
46;36;0;7
47;36;0;7
48;36;2;7
49;36;2;7
50;36;2;7
51;36;2;7
52;36;3139;7
53;36;3;7
54;36;3;7
55;36;34;7
56;36;34;7
57;36;34;7
58;36;34;7
59;36;34;7
60;36;15;7
61;36;15;7
62;36;15;7
63;36;15;7
64;36;0;7
65;36;0;7
66;36;0;7
67;36;0;7
68;36;0;7
69;36;0;7
70;36;0;7
0;37;0;7
1;37;0;7
2;37;0;7
3;37;0;7
4;37;0;7
5;37;0;7
6;37;0;7
7;37;0;7
8;37;0;7
9;37;0;7
10;37;0;7
11;37;0;7
12;37;0;7
13;37;0;7
14;37;0;7
15;37;0;7
16;37;0;7
17;37;0;7
18;37;0;7
19;37;0;7
20;37;0;7
21;37;0;7
22;37;0;7
23;37;0;7
24;37;0;7
25;37;0;7
26;37;0;7
27;37;0;7
28;37;0;7
29;37;0;7
30;37;0;7
31;37;0;7
32;37;0;7
33;37;0;7
34;37;0;7
35;37;0;7
36;37;0;7
37;37;0;7
38;37;0;7
39;37;0;7
40;37;0;7
41;37;0;7
42;37;0;7
43;37;0;7
44;37;0;7
45;37;0;7
46;37;0;7
47;37;0;7
48;37;2;7
49;37;2;7
50;37;25667;7
51;37;1091;7
52;37;3;7
53;37;34;7
54;37;34;7
55;37;34;7
56;37;34;7
57;37;34;7
58;37;34;7
59;37;34;7
60;37;15;7
61;37;15;7
62;37;15;7
63;37;15;7
64;37;0;7
65;37;0;7
66;37;0;7
67;37;0;7
68;37;0;7
69;37;0;7
70;37;0;7
0;38;0;7
1;38;0;7
2;38;0;7
3;38;0;7
4;38;0;7
5;38;0;7
6;38;0;7
7;38;0;7
8;38;0;7
9;38;0;7
10;38;0;7
11;38;0;7
12;38;0;7
13;38;0;7
14;38;0;7
15;38;0;7
16;38;0;7
17;38;0;7
18;38;0;7
19;38;0;7
20;38;0;7
21;38;0;7
22;38;0;7
23;38;0;7
24;38;0;7
25;38;0;7
26;38;0;7
27;38;0;7
28;38;0;7
29;38;0;7
30;38;0;7
31;38;0;7
32;38;0;7
33;38;0;7
34;38;0;7
35;38;0;7
36;38;0;7
37;38;0;7
38;38;0;7
39;38;0;7
40;38;0;7
41;38;0;7
42;38;0;7
43;38;0;7
44;38;0;7
45;38;0;7
46;38;0;7
47;38;0;7
48;38;2;7
49;38;2;7
50;38;27715;7
51;38;11331;7
52;38;5187;7
53;38;34;7
54;38;34;7
55;38;34;7
56;38;34;7
57;38;34;7
58;38;34;7
59;38;34;7
60;38;15;7
61;38;15;7
62;38;15;7
63;38;15;7
64;38;0;7
65;38;0;7
66;38;0;7
67;38;0;7
68;38;0;7
69;38;0;7
70;38;0;7
0;39;0;7
1;39;0;7
2;39;0;7
3;39;0;7
4;39;0;7
5;39;0;7
6;39;0;7
7;39;0;7
8;39;0;7
9;39;0;7
10;39;0;7
11;39;0;7
12;39;0;7
13;39;0;7
14;39;0;7
15;39;0;7
16;39;0;7
17;39;0;7
18;39;0;7
19;39;0;7
20;39;0;7
21;39;0;7
22;39;0;7
23;39;0;7
24;39;0;7
25;39;0;7
26;39;0;7
27;39;0;7
28;39;0;7
29;39;0;7
30;39;0;7
31;39;0;7
32;39;0;7
33;39;0;7
34;39;0;7
35;39;0;7
36;39;0;7
37;39;0;7
38;39;0;7
39;39;0;7
40;39;0;7
41;39;0;7
42;39;0;7
43;39;0;7
44;39;0;7
45;39;0;7
46;39;0;7
47;39;0;7
48;39;0;7
49;39;2;7
50;39;2;7
51;39;2;7
52;39;2;7
53;39;34;7
54;39;34;7
55;39;34;7
56;39;34;7
57;39;34;7
58;39;34;7
59;39;34;7
60;39;34;7
61;39;15;7
62;39;15;7
63;39;0;7
64;39;0;7
65;39;0;7
66;39;0;7
67;39;0;7
68;39;0;7
69;39;0;7
70;39;0;7
0;40;0;7
1;40;0;7
2;40;0;7
3;40;0;7
4;40;0;7
5;40;0;7
6;40;0;7
7;40;0;7
8;40;0;7
9;40;0;7
10;40;0;7
11;40;0;7
12;40;0;7
13;40;0;7
14;40;0;7
15;40;0;7
16;40;0;7
17;40;0;7
18;40;0;7
19;40;0;7
20;40;0;7
21;40;0;7
22;40;0;7
23;40;0;7
24;40;0;7
25;40;0;7
26;40;0;7
27;40;0;7
28;40;0;7
29;40;0;7
30;40;0;7
31;40;0;7
32;40;0;7
33;40;0;7
34;40;0;7
35;40;0;7
36;40;0;7
37;40;0;7
38;40;0;7
39;40;0;7
40;40;0;7
41;40;0;7
42;40;0;7
43;40;0;7
44;40;0;7
45;40;0;7
46;40;0;7
47;40;0;7
48;40;0;7
49;40;0;7
50;40;34;7
51;40;2;7
52;40;2;7
53;40;34;7
54;40;34;7
55;40;34;7
56;40;34;7
57;40;34;7
58;40;34;7
59;40;34;7
60;40;34;7
61;40;15;7
62;40;15;7
63;40;0;7
64;40;0;7
65;40;0;7
66;40;0;7
67;40;0;7
68;40;0;7
69;40;0;7
70;40;0;7
0;41;0;7
1;41;0;7
2;41;0;7
3;41;0;7
4;41;0;7
5;41;0;7
6;41;0;7
7;41;0;7
8;41;0;7
9;41;0;7
10;41;0;7
11;41;0;7
12;41;0;7
13;41;0;7
14;41;0;7
15;41;0;7
16;41;0;7
17;41;0;7
18;41;0;7
19;41;0;7
20;41;0;7
21;41;0;7
22;41;0;7
23;41;0;7
24;41;0;7
25;41;0;7
26;41;0;7
27;41;0;7
28;41;0;7
29;41;0;7
30;41;0;7
31;41;0;7
32;41;0;7
33;41;0;7
34;41;0;7
35;41;0;7
36;41;0;7
37;41;0;7
38;41;0;7
39;41;0;7
40;41;0;7
41;41;0;7
42;41;0;7
43;41;0;7
44;41;0;7
45;41;0;7
46;41;0;7
47;41;0;7
48;41;0;7
49;41;0;7
50;41;2;7
51;41;2;7
52;41;2;7
53;41;34;7
54;41;34;7
55;41;34;7
56;41;34;7
57;41;34;7
58;41;34;7
59;41;34;7
60;41;34;7
61;41;15;7
62;41;0;7
63;41;0;7
64;41;0;7
65;41;0;7
66;41;0;7
67;41;0;7
68;41;0;7
69;41;0;7
70;41;0;7
0;42;0;7
1;42;0;7
2;42;0;7
3;42;0;7
4;42;0;7
5;42;0;7
6;42;0;7
7;42;0;7
8;42;0;7
9;42;0;7
10;42;0;7
11;42;0;7
12;42;0;7
13;42;0;7
14;42;0;7
15;42;0;7
16;42;0;7
17;42;0;7
18;42;0;7
19;42;0;7
20;42;0;7
21;42;0;7
22;42;0;7
23;42;0;7
24;42;0;7
25;42;0;7
26;42;0;7
27;42;0;7
28;42;0;7
29;42;0;7
30;42;0;7
31;42;0;7
32;42;0;7
33;42;0;7
34;42;0;7
35;42;0;7
36;42;2;7
37;42;2;7
38;42;2;7
39;42;2;7
40;42;2;7
41;42;2;7
42;42;0;7
43;42;0;7
44;42;0;7
45;42;0;7
46;42;0;7
47;42;0;7
48;42;0;7
49;42;0;7
50;42;2;7
51;42;2;7
52;42;2;7
53;42;34;7
54;42;34;7
55;42;34;7
56;42;34;7
57;42;34;7
58;42;34;7
59;42;34;7
60;42;34;7
61;42;15;7
62;42;0;7
63;42;0;7
64;42;0;7
65;42;0;7
66;42;0;7
67;42;0;7
68;42;0;7
69;42;0;7
70;42;0;7
0;43;0;7
1;43;0;7
2;43;0;7
3;43;0;7
4;43;0;7
5;43;0;7
6;43;0;7
7;43;0;7
8;43;0;7
9;43;0;7
10;43;0;7
11;43;0;7
12;43;0;7
13;43;0;7
14;43;0;7
15;43;0;7
16;43;0;7
17;43;0;7
18;43;0;7
19;43;0;7
20;43;0;7
21;43;0;7
22;43;0;7
23;43;0;7
24;43;0;7
25;43;0;7
26;43;0;7
27;43;0;7
28;43;0;0
29;43;0;0
30;43;0;0
31;43;0;0
32;43;0;7
33;43;0;7
34;43;2;7
35;43;2;7
36;43;2;7
37;43;2;7
38;43;2;7
39;43;2;7
40;43;2;7
41;43;2;7
42;43;2;7
43;43;0;7
44;43;0;7
45;43;0;7
46;43;0;7
47;43;0;7
48;43;0;7
49;43;0;7
50;43;2;7
51;43;2;7
52;43;2;7
53;43;34;7
54;43;34;7
55;43;34;7
56;43;34;7
57;43;34;7
58;43;34;7
59;43;34;7
60;43;34;7
61;43;15;7
62;43;0;7
63;43;0;7
64;43;0;7
65;43;0;7
66;43;0;7
67;43;0;7
68;43;0;7
69;43;0;7
70;43;0;7
0;44;0;7
1;44;0;7
2;44;0;7
3;44;0;7
4;44;0;7
5;44;0;7
6;44;0;7
7;44;0;7
8;44;0;7
9;44;0;7
10;44;0;7
11;44;0;7
12;44;0;7
13;44;0;7
14;44;0;7
15;44;0;7
16;44;0;7
17;44;0;7
18;44;0;7
19;44;0;7
20;44;0;7
21;44;0;7
22;44;0;7
23;44;0;7
24;44;0;7
25;44;0;7
26;44;0;7
27;44;0;7
28;44;0;0
29;44;0;0
30;44;2;0
31;44;2;0
32;44;2;7
33;44;2;7
34;44;2;7
35;44;2;7
36;44;2;7
37;44;2;7
38;44;2;7
39;44;6402;7
40;44;5378;7
41;44;2;7
42;44;2;7
43;44;2;7
44;44;34;7
45;44;34;7
46;44;34;7
47;44;34;7
48;44;34;7
49;44;34;7
50;44;34;7
51;44;2;7
52;44;2;7
53;44;34;7
54;44;34;7
55;44;34;7
56;44;34;7
57;44;34;7
58;44;34;7
59;44;34;7
60;44;34;7
61;44;15;7
62;44;0;7
63;44;0;7
64;44;0;7
65;44;0;7
66;44;0;7
67;44;0;7
68;44;0;7
69;44;0;7
70;44;0;7
0;45;0;7
1;45;0;7
2;45;0;7
3;45;0;7
4;45;0;7
5;45;0;7
6;45;0;7
7;45;0;7
8;45;0;7
9;45;0;7
10;45;0;7
11;45;2;7
12;45;2;7
13;45;2;7
14;45;0;7
15;45;0;7
16;45;0;7
17;45;0;7
18;45;0;7
19;45;0;7
20;45;0;7
21;45;0;7
22;45;0;7
23;45;0;7
24;45;0;7
25;45;0;7
26;45;0;7
27;45;0;7
28;45;0;7
29;45;3;7
30;45;2115;7
31;45;26691;7
32;45;2;7
33;45;2;7
34;45;2;7
35;45;2;7
36;45;2;7
37;45;2;7
38;45;8450;7
39;45;8;7
40;45;8;7
41;45;4354;7
42;45;2;7
43;45;2;7
44;45;2;7
45;45;0;7
46;45;0;7
47;45;0;7
48;45;0;7
49;45;0;7
50;45;0;7
51;45;2;7
52;45;2;7
53;45;34;7
54;45;34;7
55;45;34;7
56;45;34;7
57;45;34;7
58;45;34;7
59;45;34;7
60;45;34;7
61;45;34;7
62;45;0;7
63;45;0;7
64;45;0;7
65;45;0;7
66;45;0;7
67;45;0;7
68;45;0;7
69;45;0;7
70;45;0;7
0;46;0;7
1;46;0;7
2;46;0;7
3;46;0;7
4;46;0;7
5;46;0;7
6;46;0;7
7;46;0;7
8;46;2;7
9;46;2;7
10;46;2;7
11;46;2;7
12;46;2;7
13;46;2;7
14;46;2;7
15;46;2;7
16;46;2;7
17;46;2;7
18;46;2;7
19;46;0;7
20;46;0;7
21;46;0;7
22;46;0;7
23;46;0;7
24;46;0;7
25;46;0;7
26;46;0;7
27;46;2;7
28;46;2;7
29;46;4163;7
30;46;3;7
31;46;12355;7
32;46;2;7
33;46;2;7
34;46;2;7
35;46;2;7
36;46;2;7
37;46;2;7
38;46;7426;7
39;46;8;7
40;46;8;7
41;46;3330;7
42;46;2;7
43;46;2;7
44;46;2;7
45;46;0;7
46;46;0;7
47;46;0;7
48;46;0;7
49;46;0;7
50;46;0;7
51;46;0;7
52;46;0;7
53;46;34;7
54;46;34;7
55;46;34;7
56;46;34;7
57;46;34;7
58;46;34;7
59;46;34;7
60;46;34;7
61;46;34;7
62;46;0;7
63;46;0;7
64;46;0;7
65;46;0;7
66;46;0;7
67;46;0;7
68;46;0;7
69;46;0;7
70;46;0;7
0;47;0;7
1;47;0;7
2;47;0;7
3;47;0;7
4;47;0;7
5;47;0;7
6;47;0;7
7;47;2;7
8;47;2;7
9;47;2;7
10;47;6626;7
11;47;11746;7
12;47;5602;7
13;47;2;7
14;47;2;7
15;47;2;7
16;47;2;7
17;47;2;7
18;47;2;7
19;47;2;7
20;47;0;7
21;47;0;7
22;47;0;7
23;47;0;7
24;47;0;7
25;47;2;7
26;47;2;7
27;47;2;7
28;47;2;7
29;47;27715;7
30;47;11331;7
31;47;28739;7
32;47;2;7
33;47;2;7
34;47;2;7
35;47;2;7
36;47;2;7
37;47;2;7
38;47;2;7
39;47;2306;7
40;47;1282;7
41;47;2;7
42;47;17475;7
43;47;26691;7
44;47;2;7
45;47;0;7
46;47;0;7
47;47;0;7
48;47;0;7
49;47;0;7
50;47;0;7
51;47;0;7
52;47;34;7
53;47;34;7
54;47;34;7
55;47;34;7
56;47;34;7
57;47;34;7
58;47;34;7
59;47;34;7
60;47;34;7
61;47;0;7
62;47;0;7
63;47;0;7
64;47;0;7
65;47;0;7
66;47;0;7
67;47;0;7
68;47;0;7
69;47;0;7
70;47;0;7
0;48;0;7
1;48;0;7
2;48;0;7
3;48;0;7
4;48;0;7
5;48;0;7
6;48;2;7
7;48;2;7
8;48;2;7
9;48;16866;7
10;48;15;7
11;48;15;7
12;48;15;7
13;48;2;7
14;48;2;7
15;48;2;7
16;48;2;7
17;48;2;7
18;48;2;7
19;48;2;7
20;48;0;7
21;48;0;7
22;48;0;7
23;48;0;7
24;48;2;7
25;48;2;7
26;48;2;7
27;48;2;7
28;48;2;7
29;48;2;7
30;48;2;7
31;48;2;7
32;48;2;7
33;48;2;7
34;48;2;7
35;48;17475;7
36;48;9283;7
37;48;26691;7
38;48;2;7
39;48;2;7
40;48;25667;7
41;48;1091;7
42;48;3;7
43;48;12355;7
44;48;2;7
45;48;0;7
46;48;0;7
47;48;0;7
48;48;0;7
49;48;0;7
50;48;0;7
51;48;0;7
52;48;0;7
53;48;0;7
54;48;34;7
55;48;34;7
56;48;34;7
57;48;34;7
58;48;34;7
59;48;34;7
60;48;0;7
61;48;0;7
62;48;0;7
63;48;0;7
64;48;0;7
65;48;0;7
66;48;0;7
67;48;0;7
68;48;0;7
69;48;0;7
70;48;0;7
0;49;0;7
1;49;0;7
2;49;0;7
3;49;0;7
4;49;0;7
5;49;0;7
6;49;2;7
7;49;2;7
8;49;2;7
9;49;15;7
10;49;15;7
11;49;17890;7
12;49;1506;7
13;49;2;7
14;49;2;7
15;49;2;7
16;49;2;7
17;49;2;7
18;49;2;7
19;49;2;7
20;49;0;7
21;49;0;7
22;49;2;7
23;49;2;7
24;49;2;7
25;49;2;7
26;49;2;7
27;49;2;7
28;49;2;7
29;49;2;7
30;49;2;7
31;49;25667;7
32;49;9283;7
33;49;9283;7
34;49;1091;7
35;49;3;7
36;49;3;7
37;49;24643;7
38;49;2;7
39;49;2;7
40;49;20547;7
41;49;3;7
42;49;3;7
43;49;24643;7
44;49;2;7
45;49;0;7
46;49;0;7
47;49;0;7
48;49;0;7
49;49;0;7
50;49;0;7
51;49;0;7
52;49;0;7
53;49;0;7
54;49;34;7
55;49;34;7
56;49;34;7
57;49;34;7
58;49;34;7
59;49;0;7
60;49;0;7
61;49;0;7
62;49;0;7
63;49;0;7
64;49;0;7
65;49;0;7
66;49;0;7
67;49;0;7
68;49;0;7
69;49;0;7
70;49;0;7
0;50;0;7
1;50;0;7
2;50;0;7
3;50;0;7
4;50;0;7
5;50;0;7
6;50;2;7
7;50;2;7
8;50;2;7
9;50;2530;7
10;50;1506;7
11;50;2;7
12;50;25667;7
13;50;26691;7
14;50;2;7
15;50;2;7
16;50;2;7
17;50;2;7
18;50;2;7
19;50;2;7
20;50;0;7
21;50;2;7
22;50;2;7
23;50;2;7
24;50;2;7
25;50;2;7
26;50;2;7
27;50;2;7
28;50;2;7
29;50;2;7
30;50;2;7
31;50;10307;7
32;50;3;7
33;50;3;7
34;50;3;7
35;50;3;7
36;50;8259;7
37;50;2;7
38;50;2;7
39;50;2;7
40;50;2;7
41;50;4163;7
42;50;8259;7
43;50;2;7
44;50;2;7
45;50;0;7
46;50;0;7
47;50;0;7
48;50;0;7
49;50;0;7
50;50;0;7
51;50;0;7
52;50;0;7
53;50;0;7
54;50;0;7
55;50;34;7
56;50;34;7
57;50;34;7
58;50;0;7
59;50;0;7
60;50;0;7
61;50;0;7
62;50;0;7
63;50;0;7
64;50;0;7
65;50;0;7
66;50;0;7
67;50;0;7
68;50;0;7
69;50;0;7
70;50;0;7
0;51;0;7
1;51;0;7
2;51;0;7
3;51;0;7
4;51;0;7
5;51;2;7
6;51;2;7
7;51;2;7
8;51;2;7
9;51;2;7
10;51;2;7
11;51;2;7
12;51;10307;7
13;51;7235;7
14;51;2;7
15;51;17475;7
16;51;26691;7
17;51;2;7
18;51;2;7
19;51;2;7
20;51;2;7
21;51;2;7
22;51;2;7
23;51;2;7
24;51;2;7
25;51;2;7
26;51;2;7
27;51;8450;7
28;51;8;7
29;51;4354;7
30;51;2;7
31;51;10307;7
32;51;3;7
33;51;3;7
34;51;6211;7
35;51;11331;7
36;51;28739;7
37;51;2;7
38;51;2;7
39;51;2;7
40;51;2;7
41;51;27715;7
42;51;28739;7
43;51;2;7
44;51;0;7
45;51;0;7
46;51;0;7
47;51;0;7
48;51;0;7
49;51;0;7
50;51;0;7
51;51;0;7
52;51;0;7
53;51;0;7
54;51;0;7
55;51;0;7
56;51;0;7
57;51;0;7
58;51;0;7
59;51;0;7
60;51;0;7
61;51;0;7
62;51;0;7
63;51;0;7
64;51;0;7
65;51;0;7
66;51;0;7
67;51;0;7
68;51;0;7
69;51;0;7
70;51;0;7
0;52;0;7
1;52;0;7
2;52;0;7
3;52;0;7
4;52;2;7
5;52;2;7
6;52;2;7
7;52;2;7
8;52;2;7
9;52;2;7
10;52;2;7
11;52;2;7
12;52;10307;7
13;52;3;7
14;52;3;7
15;52;3;7
16;52;12355;7
17;52;2;7
18;52;2;7
19;52;2;7
20;52;2;7
21;52;2;7
22;52;2;7
23;52;2;7
24;52;2;7
25;52;2;7
26;52;2;7
27;52;7426;7
28;52;8;7
29;52;3330;7
30;52;2;7
31;52;27715;7
32;52;11331;7
33;52;21571;7
34;52;2;7
35;52;6402;7
36;52;5378;7
37;52;2;7
38;52;2;7
39;52;2;7
40;52;2;7
41;52;2;7
42;52;2;7
43;52;2;7
44;52;0;7
45;52;0;7
46;52;0;7
47;52;0;7
48;52;0;7
49;52;0;7
50;52;0;7
51;52;0;7
52;52;0;7
53;52;0;7
54;52;0;7
55;52;0;7
56;52;0;7
57;52;0;7
58;52;0;7
59;52;0;7
60;52;0;7
61;52;0;7
62;52;0;7
63;52;0;7
64;52;0;7
65;52;0;7
66;52;0;7
67;52;0;7
68;52;0;7
69;52;0;7
70;52;0;7
0;53;0;7
1;53;0;7
2;53;0;7
3;53;2;7
4;53;2;7
5;53;2;7
6;53;2;7
7;53;2;7
8;53;2;7
9;53;17475;7
10;53;26691;7
11;53;2;7
12;53;10307;7
13;53;3;7
14;53;3;7
15;53;3;7
16;53;12355;7
17;53;2;7
18;53;2;7
19;53;17475;7
20;53;26691;7
21;53;2;7
22;53;2;7
23;53;2;7
24;53;2;7
25;53;17475;7
26;53;26691;7
27;53;2;7
28;53;2;7
29;53;2;7
30;53;2;7
31;53;2;7
32;53;2;7
33;53;2;7
34;53;8450;7
35;53;8;7
36;53;8;7
37;53;4354;7
38;53;2;7
39;53;2;7
40;53;2;7
41;53;2;7
42;53;2;7
43;53;0;7
44;53;0;7
45;53;0;7
46;53;0;7
47;53;0;7
48;53;0;7
49;53;0;7
50;53;0;7
51;53;0;7
52;53;0;7
53;53;0;7
54;53;0;7
55;53;0;7
56;53;0;7
57;53;0;7
58;53;0;7
59;53;0;7
60;53;0;7
61;53;0;7
62;53;0;7
63;53;0;7
64;53;0;7
65;53;0;7
66;53;0;7
67;53;0;7
68;53;0;7
69;53;0;7
70;53;0;7
0;54;0;7
1;54;0;7
2;54;2;7
3;54;2;7
4;54;2;7
5;54;2;7
6;54;2;7
7;54;2;7
8;54;19523;7
9;54;3;7
10;54;7235;7
11;54;2;7
12;54;3139;7
13;54;3;7
14;54;3;7
15;54;6211;7
16;54;28739;7
17;54;2;7
18;54;19523;7
19;54;3;7
20;54;12355;7
21;54;2;7
22;54;2;7
23;54;2;7
24;54;13379;7
25;54;3;7
26;54;7235;7
27;54;2;7
28;54;2;7
29;54;2;7
30;54;2;7
31;54;2;7
32;54;2;7
33;54;2;7
34;54;7426;7
35;54;8;7
36;54;8;7
37;54;3330;7
38;54;2;7
39;54;0;7
40;54;0;7
41;54;0;7
42;54;0;7
43;54;0;7
44;54;0;7
45;54;0;7
46;54;0;7
47;54;0;7
48;54;0;7
49;54;0;7
50;54;0;7
51;54;0;7
52;54;0;7
53;54;0;7
54;54;0;7
55;54;0;7
56;54;0;7
57;54;0;7
58;54;0;7
59;54;0;7
60;54;0;7
61;54;0;7
62;54;0;7
63;54;0;7
64;54;0;7
65;54;0;7
66;54;0;7
67;54;0;7
68;54;0;7
69;54;0;7
70;54;0;7
0;55;0;7
1;55;2;7
2;55;2;7
3;55;2;7
4;55;2;7
5;55;2;7
6;55;2;7
7;55;2;7
8;55;10307;7
9;55;3;7
10;55;3;7
11;55;3;7
12;55;3;7
13;55;6211;7
14;55;21571;7
15;55;2;7
16;55;2;7
17;55;2;7
18;55;27715;7
19;55;11331;7
20;55;28739;7
21;55;2;7
22;55;25667;7
23;55;1091;7
24;55;3;7
25;55;3;7
26;55;3;7
27;55;14403;7
28;55;2;7
29;55;2;7
30;55;2;7
31;55;2;7
32;55;2;7
33;55;2;7
34;55;2;7
35;55;2306;7
36;55;1282;7
37;55;2;7
38;55;2;7
39;55;0;7
40;55;0;7
41;55;0;7
42;55;0;7
43;55;0;7
44;55;0;7
45;55;0;7
46;55;0;7
47;55;0;7
48;55;0;7
49;55;0;7
50;55;0;7
51;55;0;7
52;55;0;7
53;55;0;7
54;55;0;7
55;55;0;7
56;55;0;7
57;55;0;7
58;55;0;7
59;55;0;7
60;55;0;7
61;55;0;7
62;55;0;7
63;55;0;7
64;55;0;7
65;55;0;7
66;55;0;7
67;55;0;7
68;55;0;7
69;55;0;7
70;55;0;7
0;56;2;7
1;56;2;7
2;56;2;7
3;56;2;7
4;56;2;7
5;56;2;7
6;56;2;7
7;56;2;7
8;56;27715;7
9;56;11331;7
10;56;5187;7
11;56;3;7
12;56;8259;7
13;56;2;7
14;56;2;7
15;56;2;7
16;56;2;7
17;56;2;7
18;56;2;7
19;56;2;7
20;56;2;7
21;56;2;7
22;56;10307;7
23;56;3;7
24;56;3;7
25;56;3;7
26;56;3;7
27;56;3;7
28;56;2115;7
29;56;26691;7
30;56;2;7
31;56;2;7
32;56;2;7
33;56;2;7
34;56;2;7
35;56;2;7
36;56;2;7
37;56;2;7
38;56;2;7
39;56;0;7
40;56;0;7
41;56;0;7
42;56;0;7
43;56;0;7
44;56;0;7
45;56;0;7
46;56;0;7
47;56;0;7
48;56;0;7
49;56;0;7
50;56;0;7
51;56;0;7
52;56;0;7
53;56;0;7
54;56;0;7
55;56;0;7
56;56;0;7
57;56;0;7
58;56;0;7
59;56;0;7
60;56;0;7
61;56;0;7
62;56;0;7
63;56;0;7
64;56;0;7
65;56;0;7
66;56;0;7
67;56;0;7
68;56;0;7
69;56;0;7
70;56;0;7
0;57;2;7
1;57;2;7
2;57;2;7
3;57;2;7
4;57;2;7
5;57;2;7
6;57;6402;7
7;57;5378;7
8;57;2;7
9;57;2;7
10;57;2;7
11;57;4163;7
12;57;12355;7
13;57;2;7
14;57;2;7
15;57;2;7
16;57;2;7
17;57;2;7
18;57;6402;7
19;57;5378;7
20;57;2;7
21;57;2;7
22;57;3139;7
23;57;3;7
24;57;3;7
25;57;3;7
26;57;3;7
27;57;3;7
28;57;3;7
29;57;24643;7
30;57;2;7
31;57;2;7
32;57;2;7
33;57;2;7
34;57;2;7
35;57;2;7
36;57;2;7
37;57;2;7
38;57;2;7
39;57;0;7
40;57;0;7
41;57;0;7
42;57;0;7
43;57;0;7
44;57;0;7
45;57;0;7
46;57;0;7
47;57;0;7
48;57;0;7
49;57;0;7
50;57;0;7
51;57;0;7
52;57;0;7
53;57;0;7
54;57;0;7
55;57;0;7
56;57;0;7
57;57;0;7
58;57;0;7
59;57;0;7
60;57;0;7
61;57;0;7
62;57;0;7
63;57;0;7
64;57;0;7
65;57;0;7
66;57;0;7
67;57;0;7
68;57;0;7
69;57;0;7
70;57;0;7
0;58;2;7
1;58;2;7
2;58;2;7
3;58;2;7
4;58;2;7
5;58;8450;7
6;58;8;7
7;58;8;7
8;58;4354;7
9;58;2;7
10;58;2;7
11;58;27715;7
12;58;28739;7
13;58;2;7
14;58;2;7
15;58;2;7
16;58;2;7
17;58;8450;7
18;58;8;7
19;58;8;7
20;58;4354;7
21;58;19523;7
22;58;3;7
23;58;3;7
24;58;3;7
25;58;3;7
26;58;3;7
27;58;3;7
28;58;8259;7
29;58;2;7
30;58;2;7
31;58;2;7
32;58;2;7
33;58;2;7
34;58;2;7
35;58;2;7
36;58;2;7
37;58;2;7
38;58;0;7
39;58;0;7
40;58;0;7
41;58;0;7
42;58;0;7
43;58;0;7
44;58;0;7
45;58;0;7
46;58;0;7
47;58;0;7
48;58;0;7
49;58;0;7
50;58;0;7
51;58;0;7
52;58;0;7
53;58;0;7
54;58;0;7
55;58;0;7
56;58;0;7
57;58;0;7
58;58;0;7
59;58;0;7
60;58;0;7
61;58;0;7
62;58;0;7
63;58;0;7
64;58;0;7
65;58;0;7
66;58;0;7
67;58;0;7
68;58;0;7
69;58;0;7
70;58;0;7
0;59;2;7
1;59;2;7
2;59;2;7
3;59;2;7
4;59;2;7
5;59;7426;7
6;59;8;7
7;59;8;7
8;59;3330;7
9;59;2;7
10;59;2;7
11;59;2;7
12;59;2;7
13;59;2;7
14;59;2;7
15;59;2;7
16;59;2;7
17;59;7426;7
18;59;8;7
19;59;8;7
20;59;3330;7
21;59;20547;7
22;59;3;7
23;59;3;7
24;59;3;7
25;59;3;7
26;59;3;7
27;59;6211;7
28;59;28739;7
29;59;2;7
30;59;2;7
31;59;2;7
32;59;2;7
33;59;0;7
34;59;0;7
35;59;0;7
36;59;0;7
37;59;0;7
38;59;0;7
39;59;0;7
40;59;0;7
41;59;0;7
42;59;0;7
43;59;0;7
44;59;0;7
45;59;0;7
46;59;0;7
47;59;0;7
48;59;0;7
49;59;0;7
50;59;0;7
51;59;0;7
52;59;0;7
53;59;0;7
54;59;0;7
55;59;0;7
56;59;0;7
57;59;0;7
58;59;0;7
59;59;0;7
60;59;0;7
61;59;0;7
62;59;0;7
63;59;0;7
64;59;0;7
65;59;0;7
66;59;0;7
67;59;0;7
68;59;0;7
69;59;0;7
70;59;0;7
0;60;0;7
1;60;2;7
2;60;2;7
3;60;2;7
4;60;2;7
5;60;2;7
6;60;2306;7
7;60;1282;7
8;60;2;7
9;60;2;7
10;60;2;7
11;60;2;7
12;60;2;7
13;60;2;7
14;60;2;7
15;60;2;7
16;60;2;7
17;60;2;7
18;60;2306;7
19;60;1282;7
20;60;2;7
21;60;2;7
22;60;15427;7
23;60;3;7
24;60;3;7
25;60;6211;7
26;60;21571;7
27;60;2;7
28;60;2;7
29;60;2;7
30;60;2;7
31;60;2;7
32;60;2;7
33;60;0;7
34;60;0;7
35;60;0;7
36;60;0;7
37;60;0;7
38;60;0;7
39;60;0;7
40;60;0;7
41;60;0;7
42;60;0;7
43;60;0;7
44;60;0;7
45;60;0;7
46;60;0;7
47;60;0;7
48;60;0;7
49;60;0;7
50;60;0;7
51;60;0;7
52;60;0;7
53;60;0;7
54;60;0;7
55;60;0;7
56;60;0;7
57;60;0;7
58;60;0;7
59;60;0;7
60;60;0;7
61;60;0;7
62;60;0;7
63;60;0;7
64;60;0;7
65;60;0;7
66;60;0;7
67;60;0;7
68;60;0;7
69;60;0;7
70;60;0;7
0;61;0;7
1;61;0;7
2;61;2;7
3;61;2;7
4;61;2;7
5;61;2;7
6;61;2;7
7;61;2;7
8;61;2;7
9;61;2;7
10;61;2;7
11;61;2;7
12;61;2;7
13;61;2;7
14;61;2;7
15;61;2;7
16;61;2;7
17;61;2;7
18;61;2;7
19;61;2;7
20;61;2;7
21;61;2;7
22;61;2;7
23;61;22595;7
24;61;21571;7
25;61;2;7
26;61;2;7
27;61;2;7
28;61;2;7
29;61;2;7
30;61;2;7
31;61;2;7
32;61;2;7
33;61;0;7
34;61;0;7
35;61;0;7
36;61;0;7
37;61;0;7
38;61;0;7
39;61;0;7
40;61;0;7
41;61;0;7
42;61;0;7
43;61;0;7
44;61;0;7
45;61;0;7
46;61;0;7
47;61;0;7
48;61;0;7
49;61;0;7
50;61;0;7
51;61;0;7
52;61;0;7
53;61;0;7
54;61;0;7
55;61;0;7
56;61;0;7
57;61;0;7
58;61;0;7
59;61;0;7
60;61;0;7
61;61;0;7
62;61;0;7
63;61;0;7
64;61;0;7
65;61;0;7
66;61;0;7
67;61;0;7
68;61;0;7
69;61;0;7
70;61;0;7
0;62;0;7
1;62;0;7
2;62;0;7
3;62;2;7
4;62;2;7
5;62;2;7
6;62;2;7
7;62;2;7
8;62;2;7
9;62;2;7
10;62;2;7
11;62;2;7
12;62;2;7
13;62;2;7
14;62;2;7
15;62;2;7
16;62;2;7
17;62;2;7
18;62;2;7
19;62;2;7
20;62;2;7
21;62;2;7
22;62;2;7
23;62;2;7
24;62;2;7
25;62;2;7
26;62;2;7
27;62;2;7
28;62;2;7
29;62;2;7
30;62;2;7
31;62;2;7
32;62;2;7
33;62;0;7
34;62;0;7
35;62;0;7
36;62;0;7
37;62;0;7
38;62;0;7
39;62;0;7
40;62;0;7
41;62;0;7
42;62;0;7
43;62;0;7
44;62;0;7
45;62;0;7
46;62;0;7
47;62;0;7
48;62;0;7
49;62;0;7
50;62;0;7
51;62;0;7
52;62;0;7
53;62;0;7
54;62;0;7
55;62;0;7
56;62;0;7
57;62;0;7
58;62;0;7
59;62;0;7
60;62;0;7
61;62;0;7
62;62;0;7
63;62;0;7
64;62;0;7
65;62;0;7
66;62;0;7
67;62;0;7
68;62;0;7
69;62;0;7
70;62;0;7
0;63;0;7
1;63;0;7
2;63;0;7
3;63;2;7
4;63;2;7
5;63;2;7
6;63;2;7
7;63;2;7
8;63;2;7
9;63;2;7
10;63;2;7
11;63;2;7
12;63;2;7
13;63;2;7
14;63;2;7
15;63;2;7
16;63;2;7
17;63;2;7
18;63;2;7
19;63;2;7
20;63;2;7
21;63;2;7
22;63;2;7
23;63;2;7
24;63;2;7
25;63;2;7
26;63;2;7
27;63;2;7
28;63;2;7
29;63;2;7
30;63;2;7
31;63;2;7
32;63;0;7
33;63;0;7
34;63;0;7
35;63;0;7
36;63;0;7
37;63;0;7
38;63;0;7
39;63;0;7
40;63;0;7
41;63;0;7
42;63;0;7
43;63;0;7
44;63;0;7
45;63;0;7
46;63;0;7
47;63;0;7
48;63;0;7
49;63;0;7
50;63;0;7
51;63;0;7
52;63;0;7
53;63;0;7
54;63;0;7
55;63;0;7
56;63;0;7
57;63;0;7
58;63;0;7
59;63;0;7
60;63;0;7
61;63;0;7
62;63;0;7
63;63;0;7
64;63;0;7
65;63;0;7
66;63;0;7
67;63;0;7
68;63;0;7
69;63;0;7
70;63;0;7
0;64;0;7
1;64;0;7
2;64;0;7
3;64;2;7
4;64;2;7
5;64;2;7
6;64;2;7
7;64;2;7
8;64;2;7
9;64;2;7
10;64;2;7
11;64;2;7
12;64;2;7
13;64;2;7
14;64;2;7
15;64;2;7
16;64;2;7
17;64;2;7
18;64;2;7
19;64;2;7
20;64;2;7
21;64;2;7
22;64;2;7
23;64;0;7
24;64;2;7
25;64;0;7
26;64;0;7
27;64;2;7
28;64;2;7
29;64;2;7
30;64;0;7
31;64;0;7
32;64;0;7
33;64;0;7
34;64;0;7
35;64;0;7
36;64;0;7
37;64;0;7
38;64;0;7
39;64;0;7
40;64;0;7
41;64;0;7
42;64;0;7
43;64;0;7
44;64;0;7
45;64;0;7
46;64;0;7
47;64;0;7
48;64;0;7
49;64;0;7
50;64;0;7
51;64;0;7
52;64;0;7
53;64;0;7
54;64;0;7
55;64;0;7
56;64;0;7
57;64;0;7
58;64;0;7
59;64;0;7
60;64;0;7
61;64;0;7
62;64;0;7
63;64;0;7
64;64;0;7
65;64;0;7
66;64;0;7
67;64;0;7
68;64;0;7
69;64;0;7
70;64;0;7
0;65;0;7
1;65;0;7
2;65;0;7
3;65;0;7
4;65;0;7
5;65;0;7
6;65;2;7
7;65;2;7
8;65;2;7
9;65;2;7
10;65;2;7
11;65;2;7
12;65;2;7
13;65;2;7
14;65;2;7
15;65;2;7
16;65;2;7
17;65;2;7
18;65;2;7
19;65;2;7
20;65;2;7
21;65;2;7
22;65;2;7
23;65;0;7
24;65;0;7
25;65;0;7
26;65;0;7
27;65;0;7
28;65;0;7
29;65;0;7
30;65;0;7
31;65;0;7
32;65;0;7
33;65;0;7
34;65;0;7
35;65;0;7
36;65;0;7
37;65;0;7
38;65;0;7
39;65;0;7
40;65;0;7
41;65;0;7
42;65;0;7
43;65;0;7
44;65;0;7
45;65;0;7
46;65;0;7
47;65;0;7
48;65;0;7
49;65;0;7
50;65;0;7
51;65;0;7
52;65;0;7
53;65;0;7
54;65;0;7
55;65;0;7
56;65;0;7
57;65;0;7
58;65;0;7
59;65;0;7
60;65;0;7
61;65;0;7
62;65;0;7
63;65;0;7
64;65;0;7
65;65;0;7
66;65;0;7
67;65;0;7
68;65;0;7
69;65;0;7
70;65;0;7
0;66;0;7
1;66;0;7
2;66;0;7
3;66;0;7
4;66;0;7
5;66;0;7
6;66;0;7
7;66;0;7
8;66;2;7
9;66;2;7
10;66;2;7
11;66;2;7
12;66;2;7
13;66;2;7
14;66;2;7
15;66;2;7
16;66;2;7
17;66;2;7
18;66;2;7
19;66;2;7
20;66;2;7
21;66;2;7
22;66;2;7
23;66;0;7
24;66;0;7
25;66;0;7
26;66;0;7
27;66;0;7
28;66;0;7
29;66;0;7
30;66;0;7
31;66;0;7
32;66;0;7
33;66;0;7
34;66;0;7
35;66;0;7
36;66;0;7
37;66;0;7
38;66;0;7
39;66;0;7
40;66;0;7
41;66;0;7
42;66;0;7
43;66;0;7
44;66;0;7
45;66;0;7
46;66;0;7
47;66;0;7
48;66;0;7
49;66;0;7
50;66;0;7
51;66;0;7
52;66;0;7
53;66;0;7
54;66;0;7
55;66;0;7
56;66;0;7
57;66;0;7
58;66;0;7
59;66;0;7
60;66;0;7
61;66;0;7
62;66;0;7
63;66;0;7
64;66;0;7
65;66;0;7
66;66;0;7
67;66;0;7
68;66;0;7
69;66;0;7
70;66;0;7
0;67;0;7
1;67;0;7
2;67;0;7
3;67;0;7
4;67;0;7
5;67;0;7
6;67;0;7
7;67;0;7
8;67;0;7
9;67;0;7
10;67;2;7
11;67;2;7
12;67;2;7
13;67;2;7
14;67;2;7
15;67;2;7
16;67;2;7
17;67;2;7
18;67;2;7
19;67;2;7
20;67;2;7
21;67;2;7
22;67;0;7
23;67;0;7
24;67;0;7
25;67;0;7
26;67;0;7
27;67;0;7
28;67;0;7
29;67;0;7
30;67;0;7
31;67;0;7
32;67;0;7
33;67;0;7
34;67;0;7
35;67;0;7
36;67;0;7
37;67;0;7
38;67;0;7
39;67;0;7
40;67;0;7
41;67;0;7
42;67;0;7
43;67;0;7
44;67;0;7
45;67;0;7
46;67;0;7
47;67;0;7
48;67;0;7
49;67;0;7
50;67;0;7
51;67;0;7
52;67;0;7
53;67;0;7
54;67;0;7
55;67;0;7
56;67;0;7
57;67;0;7
58;67;0;7
59;67;0;7
60;67;0;7
61;67;0;7
62;67;0;7
63;67;0;7
64;67;0;7
65;67;0;7
66;67;0;7
67;67;0;7
68;67;0;7
69;67;0;7
70;67;0;7
0;68;0;0
1;68;0;0
2;68;0;0
3;68;0;0
4;68;0;0
5;68;0;0
6;68;0;0
7;68;0;0
8;68;0;0
9;68;0;0
10;68;0;0
11;68;0;0
12;68;2;0
13;68;2;0
14;68;2;0
15;68;2;0
16;68;2;0
17;68;2;0
18;68;0;0
19;68;0;0
20;68;0;0
21;68;0;0
22;68;0;0
23;68;0;0
24;68;0;0
25;68;0;0
26;68;0;0
27;68;0;0
28;68;0;0
29;68;0;0
30;68;0;0
31;68;0;0
32;68;0;0
33;68;0;0
34;68;0;0
35;68;0;0
36;68;0;0
37;68;0;0
38;68;0;0
39;68;0;0
40;68;0;0
41;68;0;0
42;68;0;0
43;68;0;0
44;68;0;0
45;68;0;0
46;68;0;0
47;68;0;0
48;68;0;0
49;68;0;0
50;68;0;0
51;68;0;0
52;68;0;0
53;68;0;0
54;68;0;0
55;68;0;0
56;68;0;0
57;68;0;0
58;68;0;0
59;68;0;0
60;68;0;0
61;68;0;0
62;68;0;0
63;68;0;0
64;68;0;0
65;68;0;0
66;68;0;0
67;68;0;0
68;68;0;0
69;68;0;0
70;68;0;0
0;69;0;0
1;69;0;0
2;69;0;0
3;69;0;0
4;69;0;0
5;69;0;0
6;69;0;0
7;69;0;0
8;69;0;0
9;69;0;0
10;69;0;0
11;69;0;0
12;69;0;0
13;69;0;0
14;69;2;0
15;69;2;0
16;69;2;0
17;69;0;0
18;69;0;0
19;69;0;0
20;69;0;0
21;69;0;0
22;69;0;0
23;69;0;0
24;69;0;0
25;69;0;0
26;69;0;0
27;69;0;0
28;69;0;0
29;69;0;0
30;69;0;0
31;69;0;0
32;69;0;0
33;69;0;0
34;69;0;0
35;69;0;0
36;69;0;0
37;69;0;0
38;69;0;0
39;69;0;0
40;69;0;0
41;69;0;0
42;69;0;0
43;69;0;0
44;69;0;0
45;69;0;0
46;69;0;0
47;69;0;0
48;69;0;0
49;69;0;0
50;69;0;0
51;69;0;0
52;69;0;0
53;69;0;0
54;69;0;0
55;69;0;0
56;69;0;0
57;69;0;0
58;69;0;0
59;69;0;0
60;69;0;0
61;69;0;0
62;69;0;0
63;69;0;0
64;69;0;0
65;69;0;0
66;69;0;0
67;69;0;0
68;69;0;0
69;69;0;0
70;69;0;0
0;70;0;0
1;70;0;0
2;70;0;0
3;70;0;0
4;70;0;0
5;70;0;0
6;70;0;0
7;70;0;0
8;70;0;0
9;70;0;0
10;70;0;0
11;70;0;0
12;70;0;0
13;70;0;0
14;70;0;0
15;70;0;0
16;70;0;0
17;70;0;0
18;70;0;0
19;70;0;0
20;70;0;0
21;70;0;0
22;70;0;0
23;70;0;0
24;70;0;0
25;70;0;0
26;70;0;0
27;70;0;0
28;70;0;0
29;70;0;0
30;70;0;0
31;70;0;0
32;70;0;0
33;70;0;0
34;70;0;0
35;70;0;0
36;70;0;0
37;70;0;0
38;70;0;0
39;70;0;0
40;70;0;0
41;70;0;0
42;70;0;0
43;70;0;0
44;70;0;0
45;70;0;0
46;70;0;0
47;70;0;0
48;70;0;0
49;70;0;0
50;70;0;0
51;70;0;0
52;70;0;0
53;70;0;0
54;70;0;0
55;70;0;0
56;70;0;0
57;70;0;0
58;70;0;0
59;70;0;0
60;70;0;0
61;70;0;0
62;70;0;0
63;70;0;0
64;70;0;0
65;70;0;0
66;70;0;0
67;70;0;0
68;70;0;0
69;70;0;0
70;70;0;0
