# Illarion Server
# 
# This program is free software: you can redistribute it and/or modify it under
# the terms of the GNU Affero General Public License as published by the Free
# Software Foundation, either version 3 of the License, or (at your option) any
# later version.
# 
# This program is distributed in the hope that it will be useful, but WITHOUT
# ANY WARRANTY; without even the implied warranty of MERCHANTABILITY or FITNESS
# FOR A PARTICULAR PURPOSE.  See the GNU Affero General Public License for more
# details.
# 
# You should have received a copy of the GNU Affero General Public License along
# with this program.  If not, see <http://www.gnu.org/licenses/>.
22;0;3091;333
23;0;3085;333
24;0;3085;333
25;0;3085;333
26;0;3085;333
27;0;3085;333
49;0;3085;333
50;0;3085;333
51;0;3085;333
52;0;3088;333
22;1;3087;333
26;1;3092;333
27;1;3085;333
28;1;3085;333
29;1;3085;333
30;1;3085;333
31;1;3085;333
32;1;3085;333
33;1;3085;333
34;1;3092;333
48;1;3085;333
49;1;3085;333
49;1;3085;333
50;1;3085;333
51;1;3085;333
52;1;3088;333
22;2;3087;333
26;2;2039;333
26;2;520;333
28;2;2039;333
30;2;2907;333
30;2;2039;333
32;2;2039;333
33;2;3101;333
34;2;3088;333
35;2;3085;333
39;2;3085;333
40;2;3085;333
41;2;3085;333
42;2;3085;333
43;2;3085;333
44;2;3085;333
45;2;3085;333
46;2;3085;333
47;2;3085;333
48;2;3085;333
49;2;3085;333
50;2;3085;333
51;2;3088;333
52;2;3088;333
21;3;3087;333
22;3;3087;333
26;3;3780;333
27;3;337;333;letmaCoffin=true
29;3;337;333;letmaCoffin=true
31;3;337;333;letmaCoffin=true
32;3;3101;333
33;3;3783;333
34;3;3092;333
35;3;3085;333
36;3;3085;333
37;3;3085;333
38;3;3085;333
39;3;3085;333
40;3;3091;333
41;3;3092;333
42;3;3085;333
43;3;3085;333
44;3;3091;333
45;3;3092;333
46;3;3085;333
47;3;3085;333
48;3;3085;333
49;3;3085;333
50;3;3088;333
51;3;3088;333
52;3;3088;333
21;4;3087;333
22;4;3087;333
28;4;2937;333
30;4;173;333
31;4;3101;333
33;4;3101;333
34;4;3780;333
35;4;3784;333
36;4;1254;333
37;4;2907;333
39;4;3784;333
40;4;520;333
41;4;1276;333
42;4;295;333
43;4;3784;333
44;4;2805;333;descriptionEn=As you stare at the pillar you notice a fiery letter P emblazoned in the stonework. ;descriptionDe=Als du auf die Säule starrst, bemerkst du, dass auf dem Mauerwerk der feurige Buchstabe P prangt. 
44;4;359;333
45;4;2907;333
47;4;233;333
48;4;3784;333
49;4;1246;333
50;4;3088;333
51;4;3088;333
52;4;3088;333
20;5;3087;333
21;5;3087;333
22;5;3091;333
28;5;2039;333
38;5;3099;333
40;5;1276;333
43;5;3101;333
46;5;1246;333
48;5;1265;333
49;5;3783;333
50;5;3088;333
51;5;3088;333
20;6;3087;333
21;6;3087;333
24;6;2805;333;descriptionDe=Als du auf die Säule starrst, bemerkst du, dass auf dem Mauerwerk der feurige Buchstabe H prangt. ;descriptionEn=As you stare at the pillar you notice a fiery letter H emblazoned in the stonework. 
24;6;359;333
26;6;173;333
27;6;337;333;letmaCoffin=true
29;6;337;333;letmaCoffin=true
31;6;337;333;letmaCoffin=true
34;6;359;0
36;6;3101;333
38;6;1246;333
39;6;3097;333
43;6;3101;333
49;6;1254;333
50;6;3088;333
51;6;3088;333
19;7;3087;333
20;7;3087;333
21;7;3091;333
29;7;66;0;markerstone=281
30;7;2039;333
31;7;173;333
33;7;3097;333
38;7;2937;333
40;7;359;0
42;7;3101;333
46;7;3101;333
47;7;2039;333
49;7;3783;333
50;7;3088;333
19;8;3087;333
20;8;3087;333
24;8;520;333
28;8;3101;333
30;8;2937;333
31;8;3101;333
43;8;1265;333
46;8;2937;333
49;8;221;333
50;8;3088;333
2;9;3092;333
3;9;3092;333
11;9;3088;333
12;9;3085;333
13;9;3085;333
14;9;3085;333
15;9;3085;333
16;9;3085;333
17;9;3085;333
19;9;3087;333
20;9;3091;333
24;9;1265;333
27;9;3101;333
35;9;359;0
36;9;3097;333
40;9;233;333
49;9;3099;333
50;9;3092;333
1;10;3092;333
2;10;3092;333
3;10;3092;333
4;10;3092;333
11;10;3088;333
12;10;3085;333
13;10;3085;333
14;10;3085;333
15;10;3085;333
16;10;3085;333
17;10;3085;333
18;10;3087;333
19;10;3087;333
31;10;2805;333;descriptionEn=Four earthquakes toll success.;descriptionDe=Vier Erdbeben läuten den Erfolg ein.
31;10;2553;333
36;10;2805;333;descriptionEn=Four earthquakes toll success.;descriptionDe=Vier Erdbeben läuten den Erfolg ein.
36;10;2553;333
48;10;359;0
1;11;3092;333
2;11;3092;333
4;11;3092;333
5;11;3092;333
11;11;3085;333
11;11;3088;333
12;11;3085;333
13;11;3085;333
14;11;3085;333
15;11;3085;333
16;11;3085;333
17;11;3085;333
18;11;3087;333
19;11;3087;333
31;11;606;333
31;11;3095;333
31;11;3101;333
32;11;602;333
32;11;3101;333
33;11;603;333
33;11;3101;333
34;11;603;333
34;11;3101;333
35;11;603;333
35;11;3101;333
36;11;601;333
36;11;3101;333
39;11;3101;333
44;11;2805;333;descriptionEn=Two lives of sentient minds must be sacrificed.;descriptionDe=Zwei empfindsame Seelen müssen geopfert werden.
44;11;2553;333
49;11;2805;333;descriptionEn=Two lives of sentient minds must be sacrificed.;descriptionDe=Zwei empfindsame Seelen müssen geopfert werden.
49;11;2553;333
50;11;3090;333
0;12;3092;333
1;12;3092;333
5;12;3092;333
6;12;3085;333
7;12;3085;333
8;12;3085;333
9;12;3085;333
10;12;3085;333
11;12;3085;333
12;12;3085;333
13;12;3085;333
14;12;3085;333
15;12;3085;333
16;12;3085;333
17;12;3087;333
18;12;3087;333
19;12;3091;333
28;12;233;333
30;12;3779;333
31;12;2805;333;descriptionEn=Four earthquakes toll success.;descriptionDe=Vier Erdbeben läuten den Erfolg ein.
31;12;2553;333
32;12;3099;333
36;12;2805;333;descriptionEn=Four earthquakes toll success.;descriptionDe=Vier Erdbeben läuten den Erfolg ein.
36;12;2553;333
41;12;3101;333
44;12;606;333
45;12;603;333
46;12;603;333
47;12;605;333
48;12;601;333
49;12;2039;333
50;12;3088;333
51;12;3090;333
0;13;3092;333
1;13;3092;333
6;13;2907;333
9;13;295;333
10;13;3092;333
11;13;3092;333
12;13;3085;333
13;13;3085;333
14;13;3085;333
15;13;3085;333
16;13;3085;333
17;13;3087;333
18;13;3091;333
21;13;1265;333
27;13;359;0
37;13;1265;333
39;13;3099;333
40;13;3097;333
44;13;2805;333;descriptionEn=Two lives of sentient minds must be sacrificed.;descriptionDe=Zwei empfindsame Seelen müssen geopfert werden.
44;13;2553;333
49;13;2805;333;descriptionEn=Two lives of sentient minds must be sacrificed.;descriptionDe=Zwei empfindsame Seelen müssen geopfert werden.
49;13;2553;333
50;13;3088;333
51;13;3088;333
52;13;3090;333
0;14;3092;333
1;14;3092;333
1;14;3092;333
6;14;607;333
11;14;3092;333
12;14;3092;333
13;14;3085;333
14;14;3085;333
15;14;3085;333
16;14;3085;333
17;14;3091;333
19;14;3101;333
24;14;3097;333
38;14;3101;333
40;14;3097;333
42;14;3101;333
44;14;3101;333
46;14;359;0
50;14;3088;333
51;14;3088;333
52;14;3088;333
0;15;3092;333
1;15;3101;333
1;15;3098;333
2;15;3098;333
3;15;359;0
5;15;2805;333;descriptionEn=Three must cross the line to live in demon fire for eternity;descriptionDe=Drei müssen die Linie überqueren um für die Ewigkeit im Dämonenfeuer zu leben.
5;15;2553;333
6;15;608;333
6;15;3101;333
7;15;2805;333;descriptionEn=Three must cross the line to live in demon fire for eternity;descriptionDe=Drei müssen die Linie überqueren um für die Ewigkeit im Dämonenfeuer zu leben.
7;15;2553;333
11;15;3784;333
12;15;3101;333
12;15;3784;333
13;15;295;333
14;15;3784;333
15;15;2039;333
15;15;3784;333
16;15;295;333
18;15;3097;333
22;15;1254;333
23;15;3099;333
24;15;3099;333
30;15;359;0
33;15;359;0
47;15;3097;333
49;15;221;333
50;15;3088;333
51;15;3088;333
52;15;3088;333
0;16;3087;333
1;16;3098;333
2;16;3098;333
6;16;609;333
8;16;1254;333
10;16;3097;333
13;16;3101;333
14;16;3101;333
16;16;3101;333
19;16;2937;333
21;16;233;333
26;16;359;0
39;16;359;0
43;16;359;0
45;16;233;333
50;16;3088;333
51;16;3088;333
52;16;3088;333
0;17;3087;333
1;17;3098;333
2;17;3100;333
2;17;3098;333
3;17;3101;333
4;17;3098;333
6;17;609;333
12;17;3099;333
14;17;1254;333
23;17;359;0
35;17;359;0
40;17;359;0
47;17;2937;333
49;17;3090;333
50;17;3088;333
51;17;3088;333
52;17;3088;333
0;18;3087;333
1;18;3098;333
2;18;3098;333
3;18;3101;333
6;18;609;333
8;18;359;0
10;18;1246;333
16;18;1276;333
18;18;3101;333
21;18;1254;333
28;18;359;0
32;18;1265;333
35;18;1276;333
37;18;3099;333
38;18;3101;333
46;18;3101;333
48;18;3783;333
49;18;3088;333
50;18;3088;333
51;18;3088;333
52;18;3088;333
0;19;3087;333
1;19;3098;333
2;19;3098;333
5;19;2805;333;descriptionEn=Three must cross the line to live in demon fire for eternity;descriptionDe=Drei müssen die Linie überqueren um für die Ewigkeit im Dämonenfeuer zu leben.
5;19;2553;333
6;19;609;333
7;19;2805;333;descriptionEn=Three must cross the line to live in demon fire for eternity;descriptionDe=Drei müssen die Linie überqueren um für die Ewigkeit im Dämonenfeuer zu leben.
7;19;2553;333
9;19;3097;333
9;19;3101;333
11;19;359;0
14;19;359;0
17;19;1246;333
18;19;3099;333
31;19;3101;333
32;19;3101;333
33;19;3101;333
38;19;3101;333
44;19;1265;333
46;19;3101;333
48;19;3783;333
49;19;3088;333
50;19;3088;333
51;19;3088;333
52;19;3088;333
0;20;3087;333
1;20;3098;333
2;20;3098;333
4;20;2937;333
6;20;610;333
10;20;3101;333
23;20;1246;333
24;20;359;0
27;20;3090;333
28;20;3086;333
29;20;3089;333
32;20;607;333
37;20;3101;333
47;20;3097;333
49;20;3088;333
50;20;3088;333
51;20;3088;333
52;20;3088;333
0;21;3087;333
1;21;3098;333
2;21;3098;333
6;21;612;333
8;21;3101;333
9;21;3101;333
11;21;3101;333
12;21;233;333
15;21;359;0
25;21;1254;333
27;21;3092;333
28;21;3085;333
29;21;3091;333
30;21;3101;333
32;21;608;333
39;21;915;333
48;21;2908;333
49;21;3088;333
50;21;3088;333
51;21;3088;333
0;22;3087;333
1;22;3098;333
2;22;3098;333
5;22;1265;333
14;22;3098;333
15;22;3100;333
19;22;359;0
27;22;3784;333
28;22;2039;333
28;22;3784;333
29;22;3784;333
30;22;3101;333
31;22;2805;333;descriptionEn=One soul shall be given;descriptionDe=Eine Seele muß gegeben werden.
31;22;2553;333
32;22;609;333
33;22;2805;333;descriptionEn=One soul shall be given;descriptionDe=Eine Seele muß gegeben werden.
33;22;2553;333
37;22;2937;333
44;22;3101;333
46;22;3099;333
48;22;3783;333
49;22;3092;333
50;22;3088;333
0;23;3087;333
1;23;3098;333
2;23;3098;333
7;23;3098;333
13;23;3100;333
21;23;359;0
32;23;609;333
33;23;3099;333
35;23;1246;333
39;23;1247;333
42;23;1265;333
46;23;2937;333
50;23;3092;333
0;24;3087;333
1;24;3098;333
2;24;3098;333
6;24;359;0
7;24;3098;333
10;24;2937;333
10;24;2039;333
12;24;3098;333
13;24;3100;333
29;24;1265;333
32;24;609;333
36;24;3097;333
49;24;3092;333
50;24;3092;333
0;25;3087;333
1;25;3089;333
7;25;3100;333
8;25;3100;333
11;25;3101;333
12;25;3099;333
16;25;359;0
23;25;359;0
26;25;3099;333
30;25;1254;333
32;25;609;333
34;25;359;0
39;25;3097;333
49;25;3092;333
0;26;3087;333
1;26;3087;333
6;26;359;0
8;26;1246;333
8;26;3101;333
11;26;3101;333
12;26;3098;333
19;26;360;333;descriptionEn=The swirling colour appears to be a gateway to a land of destruction and fire. There are no clear images to be made out, only shadowy impressions of terror.;descriptionDe=Der bunte wirbelnde Schleier scheint ein Zugang in ein Land der Zerstörung und des Feuers zu sein. Es können keine klaren Bilder wahrgenommen werden, nur schattenhafte Eindrücke des Grauens. ;nameDe=Portal;nameEn=Portal
19;26;798;333;descriptionEn=The swirling colour appears to be a gateway to a land of destruction and fire. There are no clear images to be made out, only shadowy impressions of terror.;descriptionDe=Der bunte wirbelnde Schleier scheint ein Zugang in ein Land der Zerstörung und des Feuers zu sein. Es können keine klaren Bilder wahrgenommen werden, nur schattenhafte Eindrücke des Grauens. 
32;26;609;333
36;26;3097;333
38;26;359;0
39;26;3099;333
48;26;3092;333
49;26;3092;333
0;27;3089;333
1;27;3087;333
1;27;3098;333
2;27;3098;333
10;27;1265;333
17;27;3287;333
18;27;972;333
18;27;3780;333
19;27;973;333
20;27;3286;333
20;27;3780;333
25;27;359;0
28;27;3099;333
32;27;609;333
34;27;1254;333
36;27;3101;333
37;27;915;333
46;27;3092;333
47;27;3092;333
48;27;3092;333
49;27;3092;333
0;28;3087;333
1;28;3087;333
1;28;3098;333
2;28;3098;333
7;28;359;0
11;28;3779;333
12;28;3100;333
13;28;3098;333
14;28;359;0
30;28;359;0
32;28;609;333
38;28;3099;333
46;28;3783;333
47;28;3092;333
48;28;3092;333
49;28;3092;333
0;29;3087;333
1;29;3087;333
1;29;3098;333
2;29;3098;333
9;29;1246;333
11;29;3098;333
12;29;3098;333
21;29;359;0
25;29;359;0
32;29;608;333
33;29;3101;333
42;29;3782;333
47;29;3784;333
48;29;3092;333
49;29;3092;333
0;30;3087;333
1;30;3087;333
1;30;3098;333
2;30;3098;333
26;30;1247;333
31;30;2805;333;descriptionEn=One soul shall be given;descriptionDe=Eine Seele muß gegeben werden.
31;30;2553;333
32;30;612;333
33;30;2805;333;descriptionEn=One soul shall be given;descriptionDe=Eine Seele muß gegeben werden.
33;30;2553;333
35;30;2937;333
40;30;3099;333
48;30;3783;333
48;30;3784;333
49;30;3092;333
50;30;3092;333
50;30;3092;333
0;31;3087;333
1;31;3087;333
1;31;3098;333
1;31;3098;333
2;31;3098;333
2;31;3098;333
6;31;2039;333
12;31;1276;333
18;31;359;0
20;31;3101;333
23;31;359;0
26;31;3097;333
36;31;2039;333
42;31;1254;333
45;31;3100;333
49;31;3784;333
50;31;3092;333
51;31;3092;333
0;32;3087;333
1;32;3087;333
1;32;3098;333
2;32;3098;333
2;32;3098;333
3;32;3098;333
7;32;2805;333;descriptionEn=As you stare at the pillar you notice a fiery letter R emblazoned in the stonework. ;descriptionDe=Als du auf die Säule starrst, bemerkst du, dass auf dem Mauerwerk der feurige Buchstabe R prangt. 
7;32;359;333
9;32;2937;333
11;32;3101;333
12;32;3098;333
13;32;359;0
18;32;3100;333
19;32;3100;333
19;32;3781;333
21;32;1276;333
26;32;3101;333
34;32;1265;333
36;32;3101;333
39;32;2937;333
43;32;3101;333
50;32;3783;333
51;32;3092;333
0;33;3087;333
1;33;3087;333
2;33;3098;333
3;33;3098;333
12;33;3780;333
13;33;3100;333
17;33;3098;333
22;33;3101;333
26;33;1254;333
28;33;3101;333
30;33;3100;333
42;33;1265;333
48;33;359;333
51;33;3092;333
52;33;3092;333
0;34;3087;333
1;34;3089;333
2;34;3087;333
2;34;3098;333
3;34;3098;333
7;34;1265;333
13;34;1254;333
15;34;359;0
20;34;3101;333
21;34;607;333
27;34;2937;333
37;34;915;333
39;34;3100;333
45;34;3100;333
51;34;3092;333
52;34;3092;333
1;35;3087;333
2;35;3087;333
2;35;3098;333
3;35;3098;333
4;35;3098;333
18;35;1265;333
20;35;2805;333;descriptionEn=Instructions for Servitude;descriptionDe=Anweisungen für die Knechtschaft
20;35;2553;333
21;35;608;333
22;35;2805;333;descriptionEn=Instructions for Servitude;descriptionDe=Anweisungen für die Knechtschaft
22;35;2553;333
30;35;3101;333
34;35;3099;333
43;35;3099;333
49;35;3783;333
50;35;3092;333
51;35;3092;333
1;36;3087;333
2;36;3087;333
4;36;3098;333
15;36;3098;333
21;36;609;333
29;36;3098;333
36;36;3101;333
50;36;3090;333
51;36;3086;333
52;36;3089;333
1;37;3087;333
2;37;3089;333
3;37;3087;333
4;37;3098;333
21;37;609;333
22;37;359;0
35;37;1265;333
40;37;3098;333
40;37;3781;333
49;37;3783;333
50;37;3088;333
51;37;3088;333
52;37;3088;333
2;38;3087;333
3;38;3087;333
4;38;3098;333
13;38;2039;333
16;38;1254;333
18;38;359;0
21;38;610;333
22;38;1247;333
47;38;3097;333
48;38;3097;333
50;38;3088;333
51;38;3088;333
52;38;3088;333
2;39;3087;333
3;39;3087;333
4;39;3098;333
5;39;3098;333
6;39;3098;333
7;39;3098;333
20;39;2805;333;descriptionEn=Instructions for Servitude;descriptionDe=Anweisungen für die Knechtschaft
20;39;2553;333
21;39;612;333
22;39;2805;333;descriptionEn=Instructions for Servitude;descriptionDe=Anweisungen für die Knechtschaft
22;39;2553;333
23;39;3090;333
24;39;3089;333
32;39;359;333
38;39;1254;333
39;39;3101;333
43;39;359;333
49;39;3090;333
50;39;3088;333
51;39;3088;333
52;39;3088;333
2;40;3087;333
3;40;3087;333
4;40;3098;333
5;40;3098;333
6;40;3098;333
7;40;3098;333
8;40;3098;333
22;40;221;333
23;40;3088;333
24;40;3087;333
45;40;915;333
48;40;3783;333
49;40;3088;333
50;40;3088;333
51;40;3088;333
52;40;3088;333
2;41;3087;333
3;41;3089;333
4;41;3086;333
5;41;3086;333
6;41;3086;333
6;41;3098;333
7;41;3098;333
8;41;3098;333
9;41;3098;333
10;41;3098;333
11;41;3098;333
14;41;3101;333
16;41;3101;333
22;41;3783;333
23;41;3088;333
24;41;3087;333
38;41;359;333
44;41;2937;333
46;41;3100;333
46;41;3782;333
48;41;3090;333
49;41;3088;333
50;41;3088;333
51;41;3088;333
52;41;3088;333
2;42;3086;333
3;42;3086;333
4;42;3086;333
5;42;3086;333
6;42;3089;333
7;42;3086;333
8;42;3086;333
9;42;3086;333
10;42;3087;333
11;42;3098;333
13;42;3101;333
15;42;3101;333
17;42;3101;333
21;42;3101;333
22;42;221;333
23;42;3088;333
24;42;3087;333
32;42;915;333
39;42;1265;333
42;42;3099;333
44;42;3101;333
48;42;3088;333
48;42;3097;333
49;42;3088;333
50;42;3088;333
51;42;3088;333
52;42;3088;333
2;43;3086;333
3;43;3086;333
4;43;3086;333
5;43;3086;333
6;43;3086;333
7;43;3086;333
8;43;3086;333
9;43;3086;333
10;43;3087;333
11;43;3098;333
11;43;3098;333
12;43;3098;333
18;43;3085;333
21;43;3101;333
22;43;3783;333
23;43;3088;333
24;43;3087;333
26;43;915;333
28;43;3100;333
37;43;3101;333
45;43;3097;333
46;43;3097;333
47;43;3097;333
47;43;3097;333
48;43;3088;333
48;43;3097;333
49;43;3088;333
50;43;3088;333
51;43;3088;333
52;43;3088;333
2;44;3086;333
3;44;3086;333
4;44;3086;333
5;44;3086;333
6;44;3086;333
7;44;3086;333
8;44;3086;333
9;44;3086;333
10;44;3087;333
11;44;3098;333
12;44;3098;333
14;44;1265;333
18;44;28;333
22;44;221;333
23;44;3092;333
24;44;3091;333
32;44;1265;333
38;44;3097;333
39;44;3097;333
40;44;3101;333
40;44;3097;333
40;44;3782;333
41;44;3097;333
42;44;3097;333
43;44;3097;333
44;44;3097;333
45;44;3097;333
46;44;3097;333
47;44;3097;333
48;44;3088;333
48;44;3097;333
49;44;3088;333
50;44;3088;333
51;44;3088;333
2;45;3086;333
3;45;3086;333
4;45;3086;333
5;45;3086;333
6;45;3086;333
7;45;3086;333
8;45;3086;333
9;45;3086;333
10;45;3087;333
11;45;3089;333
12;45;3098;333
13;45;3098;333
14;45;2937;333
14;45;3098;333
15;45;3098;333
22;45;915;333
24;45;3780;333
28;45;3101;333
33;45;3100;333
38;45;3097;333
39;45;3097;333
40;45;3097;333
41;45;3097;333
41;45;3097;333
42;45;3097;333
42;45;3097;333
43;45;3097;333
43;45;3097;333
44;45;3097;333
44;45;3097;333
45;45;3097;333
45;45;3097;333
46;45;3097;333
47;45;3097;333
48;45;3088;333
48;45;3097;333
49;45;3088;333
50;45;3088;333
51;45;3088;333
6;46;3086;333
7;46;3086;333
8;46;3086;333
9;46;3086;333
10;46;3087;333
11;46;3089;333
12;46;3098;333
13;46;3098;333
14;46;3098;333
15;46;3098;333
38;46;3097;333
38;46;3097;333
39;46;3097;333
40;46;3097;333
40;46;3097;333
41;46;3097;333
41;46;3097;333
41;46;3097;333
42;46;3097;333
42;46;3097;333
42;46;3097;333
43;46;3090;333
43;46;3097;333
43;46;3097;333
43;46;3097;333
44;46;3086;333
44;46;3097;333
44;46;3097;333
44;46;3097;333
45;46;3086;333
45;46;3097;333
45;46;3097;333
46;46;3086;333
47;46;3086;333
48;46;3088;333
48;46;3097;333
49;46;3088;333
50;46;3088;333
10;47;3087;333
11;47;3089;333
12;47;3089;333
12;47;3098;333
13;47;3089;333
13;47;3098;333
14;47;3098;333
15;47;3098;333
16;47;3098;333
27;47;3099;333
31;47;3097;333
32;47;3097;333
36;47;3097;333
37;47;3097;333
38;47;3097;333
39;47;3090;333
40;47;3086;333
40;47;3097;333
41;47;3086;333
41;47;3097;333
41;47;3097;333
42;47;3086;333
42;47;3097;333
42;47;3097;333
43;47;3086;333
43;47;3097;333
43;47;3097;333
44;47;3086;333
44;47;3097;333
44;47;3097;333
45;47;3086;333
45;47;3097;333
45;47;3097;333
46;47;3086;333
47;47;3086;333
48;47;3088;333
49;47;3088;333
10;48;3087;333
11;48;3089;333
12;48;3089;333
13;48;3089;333
14;48;3089;333
15;48;3098;333
16;48;3098;333
17;48;3098;333
17;48;3098;333
18;48;3098;333
18;48;3098;333
19;48;3098;333
20;48;3098;333
21;48;3098;333
22;48;3098;333
23;48;3098;333
24;48;3098;333
25;48;3098;333
26;48;3098;333
27;48;3097;333
27;48;3098;333
28;48;3097;333
28;48;3098;333
29;48;3097;333
29;48;3098;333
30;48;3097;333
30;48;3098;333
31;48;3097;333
31;48;3098;333
32;48;3097;333
32;48;3098;333
33;48;3086;333
34;48;3086;333
35;48;3086;333
36;48;3086;333
37;48;3086;333
38;48;3086;333
39;48;3086;333
40;48;3086;333
41;48;3086;333
42;48;3086;333
43;48;3086;333
44;48;3086;333
45;48;3086;333
46;48;3086;333
47;48;3086;333
48;48;3088;333
10;49;3089;333
11;49;3086;333
12;49;3086;333
13;49;3086;333
14;49;3086;333
15;49;3086;333
16;49;3086;333
17;49;3086;333
18;49;3086;333
19;49;3086;333
20;49;3086;333
21;49;3086;333
22;49;3086;333
23;49;3086;333
24;49;3086;333
25;49;3086;333
26;49;3086;333
27;49;3086;333
28;49;3086;333
29;49;3086;333
30;49;3086;333
31;49;3086;333
32;49;3086;333
33;49;3086;333
34;49;3086;333
35;49;3086;333
36;49;3086;333
37;49;3086;333
38;49;3086;333
39;49;3086;333
40;49;3086;333
41;49;3086;333
42;49;3086;333
43;49;3086;333
44;49;3086;333
45;49;3086;333
46;49;3086;333
47;49;3086;333
