# Illarion Server
# 
# This program is free software: you can redistribute it and/or modify it under
# the terms of the GNU Affero General Public License as published by the Free
# Software Foundation, either version 3 of the License, or (at your option) any
# later version.
# 
# This program is distributed in the hope that it will be useful, but WITHOUT
# ANY WARRANTY; without even the implied warranty of MERCHANTABILITY or FITNESS
# FOR A PARTICULAR PURPOSE.  See the GNU Affero General Public License for more
# details.
# 
# You should have received a copy of the GNU Affero General Public License along
# with this program.  If not, see <http://www.gnu.org/licenses/>.
V: 2
L: -8
X: 202
Y: 774
W: 53
H: 50
0;0;0;9
1;0;0;9
2;0;0;9
3;0;0;9
4;0;0;9
5;0;0;9
6;0;0;9
7;0;0;9
8;0;0;9
9;0;0;9
10;0;0;9
11;0;0;9
12;0;0;9
13;0;0;9
14;0;0;9
15;0;0;9
16;0;0;9
17;0;0;9
18;0;0;9
19;0;0;9
20;0;0;9
21;0;0;9
22;0;5;9
23;0;6181;9
24;0;5157;9
25;0;5;9
26;0;5;9
27;0;5;9
28;0;5;9
29;0;5;9
30;0;5;9
31;0;5;9
32;0;5;9
33;0;5;9
34;0;5;9
35;0;5;9
36;0;5;9
37;0;5;9
38;0;5;9
39;0;5;9
40;0;5;9
41;0;5;9
42;0;5;9
43;0;5;9
44;0;5;9
45;0;5;9
46;0;5;9
47;0;5;9
48;0;5;9
49;0;5;9
50;0;5;9
51;0;5;9
52;0;5;9
0;1;0;9
1;1;0;9
2;1;0;9
3;1;0;9
4;1;0;9
5;1;0;9
6;1;0;9
7;1;0;9
8;1;0;9
9;1;0;9
10;1;0;9
11;1;0;9
12;1;0;9
13;1;0;9
14;1;0;9
15;1;0;9
16;1;0;9
17;1;0;9
18;1;0;9
19;1;0;9
20;1;0;9
21;1;0;9
22;1;8229;9
23;1;1;9
24;1;1;9
25;1;22565;9
26;1;11301;9
27;1;11301;9
28;1;5157;9
29;1;6213;9
30;1;11333;9
31;1;11333;9
32;1;11333;9
33;1;5189;9
34;1;5;9
35;1;5;9
36;1;5;9
37;1;5;9
38;1;5;9
39;1;5;9
40;1;5;9
41;1;5;9
42;1;5;9
43;1;5;9
44;1;5;9
45;1;5;9
46;1;5;9
47;1;5;9
48;1;5;9
49;1;5;9
50;1;5;9
51;1;5;9
52;1;5;9
0;2;0;9
1;2;0;9
2;2;0;9
3;2;0;9
4;2;0;9
5;2;0;9
6;2;0;9
7;2;0;9
8;2;0;9
9;2;0;9
10;2;0;9
11;2;0;9
12;2;0;9
13;2;0;9
14;2;0;9
15;2;0;9
16;2;0;9
17;2;0;9
18;2;0;9
19;2;0;9
20;2;0;9
21;2;0;9
22;2;12325;9
23;2;1;9
24;2;1;9
25;2;1;9
26;2;1;9
27;2;1;9
28;2;8257;9
29;2;2;9
30;2;2;9
31;2;2;9
32;2;2;9
33;2;2;9
34;2;4165;9
35;2;5;9
36;2;5;9
37;2;5;9
38;2;5;9
39;2;5;9
40;2;6213;9
41;2;11333;9
42;2;11333;9
43;2;11333;9
44;2;11333;9
45;2;11333;9
46;2;5189;9
47;2;6181;9
48;2;11301;9
49;2;11301;9
50;2;5157;9
51;2;5;9
52;2;5;9
0;3;0;9
1;3;0;9
2;3;0;9
3;3;0;9
4;3;0;9
5;3;0;9
6;3;0;9
7;3;0;9
8;3;0;9
9;3;0;9
10;3;0;9
11;3;0;9
12;3;0;9
13;3;0;9
14;3;0;9
15;3;0;9
16;3;0;9
17;3;0;9
18;3;0;9
19;3;0;9
20;3;0;9
21;3;0;9
22;3;0;9
23;3;1;9
24;3;1;9
25;3;1;9
26;3;1;9
27;3;1;9
28;3;7233;9
29;3;2;9
30;3;2;9
31;3;2;9
32;3;2;9
33;3;2;9
34;3;10309;9
35;3;5;9
36;3;5;9
37;3;5;9
38;3;5;9
39;3;8261;9
40;3;2;9
41;3;2;9
42;3;2;9
43;3;2;9
44;3;2;9
45;3;2;9
46;3;2;9
47;3;4161;9
48;3;1;9
49;3;1;9
50;3;1;9
51;3;4133;9
52;3;5;9
0;4;0;9
1;4;0;9
2;4;0;9
3;4;0;9
4;4;0;9
5;4;0;9
6;4;0;9
7;4;0;9
8;4;0;9
9;4;0;9
10;4;0;9
11;4;0;9
12;4;0;9
13;4;0;9
14;4;0;9
15;4;0;9
16;4;0;9
17;4;0;9
18;4;0;9
19;4;0;9
20;4;0;9
21;4;0;9
22;4;0;9
23;4;11329;9
24;4;5185;9
25;4;1;9
26;4;1;9
27;4;1;9
28;4;1;9
29;4;2113;9
30;4;26689;9
31;4;2;9
32;4;2;9
33;4;2;9
34;4;3141;9
35;4;5;9
36;4;5;9
37;4;5;9
38;4;5;9
39;4;7237;9
40;4;2;9
41;4;2;9
42;4;2;9
43;4;2;9
44;4;2;9
45;4;2;9
46;4;2;9
47;4;3137;9
48;4;1;9
49;4;1;9
50;4;1;9
51;4;10277;9
52;4;5;9
0;5;0;9
1;5;0;9
2;5;0;9
3;5;0;9
4;5;0;9
5;5;0;9
6;5;0;9
7;5;0;9
8;5;0;9
9;5;0;9
10;5;0;9
11;5;0;9
12;5;0;9
13;5;0;9
14;5;0;9
15;5;0;9
16;5;0;9
17;5;0;9
18;5;0;9
19;5;0;9
20;5;16453;9
21;5;2;9
22;5;2;9
23;5;2;9
24;5;2;9
25;5;22593;9
26;5;11329;9
27;5;11329;9
28;5;11329;9
29;5;11329;9
30;5;28737;9
31;5;2;9
32;5;2;9
33;5;19525;9
34;5;5;9
35;5;5;9
36;5;6213;9
37;5;11333;9
38;5;5189;9
39;5;5;9
40;5;14405;9
41;5;2;9
42;5;2;9
43;5;2;9
44;5;2;9
45;5;2;9
46;5;13377;9
47;5;1;9
48;5;1;9
49;5;1;9
50;5;1;9
51;5;3109;9
52;5;5;9
0;6;0;9
1;6;0;9
2;6;0;9
3;6;0;9
4;6;0;9
5;6;0;9
6;6;0;9
7;6;0;9
8;6;0;9
9;6;0;9
10;6;0;9
11;6;0;9
12;6;0;9
13;6;0;9
14;6;0;9
15;6;0;9
16;6;0;9
17;6;0;9
18;6;0;9
19;6;0;9
20;6;2;9
21;6;2;9
22;6;2;9
23;6;2;9
24;6;2;9
25;6;2;9
26;6;2;9
27;6;2;9
28;6;2;9
29;6;2;9
30;6;2;9
31;6;2;9
32;6;2;9
33;6;10309;9
34;6;5;9
35;6;8261;9
36;6;2;9
37;6;2;9
38;6;2;9
39;6;4165;9
40;6;5;9
41;6;2117;9
42;6;26693;9
43;6;2;9
44;6;2;9
45;6;13377;9
46;6;1;9
47;6;6209;9
48;6;11329;9
49;6;21569;9
50;6;2;9
51;6;4165;9
52;6;5;9
0;7;0;9
1;7;0;9
2;7;0;9
3;7;0;9
4;7;0;9
5;7;0;9
6;7;0;9
7;7;0;9
8;7;0;9
9;7;0;9
10;7;0;9
11;7;0;9
12;7;0;9
13;7;0;9
14;7;0;9
15;7;0;9
16;7;0;9
17;7;0;9
18;7;0;9
19;7;2;9
20;7;2;9
21;7;2;9
22;7;2;9
23;7;2;9
24;7;2;9
25;7;2;9
26;7;2;9
27;7;2;9
28;7;2;9
29;7;2;9
30;7;2;9
31;7;2;9
32;7;2;9
33;7;20549;9
34;7;5;9
35;7;7237;9
36;7;2;9
37;7;2;9
38;7;2;9
39;7;3141;9
40;7;5;9
41;7;5;9
42;7;12357;9
43;7;2;9
44;7;19521;9
45;7;1;9
46;7;16449;9
47;7;2;9
48;7;2;9
49;7;2;9
50;7;2;9
51;7;10309;9
52;7;5;9
0;8;0;9
1;8;0;9
2;8;0;9
3;8;0;9
4;8;0;9
5;8;0;9
6;8;0;9
7;8;0;9
8;8;0;9
9;8;0;9
10;8;0;9
11;8;0;9
12;8;0;9
13;8;0;9
14;8;0;9
15;8;0;9
16;8;0;9
17;8;0;9
18;8;0;9
19;8;2;9
20;8;2;9
21;8;2;9
22;8;2;9
23;8;2;9
24;8;2;9
25;8;2;9
26;8;25671;9
27;8;9287;9
28;8;9287;9
29;8;9287;9
30;8;26695;9
31;8;2;9
32;8;2;9
33;8;2;9
34;8;4165;9
35;8;5;9
36;8;2117;9
37;8;9285;9
38;8;1093;9
39;8;5;9
40;8;5;9
41;8;6213;9
42;8;28741;9
43;8;2;9
44;8;27713;9
45;8;21569;9
46;8;2;9
47;8;2;9
48;8;2;9
49;8;2;9
50;8;2;9
51;8;3141;9
52;8;5;9
0;9;0;9
1;9;0;9
2;9;5;9
3;9;5;9
4;9;0;9
5;9;0;9
6;9;0;9
7;9;0;9
8;9;0;9
9;9;0;9
10;9;0;9
11;9;5;9
12;9;5;9
13;9;5;9
14;9;5;9
15;9;5;9
16;9;5;9
17;9;5;9
18;9;0;9
19;9;2;9
20;9;2;9
21;9;2;9
22;9;2;9
23;9;2;9
24;9;2;9
25;9;2;9
26;9;10311;9
27;9;7;9
28;9;7;9
29;9;7;9
30;9;7239;9
31;9;2;9
32;9;2;9
33;9;2;9
34;9;10309;9
35;9;5;9
36;9;5;9
37;9;6373;9
38;9;5349;9
39;9;6213;9
40;9;21573;9
41;9;2;9
42;9;2;9
43;9;2;9
44;9;2;9
45;9;2;9
46;9;2;9
47;9;25669;9
48;9;9285;9
49;9;9285;9
50;9;1093;9
51;9;5;9
52;9;5;9
0;10;0;9
1;10;5;9
2;10;5;9
3;10;5;9
4;10;5;9
5;10;0;9
6;10;0;9
7;10;0;9
8;10;0;9
9;10;0;9
10;10;0;9
11;10;5;9
12;10;5;9
13;10;5;9
14;10;5;9
15;10;5;9
16;10;5;9
17;10;8261;9
18;10;2;9
19;10;2;9
20;10;2;9
21;10;2;9
22;10;2;9
23;10;2;9
24;10;2;9
25;10;2;9
26;10;27719;9
27;10;11335;9
28;10;11335;9
29;10;5191;9
30;10;7;9
31;10;14407;9
32;10;2;9
33;10;2;9
34;10;3141;9
35;10;5;9
36;10;16613;9
37;10;7;9
38;10;8263;9
39;10;2;9
40;10;2;9
41;10;2;9
42;10;2;9
43;10;2;9
44;10;2;9
45;10;2;9
46;10;2;9
47;10;3141;9
48;10;5;9
49;10;5;9
50;10;5;9
51;10;5;9
52;10;5;9
0;11;0;9
1;11;5;9
2;11;5;9
3;11;5;9
4;11;5;9
5;11;0;9
6;11;5;9
7;11;5;9
8;11;5;9
9;11;5;9
10;11;0;9
11;11;5189;9
12;11;5;9
13;11;5;9
14;11;5;9
15;11;5;9
16;11;5;9
17;11;12357;9
18;11;2;9
19;11;2;9
20;11;2;9
21;11;2;9
22;11;2;9
23;11;2;9
24;11;2;9
25;11;2;9
26;11;2;9
27;11;2;9
28;11;2;9
29;11;2;9
30;11;22599;9
31;11;7;9
32;11;3301;9
33;11;1093;9
34;11;5;9
35;11;8421;9
36;11;7;9
37;11;7;9
38;11;24647;9
39;11;2;9
40;11;2;9
41;11;2;9
42;11;25671;9
43;11;9287;9
44;11;18503;9
45;11;2;9
46;11;13381;9
47;11;5;9
48;11;5;9
49;11;6213;9
50;11;5189;9
51;11;5;9
52;11;5;9
0;12;5;9
1;12;5;9
2;12;5;9
3;12;5;9
4;12;5;9
5;12;5;9
6;12;6213;9
7;12;11333;9
8;12;11333;9
9;12;21573;9
10;12;2;9
11;12;2;9
12;12;22597;9
13;12;5189;9
14;12;5;9
15;12;5;9
16;12;5;9
17;12;24645;9
18;12;2;9
19;12;2;9
20;12;2;9
21;12;2;9
22;12;2;9
23;12;2;9
24;12;2;9
25;12;25669;9
26;12;9285;9
27;12;9285;9
28;12;18501;9
29;12;2;9
30;12;2;9
31;12;2;9
32;12;5;9
33;12;5;9
34;12;5;9
35;12;7397;9
36;12;6215;9
37;12;21575;9
38;12;2;9
39;12;2;9
40;12;2;9
41;12;2;9
42;12;20551;9
43;12;7;9
44;12;7;9
45;12;10469;9
46;12;5;9
47;12;8421;9
48;12;8263;9
49;12;2;9
50;12;2;9
51;12;4165;9
52;12;5;9
0;13;6213;9
1;13;5189;9
2;13;5;9
3;13;5;9
4;13;5;9
5;13;8261;9
6;13;2;9
7;13;2;9
8;13;2;9
9;13;2;9
10;13;2;9
11;13;2;9
12;13;2;9
13;13;2;9
14;13;11493;9
15;13;11493;9
16;13;11493;9
17;13;2;9
18;13;2;9
19;13;2;9
20;13;2;9
21;13;2;9
22;13;2;9
23;13;2;9
24;13;2;9
25;13;10309;9
26;13;5;9
27;13;5;9
28;13;5;9
29;13;2117;9
30;13;9285;9
31;13;1093;9
32;13;5;9
33;13;5;9
34;13;5;9
35;13;8261;9
36;13;2;9
37;13;2;9
38;13;2;9
39;13;25669;9
40;13;26693;9
41;13;2;9
42;13;2;9
43;13;15431;9
44;13;7;9
45;13;3301;9
46;13;5;9
47;13;12517;9
48;13;12359;9
49;13;2;9
50;13;2;9
51;13;10309;9
52;13;5;9
0;14;2;9
1;14;2;9
2;14;15429;9
3;14;5;9
4;14;5;9
5;14;12357;9
6;14;2;9
7;14;25671;9
8;14;26695;9
9;14;2;9
10;14;2;9
11;14;2;9
12;14;2;9
13;14;19527;9
14;14;7;9
15;14;7;9
16;14;7;9
17;14;2119;9
18;14;26695;9
19;14;2;9
20;14;2;9
21;14;2;9
22;14;25669;9
23;14;18501;9
24;14;2;9
25;14;3141;9
26;14;5;9
27;14;5;9
28;14;5;9
29;14;5;9
30;14;5;9
31;14;5;9
32;14;5;9
33;14;5;9
34;14;5;9
35;14;7237;9
36;14;2;9
37;14;2;9
38;14;2;9
39;14;3141;9
40;14;7237;9
41;14;2;9
42;14;2;9
43;14;2;9
44;14;1253;9
45;14;5;9
46;14;5;9
47;14;12517;9
48;14;12359;9
49;14;2;9
50;14;2;9
51;14;3141;9
52;14;5;9
0;15;2;9
1;15;2;9
2;15;2;9
3;15;5;9
4;15;5;9
5;15;7237;9
6;15;2;9
7;15;3143;9
8;15;7239;9
9;15;2;9
10;15;2;9
11;15;2;9
12;15;2;9
13;15;20551;9
14;15;7;9
15;15;7;9
16;15;7;9
17;15;7;9
18;15;24647;9
19;15;2;9
20;15;2;9
21;15;2;9
22;15;3141;9
23;15;5;9
24;15;5;9
25;15;5;9
26;15;5;9
27;15;5;9
28;15;5;9
29;15;5;9
30;15;5;9
31;15;5;9
32;15;5;9
33;15;5;9
34;15;5;9
35;15;5;9
36;15;2117;9
37;15;9285;9
38;15;1093;9
39;15;5;9
40;15;5;9
41;15;2117;9
42;15;9285;9
43;15;1093;9
44;15;5;9
45;15;5;9
46;15;5;9
47;15;24805;9
48;15;12359;9
49;15;2;9
50;15;19525;9
51;15;5;9
52;15;5;9
0;16;2;9
1;16;2;9
2;16;19525;9
3;16;5;9
4;16;5;9
5;16;5;9
6;16;5;9
7;16;2277;9
8;16;1253;9
9;16;2117;9
10;16;18501;9
11;16;2;9
12;16;2;9
13;16;2;9
14;16;7;9
15;16;7;9
16;16;7;9
17;16;8263;9
18;16;2;9
19;16;2;9
20;16;2;9
21;16;19525;9
22;16;5;9
23;16;5;9
24;16;5;9
25;16;5;9
26;16;5;9
27;16;5;9
28;16;5;9
29;16;5;9
30;16;5;9
31;16;5;9
32;16;5;9
33;16;5;9
34;16;5;9
35;16;5;9
36;16;5;9
37;16;5;9
38;16;5;9
39;16;5;9
40;16;5;9
41;16;5;9
42;16;5;9
43;16;5;9
44;16;5;9
45;16;8261;9
46;16;2;9
47;16;22599;9
48;16;28743;9
49;16;2;9
50;16;10309;9
51;16;5;9
52;16;5;9
0;17;2;9
1;17;2;9
2;17;27717;9
3;17;11333;9
4;17;5189;9
5;17;5;9
6;17;5;9
7;17;5;9
8;17;5;9
9;17;5;9
10;17;5;9
11;17;14405;9
12;17;2;9
13;17;13381;9
14;17;14565;9
15;17;7;9
16;17;7;9
17;17;12359;9
18;17;2;9
19;17;2;9
20;17;2;9
21;17;10309;9
22;17;5;9
23;17;5;9
24;17;5;9
25;17;5;9
26;17;5;9
27;17;5;9
28;17;5;9
29;17;5;9
30;17;5;9
31;17;6213;9
32;17;11333;9
33;17;11333;9
34;17;5189;9
35;17;5;9
36;17;5;9
37;17;5;9
38;17;5;9
39;17;5;9
40;17;5;9
41;17;5;9
42;17;5;9
43;17;5;9
44;17;5;9
45;17;12357;9
46;17;2;9
47;17;2;9
48;17;2;9
49;17;2;9
50;17;10309;9
51;17;5;9
52;17;5;9
0;18;2;9
1;18;2;9
2;18;2;9
3;18;2;9
4;18;2;9
5;18;15429;9
6;18;5;9
7;18;5;9
8;18;5;9
9;18;5;9
10;18;5;9
11;18;5;9
12;18;5;9
13;18;5;9
14;18;5;9
15;18;2277;9
16;18;18661;9
17;18;7239;9
18;18;2;9
19;18;2;9
20;18;2;9
21;18;3141;9
22;18;5;9
23;18;5;9
24;18;5;9
25;18;5;9
26;18;5;9
27;18;5;9
28;18;5;9
29;18;5;9
30;18;16453;9
31;18;2;9
32;18;2;9
33;18;2;9
34;18;2;9
35;18;22597;9
36;18;11333;9
37;18;11333;9
38;18;5189;9
39;18;5;9
40;18;5;9
41;18;6373;9
42;18;11493;9
43;18;5349;9
44;18;6213;9
45;18;28741;9
46;18;2;9
47;18;2;9
48;18;2;9
49;18;2;9
50;18;10309;9
51;18;5;9
52;18;5;9
0;19;2;9
1;19;2;9
2;19;2;9
3;19;2;9
4;19;2;9
5;19;2;9
6;19;11493;9
7;19;5349;9
8;19;6213;9
9;19;5189;9
10;19;5;9
11;19;5;9
12;19;5;9
13;19;5;9
14;19;5;9
15;19;5;9
16;19;5;9
17;19;5;9
18;19;2117;9
19;19;9285;9
20;19;1093;9
21;19;5;9
22;19;5;9
23;19;5;9
24;19;5;9
25;19;5;9
26;19;5;9
27;19;5;9
28;19;5;9
29;19;16453;9
30;19;2;9
31;19;2;9
32;19;25671;9
33;19;18503;9
34;19;2;9
35;19;2;9
36;19;2;9
37;19;2;9
38;19;2;9
39;19;11493;9
40;19;21733;9
41;19;7;9
42;19;7;9
43;19;8263;9
44;19;2;9
45;19;2;9
46;19;2;9
47;19;2;9
48;19;2;9
49;19;2;9
50;19;10309;9
51;19;5;9
52;19;5;9
0;20;2;9
1;20;2;9
2;20;2;9
3;20;2;9
4;20;2;9
5;20;19527;9
6;20;7;9
7;20;8263;9
8;20;2;9
9;20;2;9
10;20;5;9
11;20;5;9
12;20;5;9
13;20;5;9
14;20;5;9
15;20;5;9
16;20;5;9
17;20;5;9
18;20;5;9
19;20;5;9
20;20;5;9
21;20;5;9
22;20;5;9
23;20;5;9
24;20;5;9
25;20;5;9
26;20;5;9
27;20;16421;9
28;20;8257;9
29;20;2;9
30;20;2;9
31;20;2;9
32;20;10311;9
33;20;7;9
34;20;2119;9
35;20;9287;9
36;20;9287;9
37;20;9287;9
38;20;1095;9
39;20;7;9
40;20;6215;9
41;20;11335;9
42;20;11335;9
43;20;28743;9
44;20;2;9
45;20;2;9
46;20;2;9
47;20;2;9
48;20;2;9
49;20;2;9
50;20;10309;9
51;20;5;9
52;20;5;9
0;21;2;9
1;21;2;9
2;21;2;9
3;21;2;9
4;21;2;9
5;21;27719;9
6;21;11335;9
7;21;28743;9
8;21;2;9
9;21;19521;9
10;21;15397;9
11;21;6213;9
12;21;5189;9
13;21;5;9
14;21;5;9
15;21;5;9
16;21;5;9
17;21;5;9
18;21;5;9
19;21;5;9
20;21;5;9
21;21;5;9
22;21;5;9
23;21;5;9
24;21;5;9
25;21;5;9
26;21;8229;9
27;21;1;9
28;21;7233;9
29;21;2;9
30;21;2;9
31;21;2;9
32;21;3137;9
33;21;15399;9
34;21;6215;9
35;21;11335;9
36;21;11335;9
37;21;11335;9
38;21;11335;9
39;21;21575;9
40;21;2;9
41;21;2;9
42;21;2;9
43;21;2;9
44;21;2;9
45;21;2;9
46;21;2;9
47;21;2;9
48;21;2;9
49;21;2;9
50;21;3141;9
51;21;5;9
52;21;5;9
0;22;2;9
1;22;2;9
2;22;2;9
3;22;2;9
4;22;2;9
5;22;2;9
6;22;2;9
7;22;2;9
8;22;2;9
9;22;3137;9
10;22;1;9
11;22;2;9
12;22;2;9
13;22;4165;9
14;22;5;9
15;22;5;9
16;22;5;9
17;22;5;9
18;22;5;9
19;22;5;9
20;22;5;9
21;22;5;9
22;22;5;9
23;22;5;9
24;22;5;9
25;22;5;9
26;22;12325;9
27;22;1;9
28;22;1;9
29;22;14401;9
30;22;2;9
31;22;13377;9
32;22;1;9
33;22;1;9
34;22;2;9
35;22;2;9
36;22;2;9
37;22;2;9
38;22;2;9
39;22;2;9
40;22;2;9
41;22;2;9
42;22;2;9
43;22;2;9
44;22;2;9
45;22;2;9
46;22;2;9
47;22;17473;9
48;22;9281;9
49;22;1093;9
50;22;5;9
51;22;5;9
52;22;5;9
0;23;2;9
1;23;2;9
2;23;2;9
3;23;2;9
4;23;2;9
5;23;25669;9
6;23;9285;9
7;23;9285;9
8;23;1089;9
9;23;1;9
10;23;1;9
11;23;14401;9
12;23;2;9
13;23;3141;9
14;23;5;9
15;23;5;9
16;23;5;9
17;23;5;9
18;23;5;9
19;23;5;9
20;23;5;9
21;23;5;9
22;23;5;9
23;23;5;9
24;23;5;9
25;23;5;9
26;23;12325;9
27;23;1;9
28;23;1;9
29;23;1;9
30;23;1;9
31;23;1;9
32;23;17445;9
33;23;1061;9
34;23;2117;9
35;23;9285;9
36;23;18501;9
37;23;2;9
38;23;2;9
39;23;2;9
40;23;2;9
41;23;2;9
42;23;17473;9
43;23;18497;9
44;23;2;9
45;23;2;9
46;23;13377;9
47;23;1;9
48;23;1;9
49;23;3109;9
50;23;5;9
51;23;5;9
52;23;5;9
0;24;2;9
1;24;2;9
2;24;2;9
3;24;2;9
4;24;2;9
5;24;3141;9
6;24;5;9
7;24;7205;9
8;24;1;9
9;24;1;9
10;24;1;9
11;24;1;9
12;24;1;9
13;24;5;9
14;24;5;9
15;24;5;9
16;24;5;9
17;24;5;9
18;24;5;9
19;24;5;9
20;24;5;9
21;24;5;9
22;24;5;9
23;24;5;9
24;24;5;9
25;24;5;9
26;24;12325;9
27;24;1;9
28;24;1;9
29;24;1;9
30;24;25637;9
31;24;1061;9
32;24;5;9
33;24;5;9
34;24;5;9
35;24;5;9
36;24;5;9
37;24;2117;9
38;24;18501;9
39;24;2;9
40;24;2;9
41;24;13377;9
42;24;1;9
43;24;1;9
44;24;2113;9
45;24;1089;9
46;24;1;9
47;24;1;9
48;24;13349;9
49;24;5;9
50;24;5;9
51;24;5;9
52;24;5;9
0;25;2;9
1;25;2;9
2;25;17477;9
3;25;9285;9
4;25;1093;9
5;25;5;9
6;25;5;9
7;25;5;9
8;25;23589;9
9;25;1;9
10;25;1;9
11;25;1;9
12;25;19493;9
13;25;5;9
14;25;5;9
15;25;5;9
16;25;5;9
17;25;5;9
18;25;5;9
19;25;5;9
20;25;5;9
21;25;5;9
22;25;5;9
23;25;5;9
24;25;5;9
25;25;5;9
26;25;12325;9
27;25;1;9
28;25;1;9
29;25;1;9
30;25;10277;9
31;25;5;9
32;25;5;9
33;25;5;9
34;25;5;9
35;25;5;9
36;25;5;9
37;25;5;9
38;25;5;9
39;25;2117;9
40;25;1093;9
41;25;2085;9
42;25;9253;9
43;25;9253;9
44;25;9253;9
45;25;18469;9
46;25;1;9
47;25;13349;9
48;25;5;9
49;25;5;9
50;25;5;9
51;25;5;9
52;25;5;9
0;26;0;9
1;26;1093;9
2;26;5;9
3;26;5;9
4;26;5;9
5;26;5;9
6;26;5;9
7;26;5;9
8;26;12325;9
9;26;1;9
10;26;1;9
11;26;1;9
12;26;10277;9
13;26;5;9
14;26;5;9
15;26;5;9
16;26;5;9
17;26;5;9
18;26;5;9
19;26;5;9
20;26;5;9
21;26;5;9
22;26;5;9
23;26;5;9
24;26;5;9
25;26;5;9
26;26;7205;9
27;26;1;9
28;26;1;9
29;26;1;9
30;26;3109;9
31;26;5;9
32;26;5;9
33;26;5;9
34;26;5;9
35;26;5;9
36;26;5;9
37;26;5;9
38;26;5;9
39;26;5;9
40;26;5;9
41;26;5;9
42;26;5;9
43;26;5;9
44;26;5;9
45;26;5;9
46;26;5;9
47;26;5;9
48;26;5;9
49;26;5;9
50;26;5;9
51;26;5;9
52;26;5;9
0;27;0;9
1;27;6181;9
2;27;11301;9
3;27;11301;9
4;27;11301;9
5;27;5157;9
6;27;5;9
7;27;5;9
8;27;12325;9
9;27;1;9
10;27;1;9
11;27;1;9
12;27;20517;9
13;27;5;9
14;27;5;9
15;27;5;9
16;27;5;9
17;27;5;9
18;27;5;9
19;27;5;9
20;27;5;9
21;27;5;9
22;27;5;9
23;27;5;9
24;27;5;9
25;27;5;9
26;27;5;9
27;27;2085;9
28;27;9253;9
29;27;1061;9
30;27;5;9
31;27;5;9
32;27;5;9
33;27;5;9
34;27;5;9
35;27;6213;9
36;27;11333;9
37;27;5189;9
38;27;5;9
39;27;5;9
40;27;6181;9
41;27;11301;9
42;27;11301;9
43;27;11301;9
44;27;5157;9
45;27;5;9
46;27;5;9
47;27;5;9
48;27;5;9
49;27;5;9
50;27;5;9
51;27;5;9
52;27;5;9
0;28;0;9
1;28;1;9
2;28;1;9
3;28;1;9
4;28;1;9
5;28;1;9
6;28;4133;9
7;28;5;9
8;28;24613;9
9;28;1;9
10;28;1;9
11;28;1;9
12;28;1;9
13;28;5;9
14;28;5;9
15;28;5;9
16;28;5;9
17;28;5;9
18;28;5;9
19;28;5;9
20;28;5;9
21;28;5;9
22;28;5;9
23;28;5;9
24;28;5;9
25;28;5;9
26;28;5;9
27;28;5;9
28;28;5;9
29;28;5;9
30;28;5;9
31;28;5;9
32;28;5;9
33;28;6213;9
34;28;21573;9
35;28;2;9
36;28;2;9
37;28;2;9
38;28;4165;9
39;28;21541;9
40;28;1;9
41;28;1;9
42;28;1;9
43;28;1;9
44;28;1;9
45;28;4133;9
46;28;5;9
47;28;5;9
48;28;5;9
49;28;5;9
50;28;5;9
51;28;5;9
52;28;5;9
0;29;0;9
1;29;1;9
2;29;1;9
3;29;1;9
4;29;1;9
5;29;1;9
6;29;20517;9
7;29;6213;9
8;29;11329;9
9;29;11329;9
10;29;11329;9
11;29;5185;9
12;29;5;9
13;29;5;9
14;29;5;9
15;29;5;9
16;29;5;9
17;29;5;9
18;29;5;9
19;29;5;9
20;29;5;9
21;29;5;9
22;29;5;9
23;29;5;9
24;29;5;9
25;29;5;9
26;29;5;9
27;29;6213;9
28;29;5189;9
29;29;5;9
30;29;5;9
31;29;5;9
32;29;6373;9
33;29;2;9
34;29;2;9
35;29;2;9
36;29;2;9
37;29;2;9
38;29;10305;9
39;29;1;9
40;29;1;9
41;29;1;9
42;29;1;9
43;29;1;9
44;29;1;9
45;29;10277;9
46;29;5;9
47;29;5;9
48;29;5;9
49;29;5;9
50;29;5;9
51;29;5;9
52;29;5;9
0;30;0;9
1;30;1;9
2;30;1;9
3;30;1;9
4;30;1;9
5;30;1;9
6;30;8257;9
7;30;2;9
8;30;2;9
9;30;2;9
10;30;2;9
11;30;2;9
12;30;4161;9
13;30;5;9
14;30;5;9
15;30;5;9
16;30;5;9
17;30;5;9
18;30;5;9
19;30;5;9
20;30;5;9
21;30;5;9
22;30;5;9
23;30;5;9
24;30;5;9
25;30;5;9
26;30;8261;9
27;30;2;9
28;30;2;9
29;30;4165;9
30;30;8261;9
31;30;2;9
32;30;7;9
33;30;23623;9
34;30;2;9
35;30;2;9
36;30;2;9
37;30;2;9
38;30;3137;9
39;30;1;9
40;30;1;9
41;30;1;9
42;30;1;9
43;30;1;9
44;30;16449;9
45;30;2;9
46;30;4165;9
47;30;5;9
48;30;5;9
49;30;5;9
50;30;5;9
51;30;5;9
52;30;5;9
0;31;0;9
1;31;1;9
2;31;1;9
3;31;1;9
4;31;1;9
5;31;1;9
6;31;12353;9
7;31;2;9
8;31;2;9
9;31;2;9
10;31;2;9
11;31;2;9
12;31;10309;9
13;31;5;9
14;31;5;9
15;31;5;9
16;31;5;9
17;31;5;9
18;31;5;9
19;31;5;9
20;31;5;9
21;31;5;9
22;31;5;9
23;31;5;9
24;31;5;9
25;31;5;9
26;31;12357;9
27;31;2;9
28;31;2;9
29;31;27717;9
30;31;28741;9
31;31;2;9
32;31;10311;9
33;31;12359;9
34;31;2;9
35;31;2;9
36;31;2;9
37;31;19521;9
38;31;1;9
39;31;1;9
40;31;1;9
41;31;6209;9
42;31;11329;9
43;31;21569;9
44;31;2;9
45;31;2;9
46;31;20549;9
47;31;5;9
48;31;5;9
49;31;5;9
50;31;5;9
51;31;5;9
52;31;5;9
0;32;0;9
1;32;1;9
2;32;1;9
3;32;1;9
4;32;1;9
5;32;1;9
6;32;24641;9
7;32;2;9
8;32;2;9
9;32;25671;9
10;32;26695;9
11;32;2;9
12;32;20549;9
13;32;5;9
14;32;5;9
15;32;5;9
16;32;5;9
17;32;5;9
18;32;6213;9
19;32;11333;9
20;32;11333;9
21;32;11333;9
22;32;11333;9
23;32;5189;9
24;32;5;9
25;32;5;9
26;32;12357;9
27;32;2;9
28;32;2;9
29;32;2;9
30;32;2;9
31;32;2;9
32;32;10311;9
33;32;12359;9
34;32;2;9
35;32;2;9
36;32;2;9
37;32;10305;9
38;32;1;9
39;32;1;9
40;32;16449;9
41;32;2;9
42;32;2;9
43;32;2;9
44;32;2;9
45;32;2;9
46;32;2;9
47;32;4165;9
48;32;5;9
49;32;5;9
50;32;5;9
51;32;5;9
52;32;5;9
0;33;0;9
1;33;1;9
2;33;1;9
3;33;1;9
4;33;1;9
5;33;8257;9
6;33;2;9
7;33;2;9
8;33;2;9
9;33;10311;9
10;33;12359;9
11;33;2;9
12;33;2;9
13;33;4165;9
14;33;5;9
15;33;5;9
16;33;5;9
17;33;8261;9
18;33;2;9
19;33;2;9
20;33;2;9
21;33;2;9
22;33;2;9
23;33;2;9
24;33;22597;9
25;33;11333;9
26;33;28741;9
27;33;2;9
28;33;2;9
29;33;2;9
30;33;2;9
31;33;2;9
32;33;27719;9
33;33;28743;9
34;33;2;9
35;33;2;9
36;33;2;9
37;33;27713;9
38;33;11329;9
39;33;21569;9
40;33;2;9
41;33;2;9
42;33;2;9
43;33;2;9
44;33;2;9
45;33;2;9
46;33;2;9
47;33;10309;9
48;33;5;9
49;33;5;9
50;33;5;9
51;33;5;9
52;33;5;9
0;34;0;9
1;34;1;9
2;34;6209;9
3;34;11329;9
4;34;11329;9
5;34;28737;9
6;34;2;9
7;34;2;9
8;34;2;9
9;34;20551;9
10;34;7;9
11;34;2;9
12;34;2;9
13;34;10309;9
14;34;5;9
15;34;5;9
16;34;5;9
17;34;12357;9
18;34;2;9
19;34;2;9
20;34;25671;9
21;34;7;9
22;34;7;9
23;34;2;9
24;34;2;9
25;34;2;9
26;34;2;9
27;34;2;9
28;34;2;9
29;34;2;9
30;34;2;9
31;34;2;9
32;34;2;9
33;34;2;9
34;34;2;9
35;34;2;9
36;34;2;9
37;34;2;9
38;34;2;9
39;34;2;9
40;34;2;9
41;34;2;9
42;34;2;9
43;34;2;9
44;34;2;9
45;34;2;9
46;34;2;9
47;34;3141;9
48;34;5;9
49;34;5;9
50;34;5;9
51;34;5;9
52;34;5;9
0;35;0;9
1;35;0;9
2;35;2;9
3;35;2;9
4;35;2;9
5;35;2;9
6;35;2;9
7;35;2;9
8;35;2;9
9;35;2;9
10;35;7;9
11;35;2;9
12;35;2;9
13;35;27717;9
14;35;5189;9
15;35;5;9
16;35;5;9
17;35;7237;9
18;35;2;9
19;35;2;9
20;35;10311;9
21;35;7;9
22;35;2;9
23;35;2;9
24;35;2;9
25;35;2;9
26;35;2;9
27;35;2;9
28;35;2;9
29;35;2;9
30;35;2;9
31;35;2;9
32;35;2;9
33;35;2;9
34;35;2;9
35;35;2;9
36;35;2;9
37;35;2;9
38;35;2;9
39;35;2;9
40;35;2;9
41;35;2;9
42;35;2;9
43;35;2;9
44;35;2;9
45;35;2;9
46;35;13381;9
47;35;5;9
48;35;5;9
49;35;5;9
50;35;5;9
51;35;5;9
52;35;5;9
0;36;0;9
1;36;0;9
2;36;2;9
3;36;2;9
4;36;2;9
5;36;2;9
6;36;2;9
7;36;2;9
8;36;2;9
9;36;2;9
10;36;7;9
11;36;2;9
12;36;2;9
13;36;2;9
14;36;2;9
15;36;4165;9
16;36;5;9
17;36;5;9
18;36;14405;9
19;36;2;9
20;36;3141;9
21;36;1253;9
22;36;2117;9
23;36;9285;9
24;36;9285;9
25;36;9285;9
26;36;18501;9
27;36;2;9
28;36;2;9
29;36;2;9
30;36;2;9
31;36;2;9
32;36;2;9
33;36;2;9
34;36;2;9
35;36;2;9
36;36;2;9
37;36;2;9
38;36;2;9
39;36;2;9
40;36;2;9
41;36;2;9
42;36;2;9
43;36;2;9
44;36;17477;9
45;36;1093;9
46;36;5;9
47;36;5;9
48;36;6213;9
49;36;11333;9
50;36;11333;9
51;36;11333;9
52;36;5189;9
0;37;0;9
1;37;0;9
2;37;2;9
3;37;2;9
4;37;2;9
5;37;2;9
6;37;2;9
7;37;2;9
8;37;2;9
9;37;2;9
10;37;7;9
11;37;2119;9
12;37;26695;9
13;37;2;9
14;37;2;9
15;37;10309;9
16;37;5;9
17;37;5;9
18;37;5;9
19;37;5;9
20;37;5;9
21;37;5;9
22;37;5;9
23;37;5;9
24;37;5;9
25;37;5;9
26;37;5;9
27;37;2117;9
28;37;18501;9
29;37;2;9
30;37;2;9
31;37;2;9
32;37;2;9
33;37;2;9
34;37;2;9
35;37;2;9
36;37;2;9
37;37;2;9
38;37;2;9
39;37;2;9
40;37;2;9
41;37;2;9
42;37;2;9
43;37;13381;9
44;37;5;9
45;37;5;9
46;37;6181;9
47;37;8261;9
48;37;2;9
49;37;2;9
50;37;2;9
51;37;2;9
52;37;2;9
0;38;0;9
1;38;0;9
2;38;0;9
3;38;2;9
4;38;2;9
5;38;2;9
6;38;2;9
7;38;2;9
8;38;2;9
9;38;2;9
10;38;10311;9
11;38;7;9
12;38;12359;9
13;38;2;9
14;38;2;9
15;38;10311;9
16;38;15589;9
17;38;5;9
18;38;5;9
19;38;5;9
20;38;16453;9
21;38;2;9
22;38;22597;9
23;38;5189;9
24;38;6181;9
25;38;11301;9
26;38;5157;9
27;38;5;9
28;38;5;9
29;38;2117;9
30;38;9285;9
31;38;9285;9
32;38;9285;9
33;38;18501;9
34;38;2;9
35;38;2;9
36;38;2;9
37;38;2;9
38;38;2;9
39;38;2;9
40;38;2;9
41;38;2;9
42;38;13381;9
43;38;5;9
44;38;5;9
45;38;16421;9
46;38;1;9
47;38;12353;9
48;38;2;9
49;38;2;9
50;38;2;9
51;38;2;9
52;38;2;9
0;39;0;9
1;39;0;9
2;39;0;9
3;39;2;9
4;39;2;9
5;39;2;9
6;39;2;9
7;39;2;9
8;39;2;9
9;39;2;9
10;39;10311;9
11;39;7;9
12;39;24647;9
13;39;2;9
14;39;2;9
15;39;10311;9
16;39;7;9
17;39;4325;9
18;39;5;9
19;39;8261;9
20;39;2;9
21;39;2;9
22;39;2;9
23;39;2;9
24;39;4161;9
25;39;1;9
26;39;1;9
27;39;22565;9
28;39;5157;9
29;39;5;9
30;39;5;9
31;39;5;9
32;39;5;9
33;39;5;9
34;39;2117;9
35;39;18501;9
36;39;2;9
37;39;2;9
38;39;2;9
39;39;2;9
40;39;17477;9
41;39;1093;9
42;39;5;9
43;39;5;9
44;39;16421;9
45;39;1;9
46;39;1;9
47;39;12353;9
48;39;2;9
49;39;2;9
50;39;2;9
51;39;2;9
52;39;2;9
0;40;0;9
1;40;0;9
2;40;0;9
3;40;2;9
4;40;2;9
5;40;2;9
6;40;2;9
7;40;2;9
8;40;2;9
9;40;2;9
10;40;10311;9
11;40;7;9
12;40;2;9
13;40;2;9
14;40;2;9
15;40;3143;9
16;40;8263;9
17;40;2;9
18;40;22597;9
19;40;28741;9
20;40;2;9
21;40;25671;9
22;40;26695;9
23;40;2;9
24;40;10305;9
25;40;1;9
26;40;1;9
27;40;1;9
28;40;1;9
29;40;22565;9
30;40;11301;9
31;40;11301;9
32;40;11301;9
33;40;5157;9
34;40;5;9
35;40;5;9
36;40;2117;9
37;40;9285;9
38;40;9285;9
39;40;1093;9
40;40;5;9
41;40;5;9
42;40;6181;9
43;40;21541;9
44;40;1;9
45;40;1;9
46;40;6209;9
47;40;28737;9
48;40;2;9
49;40;2;9
50;40;2;9
51;40;2;9
52;40;2;9
0;41;0;9
1;41;0;9
2;41;0;9
3;41;2;9
4;41;2;9
5;41;2;9
6;41;2;9
7;41;2;9
8;41;2;9
9;41;2;9
10;41;20551;9
11;41;7;9
12;41;2119;9
13;41;9287;9
14;41;1095;9
15;41;7;9
16;41;7239;9
17;41;2;9
18;41;2;9
19;41;2;9
20;41;2;9
21;41;3143;9
22;41;12359;9
23;41;2;9
24;41;27713;9
25;41;11329;9
26;41;5185;9
27;41;1;9
28;41;1;9
29;41;1;9
30;41;1;9
31;41;1;9
32;41;1;9
33;41;1;9
34;41;22565;9
35;41;5157;9
36;41;5;9
37;41;5;9
38;41;5;9
39;41;5;9
40;41;6181;9
41;41;21541;9
42;41;1;9
43;41;1;9
44;41;1;9
45;41;16449;9
46;41;2;9
47;41;2;9
48;41;2;9
49;41;2;9
50;41;2;9
51;41;2;9
52;41;2;9
0;42;0;9
1;42;0;9
2;42;0;9
3;42;2;9
4;42;2;9
5;42;2;9
6;42;2;9
7;42;2;9
8;42;2;9
9;42;2;9
10;42;2;9
11;42;22599;9
12;42;11335;9
13;42;11335;9
14;42;11335;9
15;42;5191;9
16;42;7;9
17;42;14407;9
18;42;2;9
19;42;2;9
20;42;13383;9
21;42;7;9
22;42;12359;9
23;42;2;9
24;42;2;9
25;42;2;9
26;42;2;9
27;42;22593;9
28;42;11329;9
29;42;5185;9
30;42;1;9
31;42;1;9
32;42;1;9
33;42;1;9
34;42;1;9
35;42;1;9
36;42;22565;9
37;42;11301;9
38;42;11301;9
39;42;21541;9
40;42;1;9
41;42;1;9
42;42;1;9
43;42;6209;9
44;42;21569;9
45;42;2;9
46;42;2;9
47;42;2;9
48;42;2;9
49;42;2;9
50;42;2;9
51;42;2;9
52;42;2;9
0;43;0;9
1;43;0;9
2;43;0;9
3;43;2;9
4;43;2;9
5;43;2;9
6;43;2;9
7;43;2;9
8;43;2;9
9;43;2;9
10;43;2;9
11;43;2;9
12;43;2;9
13;43;2;9
14;43;2;9
15;43;2;9
16;43;15431;9
17;43;7;9
18;43;2119;9
19;43;7;9
20;43;7;9
21;43;11335;9
22;43;28743;9
23;43;2;9
24;43;2;9
25;43;2;9
26;43;2;9
27;43;2;9
28;43;2;9
29;43;2;9
30;43;22593;9
31;43;11329;9
32;43;11329;9
33;43;5185;9
34;43;1;9
35;43;1;9
36;43;1;9
37;43;1;9
38;43;1;9
39;43;1;9
40;43;6209;9
41;43;11329;9
42;43;21569;9
43;43;2;9
44;43;2;9
45;43;2;9
46;43;2;9
47;43;2;9
48;43;2;9
49;43;2;9
50;43;2;9
51;43;2;9
52;43;2;9
0;44;0;9
1;44;0;9
2;44;0;9
3;44;2;9
4;44;2;9
5;44;2;9
6;44;2;9
7;44;2;9
8;44;2;9
9;44;2;9
10;44;2;9
11;44;2;9
12;44;2;9
13;44;2;9
14;44;2;9
15;44;2;9
16;44;2;9
17;44;4167;9
18;44;7;9
19;44;8263;9
20;44;2;9
21;44;2;9
22;44;2;9
23;44;2;9
24;44;2;9
25;44;2;9
26;44;2;9
27;44;2;9
28;44;2;9
29;44;2;9
30;44;2;9
31;44;2;9
32;44;2;9
33;44;2;9
34;44;22593;9
35;44;11329;9
36;44;11329;9
37;44;11329;9
38;44;11329;9
39;44;21569;9
40;44;2;9
41;44;2;9
42;44;2;9
43;44;2;9
44;44;2;9
45;44;2;9
46;44;2;9
47;44;2;9
48;44;2;9
49;44;2;9
50;44;2;9
51;44;2;9
52;44;0;9
0;45;0;9
1;45;0;9
2;45;0;9
3;45;0;9
4;45;0;9
5;45;0;9
6;45;0;9
7;45;0;9
8;45;0;9
9;45;0;9
10;45;9281;9
11;45;9281;9
12;45;9281;9
13;45;9281;9
14;45;9281;9
15;45;26689;9
16;45;2;9
17;45;27719;9
18;45;11335;9
19;45;28743;9
20;45;2;9
21;45;2;9
22;45;2;9
23;45;2;9
24;45;2;9
25;45;2;9
26;45;2;9
27;45;2;9
28;45;2;9
29;45;2;9
30;45;2;9
31;45;2;9
32;45;2;9
33;45;2;9
34;45;2;9
35;45;2;9
36;45;2;9
37;45;2;9
38;45;2;9
39;45;2;9
40;45;2;9
41;45;2;9
42;45;2;9
43;45;2;9
44;45;2;9
45;45;2;9
46;45;2;9
47;45;2;9
48;45;2;9
49;45;2;9
50;45;2;9
51;45;2;9
52;45;0;9
0;46;0;9
1;46;0;9
2;46;0;9
3;46;0;9
4;46;0;9
5;46;0;9
6;46;0;9
7;46;0;9
8;46;0;9
9;46;0;9
10;46;1;9
11;46;1;9
12;46;1;9
13;46;1;9
14;46;1;9
15;46;12353;9
16;46;2;9
17;46;2;9
18;46;2;9
19;46;2;9
20;46;2;9
21;46;2;9
22;46;2;9
23;46;2;9
24;46;2;9
25;46;2;9
26;46;2;9
27;46;2;9
28;46;2;9
29;46;2;9
30;46;2;9
31;46;2;9
32;46;2;9
33;46;2;9
34;46;2;9
35;46;2;9
36;46;2;9
37;46;2;9
38;46;2;9
39;46;2;9
40;46;2;9
41;46;2;9
42;46;2;9
43;46;2;9
44;46;2;9
45;46;2;9
46;46;2;9
47;46;2;9
48;46;2;9
49;46;2;9
50;46;2;9
51;46;0;9
52;46;0;9
0;47;0;9
1;47;0;9
2;47;0;9
3;47;0;9
4;47;0;9
5;47;0;9
6;47;0;9
7;47;0;9
8;47;0;9
9;47;0;9
10;47;1;9
11;47;1;9
12;47;1;9
13;47;1;9
14;47;1;9
15;47;12353;9
16;47;2;9
17;47;2;9
18;47;2;9
19;47;2;9
20;47;2;9
21;47;2;9
22;47;2;9
23;47;2;9
24;47;2;9
25;47;2;9
26;47;2;9
27;47;2;9
28;47;2;9
29;47;2;9
30;47;2;9
31;47;2;9
32;47;2;9
33;47;2;9
34;47;2;9
35;47;2;9
36;47;2;9
37;47;2;9
38;47;2;9
39;47;2;9
40;47;2;9
41;47;2;9
42;47;2;9
43;47;2;9
44;47;2;9
45;47;2;9
46;47;2;9
47;47;2;9
48;47;2;9
49;47;2;9
50;47;0;9
51;47;0;9
52;47;0;9
0;48;0;9
1;48;0;9
2;48;0;9
3;48;0;9
4;48;0;9
5;48;0;9
6;48;0;9
7;48;0;9
8;48;0;9
9;48;0;9
10;48;1;9
11;48;1;9
12;48;1;9
13;48;1;9
14;48;1;9
15;48;12353;9
16;48;2;9
17;48;2;9
18;48;2;9
19;48;2;9
20;48;2;9
21;48;2;9
22;48;2;9
23;48;2;9
24;48;2;9
25;48;2;9
26;48;2;9
27;48;2;9
28;48;2;9
29;48;2;9
30;48;2;9
31;48;2;9
32;48;2;9
33;48;2;9
34;48;2;9
35;48;2;9
36;48;2;9
37;48;2;9
38;48;2;9
39;48;2;9
40;48;2;9
41;48;2;9
42;48;2;9
43;48;2;9
44;48;2;9
45;48;2;9
46;48;2;9
47;48;2;9
48;48;2;9
49;48;0;9
50;48;0;9
51;48;0;9
52;48;0;9
0;49;0;9
1;49;0;9
2;49;0;9
3;49;0;9
4;49;0;9
5;49;0;9
6;49;0;9
7;49;0;9
8;49;0;9
9;49;0;9
10;49;1;9
11;49;1;9
12;49;1;9
13;49;1;9
14;49;1;9
15;49;7233;9
16;49;2;9
17;49;2;9
18;49;2;9
19;49;2;9
20;49;2;9
21;49;2;9
22;49;2;9
23;49;2;9
24;49;2;9
25;49;2;9
26;49;2;9
27;49;2;9
28;49;2;9
29;49;2;9
30;49;2;9
31;49;2;9
32;49;2;9
33;49;2;9
34;49;2;9
35;49;2;9
36;49;2;9
37;49;2;9
38;49;2;9
39;49;2;9
40;49;2;9
41;49;2;9
42;49;2;9
43;49;2;9
44;49;2;9
45;49;2;9
46;49;2;9
47;49;2;9
48;49;0;9
49;49;0;9
50;49;0;9
51;49;0;9
52;49;0;9
