# Illarion Server
# 
# This program is free software: you can redistribute it and/or modify it under
# the terms of the GNU Affero General Public License as published by the Free
# Software Foundation, either version 3 of the License, or (at your option) any
# later version.
# 
# This program is distributed in the hope that it will be useful, but WITHOUT
# ANY WARRANTY; without even the implied warranty of MERCHANTABILITY or FITNESS
# FOR A PARTICULAR PURPOSE.  See the GNU Affero General Public License for more
# details.
# 
# You should have received a copy of the GNU Affero General Public License along
# with this program.  If not, see <http://www.gnu.org/licenses/>.
V: 2
L: -6
X: 180
Y: 772
W: 80
H: 80
0;0;0;9
1;0;0;9
2;0;0;9
3;0;0;9
4;0;0;9
5;0;0;9
6;0;0;9
7;0;0;9
8;0;0;9
9;0;0;9
10;0;0;9
11;0;0;9
12;0;0;9
13;0;0;9
14;0;0;9
15;0;0;9
16;0;0;9
17;0;0;9
18;0;0;9
19;0;0;9
20;0;0;9
21;0;0;9
22;0;0;9
23;0;0;9
24;0;0;9
25;0;0;9
26;0;0;9
27;0;0;9
28;0;0;9
29;0;0;9
30;0;0;9
31;0;0;9
32;0;0;9
33;0;0;9
34;0;0;9
35;0;0;9
36;0;0;9
37;0;0;9
38;0;0;9
39;0;0;9
40;0;0;9
41;0;0;9
42;0;0;9
43;0;0;9
44;0;0;9
45;0;0;9
46;0;0;9
47;0;0;9
48;0;0;9
49;0;0;9
50;0;0;9
51;0;0;9
52;0;0;9
53;0;0;9
54;0;0;9
55;0;0;9
56;0;0;9
57;0;0;9
58;0;0;9
59;0;0;9
60;0;0;9
61;0;0;9
62;0;0;9
63;0;0;9
64;0;0;9
65;0;0;9
66;0;0;9
67;0;0;9
68;0;0;9
69;0;0;9
70;0;0;9
71;0;0;9
72;0;0;9
73;0;0;9
74;0;0;9
75;0;0;9
76;0;0;9
77;0;0;9
78;0;0;9
79;0;0;9
0;1;0;9
1;1;0;9
2;1;0;9
3;1;0;9
4;1;0;9
5;1;0;9
6;1;0;9
7;1;0;9
8;1;0;9
9;1;0;9
10;1;0;9
11;1;0;9
12;1;0;9
13;1;0;9
14;1;0;9
15;1;0;9
16;1;0;9
17;1;0;9
18;1;0;9
19;1;0;9
20;1;0;9
21;1;0;9
22;1;0;9
23;1;0;9
24;1;0;9
25;1;0;9
26;1;0;9
27;1;0;9
28;1;0;9
29;1;0;9
30;1;0;9
31;1;0;9
32;1;0;9
33;1;0;9
34;1;0;9
35;1;0;9
36;1;0;9
37;1;0;9
38;1;0;9
39;1;0;9
40;1;0;9
41;1;0;9
42;1;0;9
43;1;0;9
44;1;0;9
45;1;0;9
46;1;0;9
47;1;0;9
48;1;0;9
49;1;0;9
50;1;0;9
51;1;0;9
52;1;0;9
53;1;0;9
54;1;0;9
55;1;0;9
56;1;0;9
57;1;0;9
58;1;0;9
59;1;0;9
60;1;0;9
61;1;0;9
62;1;0;9
63;1;0;9
64;1;0;9
65;1;0;9
66;1;0;9
67;1;0;9
68;1;0;9
69;1;0;9
70;1;0;9
71;1;0;9
72;1;0;9
73;1;0;9
74;1;0;9
75;1;0;9
76;1;0;9
77;1;0;9
78;1;0;9
79;1;0;9
0;2;0;9
1;2;0;9
2;2;0;9
3;2;0;9
4;2;0;9
5;2;0;9
6;2;0;9
7;2;0;9
8;2;0;9
9;2;0;9
10;2;0;9
11;2;0;9
12;2;0;9
13;2;0;9
14;2;0;9
15;2;0;9
16;2;0;9
17;2;0;9
18;2;0;9
19;2;0;9
20;2;0;9
21;2;0;9
22;2;0;9
23;2;0;9
24;2;0;9
25;2;0;9
26;2;0;9
27;2;0;9
28;2;0;9
29;2;0;9
30;2;0;9
31;2;0;9
32;2;0;9
33;2;0;9
34;2;0;9
35;2;0;9
36;2;0;9
37;2;0;9
38;2;0;9
39;2;0;9
40;2;0;9
41;2;0;9
42;2;42;9
43;2;42;9
44;2;0;9
45;2;0;9
46;2;0;9
47;2;0;9
48;2;0;9
49;2;0;9
50;2;0;9
51;2;0;9
52;2;0;9
53;2;0;9
54;2;0;9
55;2;0;9
56;2;0;9
57;2;0;9
58;2;0;9
59;2;0;9
60;2;0;9
61;2;0;9
62;2;0;9
63;2;0;9
64;2;0;9
65;2;0;9
66;2;0;9
67;2;0;9
68;2;0;9
69;2;0;9
70;2;0;9
71;2;0;9
72;2;0;9
73;2;0;9
74;2;0;9
75;2;0;9
76;2;0;9
77;2;0;9
78;2;0;9
79;2;0;9
0;3;0;9
1;3;0;9
2;3;0;9
3;3;0;9
4;3;0;9
5;3;0;9
6;3;0;9
7;3;0;9
8;3;0;9
9;3;0;9
10;3;0;9
11;3;0;9
12;3;0;9
13;3;0;9
14;3;0;9
15;3;0;9
16;3;0;9
17;3;0;9
18;3;0;9
19;3;0;9
20;3;0;9
21;3;0;9
22;3;0;9
23;3;0;9
24;3;0;9
25;3;0;9
26;3;0;9
27;3;0;9
28;3;0;9
29;3;0;9
30;3;0;9
31;3;0;9
32;3;0;9
33;3;0;9
34;3;0;9
35;3;0;9
36;3;0;9
37;3;0;9
38;3;0;9
39;3;0;9
40;3;0;9
41;3;0;9
42;3;42;9
43;3;15;9
44;3;15;9
45;3;15;9
46;3;15;9
47;3;15;9
48;3;15;9
49;3;0;9
50;3;0;9
51;3;0;9
52;3;0;9
53;3;0;9
54;3;0;9
55;3;0;9
56;3;0;9
57;3;0;9
58;3;0;9
59;3;0;9
60;3;0;9
61;3;0;9
62;3;0;9
63;3;0;9
64;3;0;9
65;3;0;9
66;3;0;9
67;3;0;9
68;3;0;9
69;3;0;9
70;3;0;9
71;3;0;9
72;3;0;9
73;3;0;9
74;3;0;9
75;3;0;9
76;3;0;9
77;3;0;9
78;3;0;9
79;3;0;9
0;4;0;9
1;4;0;9
2;4;0;9
3;4;0;9
4;4;0;9
5;4;0;9
6;4;0;9
7;4;0;9
8;4;0;9
9;4;0;9
10;4;0;9
11;4;0;9
12;4;0;9
13;4;0;9
14;4;0;9
15;4;0;9
16;4;0;9
17;4;0;9
18;4;0;9
19;4;0;9
20;4;0;9
21;4;0;9
22;4;0;9
23;4;0;9
24;4;0;9
25;4;0;9
26;4;0;9
27;4;0;9
28;4;0;9
29;4;0;9
30;4;0;9
31;4;0;9
32;4;0;9
33;4;0;9
34;4;0;9
35;4;0;9
36;4;0;9
37;4;0;9
38;4;0;9
39;4;0;9
40;4;15;9
41;4;15;9
42;4;15;9
43;4;15;9
44;4;15;9
45;4;15;9
46;4;15;9
47;4;15;9
48;4;15;9
49;4;42;9
50;4;15;9
51;4;15;9
52;4;15;9
53;4;15;9
54;4;15;9
55;4;15;9
56;4;42;9
57;4;42;9
58;4;0;9
59;4;0;9
60;4;0;9
61;4;0;9
62;4;0;9
63;4;0;9
64;4;0;9
65;4;0;9
66;4;0;9
67;4;0;9
68;4;0;9
69;4;0;9
70;4;0;9
71;4;0;9
72;4;0;9
73;4;0;9
74;4;0;9
75;4;0;9
76;4;0;9
77;4;0;9
78;4;0;9
79;4;0;9
0;5;0;9
1;5;0;9
2;5;0;9
3;5;0;9
4;5;0;9
5;5;0;9
6;5;0;9
7;5;0;9
8;5;0;9
9;5;0;9
10;5;0;9
11;5;0;9
12;5;0;9
13;5;0;9
14;5;0;9
15;5;0;9
16;5;0;9
17;5;0;9
18;5;0;9
19;5;0;9
20;5;0;9
21;5;0;9
22;5;0;9
23;5;0;9
24;5;0;9
25;5;0;9
26;5;0;9
27;5;0;9
28;5;0;9
29;5;0;9
30;5;0;9
31;5;0;9
32;5;0;9
33;5;0;9
34;5;0;9
35;5;0;9
36;5;0;9
37;5;0;9
38;5;0;9
39;5;0;9
40;5;15;9
41;5;15;9
42;5;15;9
43;5;15;9
44;5;15;9
45;5;15;9
46;5;15;9
47;5;15;9
48;5;15;9
49;5;42;9
50;5;15;9
51;5;15;9
52;5;15;9
53;5;15;9
54;5;15;9
55;5;15;9
56;5;15;9
57;5;15;9
58;5;15;9
59;5;15;9
60;5;42;9
61;5;42;9
62;5;42;9
63;5;42;9
64;5;42;9
65;5;42;9
66;5;42;9
67;5;42;9
68;5;42;9
69;5;15;9
70;5;15;9
71;5;15;9
72;5;0;9
73;5;0;9
74;5;0;9
75;5;0;9
76;5;0;9
77;5;0;9
78;5;0;9
79;5;0;9
0;6;0;9
1;6;0;9
2;6;0;9
3;6;0;9
4;6;0;9
5;6;0;9
6;6;0;9
7;6;0;9
8;6;0;9
9;6;0;9
10;6;0;9
11;6;0;9
12;6;0;9
13;6;0;9
14;6;0;9
15;6;0;9
16;6;0;9
17;6;0;9
18;6;0;9
19;6;0;9
20;6;0;9
21;6;0;9
22;6;0;9
23;6;0;9
24;6;0;9
25;6;0;9
26;6;0;9
27;6;0;9
28;6;0;9
29;6;0;9
30;6;0;9
31;6;0;9
32;6;0;9
33;6;0;9
34;6;0;9
35;6;0;9
36;6;0;9
37;6;0;9
38;6;0;9
39;6;0;9
40;6;15;9
41;6;15;9
42;6;15;9
43;6;15;9
44;6;15;9
45;6;15;9
46;6;15;9
47;6;15;9
48;6;15;9
49;6;1;9
50;6;2529;9
51;6;9697;9
52;6;27105;9
53;6;15;9
54;6;15;9
55;6;15;9
56;6;15;9
57;6;15;9
58;6;15;9
59;6;15;9
60;6;15;9
61;6;15;9
62;6;15;9
63;6;15;9
64;6;15;9
65;6;4577;9
66;6;1;9
67;6;1;9
68;6;12769;9
69;6;15;9
70;6;15;9
71;6;15;9
72;6;0;9
73;6;0;9
74;6;0;9
75;6;0;9
76;6;0;9
77;6;0;9
78;6;0;9
79;6;0;9
0;7;0;9
1;7;0;9
2;7;0;9
3;7;0;9
4;7;0;9
5;7;0;9
6;7;0;9
7;7;0;9
8;7;0;9
9;7;0;9
10;7;0;9
11;7;0;9
12;7;0;9
13;7;0;9
14;7;0;9
15;7;0;9
16;7;0;9
17;7;0;9
18;7;0;9
19;7;0;9
20;7;0;9
21;7;0;9
22;7;0;9
23;7;0;9
24;7;0;9
25;7;0;9
26;7;0;9
27;7;0;9
28;7;0;9
29;7;0;9
30;7;0;9
31;7;0;9
32;7;0;9
33;7;0;9
34;7;0;9
35;7;0;9
36;7;0;9
37;7;0;9
38;7;0;9
39;7;0;9
40;7;15;9
41;7;15;9
42;7;15;9
43;7;15;9
44;7;15;9
45;7;15;9
46;7;15;9
47;7;17889;9
48;7;1505;9
49;7;1;9
50;7;1;9
51;7;1;9
52;7;7649;9
53;7;15;9
54;7;15;9
55;7;15;9
56;7;15;9
57;7;15;9
58;7;15;9
59;7;15;9
60;7;15;9
61;7;15;9
62;7;15;9
63;7;15;9
64;7;15;9
65;7;10721;9
66;7;1;9
67;7;1;9
68;7;12769;9
69;7;15;9
70;7;15;9
71;7;15;9
72;7;0;9
73;7;0;9
74;7;0;9
75;7;0;9
76;7;0;9
77;7;0;9
78;7;0;9
79;7;0;9
0;8;0;9
1;8;0;9
2;8;0;9
3;8;0;9
4;8;0;9
5;8;0;9
6;8;0;9
7;8;0;9
8;8;0;9
9;8;0;9
10;8;0;9
11;8;0;9
12;8;0;9
13;8;0;9
14;8;0;9
15;8;0;9
16;8;0;9
17;8;0;9
18;8;0;9
19;8;0;9
20;8;0;9
21;8;0;9
22;8;0;9
23;8;0;9
24;8;0;9
25;8;0;9
26;8;0;9
27;8;0;9
28;8;0;9
29;8;0;9
30;8;0;9
31;8;0;9
32;8;0;9
33;8;0;9
34;8;0;9
35;8;0;9
36;8;0;9
37;8;0;9
38;8;0;9
39;8;0;9
40;8;15;9
41;8;15;9
42;8;15;9
43;8;15;9
44;8;15;9
45;8;15;9
46;8;19937;9
47;8;1;9
48;8;1;9
49;8;1;9
50;8;1;9
51;8;1;9
52;8;1;9
53;8;24033;9
54;8;15;9
55;8;15;9
56;8;26082;9
57;8;9698;9
58;8;9698;9
59;8;9698;9
60;8;27106;9
61;8;15;9
62;8;15;9
63;8;15;9
64;8;15;9
65;8;10721;9
66;8;1;9
67;8;1;9
68;8;12769;9
69;8;15;9
70;8;15;9
71;8;15;9
72;8;0;9
73;8;0;9
74;8;0;9
75;8;0;9
76;8;0;9
77;8;0;9
78;8;0;9
79;8;0;9
0;9;0;9
1;9;0;9
2;9;0;9
3;9;0;9
4;9;0;9
5;9;0;9
6;9;0;9
7;9;0;9
8;9;0;9
9;9;0;9
10;9;0;9
11;9;0;9
12;9;0;9
13;9;0;9
14;9;0;9
15;9;0;9
16;9;0;9
17;9;0;9
18;9;0;9
19;9;0;9
20;9;0;9
21;9;0;9
22;9;0;9
23;9;0;9
24;9;0;9
25;9;0;9
26;9;0;9
27;9;0;9
28;9;0;9
29;9;0;9
30;9;0;9
31;9;0;9
32;9;0;9
33;9;0;9
34;9;0;9
35;9;0;9
36;9;0;9
37;9;0;9
38;9;0;9
39;9;0;9
40;9;15;9
41;9;15;9
42;9;15;9
43;9;15;9
44;9;15;9
45;9;15;9
46;9;3553;9
47;9;1;9
48;9;1;9
49;9;1;9
50;9;1;9
51;9;1;9
52;9;6625;9
53;9;29153;9
54;9;15;9
55;9;15;9
56;9;10722;9
57;9;2;9
58;9;2;9
59;9;2;9
60;9;12770;9
61;9;15;9
62;9;15;9
63;9;15;9
64;9;15;9
65;9;10721;9
66;9;1;9
67;9;1;9
68;9;7649;9
69;9;15;9
70;9;15;9
71;9;15;9
72;9;0;9
73;9;0;9
74;9;0;9
75;9;0;9
76;9;0;9
77;9;0;9
78;9;0;9
79;9;0;9
0;10;0;9
1;10;0;9
2;10;0;9
3;10;0;9
4;10;0;9
5;10;0;9
6;10;0;9
7;10;0;9
8;10;0;9
9;10;0;9
10;10;0;9
11;10;0;9
12;10;0;9
13;10;0;9
14;10;0;9
15;10;0;9
16;10;0;9
17;10;0;9
18;10;0;9
19;10;0;9
20;10;0;9
21;10;0;9
22;10;0;9
23;10;0;9
24;10;0;9
25;10;0;9
26;10;0;9
27;10;0;9
28;10;0;9
29;10;0;9
30;10;0;9
31;10;0;9
32;10;0;9
33;10;0;9
34;10;0;9
35;10;0;9
36;10;0;9
37;10;0;9
38;10;0;9
39;10;0;9
40;10;15;9
41;10;15;9
42;10;15;9
43;10;15;9
44;10;15;9
45;10;19937;9
46;10;1;9
47;10;1;9
48;10;1;9
49;10;6625;9
50;10;11745;9
51;10;21985;9
52;10;15;9
53;10;15;9
54;10;15;9
55;10;15;9
56;10;10722;9
57;10;2;9
58;10;2;9
59;10;2;9
60;10;25058;9
61;10;15;9
62;10;15;9
63;10;15;9
64;10;15;9
65;10;3553;9
66;10;1;9
67;10;1;9
68;10;1;9
69;10;2529;9
70;10;9697;9
71;10;1505;9
72;10;0;9
73;10;0;9
74;10;0;9
75;10;0;9
76;10;0;9
77;10;0;9
78;10;0;9
79;10;0;9
0;11;0;9
1;11;0;9
2;11;0;9
3;11;0;9
4;11;0;9
5;11;0;9
6;11;0;9
7;11;0;9
8;11;0;9
9;11;0;9
10;11;0;9
11;11;0;9
12;11;0;9
13;11;0;9
14;11;0;9
15;11;0;9
16;11;0;9
17;11;0;9
18;11;0;9
19;11;0;9
20;11;0;9
21;11;0;9
22;11;0;9
23;11;0;9
24;11;0;9
25;11;0;9
26;11;0;9
27;11;0;9
28;11;0;9
29;11;0;9
30;11;0;9
31;11;0;9
32;11;0;9
33;11;0;9
34;11;0;9
35;11;0;9
36;11;0;9
37;11;0;9
38;11;0;9
39;11;0;9
40;11;15;9
41;11;15;9
42;11;15;9
43;11;15;9
44;11;15;9
45;11;10721;9
46;11;1;9
47;11;1;9
48;11;16865;9
49;11;15;9
50;11;15;9
51;11;15;9
52;11;15;9
53;11;15;9
54;11;15;9
55;11;15;9
56;11;28130;9
57;11;11746;9
58;11;11746;9
59;11;21986;9
60;11;15;9
61;11;15;9
62;11;15;9
63;11;26087;9
64;11;1511;9
65;11;23591;9
66;11;1;9
67;11;1;9
68;11;1;9
69;11;1;9
70;11;1;9
71;11;1;9
72;11;0;9
73;11;0;9
74;11;0;9
75;11;0;9
76;11;0;9
77;11;0;9
78;11;0;9
79;11;0;9
0;12;0;9
1;12;0;9
2;12;0;9
3;12;0;9
4;12;0;9
5;12;0;9
6;12;0;9
7;12;0;9
8;12;0;9
9;12;0;9
10;12;0;9
11;12;0;9
12;12;0;9
13;12;0;9
14;12;0;9
15;12;0;9
16;12;0;9
17;12;0;9
18;12;0;9
19;12;0;9
20;12;0;9
21;12;0;9
22;12;0;9
23;12;0;9
24;12;0;9
25;12;0;9
26;12;0;9
27;12;0;9
28;12;0;9
29;12;0;9
30;12;0;9
31;12;0;9
32;12;0;9
33;12;0;9
34;12;0;9
35;12;0;9
36;12;0;9
37;12;0;9
38;12;0;9
39;12;0;9
40;12;15;9
41;12;15;9
42;12;15;9
43;12;15;9
44;12;15;9
45;12;28129;9
46;12;11745;9
47;12;21985;9
48;12;15;9
49;12;15;9
50;12;15;9
51;12;15;9
52;12;15;9
53;12;15;9
54;12;15;9
55;12;15;9
56;12;15;9
57;12;15;9
58;12;15;9
59;12;15;9
60;12;15;9
61;12;15;9
62;12;15;9
63;12;3559;9
64;12;7;9
65;12;6631;9
66;12;5601;9
67;12;1;9
68;12;1;9
69;12;1;9
70;12;1;9
71;12;1;9
72;12;0;9
73;12;0;9
74;12;0;9
75;12;0;9
76;12;0;9
77;12;0;9
78;12;0;9
79;12;0;9
0;13;0;9
1;13;0;9
2;13;0;9
3;13;0;9
4;13;0;9
5;13;0;9
6;13;0;9
7;13;0;9
8;13;0;9
9;13;0;9
10;13;0;9
11;13;0;9
12;13;0;9
13;13;0;9
14;13;0;9
15;13;0;9
16;13;0;9
17;13;0;9
18;13;0;9
19;13;0;9
20;13;0;9
21;13;0;9
22;13;0;9
23;13;42;9
24;13;42;9
25;13;42;9
26;13;42;9
27;13;42;9
28;13;42;9
29;13;42;9
30;13;42;9
31;13;0;9
32;13;0;9
33;13;0;9
34;13;0;9
35;13;0;9
36;13;0;9
37;13;0;9
38;13;42;9
39;13;42;9
40;13;15;9
41;13;15;9
42;13;15;9
43;13;15;9
44;13;15;9
45;13;15;9
46;13;15;9
47;13;15;9
48;13;15;9
49;13;15;9
50;13;15;9
51;13;15;9
52;13;15;9
53;13;15;9
54;13;15;9
55;13;15;9
56;13;15;9
57;13;15;9
58;13;26087;9
59;13;9703;9
60;13;9703;9
61;13;9703;9
62;13;1511;9
63;13;7;9
64;13;8679;9
65;13;15;9
66;13;15;9
67;13;4577;9
68;13;1;9
69;13;1;9
70;13;1;9
71;13;1;9
72;13;0;9
73;13;0;9
74;13;0;9
75;13;0;9
76;13;0;9
77;13;0;9
78;13;0;9
79;13;0;9
0;14;0;9
1;14;0;9
2;14;0;9
3;14;0;9
4;14;0;9
5;14;0;9
6;14;0;9
7;14;0;9
8;14;0;9
9;14;0;9
10;14;0;9
11;14;0;9
12;14;0;9
13;14;0;9
14;14;0;9
15;14;0;9
16;14;0;9
17;14;0;9
18;14;0;9
19;14;0;9
20;14;0;9
21;14;0;9
22;14;42;9
23;14;42;9
24;14;42;9
25;14;42;9
26;14;42;9
27;14;42;9
28;14;42;9
29;14;42;9
30;14;42;9
31;14;42;9
32;14;42;9
33;14;0;9
34;14;0;9
35;14;0;9
36;14;0;9
37;14;0;9
38;14;42;9
39;14;42;9
40;14;15;9
41;14;15;9
42;14;15;9
43;14;15;9
44;14;15;9
45;14;15;9
46;14;15;9
47;14;15;9
48;14;15;9
49;14;15;9
50;14;15;9
51;14;15;9
52;14;15;9
53;14;15;9
54;14;15;9
55;14;15;9
56;14;15;9
57;14;15;9
58;14;10727;9
59;14;7;9
60;14;6631;9
61;14;11751;9
62;14;11751;9
63;14;11751;9
64;14;29159;9
65;14;15;9
66;14;15;9
67;14;10721;9
68;14;1;9
69;14;1;9
70;14;1;9
71;14;1;9
72;14;0;9
73;14;0;9
74;14;0;9
75;14;0;9
76;14;0;9
77;14;0;9
78;14;0;9
79;14;0;9
0;15;0;9
1;15;0;9
2;15;0;9
3;15;0;9
4;15;0;9
5;15;0;9
6;15;0;9
7;15;0;9
8;15;0;9
9;15;0;9
10;15;0;9
11;15;0;9
12;15;0;9
13;15;0;9
14;15;0;9
15;15;0;9
16;15;0;9
17;15;15;9
18;15;15;9
19;15;15;9
20;15;15;9
21;15;15;9
22;15;15;9
23;15;15;9
24;15;42;9
25;15;42;9
26;15;42;9
27;15;42;9
28;15;42;9
29;15;42;9
30;15;42;9
31;15;42;9
32;15;15;9
33;15;15;9
34;15;15;9
35;15;15;9
36;15;15;9
37;15;15;9
38;15;15;9
39;15;15;9
40;15;15;9
41;15;15;9
42;15;15;9
43;15;26082;9
44;15;9698;9
45;15;9698;9
46;15;27106;9
47;15;15;9
48;15;15;9
49;15;15;9
50;15;17895;9
51;15;27111;9
52;15;15;9
53;15;15;9
54;15;15;9
55;15;15;9
56;15;15;9
57;15;15;9
58;15;10727;9
59;15;8679;9
60;15;15;9
61;15;15;9
62;15;15;9
63;15;15;9
64;15;15;9
65;15;15;9
66;15;15;9
67;15;10721;9
68;15;1;9
69;15;1;9
70;15;1;9
71;15;1;9
72;15;0;9
73;15;0;9
74;15;0;9
75;15;0;9
76;15;0;9
77;15;0;9
78;15;0;9
79;15;0;9
0;16;0;9
1;16;0;9
2;16;0;9
3;16;0;9
4;16;0;9
5;16;0;9
6;16;0;9
7;16;0;9
8;16;0;9
9;16;0;9
10;16;0;9
11;16;0;9
12;16;0;9
13;16;0;9
14;16;0;9
15;16;0;9
16;16;0;9
17;16;15;9
18;16;15;9
19;16;15;9
20;16;15;9
21;16;15;9
22;16;15;9
23;16;15;9
24;16;42;9
25;16;42;9
26;16;42;9
27;16;42;9
28;16;42;9
29;16;42;9
30;16;42;9
31;16;42;9
32;16;15;9
33;16;15;9
34;16;15;9
35;16;15;9
36;16;15;9
37;16;15;9
38;16;15;9
39;16;15;9
40;16;15;9
41;16;15;9
42;16;15;9
43;16;3554;9
44;16;2;9
45;16;2;9
46;16;12770;9
47;16;15;9
48;16;15;9
49;16;19943;9
50;16;7;9
51;16;12775;9
52;16;15;9
53;16;15;9
54;16;15;9
55;16;15;9
56;16;15;9
57;16;15;9
58;16;10727;9
59;16;12775;9
60;16;15;9
61;16;15;9
62;16;15;9
63;16;15;9
64;16;15;9
65;16;15;9
66;16;15;9
67;16;20961;9
68;16;1;9
69;16;6625;9
70;16;11745;9
71;16;5601;9
72;16;0;9
73;16;0;9
74;16;0;9
75;16;0;9
76;16;0;9
77;16;0;9
78;16;0;9
79;16;0;9
0;17;0;9
1;17;0;9
2;17;0;9
3;17;0;9
4;17;0;9
5;17;0;9
6;17;0;9
7;17;0;9
8;17;0;9
9;17;0;9
10;17;0;9
11;17;0;9
12;17;0;9
13;17;0;9
14;17;0;9
15;17;0;9
16;17;0;9
17;17;15;9
18;17;15;9
19;17;15;9
20;17;15;9
21;17;15;9
22;17;15;9
23;17;15;9
24;17;3554;9
25;17;2;9
26;17;2;9
27;17;2;9
28;17;2;9
29;17;2;9
30;17;2;9
31;17;12770;9
32;17;15;9
33;17;15;9
34;17;15;9
35;17;15;9
36;17;15;9
37;17;15;9
38;17;15;9
39;17;15;9
40;17;15;9
41;17;15;9
42;17;19938;9
43;17;2;9
44;17;2;9
45;17;2;9
46;17;7650;9
47;17;15;9
48;17;15;9
49;17;3559;9
50;17;7;9
51;17;12775;9
52;17;15;9
53;17;15;9
54;17;15;9
55;17;15;9
56;17;15;9
57;17;15;9
58;17;10727;9
59;17;12775;9
60;17;15;9
61;17;15;9
62;17;15;9
63;17;15;9
64;17;15;9
65;17;15;9
66;17;15;9
67;17;15;9
68;17;1;9
69;17;15;9
70;17;15;9
71;17;15;9
72;17;0;9
73;17;0;9
74;17;0;9
75;17;0;9
76;17;0;9
77;17;0;9
78;17;0;9
79;17;0;9
0;18;0;9
1;18;0;9
2;18;0;9
3;18;0;9
4;18;0;9
5;18;0;9
6;18;0;9
7;18;0;9
8;18;0;9
9;18;0;9
10;18;0;9
11;18;0;9
12;18;0;9
13;18;0;9
14;18;0;9
15;18;0;9
16;18;0;9
17;18;15;9
18;18;15;9
19;18;15;9
20;18;15;9
21;18;15;9
22;18;26082;9
23;18;1506;9
24;18;2;9
25;18;6626;9
26;18;11746;9
27;18;11746;9
28;18;11746;9
29;18;11746;9
30;18;5602;9
31;18;2;9
32;18;15;9
33;18;15;9
34;18;15;9
35;18;15;9
36;18;15;9
37;18;15;9
38;18;15;9
39;18;15;9
40;18;15;9
41;18;15;9
42;18;10722;9
43;18;2;9
44;18;2;9
45;18;2;9
46;18;19527;9
47;18;2535;9
48;18;1511;9
49;18;7;9
50;18;7;9
51;18;25063;9
52;18;15;9
53;18;15;9
54;18;26087;9
55;18;9703;9
56;18;27111;9
57;18;15;9
58;18;10727;9
59;18;12775;9
60;18;15;9
61;18;15;9
62;18;15;9
63;18;15;9
64;18;15;9
65;18;17890;9
66;18;9698;9
67;18;1506;9
68;18;15425;9
69;18;15;9
70;18;15;9
71;18;15;9
72;18;0;9
73;18;0;9
74;18;0;9
75;18;0;9
76;18;0;9
77;18;0;9
78;18;0;9
79;18;0;9
0;19;0;9
1;19;0;9
2;19;0;9
3;19;0;9
4;19;0;9
5;19;0;9
6;19;0;9
7;19;0;9
8;19;0;9
9;19;0;9
10;19;0;9
11;19;0;9
12;19;0;9
13;19;0;9
14;19;0;9
15;19;0;9
16;19;0;9
17;19;15;9
18;19;15;9
19;19;15;9
20;19;15;9
21;19;15;9
22;19;10722;9
23;19;2;9
24;19;16866;9
25;19;15;9
26;19;15;9
27;19;15;9
28;19;15;9
29;19;15;9
30;19;15;9
31;19;1095;9
32;19;15;9
33;19;15;9
34;19;15;9
35;19;15;9
36;19;15;9
37;19;15;9
38;19;15;9
39;19;15;9
40;19;15;9
41;19;15;9
42;19;3554;9
43;19;2;9
44;19;2;9
45;19;2;9
46;19;6631;9
47;19;11751;9
48;19;5607;9
49;19;7;9
50;19;8679;9
51;19;15;9
52;19;15;9
53;19;15;9
54;19;3559;9
55;19;7;9
56;19;12775;9
57;19;15;9
58;19;10727;9
59;19;12775;9
60;19;15;9
61;19;15;9
62;19;17890;9
63;19;9698;9
64;19;1506;9
65;19;2;9
66;19;2;9
67;19;2;9
68;19;12770;9
69;19;15;9
70;19;15;9
71;19;15;9
72;19;0;9
73;19;0;9
74;19;0;9
75;19;0;9
76;19;0;9
77;19;0;9
78;19;0;9
79;19;0;9
0;20;0;9
1;20;0;9
2;20;0;9
3;20;0;9
4;20;0;9
5;20;0;9
6;20;0;9
7;20;0;9
8;20;0;9
9;20;0;9
10;20;0;9
11;20;0;9
12;20;0;9
13;20;0;9
14;20;0;9
15;20;0;9
16;20;0;9
17;20;15;9
18;20;15;9
19;20;15;9
20;20;15;9
21;20;15;9
22;20;28130;9
23;20;21986;9
24;20;15;9
25;20;15;9
26;20;17895;9
27;20;9703;9
28;20;9703;9
29;20;9703;9
30;20;1511;9
31;20;7;9
32;20;15;9
33;20;15;9
34;20;15;9
35;20;15;9
36;20;15;9
37;20;17890;9
38;20;9698;9
39;20;9698;9
40;20;9698;9
41;20;1506;9
42;20;2;9
43;20;2;9
44;20;2;9
45;20;16866;9
46;20;15;9
47;20;15;9
48;20;15;9
49;20;4583;9
50;20;7655;9
51;20;15;9
52;20;15;9
53;20;13799;9
54;20;7;9
55;20;7;9
56;20;12775;9
57;20;15;9
58;20;10727;9
59;20;12775;9
60;20;15;9
61;20;19938;9
62;20;2;9
63;20;2;9
64;20;2;9
65;20;2;9
66;20;2;9
67;20;2;9
68;20;12770;9
69;20;15;9
70;20;15;9
71;20;15;9
72;20;0;9
73;20;0;9
74;20;0;9
75;20;0;9
76;20;0;9
77;20;0;9
78;20;0;9
79;20;0;9
0;21;0;9
1;21;0;9
2;21;0;9
3;21;0;9
4;21;0;9
5;21;0;9
6;21;0;9
7;21;0;9
8;21;0;9
9;21;0;9
10;21;0;9
11;21;0;9
12;21;0;9
13;21;0;9
14;21;0;9
15;21;0;9
16;21;0;9
17;21;15;9
18;21;15;9
19;21;15;9
20;21;15;9
21;21;15;9
22;21;15;9
23;21;15;9
24;21;15;9
25;21;19943;9
26;21;7;9
27;21;7;9
28;21;7;9
29;21;7;9
30;21;7;9
31;21;7;9
32;21;24039;9
33;21;15;9
34;21;15;9
35;21;15;9
36;21;13794;9
37;21;2;9
38;21;2;9
39;21;2;9
40;21;2;9
41;21;2;9
42;21;2;9
43;21;2;9
44;21;2;9
45;21;15;9
46;21;15;9
47;21;15;9
48;21;15;9
49;21;20967;9
50;21;7;9
51;21;2535;9
52;21;1511;9
53;21;7;9
54;21;7;9
55;21;6631;9
56;21;29159;9
57;21;15;9
58;21;10727;9
59;21;7655;9
60;21;15;9
61;21;3554;9
62;21;2;9
63;21;2;9
64;21;2;9
65;21;2;9
66;21;2;9
67;21;2;9
68;21;12770;9
69;21;15;9
70;21;15;9
71;21;15;9
72;21;0;9
73;21;0;9
74;21;0;9
75;21;0;9
76;21;0;9
77;21;0;9
78;21;0;9
79;21;0;9
0;22;0;9
1;22;0;9
2;22;0;9
3;22;0;9
4;22;0;9
5;22;0;9
6;22;0;9
7;22;0;9
8;22;0;9
9;22;0;9
10;22;0;9
11;22;0;9
12;22;0;9
13;22;0;9
14;22;0;9
15;22;0;9
16;22;0;9
17;22;15;9
18;22;15;9
19;22;15;9
20;22;15;9
21;22;15;9
22;22;15;9
23;22;15;9
24;22;15;9
25;22;3559;9
26;22;7;9
27;22;6631;9
28;22;11751;9
29;22;5607;9
30;22;7;9
31;22;7;9
32;22;12775;9
33;22;15;9
34;22;15;9
35;22;19938;9
36;22;2;9
37;22;2;9
38;22;2;9
39;22;2;9
40;22;2;9
41;22;2;9
42;22;2;9
43;22;2;9
44;22;2;9
45;22;2529;9
46;22;9697;9
47;22;27105;9
48;22;15;9
49;22;15;9
50;22;4583;9
51;22;7;9
52;22;7;9
53;22;7;9
54;22;7;9
55;22;15;9
56;22;15;9
57;22;15;9
58;22;3559;9
59;22;7;9
60;22;7;9
61;22;2119;9
62;22;26695;9
63;22;2;9
64;22;2;9
65;22;2;9
66;22;2;9
67;22;6626;9
68;22;29154;9
69;22;15;9
70;22;15;9
71;22;15;9
72;22;0;9
73;22;0;9
74;22;0;9
75;22;0;9
76;22;0;9
77;22;0;9
78;22;0;9
79;22;0;9
0;23;0;9
1;23;0;9
2;23;0;9
3;23;0;9
4;23;0;9
5;23;0;9
6;23;0;9
7;23;0;9
8;23;0;9
9;23;0;9
10;23;0;9
11;23;0;9
12;23;0;9
13;23;0;9
14;23;0;9
15;23;0;9
16;23;0;9
17;23;15;9
18;23;15;9
19;23;15;9
20;23;15;9
21;23;15;9
22;23;15;9
23;23;15;9
24;23;19943;9
25;23;7;9
26;23;8679;9
27;23;15;9
28;23;15;9
29;23;15;9
30;23;4583;9
31;23;7;9
32;23;25063;9
33;23;15;9
34;23;15;9
35;23;3554;9
36;23;2;9
37;23;2;9
38;23;2;9
39;23;2;9
40;23;2;9
41;23;2;9
42;23;2;9
43;23;2;9
44;23;2;9
45;23;10305;9
46;23;1;9
47;23;12769;9
48;23;15;9
49;23;15;9
50;23;10727;9
51;23;7;9
52;23;7;9
53;23;7;9
54;23;7;9
55;23;2535;9
56;23;9703;9
57;23;1511;9
58;23;7;9
59;23;7;9
60;23;6631;9
61;23;11751;9
62;23;11751;9
63;23;21986;9
64;23;15;9
65;23;23010;9
66;23;21986;9
67;23;15;9
68;23;15;9
69;23;15;9
70;23;15;9
71;23;15;9
72;23;0;9
73;23;0;9
74;23;0;9
75;23;0;9
76;23;0;9
77;23;0;9
78;23;0;9
79;23;0;9
0;24;0;9
1;24;0;9
2;24;0;9
3;24;0;9
4;24;0;9
5;24;0;9
6;24;0;9
7;24;0;9
8;24;0;9
9;24;0;9
10;24;0;9
11;24;0;9
12;24;0;9
13;24;0;9
14;24;0;9
15;24;0;9
16;24;0;9
17;24;15;9
18;24;15;9
19;24;15;9
20;24;15;9
21;24;15;9
22;24;15;9
23;24;15;9
24;24;28135;9
25;24;11751;9
26;24;29159;9
27;24;15;9
28;24;15;9
29;24;15;9
30;24;10727;9
31;24;7;9
32;24;15;9
33;24;15;9
34;24;13794;9
35;24;2;9
36;24;2;9
37;24;2;9
38;24;2;9
39;24;2;9
40;24;2;9
41;24;2;9
42;24;2;9
43;24;2;9
44;24;2;9
45;24;3137;9
46;24;1;9
47;24;12769;9
48;24;15;9
49;24;15;9
50;24;10727;9
51;24;8679;9
52;24;15;9
53;24;23015;9
54;24;11751;9
55;24;11751;9
56;24;11751;9
57;24;11751;9
58;24;11751;9
59;24;21991;9
60;24;15;9
61;24;15;9
62;24;15;9
63;24;15;9
64;24;15;9
65;24;15;9
66;24;15;9
67;24;15;9
68;24;15;9
69;24;15;9
70;24;15;9
71;24;15;9
72;24;0;9
73;24;0;9
74;24;0;9
75;24;0;9
76;24;0;9
77;24;0;9
78;24;0;9
79;24;0;9
0;25;0;9
1;25;0;9
2;25;0;9
3;25;0;9
4;25;0;9
5;25;0;9
6;25;0;9
7;25;0;9
8;25;0;9
9;25;0;9
10;25;0;9
11;25;0;9
12;25;0;9
13;25;0;9
14;25;0;9
15;25;0;9
16;25;0;9
17;25;15;9
18;25;15;9
19;25;15;9
20;25;15;9
21;25;15;9
22;25;15;9
23;25;15;9
24;25;15;9
25;25;15;9
26;25;15;9
27;25;15;9
28;25;15;9
29;25;15;9
30;25;10727;9
31;25;7;9
32;25;7;9
33;25;2;9
34;25;2;9
35;25;2;9
36;25;2;9
37;25;2;9
38;25;2;9
39;25;2;9
40;25;2;9
41;25;2;9
42;25;2;9
43;25;2;9
44;25;13377;9
45;25;1;9
46;25;1;9
47;25;12769;9
48;25;15;9
49;25;15;9
50;25;10727;9
51;25;12775;9
52;25;15;9
53;25;15;9
54;25;15;9
55;25;15;9
56;25;15;9
57;25;15;9
58;25;15;9
59;25;15;9
60;25;15;9
61;25;15;9
62;25;15;9
63;25;15;9
64;25;15;9
65;25;15;9
66;25;15;9
67;25;15;9
68;25;15;9
69;25;15;9
70;25;15;9
71;25;15;9
72;25;0;9
73;25;0;9
74;25;0;9
75;25;0;9
76;25;0;9
77;25;0;9
78;25;0;9
79;25;0;9
0;26;0;9
1;26;0;9
2;26;0;9
3;26;0;9
4;26;0;9
5;26;0;9
6;26;0;9
7;26;0;9
8;26;0;9
9;26;0;9
10;26;0;9
11;26;0;9
12;26;0;9
13;26;0;9
14;26;0;9
15;26;0;9
16;26;0;9
17;26;15;9
18;26;15;9
19;26;15;9
20;26;15;9
21;26;15;9
22;26;15;9
23;26;15;9
24;26;15;9
25;26;15;9
26;26;15;9
27;26;15;9
28;26;15;9
29;26;15;9
30;26;10727;9
31;26;7;9
32;26;8679;9
33;26;15;9
34;26;0;9
35;26;0;9
36;26;0;9
37;26;0;9
38;26;0;9
39;26;0;9
40;26;0;9
41;26;0;9
42;26;0;9
43;26;0;9
44;26;1;9
45;26;1;9
46;26;1;9
47;26;7649;9
48;26;15;9
49;26;15;9
50;26;3559;9
51;26;12775;9
52;26;15;9
53;26;15;9
54;26;15;9
55;26;15;9
56;26;15;9
57;26;17890;9
58;26;9698;9
59;26;27106;9
60;26;15;9
61;26;15;9
62;26;15;9
63;26;15;9
64;26;15;9
65;26;15;9
66;26;15;9
67;26;15;9
68;26;15;9
69;26;15;9
70;26;15;9
71;26;15;9
72;26;0;9
73;26;0;9
74;26;0;9
75;26;0;9
76;26;0;9
77;26;0;9
78;26;0;9
79;26;0;9
0;27;0;9
1;27;0;9
2;27;0;9
3;27;0;9
4;27;0;9
5;27;0;9
6;27;0;9
7;27;0;9
8;27;0;9
9;27;0;9
10;27;0;9
11;27;0;9
12;27;0;9
13;27;0;9
14;27;0;9
15;27;0;9
16;27;0;9
17;27;15;9
18;27;15;9
19;27;15;9
20;27;15;9
21;27;15;9
22;27;15;9
23;27;15;9
24;27;15;9
25;27;15;9
26;27;15;9
27;27;15;9
28;27;15;9
29;27;15;9
30;27;10727;9
31;27;7;9
32;27;25063;9
33;27;15;9
34;27;0;9
35;27;0;9
36;27;0;9
37;27;0;9
38;27;0;9
39;27;0;9
40;27;0;9
41;27;0;9
42;27;0;9
43;27;0;9
44;27;1;9
45;27;1;9
46;27;1;9
47;27;13351;9
48;27;2535;9
49;27;1511;9
50;27;7;9
51;27;25063;9
52;27;15;9
53;27;15;9
54;27;15;9
55;27;26082;9
56;27;1506;9
57;27;2;9
58;27;2;9
59;27;12770;9
60;27;15;9
61;27;15;9
62;27;15;9
63;27;15;9
64;27;15;9
65;27;15;9
66;27;15;9
67;27;15;9
68;27;15;9
69;27;15;9
70;27;15;9
71;27;15;9
72;27;0;9
73;27;0;9
74;27;0;9
75;27;0;9
76;27;0;9
77;27;0;9
78;27;0;9
79;27;0;9
0;28;0;9
1;28;0;9
2;28;0;9
3;28;0;9
4;28;0;9
5;28;0;9
6;28;0;9
7;28;0;9
8;28;0;9
9;28;0;9
10;28;0;9
11;28;0;9
12;28;0;9
13;28;0;9
14;28;0;9
15;28;0;9
16;28;0;9
17;28;15;9
18;28;15;9
19;28;15;9
20;28;15;9
21;28;15;9
22;28;15;9
23;28;15;9
24;28;15;9
25;28;15;9
26;28;15;9
27;28;15;9
28;28;15;9
29;28;15;9
30;28;3559;9
31;28;7;9
32;28;15;9
33;28;15;9
34;28;0;9
35;28;0;9
36;28;0;9
37;28;0;9
38;28;0;9
39;28;0;9
40;28;0;9
41;28;0;9
42;28;0;9
43;28;0;9
44;28;15;9
45;28;4583;9
46;28;1063;9
47;28;7;9
48;28;7;9
49;28;6631;9
50;28;21991;9
51;28;15;9
52;28;15;9
53;28;15;9
54;28;15;9
55;28;10722;9
56;28;2;9
57;28;2;9
58;28;2;9
59;28;12770;9
60;28;15;9
61;28;15;9
62;28;15;9
63;28;15;9
64;28;15;9
65;28;15;9
66;28;15;9
67;28;15;9
68;28;15;9
69;28;0;9
70;28;0;9
71;28;0;9
72;28;0;9
73;28;0;9
74;28;0;9
75;28;0;9
76;28;0;9
77;28;0;9
78;28;0;9
79;28;0;9
0;29;0;9
1;29;0;9
2;29;0;9
3;29;0;9
4;29;0;9
5;29;0;9
6;29;0;9
7;29;0;9
8;29;0;9
9;29;0;9
10;29;0;9
11;29;0;9
12;29;0;9
13;29;0;9
14;29;0;9
15;29;0;9
16;29;0;9
17;29;15;9
18;29;15;9
19;29;15;9
20;29;15;9
21;29;15;9
22;29;15;9
23;29;26081;9
24;29;9697;9
25;29;9697;9
26;29;27105;9
27;29;15;9
28;29;15;9
29;29;19943;9
30;29;7;9
31;29;7;9
32;29;24039;9
33;29;15;9
34;29;34;9
35;29;34;9
36;29;34;9
37;29;34;9
38;29;34;9
39;29;34;9
40;29;34;9
41;29;34;9
42;29;34;9
43;29;34;9
44;29;15;9
45;29;20967;9
46;29;7;9
47;29;7;9
48;29;16871;9
49;29;15;9
50;29;15;9
51;29;15;9
52;29;15;9
53;29;15;9
54;29;15;9
55;29;10722;9
56;29;2;9
57;29;2;9
58;29;2;9
59;29;25058;9
60;29;15;9
61;29;15;9
62;29;15;9
63;29;15;9
64;29;15;9
65;29;15;9
66;29;15;9
67;29;15;9
68;29;42;9
69;29;0;9
70;29;0;9
71;29;0;9
72;29;0;9
73;29;0;9
74;29;0;9
75;29;0;9
76;29;0;9
77;29;0;9
78;29;0;9
79;29;0;9
0;30;0;9
1;30;0;9
2;30;0;9
3;30;0;9
4;30;0;9
5;30;0;9
6;30;0;9
7;30;0;9
8;30;0;9
9;30;0;9
10;30;0;9
11;30;0;9
12;30;0;9
13;30;0;9
14;30;0;9
15;30;0;9
16;30;0;9
17;30;15;9
18;30;15;9
19;30;15;9
20;30;15;9
21;30;15;9
22;30;15;9
23;30;10721;9
24;30;1;9
25;30;1;9
26;30;12769;9
27;30;15;9
28;30;15;9
29;30;10727;9
30;30;7;9
31;30;6631;9
32;30;29159;9
33;30;15;9
34;30;0;9
35;30;0;9
36;30;0;9
37;30;0;9
38;30;0;9
39;30;0;9
40;30;0;9
41;30;0;9
42;30;0;9
43;30;0;9
44;30;15;9
45;30;15;9
46;30;23015;9
47;30;21991;9
48;30;15;9
49;30;15;9
50;30;15;9
51;30;15;9
52;30;15;9
53;30;15;9
54;30;15;9
55;30;3554;9
56;30;2;9
57;30;2;9
58;30;8674;9
59;30;15;9
60;30;15;9
61;30;15;9
62;30;15;9
63;30;15;9
64;30;15;9
65;30;15;9
66;30;15;9
67;30;42;9
68;30;42;9
69;30;0;9
70;30;0;9
71;30;0;9
72;30;0;9
73;30;0;9
74;30;0;9
75;30;0;9
76;30;0;9
77;30;0;9
78;30;0;9
79;30;0;9
0;31;0;9
1;31;0;9
2;31;0;9
3;31;0;9
4;31;0;9
5;31;0;9
6;31;0;9
7;31;0;9
8;31;0;9
9;31;0;9
10;31;0;9
11;31;0;9
12;31;0;9
13;31;0;9
14;31;0;9
15;31;0;9
16;31;0;9
17;31;15;9
18;31;15;9
19;31;15;9
20;31;15;9
21;31;15;9
22;31;15;9
23;31;10721;9
24;31;1;9
25;31;1;9
26;31;12769;9
27;31;15;9
28;31;15;9
29;31;10727;9
30;31;8679;9
31;31;15;9
32;31;15;9
33;31;15;9
34;31;0;9
35;31;0;9
36;31;0;9
37;31;0;9
38;31;0;9
39;31;0;9
40;31;0;9
41;31;0;9
42;31;0;9
43;31;0;9
44;31;15;9
45;31;15;9
46;31;15;9
47;31;15;9
48;31;15;9
49;31;15;9
50;31;15;9
51;31;15;9
52;31;26082;9
53;31;9698;9
54;31;1506;9
55;31;2;9
56;31;2;9
57;31;2;9
58;31;12770;9
59;31;15;9
60;31;15;9
61;31;15;9
62;31;15;9
63;31;15;9
64;31;15;9
65;31;15;9
66;31;15;9
67;31;15;9
68;31;15;9
69;31;0;9
70;31;0;9
71;31;0;9
72;31;0;9
73;31;0;9
74;31;0;9
75;31;0;9
76;31;0;9
77;31;0;9
78;31;0;9
79;31;0;9
0;32;0;9
1;32;0;9
2;32;0;9
3;32;0;9
4;32;0;9
5;32;0;9
6;32;0;9
7;32;0;9
8;32;0;9
9;32;0;9
10;32;0;9
11;32;0;9
12;32;0;9
13;32;0;9
14;32;0;9
15;32;0;9
16;32;0;9
17;32;15;9
18;32;15;9
19;32;15;9
20;32;15;9
21;32;15;9
22;32;15;9
23;32;10721;9
24;32;1;9
25;32;1;9
26;32;25057;9
27;32;15;9
28;32;15;9
29;32;10727;9
30;32;12775;9
31;32;15;9
32;32;15;9
33;32;15;9
34;32;0;9
35;32;0;9
36;32;0;9
37;32;0;9
38;32;0;9
39;32;0;9
40;32;0;9
41;32;0;9
42;32;0;9
43;32;0;9
44;32;15;9
45;32;15;9
46;32;15;9
47;32;15;9
48;32;15;9
49;32;15;9
50;32;15;9
51;32;15;9
52;32;3554;9
53;32;2;9
54;32;2;9
55;32;2;9
56;32;2;9
57;32;2;9
58;32;12770;9
59;32;15;9
60;32;15;9
61;32;15;9
62;32;15;9
63;32;15;9
64;32;15;9
65;32;15;9
66;32;15;9
67;32;15;9
68;32;15;9
69;32;0;9
70;32;0;9
71;32;0;9
72;32;0;9
73;32;0;9
74;32;0;9
75;32;0;9
76;32;0;9
77;32;0;9
78;32;0;9
79;32;0;9
0;33;0;9
1;33;0;9
2;33;0;9
3;33;0;9
4;33;0;9
5;33;0;9
6;33;0;9
7;33;0;9
8;33;0;9
9;33;0;9
10;33;0;9
11;33;0;9
12;33;0;9
13;33;0;9
14;33;0;9
15;33;0;9
16;33;0;9
17;33;15;9
18;33;15;9
19;33;15;9
20;33;15;9
21;33;15;9
22;33;15;9
23;33;28129;9
24;33;11745;9
25;33;21985;9
26;33;15;9
27;33;15;9
28;33;15;9
29;33;10727;9
30;33;12775;9
31;33;15;9
32;33;15;9
33;33;19949;9
34;33;0;9
35;33;0;9
36;33;0;9
37;33;0;9
38;33;0;9
39;33;0;9
40;33;0;9
41;33;0;9
42;33;0;9
43;33;0;9
44;33;15;9
45;33;15;9
46;33;17890;9
47;33;27106;9
48;33;15;9
49;33;15;9
50;33;15;9
51;33;13794;9
52;33;2;9
53;33;2;9
54;33;2;9
55;33;2;9
56;33;2;9
57;33;2;9
58;33;25058;9
59;33;15;9
60;33;15;9
61;33;15;9
62;33;15;9
63;33;15;9
64;33;15;9
65;33;15;9
66;33;15;9
67;33;15;9
68;33;15;9
69;33;15;9
70;33;0;9
71;33;0;9
72;33;0;9
73;33;0;9
74;33;0;9
75;33;0;9
76;33;0;9
77;33;0;9
78;33;0;9
79;33;0;9
0;34;0;9
1;34;0;9
2;34;0;9
3;34;0;9
4;34;0;9
5;34;0;9
6;34;0;9
7;34;0;9
8;34;0;9
9;34;0;9
10;34;0;9
11;34;0;9
12;34;0;9
13;34;0;9
14;34;0;9
15;34;0;9
16;34;0;9
17;34;15;9
18;34;15;9
19;34;15;9
20;34;15;9
21;34;15;9
22;34;15;9
23;34;15;9
24;34;15;9
25;34;15;9
26;34;15;9
27;34;15;9
28;34;15;9
29;34;10727;9
30;34;7655;9
31;34;15;9
32;34;15;9
33;34;10733;9
34;34;0;9
35;34;0;9
36;34;0;9
37;34;0;9
38;34;0;9
39;34;0;9
40;34;0;9
41;34;0;9
42;34;0;9
43;34;0;9
44;34;15;9
45;34;19938;9
46;34;2;9
47;34;25058;9
48;34;15;9
49;34;26082;9
50;34;1506;9
51;34;2;9
52;34;2;9
53;34;2;9
54;34;2;9
55;34;2;9
56;34;2;9
57;34;17473;9
58;34;15;9
59;34;15;9
60;34;15;9
61;34;15;9
62;34;15;9
63;34;15;9
64;34;15;9
65;34;15;9
66;34;15;9
67;34;15;9
68;34;15;9
69;34;15;9
70;34;0;9
71;34;0;9
72;34;0;9
73;34;0;9
74;34;0;9
75;34;0;9
76;34;0;9
77;34;0;9
78;34;0;9
79;34;0;9
0;35;0;9
1;35;0;9
2;35;0;9
3;35;0;9
4;35;0;9
5;35;0;9
6;35;0;9
7;35;0;9
8;35;0;9
9;35;0;9
10;35;0;9
11;35;0;9
12;35;0;9
13;35;0;9
14;35;0;9
15;35;0;9
16;35;0;9
17;35;15;9
18;35;15;9
19;35;15;9
20;35;15;9
21;35;15;9
22;35;15;9
23;35;15;9
24;35;15;9
25;35;15;9
26;35;15;9
27;35;15;9
28;35;15;9
29;35;3559;9
30;35;7;9
31;35;24039;9
32;35;15;9
33;35;10733;9
34;35;0;9
35;35;0;9
36;35;0;9
37;35;0;9
38;35;0;9
39;35;0;9
40;35;0;9
41;35;0;9
42;35;0;9
43;35;0;9
44;35;15;9
45;35;20962;9
46;35;2;9
47;35;15;9
48;35;15;9
49;35;10722;9
50;35;2;9
51;35;2;9
52;35;2;9
53;35;6626;9
54;35;21986;9
55;35;15;9
56;35;4577;9
57;35;1;9
58;35;14817;9
59;35;15;9
60;35;15;9
61;35;15;9
62;35;15;9
63;35;15;9
64;35;15;9
65;35;15;9
66;35;15;9
67;35;15;9
68;35;15;9
69;35;15;9
70;35;0;9
71;35;0;9
72;35;0;9
73;35;0;9
74;35;0;9
75;35;0;9
76;35;0;9
77;35;0;9
78;35;0;9
79;35;0;9
0;36;0;9
1;36;0;9
2;36;0;9
3;36;0;9
4;36;0;9
5;36;0;9
6;36;0;9
7;36;0;9
8;36;0;9
9;36;0;9
10;36;0;9
11;36;0;9
12;36;0;9
13;36;0;9
14;36;0;9
15;36;0;9
16;36;0;9
17;36;15;9
18;36;15;9
19;36;15;9
20;36;15;9
21;36;15;9
22;36;15;9
23;36;15;9
24;36;15;9
25;36;15;9
26;36;15;9
27;36;15;9
28;36;19943;9
29;36;7;9
30;36;7;9
31;36;25063;9
32;36;15;9
33;36;20973;9
34;36;0;9
35;36;0;9
36;36;0;9
37;36;0;9
38;36;0;9
39;36;0;9
40;36;0;9
41;36;0;9
42;36;0;9
43;36;0;9
44;36;15;9
45;36;15;9
46;36;2;9
47;36;15;9
48;36;15;9
49;36;10722;9
50;36;2;9
51;36;2;9
52;36;8674;9
53;36;15;9
54;36;15;9
55;36;15;9
56;36;20961;9
57;36;1;9
58;36;1;9
59;36;24033;9
60;36;15;9
61;36;15;9
62;36;15;9
63;36;15;9
64;36;15;9
65;36;15;9
66;36;15;9
67;36;15;9
68;36;15;9
69;36;15;9
70;36;15;9
71;36;0;9
72;36;0;9
73;36;0;9
74;36;0;9
75;36;0;9
76;36;0;9
77;36;0;9
78;36;0;9
79;36;0;9
0;37;0;9
1;37;0;9
2;37;0;9
3;37;0;9
4;37;0;9
5;37;0;9
6;37;0;9
7;37;0;9
8;37;0;9
9;37;0;9
10;37;0;9
11;37;0;9
12;37;0;9
13;37;0;9
14;37;0;9
15;37;0;9
16;37;0;9
17;37;15;9
18;37;15;9
19;37;15;9
20;37;15;9
21;37;15;9
22;37;15;9
23;37;15;9
24;37;15;9
25;37;15;9
26;37;15;9
27;37;15;9
28;37;20967;9
29;37;7;9
30;37;7;9
31;37;15;9
32;37;15;9
33;37;15;9
34;37;0;9
35;37;0;9
36;37;0;9
37;37;0;9
38;37;0;9
39;37;0;9
40;37;0;9
41;37;0;9
42;37;0;9
43;37;0;9
44;37;15;9
45;37;15;9
46;37;2;9
47;37;14818;9
48;37;15;9
49;37;3554;9
50;37;2;9
51;37;2;9
52;37;25058;9
53;37;15;9
54;37;15;9
55;37;15;9
56;37;15;9
57;37;4577;9
58;37;1;9
59;37;7649;9
60;37;15;9
61;37;15;9
62;37;17889;9
63;37;27105;9
64;37;15;9
65;37;15;9
66;37;15;9
67;37;15;9
68;37;15;9
69;37;15;9
70;37;15;9
71;37;0;9
72;37;0;9
73;37;0;9
74;37;0;9
75;37;0;9
76;37;0;9
77;37;0;9
78;37;0;9
79;37;0;9
0;38;0;9
1;38;0;9
2;38;0;9
3;38;0;9
4;38;0;9
5;38;0;9
6;38;0;9
7;38;0;9
8;38;0;9
9;38;0;9
10;38;0;9
11;38;0;9
12;38;0;9
13;38;0;9
14;38;0;9
15;38;0;9
16;38;0;9
17;38;15;9
18;38;15;9
19;38;15;9
20;38;15;9
21;38;15;9
22;38;15;9
23;38;15;9
24;38;15;9
25;38;15;9
26;38;15;9
27;38;15;9
28;38;15;9
29;38;4583;9
30;38;7;9
31;38;24039;9
32;38;15;9
33;38;15;9
34;38;0;9
35;38;0;9
36;38;0;9
37;38;0;9
38;38;0;9
39;38;0;9
40;38;0;9
41;38;0;9
42;38;0;9
43;38;0;9
44;38;15;9
45;38;15;9
46;38;10722;9
47;38;2;9
48;38;2;9
49;38;2;9
50;38;2;9
51;38;2;9
52;38;15;9
53;38;15;9
54;38;15;9
55;38;15;9
56;38;15;9
57;38;3553;9
58;38;1;9
59;38;1;9
60;38;2529;9
61;38;1505;9
62;38;1;9
63;38;12769;9
64;38;15;9
65;38;15;9
66;38;15;9
67;38;15;9
68;38;15;9
69;38;15;9
70;38;15;9
71;38;0;9
72;38;0;9
73;38;0;9
74;38;0;9
75;38;0;9
76;38;0;9
77;38;0;9
78;38;0;9
79;38;0;9
0;39;0;9
1;39;0;9
2;39;0;9
3;39;0;9
4;39;0;9
5;39;0;9
6;39;0;9
7;39;0;9
8;39;0;9
9;39;0;9
10;39;0;9
11;39;0;9
12;39;0;9
13;39;0;9
14;39;0;9
15;39;0;9
16;39;0;9
17;39;15;9
18;39;15;9
19;39;15;9
20;39;15;9
21;39;15;9
22;39;15;9
23;39;15;9
24;39;15;9
25;39;15;9
26;39;15;9
27;39;15;9
28;39;15;9
29;39;20967;9
30;39;7;9
31;39;7655;9
32;39;15;9
33;39;15;9
34;39;15;9
35;39;15;9
36;39;4577;9
37;39;1;9
38;39;1;9
39;39;8673;9
40;39;15;9
41;39;15;9
42;39;15;9
43;39;15;9
44;39;15;9
45;39;15;9
46;39;28130;9
47;39;5602;9
48;39;2;9
49;39;2;9
50;39;2;9
51;39;2;9
52;39;2530;9
53;39;18914;9
54;39;15;9
55;39;15;9
56;39;19937;9
57;39;1;9
58;39;1;9
59;39;1;9
60;39;1;9
61;39;1;9
62;39;1;9
63;39;25057;9
64;39;15;9
65;39;15;9
66;39;15;9
67;39;15;9
68;39;15;9
69;39;15;9
70;39;15;9
71;39;0;9
72;39;0;9
73;39;0;9
74;39;0;9
75;39;0;9
76;39;0;9
77;39;0;9
78;39;0;9
79;39;0;9
0;40;0;9
1;40;0;9
2;40;0;9
3;40;0;9
4;40;0;9
5;40;0;9
6;40;0;9
7;40;0;9
8;40;0;9
9;40;0;9
10;40;0;9
11;40;0;9
12;40;0;9
13;40;0;9
14;40;0;9
15;40;0;9
16;40;0;9
17;40;15;9
18;40;15;9
19;40;15;9
20;40;15;9
21;40;15;9
22;40;15;9
23;40;15;9
24;40;15;9
25;40;15;9
26;40;15;9
27;40;15;9
28;40;15;9
29;40;15;9
30;40;4583;9
31;40;7;9
32;40;24039;9
33;40;15;9
34;40;15;9
35;40;15;9
36;40;3553;9
37;40;1;9
38;40;1;9
39;40;12769;9
40;40;15;9
41;40;15;9
42;40;15;9
43;40;15;9
44;40;15;9
45;40;15;9
46;40;15;9
47;40;15;9
48;40;4578;9
49;40;2;9
50;40;2;9
51;40;2;9
52;40;2;9
53;40;2;9
54;40;24034;9
55;40;15;9
56;40;10721;9
57;40;1;9
58;40;1;9
59;40;1;9
60;40;1;9
61;40;1;9
62;40;16865;9
63;40;15;9
64;40;15;9
65;40;15;9
66;40;15;9
67;40;15;9
68;40;15;9
69;40;15;9
70;40;15;9
71;40;0;9
72;40;0;9
73;40;0;9
74;40;0;9
75;40;0;9
76;40;0;9
77;40;0;9
78;40;0;9
79;40;0;9
0;41;0;9
1;41;0;9
2;41;0;9
3;41;0;9
4;41;0;9
5;41;0;9
6;41;0;9
7;41;0;9
8;41;0;9
9;41;0;9
10;41;0;9
11;41;0;9
12;41;0;9
13;41;0;9
14;41;0;9
15;41;0;9
16;41;0;9
17;41;15;9
18;41;15;9
19;41;15;9
20;41;15;9
21;41;15;9
22;41;15;9
23;41;15;9
24;41;15;9
25;41;15;9
26;41;15;9
27;41;15;9
28;41;15;9
29;41;15;9
30;41;28135;9
31;41;5607;9
32;41;7;9
33;41;15;9
34;41;15;9
35;41;13793;9
36;41;1;9
37;41;1;9
38;41;1;9
39;41;12769;9
40;41;15;9
41;41;15;9
42;41;15;9
43;41;15;9
44;41;15;9
45;41;15;9
46;41;15;9
47;41;15;9
48;41;20962;9
49;41;2;9
50;41;2;9
51;41;2;9
52;41;2;9
53;41;2;9
54;41;12770;9
55;41;15;9
56;41;28129;9
57;41;5601;9
58;41;1;9
59;41;1;9
60;41;1;9
61;41;8673;9
62;41;15;9
63;41;15;9
64;41;15;9
65;41;15;9
66;41;15;9
67;41;15;9
68;41;15;9
69;41;15;9
70;41;15;9
71;41;0;9
72;41;0;9
73;41;0;9
74;41;0;9
75;41;0;9
76;41;0;9
77;41;0;9
78;41;0;9
79;41;0;9
0;42;0;9
1;42;0;9
2;42;0;9
3;42;0;9
4;42;0;9
5;42;0;9
6;42;0;9
7;42;0;9
8;42;0;9
9;42;0;9
10;42;0;9
11;42;0;9
12;42;0;9
13;42;0;9
14;42;0;9
15;42;0;9
16;42;0;9
17;42;0;9
18;42;15;9
19;42;15;9
20;42;15;9
21;42;15;9
22;42;15;9
23;42;15;9
24;42;15;9
25;42;15;9
26;42;15;9
27;42;15;9
28;42;15;9
29;42;15;9
30;42;15;9
31;42;15;9
32;42;7;9
33;42;2535;9
34;42;1511;9
35;42;1;9
36;42;1;9
37;42;1;9
38;42;1;9
39;42;12769;9
40;42;15;9
41;42;15;9
42;42;15;9
43;42;15;9
44;42;15;9
45;42;15;9
46;42;15;9
47;42;15;9
48;42;15;9
49;42;23010;9
50;42;11746;9
51;42;11746;9
52;42;5602;9
53;42;2;9
54;42;12770;9
55;42;15;9
56;42;15;9
57;42;15;9
58;42;4577;9
59;42;1;9
60;42;1;9
61;42;1;9
62;42;15;9
63;42;15;9
64;42;15;9
65;42;15;9
66;42;15;9
67;42;15;9
68;42;15;9
69;42;15;9
70;42;0;9
71;42;0;9
72;42;0;9
73;42;0;9
74;42;0;9
75;42;0;9
76;42;0;9
77;42;0;9
78;42;0;9
79;42;0;9
0;43;0;9
1;43;0;9
2;43;0;9
3;43;0;9
4;43;0;9
5;43;0;9
6;43;0;9
7;43;0;9
8;43;0;9
9;43;0;9
10;43;0;9
11;43;0;9
12;43;0;9
13;43;0;9
14;43;0;9
15;43;0;9
16;43;0;9
17;43;0;9
18;43;0;9
19;43;0;9
20;43;15;9
21;43;15;9
22;43;15;9
23;43;15;9
24;43;15;9
25;43;15;9
26;43;15;9
27;43;15;9
28;43;15;9
29;43;15;9
30;43;15;9
31;43;15;9
32;43;10727;9
33;43;7;9
34;43;12327;9
35;43;1;9
36;43;1;9
37;43;1;9
38;43;1;9
39;43;12769;9
40;43;15;9
41;43;15;9
42;43;15;9
43;43;15;9
44;43;15;9
45;43;15;9
46;43;15;9
47;43;15;9
48;43;15;9
49;43;15;9
50;43;15;9
51;43;15;9
52;43;15;9
53;43;4578;9
54;43;7650;9
55;43;15;9
56;43;15;9
57;43;15;9
58;43;10721;9
59;43;1;9
60;43;8673;9
61;43;15;9
62;43;0;9
63;43;15;9
64;43;15;9
65;43;15;9
66;43;15;9
67;43;15;9
68;43;15;9
69;43;15;9
70;43;0;9
71;43;0;9
72;43;0;9
73;43;0;9
74;43;0;9
75;43;0;9
76;43;0;9
77;43;0;9
78;43;0;9
79;43;0;9
0;44;0;9
1;44;0;9
2;44;0;9
3;44;0;9
4;44;0;9
5;44;0;9
6;44;0;9
7;44;0;9
8;44;0;9
9;44;0;9
10;44;0;9
11;44;0;9
12;44;0;9
13;44;0;9
14;44;0;9
15;44;0;9
16;44;0;9
17;44;0;9
18;44;0;9
19;44;0;9
20;44;15;9
21;44;15;9
22;44;15;9
23;44;15;9
24;44;15;9
25;44;15;9
26;44;15;9
27;44;15;9
28;44;15;9
29;44;15;9
30;44;15;9
31;44;15;9
32;44;20967;9
33;44;7;9
34;44;12327;9
35;44;1;9
36;44;1;9
37;44;1;9
38;44;1;9
39;44;12769;9
40;44;15;9
41;44;15;9
42;44;15;9
43;44;15;9
44;44;15;9
45;44;15;9
46;44;15;9
47;44;15;9
48;44;15;9
49;44;15;9
50;44;15;9
51;44;15;9
52;44;15;9
53;44;10722;9
54;44;2;9
55;44;2530;9
56;44;27106;9
57;44;15;9
58;44;10721;9
59;44;1;9
60;44;25057;9
61;44;15;9
62;44;0;9
63;44;15;9
64;44;15;9
65;44;15;9
66;44;15;9
67;44;15;9
68;44;15;9
69;44;0;9
70;44;0;9
71;44;0;9
72;44;0;9
73;44;0;9
74;44;0;9
75;44;0;9
76;44;0;9
77;44;0;9
78;44;0;9
79;44;0;9
0;45;0;9
1;45;0;9
2;45;0;9
3;45;0;9
4;45;0;9
5;45;0;9
6;45;0;9
7;45;0;9
8;45;0;9
9;45;0;9
10;45;0;9
11;45;0;9
12;45;0;9
13;45;0;9
14;45;0;9
15;45;0;9
16;45;0;9
17;45;0;9
18;45;0;9
19;45;0;9
20;45;0;9
21;45;0;9
22;45;15;9
23;45;15;9
24;45;15;9
25;45;15;9
26;45;15;9
27;45;15;9
28;45;15;9
29;45;15;9
30;45;15;9
31;45;15;9
32;45;15;9
33;45;4583;9
34;45;7207;9
35;45;1;9
36;45;1;9
37;45;1;9
38;45;17447;9
39;45;12775;9
40;45;15;9
41;45;15;9
42;45;15;9
43;45;15;9
44;45;15;9
45;45;15;9
46;45;15;9
47;45;15;9
48;45;15;9
49;45;15;9
50;45;15;9
51;45;15;9
52;45;15;9
53;45;20962;9
54;45;2;9
55;45;2;9
56;45;25058;9
57;45;15;9
58;45;28129;9
59;45;21985;9
60;45;15;9
61;45;15;9
62;45;0;9
63;45;0;9
64;45;0;9
65;45;0;9
66;45;0;9
67;45;0;9
68;45;0;9
69;45;0;9
70;45;0;9
71;45;0;9
72;45;0;9
73;45;0;9
74;45;0;9
75;45;0;9
76;45;0;9
77;45;0;9
78;45;0;9
79;45;0;9
0;46;0;9
1;46;0;9
2;46;0;9
3;46;0;9
4;46;0;9
5;46;0;9
6;46;0;9
7;46;0;9
8;46;0;9
9;46;0;9
10;46;0;9
11;46;0;9
12;46;0;9
13;46;0;9
14;46;0;9
15;46;0;9
16;46;0;9
17;46;0;9
18;46;0;9
19;46;0;9
20;46;0;9
21;46;0;9
22;46;0;9
23;46;15;9
24;46;15;9
25;46;15;9
26;46;15;9
27;46;15;9
28;46;15;9
29;46;15;9
30;46;15;9
31;46;15;9
32;46;15;9
33;46;10727;9
34;46;7;9
35;46;2087;9
36;46;9255;9
37;46;1063;9
38;46;7;9
39;46;12775;9
40;46;15;9
41;46;15;9
42;46;15;9
43;46;15;9
44;46;15;9
45;46;15;9
46;46;15;9
47;46;15;9
48;46;15;9
49;46;15;9
50;46;15;9
51;46;15;9
52;46;15;9
53;46;15;9
54;46;23010;9
55;46;21986;9
56;46;15;9
57;46;15;9
58;46;15;9
59;46;15;9
60;46;15;9
61;46;0;9
62;46;0;9
63;46;0;9
64;46;0;9
65;46;0;9
66;46;0;9
67;46;0;9
68;46;0;9
69;46;0;9
70;46;0;9
71;46;0;9
72;46;0;9
73;46;0;9
74;46;0;9
75;46;0;9
76;46;0;9
77;46;0;9
78;46;0;9
79;46;0;9
0;47;0;9
1;47;0;9
2;47;0;9
3;47;0;9
4;47;0;9
5;47;0;9
6;47;0;9
7;47;0;9
8;47;0;9
9;47;0;9
10;47;0;9
11;47;0;9
12;47;0;9
13;47;0;9
14;47;0;9
15;47;0;9
16;47;0;9
17;47;0;9
18;47;0;9
19;47;0;9
20;47;0;9
21;47;0;9
22;47;0;9
23;47;15;9
24;47;15;9
25;47;15;9
26;47;15;9
27;47;15;9
28;47;15;9
29;47;15;9
30;47;15;9
31;47;15;9
32;47;15;9
33;47;20967;9
34;47;7;9
35;47;7;9
36;47;6631;9
37;47;5607;9
38;47;7;9
39;47;12775;9
40;47;15;9
41;47;15;9
42;47;15;9
43;47;15;9
44;47;15;9
45;47;15;9
46;47;15;9
47;47;15;9
48;47;15;9
49;47;15;9
50;47;15;9
51;47;15;9
52;47;15;9
53;47;15;9
54;47;15;9
55;47;15;9
56;47;15;9
57;47;15;9
58;47;15;9
59;47;15;9
60;47;15;9
61;47;0;9
62;47;0;9
63;47;0;9
64;47;0;9
65;47;0;9
66;47;0;9
67;47;0;9
68;47;0;9
69;47;0;9
70;47;0;9
71;47;0;9
72;47;0;9
73;47;0;9
74;47;0;9
75;47;0;9
76;47;0;9
77;47;0;9
78;47;0;9
79;47;0;9
0;48;0;9
1;48;0;9
2;48;0;9
3;48;0;9
4;48;0;9
5;48;0;9
6;48;0;9
7;48;0;9
8;48;0;9
9;48;0;9
10;48;0;9
11;48;0;9
12;48;0;9
13;48;0;9
14;48;0;9
15;48;0;9
16;48;0;9
17;48;0;9
18;48;0;9
19;48;0;9
20;48;0;9
21;48;0;9
22;48;0;9
23;48;0;9
24;48;15;9
25;48;15;9
26;48;15;9
27;48;15;9
28;48;15;9
29;48;15;9
30;48;15;9
31;48;15;9
32;48;15;9
33;48;15;9
34;48;4583;9
35;48;8679;9
36;48;15;9
37;48;15;9
38;48;23015;9
39;48;29159;9
40;48;15;9
41;48;15;9
42;48;15;9
43;48;15;9
44;48;15;9
45;48;15;9
46;48;15;9
47;48;15;9
48;48;15;9
49;48;15;9
50;48;15;9
51;48;15;9
52;48;15;9
53;48;15;9
54;48;15;9
55;48;15;9
56;48;15;9
57;48;15;9
58;48;15;9
59;48;15;9
60;48;15;9
61;48;0;9
62;48;0;9
63;48;0;9
64;48;0;9
65;48;0;9
66;48;0;9
67;48;0;9
68;48;0;9
69;48;0;9
70;48;0;9
71;48;0;9
72;48;0;9
73;48;0;9
74;48;0;9
75;48;0;9
76;48;0;9
77;48;0;9
78;48;0;9
79;48;0;9
0;49;0;9
1;49;0;9
2;49;0;9
3;49;0;9
4;49;0;9
5;49;0;9
6;49;0;9
7;49;0;9
8;49;0;9
9;49;0;9
10;49;0;9
11;49;0;9
12;49;0;9
13;49;0;9
14;49;0;9
15;49;0;9
16;49;0;9
17;49;0;9
18;49;0;9
19;49;0;9
20;49;0;9
21;49;0;9
22;49;0;9
23;49;0;9
24;49;15;9
25;49;15;9
26;49;15;9
27;49;15;9
28;49;15;9
29;49;15;9
30;49;15;9
31;49;15;9
32;49;15;9
33;49;15;9
34;49;10727;9
35;49;12775;9
36;49;15;9
37;49;15;9
38;49;15;9
39;49;15;9
40;49;15;9
41;49;15;9
42;49;15;9
43;49;15;9
44;49;15;9
45;49;15;9
46;49;15;9
47;49;15;9
48;49;15;9
49;49;15;9
50;49;15;9
51;49;15;9
52;49;15;9
53;49;15;9
54;49;15;9
55;49;15;9
56;49;15;9
57;49;15;9
58;49;15;9
59;49;15;9
60;49;0;9
61;49;0;9
62;49;0;9
63;49;0;9
64;49;0;9
65;49;0;9
66;49;0;9
67;49;0;9
68;49;0;9
69;49;0;9
70;49;0;9
71;49;0;9
72;49;0;9
73;49;0;9
74;49;0;9
75;49;0;9
76;49;0;9
77;49;0;9
78;49;0;9
79;49;0;9
0;50;0;9
1;50;0;9
2;50;0;9
3;50;0;9
4;50;0;9
5;50;0;9
6;50;0;9
7;50;0;9
8;50;0;9
9;50;0;9
10;50;0;9
11;50;0;9
12;50;0;9
13;50;0;9
14;50;0;9
15;50;0;9
16;50;0;9
17;50;0;9
18;50;0;9
19;50;0;9
20;50;0;9
21;50;0;9
22;50;0;9
23;50;0;9
24;50;0;9
25;50;0;9
26;50;15;9
27;50;15;9
28;50;15;9
29;50;15;9
30;50;15;9
31;50;15;9
32;50;15;9
33;50;15;9
34;50;28135;9
35;50;29159;9
36;50;15;9
37;50;15;9
38;50;15;9
39;50;15;9
40;50;15;9
41;50;15;9
42;50;15;9
43;50;15;9
44;50;15;9
45;50;15;9
46;50;15;9
47;50;15;9
48;50;15;9
49;50;15;9
50;50;15;9
51;50;15;9
52;50;15;9
53;50;15;9
54;50;15;9
55;50;15;9
56;50;15;9
57;50;15;9
58;50;15;9
59;50;15;9
60;50;0;9
61;50;0;9
62;50;0;9
63;50;0;9
64;50;0;9
65;50;0;9
66;50;0;9
67;50;0;9
68;50;0;9
69;50;0;9
70;50;0;9
71;50;0;9
72;50;0;9
73;50;0;9
74;50;0;9
75;50;0;9
76;50;0;9
77;50;0;9
78;50;0;9
79;50;0;9
0;51;0;9
1;51;0;9
2;51;0;9
3;51;0;9
4;51;0;9
5;51;0;9
6;51;0;9
7;51;0;9
8;51;0;9
9;51;0;9
10;51;0;9
11;51;0;9
12;51;0;9
13;51;0;9
14;51;0;9
15;51;0;9
16;51;0;9
17;51;0;9
18;51;0;9
19;51;0;9
20;51;0;9
21;51;0;9
22;51;0;9
23;51;0;9
24;51;0;9
25;51;0;9
26;51;15;9
27;51;15;9
28;51;15;9
29;51;15;9
30;51;15;9
31;51;15;9
32;51;15;9
33;51;15;9
34;51;15;9
35;51;15;9
36;51;15;9
37;51;15;9
38;51;15;9
39;51;15;9
40;51;15;9
41;51;15;9
42;51;15;9
43;51;15;9
44;51;15;9
45;51;0;9
46;51;0;9
47;51;15;9
48;51;15;9
49;51;15;9
50;51;15;9
51;51;15;9
52;51;15;9
53;51;15;9
54;51;15;9
55;51;15;9
56;51;15;9
57;51;15;9
58;51;15;9
59;51;0;9
60;51;0;9
61;51;0;9
62;51;0;9
63;51;0;9
64;51;0;9
65;51;0;9
66;51;0;9
67;51;0;9
68;51;0;9
69;51;0;9
70;51;0;9
71;51;0;9
72;51;0;9
73;51;0;9
74;51;0;9
75;51;0;9
76;51;0;9
77;51;0;9
78;51;0;9
79;51;0;9
0;52;0;9
1;52;0;9
2;52;0;9
3;52;0;9
4;52;0;9
5;52;0;9
6;52;0;9
7;52;0;9
8;52;0;9
9;52;0;9
10;52;0;9
11;52;0;9
12;52;0;9
13;52;0;9
14;52;0;9
15;52;0;9
16;52;0;9
17;52;0;9
18;52;0;9
19;52;0;9
20;52;0;9
21;52;0;9
22;52;0;9
23;52;0;9
24;52;0;9
25;52;0;9
26;52;15;9
27;52;15;9
28;52;15;9
29;52;15;9
30;52;15;9
31;52;15;9
32;52;15;9
33;52;15;9
34;52;15;9
35;52;15;9
36;52;15;9
37;52;15;9
38;52;15;9
39;52;15;9
40;52;15;9
41;52;15;9
42;52;15;9
43;52;15;9
44;52;15;9
45;52;0;9
46;52;0;9
47;52;0;9
48;52;0;9
49;52;0;9
50;52;15;9
51;52;15;9
52;52;15;9
53;52;15;9
54;52;15;9
55;52;15;9
56;52;0;9
57;52;0;9
58;52;0;9
59;52;0;9
60;52;0;9
61;52;0;9
62;52;0;9
63;52;0;9
64;52;0;9
65;52;0;9
66;52;0;9
67;52;0;9
68;52;0;9
69;52;0;9
70;52;0;9
71;52;0;9
72;52;0;9
73;52;0;9
74;52;0;9
75;52;0;9
76;52;0;9
77;52;0;9
78;52;0;9
79;52;0;9
0;53;0;9
1;53;0;9
2;53;0;9
3;53;0;9
4;53;0;9
5;53;0;9
6;53;0;9
7;53;0;9
8;53;0;9
9;53;0;9
10;53;0;9
11;53;0;9
12;53;0;9
13;53;0;9
14;53;0;9
15;53;0;9
16;53;0;9
17;53;0;9
18;53;0;9
19;53;0;9
20;53;0;9
21;53;0;9
22;53;0;9
23;53;0;9
24;53;0;9
25;53;0;9
26;53;15;9
27;53;15;9
28;53;15;9
29;53;15;9
30;53;15;9
31;53;15;9
32;53;15;9
33;53;15;9
34;53;15;9
35;53;15;9
36;53;15;9
37;53;15;9
38;53;15;9
39;53;15;9
40;53;15;9
41;53;15;9
42;53;15;9
43;53;15;9
44;53;0;9
45;53;0;9
46;53;0;9
47;53;0;9
48;53;0;9
49;53;0;9
50;53;0;9
51;53;0;9
52;53;0;9
53;53;0;9
54;53;0;9
55;53;0;9
56;53;0;9
57;53;0;9
58;53;0;9
59;53;0;9
60;53;0;9
61;53;0;9
62;53;0;9
63;53;0;9
64;53;0;9
65;53;0;9
66;53;0;9
67;53;0;9
68;53;0;9
69;53;0;9
70;53;0;9
71;53;0;9
72;53;0;9
73;53;0;9
74;53;0;9
75;53;0;9
76;53;0;9
77;53;0;9
78;53;0;9
79;53;0;9
0;54;0;9
1;54;0;9
2;54;0;9
3;54;0;9
4;54;0;9
5;54;0;9
6;54;0;9
7;54;0;9
8;54;0;9
9;54;0;9
10;54;0;9
11;54;0;9
12;54;0;9
13;54;0;9
14;54;0;9
15;54;0;9
16;54;0;9
17;54;0;9
18;54;0;9
19;54;0;9
20;54;0;9
21;54;0;9
22;54;0;9
23;54;0;9
24;54;0;9
25;54;0;9
26;54;15;9
27;54;15;9
28;54;15;9
29;54;15;9
30;54;15;9
31;54;15;9
32;54;15;9
33;54;15;9
34;54;15;9
35;54;15;9
36;54;15;9
37;54;15;9
38;54;15;9
39;54;15;9
40;54;15;9
41;54;15;9
42;54;15;9
43;54;15;9
44;54;0;9
45;54;0;9
46;54;0;9
47;54;0;9
48;54;0;9
49;54;0;9
50;54;0;9
51;54;0;9
52;54;0;9
53;54;0;9
54;54;0;9
55;54;0;9
56;54;0;9
57;54;0;9
58;54;0;9
59;54;0;9
60;54;0;9
61;54;0;9
62;54;0;9
63;54;0;9
64;54;0;9
65;54;0;9
66;54;0;9
67;54;0;9
68;54;0;9
69;54;0;9
70;54;0;9
71;54;0;9
72;54;0;9
73;54;0;9
74;54;0;9
75;54;0;9
76;54;0;9
77;54;0;9
78;54;0;9
79;54;0;9
0;55;0;9
1;55;0;9
2;55;0;9
3;55;0;9
4;55;0;9
5;55;0;9
6;55;0;9
7;55;0;9
8;55;0;9
9;55;0;9
10;55;0;9
11;55;0;9
12;55;0;9
13;55;0;9
14;55;0;9
15;55;0;9
16;55;0;9
17;55;0;9
18;55;0;9
19;55;0;9
20;55;0;9
21;55;0;9
22;55;0;9
23;55;0;9
24;55;0;9
25;55;0;9
26;55;15;9
27;55;15;9
28;55;15;9
29;55;15;9
30;55;15;9
31;55;15;9
32;55;15;9
33;55;15;9
34;55;15;9
35;55;15;9
36;55;15;9
37;55;15;9
38;55;15;9
39;55;15;9
40;55;15;9
41;55;15;9
42;55;15;9
43;55;42;9
44;55;0;9
45;55;0;9
46;55;0;9
47;55;0;9
48;55;0;9
49;55;0;9
50;55;0;9
51;55;0;9
52;55;0;9
53;55;0;9
54;55;0;9
55;55;0;9
56;55;0;9
57;55;0;9
58;55;0;9
59;55;0;9
60;55;0;9
61;55;0;9
62;55;0;9
63;55;0;9
64;55;0;9
65;55;0;9
66;55;0;9
67;55;0;9
68;55;0;9
69;55;0;9
70;55;0;9
71;55;0;9
72;55;0;9
73;55;0;9
74;55;0;9
75;55;0;9
76;55;0;9
77;55;0;9
78;55;0;9
79;55;0;9
0;56;0;9
1;56;0;9
2;56;0;9
3;56;0;9
4;56;0;9
5;56;0;9
6;56;0;9
7;56;0;9
8;56;0;9
9;56;0;9
10;56;0;9
11;56;0;9
12;56;0;9
13;56;0;9
14;56;0;9
15;56;0;9
16;56;0;9
17;56;0;9
18;56;0;9
19;56;0;9
20;56;0;9
21;56;0;9
22;56;0;9
23;56;0;9
24;56;0;9
25;56;0;9
26;56;15;9
27;56;15;9
28;56;15;9
29;56;15;9
30;56;15;9
31;56;15;9
32;56;15;9
33;56;15;9
34;56;15;9
35;56;15;9
36;56;15;9
37;56;15;9
38;56;15;9
39;56;15;9
40;56;15;9
41;56;15;9
42;56;15;9
43;56;0;9
44;56;0;9
45;56;0;9
46;56;0;9
47;56;0;9
48;56;0;9
49;56;0;9
50;56;0;9
51;56;0;9
52;56;0;9
53;56;0;9
54;56;0;9
55;56;0;9
56;56;0;9
57;56;0;9
58;56;0;9
59;56;0;9
60;56;0;9
61;56;0;9
62;56;0;9
63;56;0;9
64;56;0;9
65;56;0;9
66;56;0;9
67;56;0;9
68;56;0;9
69;56;0;9
70;56;0;9
71;56;0;9
72;56;0;9
73;56;0;9
74;56;0;9
75;56;0;9
76;56;0;9
77;56;0;9
78;56;0;9
79;56;0;9
0;57;0;9
1;57;0;9
2;57;0;9
3;57;0;9
4;57;0;9
5;57;0;9
6;57;0;9
7;57;0;9
8;57;0;9
9;57;0;9
10;57;0;9
11;57;0;9
12;57;0;9
13;57;0;9
14;57;0;9
15;57;0;9
16;57;0;9
17;57;0;9
18;57;0;9
19;57;0;9
20;57;0;9
21;57;0;9
22;57;0;9
23;57;0;9
24;57;0;9
25;57;0;9
26;57;0;9
27;57;0;9
28;57;0;9
29;57;15;9
30;57;15;9
31;57;15;9
32;57;15;9
33;57;15;9
34;57;15;9
35;57;15;9
36;57;15;9
37;57;15;9
38;57;15;9
39;57;0;9
40;57;0;9
41;57;0;9
42;57;0;9
43;57;0;9
44;57;0;9
45;57;0;9
46;57;0;9
47;57;0;9
48;57;0;9
49;57;0;9
50;57;0;9
51;57;0;9
52;57;0;9
53;57;0;9
54;57;0;9
55;57;0;9
56;57;0;9
57;57;0;9
58;57;0;9
59;57;0;9
60;57;0;9
61;57;0;9
62;57;0;9
63;57;0;9
64;57;0;9
65;57;0;9
66;57;0;9
67;57;0;9
68;57;0;9
69;57;0;9
70;57;0;9
71;57;0;9
72;57;0;9
73;57;0;9
74;57;0;9
75;57;0;9
76;57;0;9
77;57;0;9
78;57;0;9
79;57;0;9
0;58;0;9
1;58;0;9
2;58;0;9
3;58;0;9
4;58;0;9
5;58;0;9
6;58;0;9
7;58;0;9
8;58;0;9
9;58;0;9
10;58;0;9
11;58;0;9
12;58;0;9
13;58;0;9
14;58;0;9
15;58;0;9
16;58;0;9
17;58;0;9
18;58;0;9
19;58;0;9
20;58;0;9
21;58;0;9
22;58;0;9
23;58;0;9
24;58;0;9
25;58;0;9
26;58;0;9
27;58;0;9
28;58;0;9
29;58;0;9
30;58;0;9
31;58;0;9
32;58;0;9
33;58;0;9
34;58;0;9
35;58;0;9
36;58;0;9
37;58;0;9
38;58;0;9
39;58;0;9
40;58;0;9
41;58;0;9
42;58;0;9
43;58;0;9
44;58;0;9
45;58;0;9
46;58;0;9
47;58;0;9
48;58;0;9
49;58;0;9
50;58;0;9
51;58;0;9
52;58;0;9
53;58;0;9
54;58;0;9
55;58;0;9
56;58;0;9
57;58;0;9
58;58;0;9
59;58;0;9
60;58;0;9
61;58;0;9
62;58;0;9
63;58;0;9
64;58;0;9
65;58;0;9
66;58;0;9
67;58;0;9
68;58;0;9
69;58;0;9
70;58;0;9
71;58;0;9
72;58;0;9
73;58;0;9
74;58;0;9
75;58;0;9
76;58;0;9
77;58;0;9
78;58;0;9
79;58;0;9
0;59;0;9
1;59;0;9
2;59;0;9
3;59;0;9
4;59;0;9
5;59;0;9
6;59;0;9
7;59;0;9
8;59;0;9
9;59;0;9
10;59;0;9
11;59;0;9
12;59;0;9
13;59;0;9
14;59;0;9
15;59;0;9
16;59;0;9
17;59;0;9
18;59;0;9
19;59;0;9
20;59;0;9
21;59;0;9
22;59;0;9
23;59;0;9
24;59;0;9
25;59;0;9
26;59;0;9
27;59;0;9
28;59;0;9
29;59;0;9
30;59;0;9
31;59;0;9
32;59;0;9
33;59;0;9
34;59;0;9
35;59;0;9
36;59;0;9
37;59;0;9
38;59;0;9
39;59;0;9
40;59;0;9
41;59;0;9
42;59;0;9
43;59;0;9
44;59;0;9
45;59;0;9
46;59;0;9
47;59;0;9
48;59;0;9
49;59;0;9
50;59;0;9
51;59;0;9
52;59;0;9
53;59;0;9
54;59;0;9
55;59;0;9
56;59;0;9
57;59;0;9
58;59;0;9
59;59;0;9
60;59;0;9
61;59;0;9
62;59;0;9
63;59;0;9
64;59;0;9
65;59;0;9
66;59;0;9
67;59;0;9
68;59;0;9
69;59;0;9
70;59;0;9
71;59;0;9
72;59;0;9
73;59;0;9
74;59;0;9
75;59;0;9
76;59;0;9
77;59;0;9
78;59;0;9
79;59;0;9
0;60;0;9
1;60;0;9
2;60;0;9
3;60;0;9
4;60;0;9
5;60;0;9
6;60;0;9
7;60;0;9
8;60;0;9
9;60;0;9
10;60;0;9
11;60;0;9
12;60;0;9
13;60;0;9
14;60;0;9
15;60;0;9
16;60;0;9
17;60;0;9
18;60;0;9
19;60;0;9
20;60;0;9
21;60;0;9
22;60;0;9
23;60;0;9
24;60;0;9
25;60;0;9
26;60;0;9
27;60;0;9
28;60;0;9
29;60;0;9
30;60;0;9
31;60;0;9
32;60;0;9
33;60;0;9
34;60;0;9
35;60;0;9
36;60;0;9
37;60;0;9
38;60;0;9
39;60;0;9
40;60;0;9
41;60;0;9
42;60;0;9
43;60;0;9
44;60;0;9
45;60;0;9
46;60;0;9
47;60;0;9
48;60;0;9
49;60;0;9
50;60;0;9
51;60;0;9
52;60;0;9
53;60;0;9
54;60;0;9
55;60;0;9
56;60;0;9
57;60;0;9
58;60;0;9
59;60;0;9
60;60;0;9
61;60;0;9
62;60;0;9
63;60;0;9
64;60;0;9
65;60;0;9
66;60;0;9
67;60;0;9
68;60;0;9
69;60;0;9
70;60;0;9
71;60;0;9
72;60;0;9
73;60;0;9
74;60;0;9
75;60;0;9
76;60;0;9
77;60;0;9
78;60;0;9
79;60;0;9
0;61;0;9
1;61;0;9
2;61;0;9
3;61;0;9
4;61;0;9
5;61;0;9
6;61;0;9
7;61;0;9
8;61;0;9
9;61;0;9
10;61;0;9
11;61;0;9
12;61;0;9
13;61;0;9
14;61;0;9
15;61;0;9
16;61;0;9
17;61;0;9
18;61;0;9
19;61;0;9
20;61;0;9
21;61;0;9
22;61;0;9
23;61;0;9
24;61;0;9
25;61;0;9
26;61;0;9
27;61;0;9
28;61;0;9
29;61;0;9
30;61;0;9
31;61;0;9
32;61;0;9
33;61;0;9
34;61;0;9
35;61;0;9
36;61;0;9
37;61;0;9
38;61;0;9
39;61;0;9
40;61;0;9
41;61;0;9
42;61;0;9
43;61;0;9
44;61;0;9
45;61;0;9
46;61;0;9
47;61;0;9
48;61;0;9
49;61;0;9
50;61;0;9
51;61;0;9
52;61;0;9
53;61;0;9
54;61;0;9
55;61;0;9
56;61;0;9
57;61;0;9
58;61;0;9
59;61;0;9
60;61;0;9
61;61;0;9
62;61;0;9
63;61;0;9
64;61;0;9
65;61;0;9
66;61;0;9
67;61;0;9
68;61;0;9
69;61;0;9
70;61;0;9
71;61;0;9
72;61;0;9
73;61;0;9
74;61;0;9
75;61;0;9
76;61;0;9
77;61;0;9
78;61;0;9
79;61;0;9
0;62;0;9
1;62;0;9
2;62;0;9
3;62;0;9
4;62;0;9
5;62;0;9
6;62;0;9
7;62;0;9
8;62;0;9
9;62;0;9
10;62;0;9
11;62;0;9
12;62;0;9
13;62;0;9
14;62;0;9
15;62;0;9
16;62;0;9
17;62;0;9
18;62;0;9
19;62;0;9
20;62;0;9
21;62;0;9
22;62;0;9
23;62;0;9
24;62;0;9
25;62;0;9
26;62;0;9
27;62;0;9
28;62;0;9
29;62;0;9
30;62;0;9
31;62;0;9
32;62;0;9
33;62;0;9
34;62;0;9
35;62;0;9
36;62;0;9
37;62;0;9
38;62;0;9
39;62;0;9
40;62;0;9
41;62;0;9
42;62;0;9
43;62;0;9
44;62;0;9
45;62;0;9
46;62;0;9
47;62;0;9
48;62;0;9
49;62;0;9
50;62;0;9
51;62;0;9
52;62;0;9
53;62;0;9
54;62;0;9
55;62;0;9
56;62;0;9
57;62;0;9
58;62;0;9
59;62;0;9
60;62;0;9
61;62;0;9
62;62;0;9
63;62;0;9
64;62;0;9
65;62;0;9
66;62;0;9
67;62;0;9
68;62;0;9
69;62;0;9
70;62;0;9
71;62;0;9
72;62;0;9
73;62;0;9
74;62;0;9
75;62;0;9
76;62;0;9
77;62;0;9
78;62;0;9
79;62;0;9
0;63;0;9
1;63;0;9
2;63;0;9
3;63;0;9
4;63;0;9
5;63;0;9
6;63;0;9
7;63;0;9
8;63;0;9
9;63;0;9
10;63;0;9
11;63;0;9
12;63;0;9
13;63;0;9
14;63;0;9
15;63;0;9
16;63;0;9
17;63;0;9
18;63;0;9
19;63;0;9
20;63;0;9
21;63;0;9
22;63;0;9
23;63;0;9
24;63;0;9
25;63;0;9
26;63;0;9
27;63;0;9
28;63;0;9
29;63;0;9
30;63;0;9
31;63;0;9
32;63;0;9
33;63;0;9
34;63;0;9
35;63;0;9
36;63;0;9
37;63;0;9
38;63;0;9
39;63;0;9
40;63;0;9
41;63;0;9
42;63;0;9
43;63;0;9
44;63;0;9
45;63;0;9
46;63;0;9
47;63;0;9
48;63;0;9
49;63;0;9
50;63;0;9
51;63;0;9
52;63;0;9
53;63;0;9
54;63;0;9
55;63;0;9
56;63;0;9
57;63;0;9
58;63;0;9
59;63;0;9
60;63;0;9
61;63;0;9
62;63;0;9
63;63;0;9
64;63;0;9
65;63;0;9
66;63;0;9
67;63;0;9
68;63;0;9
69;63;0;9
70;63;0;9
71;63;0;9
72;63;0;9
73;63;0;9
74;63;0;9
75;63;0;9
76;63;0;9
77;63;0;9
78;63;0;9
79;63;0;9
0;64;0;9
1;64;0;9
2;64;0;9
3;64;0;9
4;64;0;9
5;64;0;9
6;64;0;9
7;64;0;9
8;64;0;9
9;64;0;9
10;64;0;9
11;64;0;9
12;64;0;9
13;64;0;9
14;64;0;9
15;64;0;9
16;64;0;9
17;64;0;9
18;64;0;9
19;64;0;9
20;64;0;9
21;64;0;9
22;64;0;9
23;64;0;9
24;64;0;9
25;64;0;9
26;64;0;9
27;64;0;9
28;64;0;9
29;64;0;9
30;64;0;9
31;64;0;9
32;64;0;9
33;64;0;9
34;64;0;9
35;64;0;9
36;64;0;9
37;64;0;9
38;64;0;9
39;64;0;9
40;64;0;9
41;64;0;9
42;64;0;9
43;64;0;9
44;64;0;9
45;64;0;9
46;64;0;9
47;64;0;9
48;64;0;9
49;64;0;9
50;64;0;9
51;64;0;9
52;64;0;9
53;64;0;9
54;64;0;9
55;64;0;9
56;64;0;9
57;64;0;9
58;64;0;9
59;64;0;9
60;64;0;9
61;64;0;9
62;64;0;9
63;64;0;9
64;64;0;9
65;64;0;9
66;64;0;9
67;64;0;9
68;64;0;9
69;64;0;9
70;64;0;9
71;64;0;9
72;64;0;9
73;64;0;9
74;64;0;9
75;64;0;9
76;64;0;9
77;64;0;9
78;64;0;9
79;64;0;9
0;65;0;9
1;65;0;9
2;65;0;9
3;65;0;9
4;65;0;9
5;65;0;9
6;65;0;9
7;65;0;9
8;65;0;9
9;65;0;9
10;65;0;9
11;65;0;9
12;65;0;9
13;65;0;9
14;65;0;9
15;65;0;9
16;65;0;9
17;65;0;9
18;65;0;9
19;65;0;9
20;65;0;9
21;65;0;9
22;65;0;9
23;65;0;9
24;65;0;9
25;65;0;9
26;65;0;9
27;65;0;9
28;65;0;9
29;65;0;9
30;65;0;9
31;65;0;9
32;65;0;9
33;65;0;9
34;65;0;9
35;65;0;9
36;65;0;9
37;65;0;9
38;65;0;9
39;65;0;9
40;65;0;9
41;65;0;9
42;65;0;9
43;65;0;9
44;65;0;9
45;65;0;9
46;65;0;9
47;65;0;9
48;65;0;9
49;65;0;9
50;65;0;9
51;65;0;9
52;65;0;9
53;65;0;9
54;65;0;9
55;65;0;9
56;65;0;9
57;65;0;9
58;65;0;9
59;65;0;9
60;65;0;9
61;65;0;9
62;65;0;9
63;65;0;9
64;65;0;9
65;65;0;9
66;65;0;9
67;65;0;9
68;65;0;9
69;65;0;9
70;65;0;9
71;65;0;9
72;65;0;9
73;65;0;9
74;65;0;9
75;65;0;9
76;65;0;9
77;65;0;9
78;65;0;9
79;65;0;9
0;66;0;9
1;66;0;9
2;66;0;9
3;66;0;9
4;66;0;9
5;66;0;9
6;66;0;9
7;66;0;9
8;66;0;9
9;66;0;9
10;66;0;9
11;66;0;9
12;66;0;9
13;66;0;9
14;66;0;9
15;66;0;9
16;66;0;9
17;66;0;9
18;66;0;9
19;66;0;9
20;66;0;9
21;66;0;9
22;66;0;9
23;66;0;9
24;66;0;9
25;66;0;9
26;66;0;9
27;66;0;9
28;66;0;9
29;66;0;9
30;66;0;9
31;66;0;9
32;66;0;9
33;66;0;9
34;66;0;9
35;66;0;9
36;66;0;9
37;66;0;9
38;66;0;9
39;66;0;9
40;66;0;9
41;66;0;9
42;66;0;9
43;66;0;9
44;66;0;9
45;66;0;9
46;66;0;9
47;66;0;9
48;66;0;9
49;66;0;9
50;66;0;9
51;66;0;9
52;66;0;9
53;66;0;9
54;66;0;9
55;66;0;9
56;66;0;9
57;66;0;9
58;66;0;9
59;66;0;9
60;66;0;9
61;66;0;9
62;66;0;9
63;66;0;9
64;66;0;9
65;66;0;9
66;66;0;9
67;66;0;9
68;66;0;9
69;66;0;9
70;66;0;9
71;66;0;9
72;66;0;9
73;66;0;9
74;66;0;9
75;66;0;9
76;66;0;9
77;66;0;9
78;66;0;9
79;66;0;9
0;67;0;9
1;67;0;9
2;67;0;9
3;67;0;9
4;67;0;9
5;67;0;9
6;67;0;9
7;67;0;9
8;67;0;9
9;67;0;9
10;67;0;9
11;67;0;9
12;67;0;9
13;67;0;9
14;67;0;9
15;67;0;9
16;67;0;9
17;67;0;9
18;67;0;9
19;67;0;9
20;67;0;9
21;67;0;9
22;67;0;9
23;67;0;9
24;67;0;9
25;67;0;9
26;67;0;9
27;67;0;9
28;67;0;9
29;67;0;9
30;67;0;9
31;67;0;9
32;67;0;9
33;67;0;9
34;67;0;9
35;67;0;9
36;67;0;9
37;67;0;9
38;67;0;9
39;67;0;9
40;67;0;9
41;67;0;9
42;67;0;9
43;67;0;9
44;67;0;9
45;67;0;9
46;67;0;9
47;67;0;9
48;67;0;9
49;67;0;9
50;67;0;9
51;67;0;9
52;67;0;9
53;67;0;9
54;67;0;9
55;67;0;9
56;67;0;9
57;67;0;9
58;67;0;9
59;67;0;9
60;67;0;9
61;67;0;9
62;67;0;9
63;67;0;9
64;67;0;9
65;67;0;9
66;67;0;9
67;67;0;9
68;67;0;9
69;67;0;9
70;67;0;9
71;67;0;9
72;67;0;9
73;67;0;9
74;67;0;9
75;67;0;9
76;67;0;9
77;67;0;9
78;67;0;9
79;67;0;9
0;68;0;9
1;68;0;9
2;68;0;9
3;68;0;9
4;68;0;9
5;68;0;9
6;68;0;9
7;68;0;9
8;68;0;9
9;68;0;9
10;68;0;9
11;68;0;9
12;68;0;9
13;68;0;9
14;68;0;9
15;68;0;9
16;68;0;9
17;68;0;9
18;68;0;9
19;68;0;9
20;68;0;9
21;68;0;9
22;68;0;9
23;68;0;9
24;68;0;9
25;68;0;9
26;68;0;9
27;68;0;9
28;68;0;9
29;68;0;9
30;68;0;9
31;68;0;9
32;68;0;9
33;68;0;9
34;68;0;9
35;68;0;9
36;68;0;9
37;68;0;9
38;68;0;9
39;68;0;9
40;68;0;9
41;68;0;9
42;68;0;9
43;68;0;9
44;68;0;9
45;68;0;9
46;68;0;9
47;68;0;9
48;68;0;9
49;68;0;9
50;68;0;9
51;68;0;9
52;68;0;9
53;68;0;9
54;68;0;9
55;68;0;9
56;68;0;9
57;68;0;9
58;68;0;9
59;68;0;9
60;68;0;9
61;68;0;9
62;68;0;9
63;68;0;9
64;68;0;9
65;68;0;9
66;68;0;9
67;68;0;9
68;68;0;9
69;68;0;9
70;68;0;9
71;68;0;9
72;68;0;9
73;68;0;9
74;68;0;9
75;68;0;9
76;68;0;9
77;68;0;9
78;68;0;9
79;68;0;9
0;69;0;9
1;69;0;9
2;69;0;9
3;69;0;9
4;69;0;9
5;69;0;9
6;69;0;9
7;69;0;9
8;69;0;9
9;69;0;9
10;69;0;9
11;69;0;9
12;69;0;9
13;69;0;9
14;69;0;9
15;69;0;9
16;69;0;9
17;69;0;9
18;69;0;9
19;69;0;9
20;69;0;9
21;69;0;9
22;69;0;9
23;69;0;9
24;69;0;9
25;69;0;9
26;69;0;9
27;69;0;9
28;69;0;9
29;69;0;9
30;69;0;9
31;69;0;9
32;69;0;9
33;69;0;9
34;69;0;9
35;69;0;9
36;69;0;9
37;69;0;9
38;69;0;9
39;69;0;9
40;69;0;9
41;69;0;9
42;69;0;9
43;69;0;9
44;69;0;9
45;69;0;9
46;69;0;9
47;69;0;9
48;69;0;9
49;69;0;9
50;69;0;9
51;69;0;9
52;69;0;9
53;69;0;9
54;69;0;9
55;69;0;9
56;69;0;9
57;69;0;9
58;69;0;9
59;69;0;9
60;69;0;9
61;69;0;9
62;69;0;9
63;69;0;9
64;69;0;9
65;69;0;9
66;69;0;9
67;69;0;9
68;69;0;9
69;69;0;9
70;69;0;9
71;69;0;9
72;69;0;9
73;69;0;9
74;69;0;9
75;69;0;9
76;69;0;9
77;69;0;9
78;69;0;9
79;69;0;9
0;70;0;9
1;70;0;9
2;70;0;9
3;70;0;9
4;70;0;9
5;70;0;9
6;70;0;9
7;70;0;9
8;70;0;9
9;70;0;9
10;70;0;9
11;70;0;9
12;70;0;9
13;70;0;9
14;70;0;9
15;70;0;9
16;70;0;9
17;70;0;9
18;70;0;9
19;70;0;9
20;70;0;9
21;70;0;9
22;70;0;9
23;70;0;9
24;70;0;9
25;70;0;9
26;70;0;9
27;70;0;9
28;70;0;9
29;70;0;9
30;70;0;9
31;70;0;9
32;70;0;9
33;70;0;9
34;70;0;9
35;70;0;9
36;70;0;9
37;70;0;9
38;70;0;9
39;70;0;9
40;70;0;9
41;70;0;9
42;70;0;9
43;70;0;9
44;70;0;9
45;70;0;9
46;70;0;9
47;70;0;9
48;70;0;9
49;70;0;9
50;70;0;9
51;70;0;9
52;70;0;9
53;70;0;9
54;70;0;9
55;70;0;9
56;70;0;9
57;70;0;9
58;70;0;9
59;70;0;9
60;70;0;9
61;70;0;9
62;70;0;9
63;70;0;9
64;70;0;9
65;70;0;9
66;70;0;9
67;70;0;9
68;70;0;9
69;70;0;9
70;70;0;9
71;70;0;9
72;70;0;9
73;70;0;9
74;70;0;9
75;70;0;9
76;70;0;9
77;70;0;9
78;70;0;9
79;70;0;9
0;71;0;9
1;71;0;9
2;71;0;9
3;71;0;9
4;71;0;9
5;71;0;9
6;71;0;9
7;71;0;9
8;71;0;9
9;71;0;9
10;71;0;9
11;71;0;9
12;71;0;9
13;71;0;9
14;71;0;9
15;71;0;9
16;71;0;9
17;71;0;9
18;71;0;9
19;71;0;9
20;71;0;9
21;71;0;9
22;71;0;9
23;71;0;9
24;71;0;9
25;71;0;9
26;71;0;9
27;71;0;9
28;71;0;9
29;71;0;9
30;71;0;9
31;71;0;9
32;71;0;9
33;71;0;9
34;71;0;9
35;71;0;9
36;71;0;9
37;71;0;9
38;71;0;9
39;71;0;9
40;71;0;9
41;71;0;9
42;71;0;9
43;71;0;9
44;71;0;9
45;71;0;9
46;71;0;9
47;71;0;9
48;71;0;9
49;71;0;9
50;71;0;9
51;71;0;9
52;71;0;9
53;71;0;9
54;71;0;9
55;71;0;9
56;71;0;9
57;71;0;9
58;71;0;9
59;71;0;9
60;71;0;9
61;71;0;9
62;71;0;9
63;71;0;9
64;71;0;9
65;71;0;9
66;71;0;9
67;71;0;9
68;71;0;9
69;71;0;9
70;71;0;9
71;71;0;9
72;71;0;9
73;71;0;9
74;71;0;9
75;71;0;9
76;71;0;9
77;71;0;9
78;71;0;9
79;71;0;9
0;72;0;9
1;72;0;9
2;72;0;9
3;72;0;9
4;72;0;9
5;72;0;9
6;72;0;9
7;72;0;9
8;72;0;9
9;72;0;9
10;72;0;9
11;72;0;9
12;72;0;9
13;72;0;9
14;72;0;9
15;72;0;9
16;72;0;9
17;72;0;9
18;72;0;9
19;72;0;9
20;72;0;9
21;72;0;9
22;72;0;9
23;72;0;9
24;72;0;9
25;72;0;9
26;72;0;9
27;72;0;9
28;72;0;9
29;72;0;9
30;72;0;9
31;72;0;9
32;72;0;9
33;72;0;9
34;72;0;9
35;72;0;9
36;72;0;9
37;72;0;9
38;72;0;9
39;72;0;9
40;72;0;9
41;72;0;9
42;72;0;9
43;72;0;9
44;72;0;9
45;72;0;9
46;72;0;9
47;72;0;9
48;72;0;9
49;72;0;9
50;72;0;9
51;72;0;9
52;72;0;9
53;72;0;9
54;72;0;9
55;72;0;9
56;72;0;9
57;72;0;9
58;72;0;9
59;72;0;9
60;72;0;9
61;72;0;9
62;72;0;9
63;72;0;9
64;72;0;9
65;72;0;9
66;72;0;9
67;72;0;9
68;72;0;9
69;72;0;9
70;72;0;9
71;72;0;9
72;72;0;9
73;72;0;9
74;72;0;9
75;72;0;9
76;72;0;9
77;72;0;9
78;72;0;9
79;72;0;9
0;73;0;9
1;73;0;9
2;73;0;9
3;73;0;9
4;73;0;9
5;73;0;9
6;73;0;9
7;73;0;9
8;73;0;9
9;73;0;9
10;73;0;9
11;73;0;9
12;73;0;9
13;73;0;9
14;73;0;9
15;73;0;9
16;73;0;9
17;73;0;9
18;73;0;9
19;73;0;9
20;73;0;9
21;73;0;9
22;73;0;9
23;73;0;9
24;73;0;9
25;73;0;9
26;73;0;9
27;73;0;9
28;73;0;9
29;73;0;9
30;73;0;9
31;73;0;9
32;73;0;9
33;73;0;9
34;73;0;9
35;73;0;9
36;73;0;9
37;73;0;9
38;73;0;9
39;73;0;9
40;73;0;9
41;73;0;9
42;73;0;9
43;73;0;9
44;73;0;9
45;73;0;9
46;73;0;9
47;73;0;9
48;73;0;9
49;73;0;9
50;73;0;9
51;73;0;9
52;73;0;9
53;73;0;9
54;73;0;9
55;73;0;9
56;73;0;9
57;73;0;9
58;73;0;9
59;73;0;9
60;73;0;9
61;73;0;9
62;73;0;9
63;73;0;9
64;73;0;9
65;73;0;9
66;73;0;9
67;73;0;9
68;73;0;9
69;73;0;9
70;73;0;9
71;73;0;9
72;73;0;9
73;73;0;9
74;73;0;9
75;73;0;9
76;73;0;9
77;73;0;9
78;73;0;9
79;73;0;9
0;74;0;9
1;74;0;9
2;74;0;9
3;74;0;9
4;74;0;9
5;74;0;9
6;74;0;9
7;74;0;9
8;74;0;9
9;74;0;9
10;74;0;9
11;74;0;9
12;74;0;9
13;74;0;9
14;74;0;9
15;74;0;9
16;74;0;9
17;74;0;9
18;74;0;9
19;74;0;9
20;74;0;9
21;74;0;9
22;74;0;9
23;74;0;9
24;74;0;9
25;74;0;9
26;74;0;9
27;74;0;9
28;74;0;9
29;74;0;9
30;74;0;9
31;74;0;9
32;74;0;9
33;74;0;9
34;74;0;9
35;74;0;9
36;74;0;9
37;74;0;9
38;74;0;9
39;74;0;9
40;74;0;9
41;74;0;9
42;74;0;9
43;74;0;9
44;74;0;9
45;74;0;9
46;74;0;9
47;74;0;9
48;74;0;9
49;74;0;9
50;74;0;9
51;74;0;9
52;74;0;9
53;74;0;9
54;74;0;9
55;74;0;9
56;74;0;9
57;74;0;9
58;74;0;9
59;74;0;9
60;74;0;9
61;74;0;9
62;74;0;9
63;74;0;9
64;74;0;9
65;74;0;9
66;74;0;9
67;74;0;9
68;74;0;9
69;74;0;9
70;74;0;9
71;74;0;9
72;74;0;9
73;74;0;9
74;74;0;9
75;74;0;9
76;74;0;9
77;74;0;9
78;74;0;9
79;74;0;9
0;75;0;9
1;75;0;9
2;75;0;9
3;75;0;9
4;75;0;9
5;75;0;9
6;75;0;9
7;75;0;9
8;75;0;9
9;75;0;9
10;75;0;9
11;75;0;9
12;75;0;9
13;75;0;9
14;75;0;9
15;75;0;9
16;75;0;9
17;75;0;9
18;75;0;9
19;75;0;9
20;75;0;9
21;75;0;9
22;75;0;9
23;75;0;9
24;75;0;9
25;75;0;9
26;75;0;9
27;75;0;9
28;75;0;9
29;75;0;9
30;75;0;9
31;75;0;9
32;75;0;9
33;75;0;9
34;75;0;9
35;75;0;9
36;75;0;9
37;75;0;9
38;75;0;9
39;75;0;9
40;75;0;9
41;75;0;9
42;75;0;9
43;75;0;9
44;75;0;9
45;75;0;9
46;75;0;9
47;75;0;9
48;75;0;9
49;75;0;9
50;75;0;9
51;75;0;9
52;75;0;9
53;75;0;9
54;75;0;9
55;75;0;9
56;75;0;9
57;75;0;9
58;75;0;9
59;75;0;9
60;75;0;9
61;75;0;9
62;75;0;9
63;75;0;9
64;75;0;9
65;75;0;9
66;75;0;9
67;75;0;9
68;75;0;9
69;75;0;9
70;75;0;9
71;75;0;9
72;75;0;9
73;75;0;9
74;75;0;9
75;75;0;9
76;75;0;9
77;75;0;9
78;75;0;9
79;75;0;9
0;76;0;9
1;76;0;9
2;76;0;9
3;76;0;9
4;76;0;9
5;76;0;9
6;76;0;9
7;76;0;9
8;76;0;9
9;76;0;9
10;76;0;9
11;76;0;9
12;76;0;9
13;76;0;9
14;76;0;9
15;76;0;9
16;76;0;9
17;76;0;9
18;76;0;9
19;76;0;9
20;76;0;9
21;76;0;9
22;76;0;9
23;76;0;9
24;76;0;9
25;76;0;9
26;76;0;9
27;76;0;9
28;76;0;9
29;76;0;9
30;76;0;9
31;76;0;9
32;76;0;9
33;76;0;9
34;76;0;9
35;76;0;9
36;76;0;9
37;76;0;9
38;76;0;9
39;76;0;9
40;76;0;9
41;76;0;9
42;76;0;9
43;76;0;9
44;76;0;9
45;76;0;9
46;76;0;9
47;76;0;9
48;76;0;9
49;76;0;9
50;76;0;9
51;76;0;9
52;76;0;9
53;76;0;9
54;76;0;9
55;76;0;9
56;76;0;9
57;76;0;9
58;76;0;9
59;76;0;9
60;76;0;9
61;76;0;9
62;76;0;9
63;76;0;9
64;76;0;9
65;76;0;9
66;76;0;9
67;76;0;9
68;76;0;9
69;76;0;9
70;76;0;9
71;76;0;9
72;76;0;9
73;76;0;9
74;76;0;9
75;76;0;9
76;76;0;9
77;76;0;9
78;76;0;9
79;76;0;9
0;77;0;9
1;77;0;9
2;77;0;9
3;77;0;9
4;77;0;9
5;77;0;9
6;77;0;9
7;77;0;9
8;77;0;9
9;77;0;9
10;77;0;9
11;77;0;9
12;77;0;9
13;77;0;9
14;77;0;9
15;77;0;9
16;77;0;9
17;77;0;9
18;77;0;9
19;77;0;9
20;77;0;9
21;77;0;9
22;77;0;9
23;77;0;9
24;77;0;9
25;77;0;9
26;77;0;9
27;77;0;9
28;77;0;9
29;77;0;9
30;77;0;9
31;77;0;9
32;77;0;9
33;77;0;9
34;77;0;9
35;77;0;9
36;77;0;9
37;77;0;9
38;77;0;9
39;77;0;9
40;77;0;9
41;77;0;9
42;77;0;9
43;77;0;9
44;77;0;9
45;77;0;9
46;77;0;9
47;77;0;9
48;77;0;9
49;77;0;9
50;77;0;9
51;77;0;9
52;77;0;9
53;77;0;9
54;77;0;9
55;77;0;9
56;77;0;9
57;77;0;9
58;77;0;9
59;77;0;9
60;77;0;9
61;77;0;9
62;77;0;9
63;77;0;9
64;77;0;9
65;77;0;9
66;77;0;9
67;77;0;9
68;77;0;9
69;77;0;9
70;77;0;9
71;77;0;9
72;77;0;9
73;77;0;9
74;77;0;9
75;77;0;9
76;77;0;9
77;77;0;9
78;77;0;9
79;77;0;9
0;78;0;9
1;78;0;9
2;78;0;9
3;78;0;9
4;78;0;9
5;78;0;9
6;78;0;9
7;78;0;9
8;78;0;9
9;78;0;9
10;78;0;9
11;78;0;9
12;78;0;9
13;78;0;9
14;78;0;9
15;78;0;9
16;78;0;9
17;78;0;9
18;78;0;9
19;78;0;9
20;78;0;9
21;78;0;9
22;78;0;9
23;78;0;9
24;78;0;9
25;78;0;9
26;78;0;9
27;78;0;9
28;78;0;9
29;78;0;9
30;78;0;9
31;78;0;9
32;78;0;9
33;78;0;9
34;78;0;9
35;78;0;9
36;78;0;9
37;78;0;9
38;78;0;9
39;78;0;9
40;78;0;9
41;78;0;9
42;78;0;9
43;78;0;9
44;78;0;9
45;78;0;9
46;78;0;9
47;78;0;9
48;78;0;9
49;78;0;9
50;78;0;9
51;78;0;9
52;78;0;9
53;78;0;9
54;78;0;9
55;78;0;9
56;78;0;9
57;78;0;9
58;78;0;9
59;78;0;9
60;78;0;9
61;78;0;9
62;78;0;9
63;78;0;9
64;78;0;9
65;78;0;9
66;78;0;9
67;78;0;9
68;78;0;9
69;78;0;9
70;78;0;9
71;78;0;9
72;78;0;9
73;78;0;9
74;78;0;9
75;78;0;9
76;78;0;9
77;78;0;9
78;78;0;9
79;78;0;9
0;79;0;9
1;79;0;9
2;79;0;9
3;79;0;9
4;79;0;9
5;79;0;9
6;79;0;9
7;79;0;9
8;79;0;9
9;79;0;9
10;79;0;9
11;79;0;9
12;79;0;9
13;79;0;9
14;79;0;9
15;79;0;9
16;79;0;9
17;79;0;9
18;79;0;9
19;79;0;9
20;79;0;9
21;79;0;9
22;79;0;9
23;79;0;9
24;79;0;9
25;79;0;9
26;79;0;9
27;79;0;9
28;79;0;9
29;79;0;9
30;79;0;9
31;79;0;9
32;79;0;9
33;79;0;9
34;79;0;9
35;79;0;9
36;79;0;9
37;79;0;9
38;79;0;9
39;79;0;9
40;79;0;9
41;79;0;9
42;79;0;9
43;79;0;9
44;79;0;9
45;79;0;9
46;79;0;9
47;79;0;9
48;79;0;9
49;79;0;9
50;79;0;9
51;79;0;9
52;79;0;9
53;79;0;9
54;79;0;9
55;79;0;9
56;79;0;9
57;79;0;9
58;79;0;9
59;79;0;9
60;79;0;9
61;79;0;9
62;79;0;9
63;79;0;9
64;79;0;9
65;79;0;9
66;79;0;9
67;79;0;9
68;79;0;9
69;79;0;9
70;79;0;9
71;79;0;9
72;79;0;9
73;79;0;9
74;79;0;9
75;79;0;9
76;79;0;9
77;79;0;9
78;79;0;9
79;79;0;9
