# Illarion Server
# 
# This program is free software: you can redistribute it and/or modify it under
# the terms of the GNU Affero General Public License as published by the Free
# Software Foundation, either version 3 of the License, or (at your option) any
# later version.
# 
# This program is distributed in the hope that it will be useful, but WITHOUT
# ANY WARRANTY; without even the implied warranty of MERCHANTABILITY or FITNESS
# FOR A PARTICULAR PURPOSE.  See the GNU Affero General Public License for more
# details.
# 
# You should have received a copy of the GNU Affero General Public License along
# with this program.  If not, see <http://www.gnu.org/licenses/>.
V: 2
L: -6
X: 429
Y: 751
W: 30
H: 30
0;0;42;9
0;1;42;9
0;2;42;9
0;3;42;9
0;4;42;9
0;5;42;9
0;6;42;9
0;7;42;9
0;8;15;9
0;9;15;9
0;10;15;9
0;11;15;9
0;12;15;9
0;13;15;9
0;14;15;9
0;15;15;9
0;16;15;9
0;17;15;9
0;18;15;9
0;19;15;9
0;20;15;9
0;21;15;9
0;22;15;9
0;23;15;9
0;24;15;9
0;25;15;9
0;26;15;9
0;27;15;9
0;28;15;9
0;29;42;9
1;0;42;9
1;1;15;9
1;2;2535;9
1;3;7;9
1;4;7;9
1;5;16871;9
1;6;15;9
1;7;15;9
1;8;15;9
1;9;15;9
1;10;15;9
1;11;15;9
1;12;15;9
1;13;15;9
1;14;15;9
1;15;15;9
1;16;15;9
1;17;15;9
1;18;15;9
1;19;15;9
1;20;15;9
1;21;15;9
1;22;15;9
1;23;15;9
1;24;15;9
1;25;15;9
1;26;15;9
1;27;15;9
1;28;15;9
1;29;42;9
2;0;42;9
2;1;15;9
2;2;27111;9
2;3;12775;9
2;4;25063;9
2;5;15;9
2;6;15;9
2;7;15;9
2;8;15;9
2;9;15;9
2;10;15;9
2;11;15;9
2;12;15;9
2;13;26087;9
2;14;28135;9
2;15;15;9
2;16;15;9
2;17;15;9
2;18;15;9
2;19;15;9
2;20;15;9
2;21;15;9
2;22;15;9
2;23;15;9
2;24;15;9
2;25;15;9
2;26;15;9
2;27;15;9
2;28;15;9
2;29;42;9
3;0;42;9
3;1;15;9
3;2;15;9
3;3;15;9
3;4;15;9
3;5;15;9
3;6;15;9
3;7;15;9
3;8;15;9
3;9;15;9
3;10;15;9
3;11;15;9
3;12;15;9
3;13;9703;9
3;14;11751;9
3;15;15;9
3;16;15;9
3;17;15;9
3;18;15;9
3;19;15;9
3;20;15;9
3;21;15;9
3;22;15;9
3;23;15;9
3;24;15;9
3;25;15;9
3;26;15;9
3;27;15;9
3;28;15;9
3;29;42;9
4;0;42;9
4;1;4584;9
4;2;10728;9
4;3;10728;9
4;4;28136;9
4;5;15;9
4;6;15;9
4;7;15;9
4;8;15;9
4;9;15;9
4;10;15;9
4;11;15;9
4;12;15;9
4;13;9703;9
4;14;11751;9
4;15;15;9
4;16;15;9
4;17;15;9
4;18;15;9
4;19;15;9
4;20;15;9
4;21;15;9
4;22;15;9
4;23;15;9
4;24;15;9
4;25;15;9
4;26;15;9
4;27;15;9
4;28;15;9
4;29;42;9
5;0;42;9
5;1;8;9
5;2;8;9
5;3;8;9
5;4;21992;9
5;5;15;9
5;6;15;9
5;7;15;9
5;8;15;9
5;9;15;9
5;10;15;9
5;11;15;9
5;12;15;9
5;13;27111;9
5;14;29159;9
5;15;15;9
5;16;15;9
5;17;15;9
5;18;15;9
5;19;15;9
5;20;15;9
5;21;15;9
5;22;15;9
5;23;15;9
5;24;15;9
5;25;15;9
5;26;15;9
5;27;15;9
5;28;15;9
5;29;42;9
6;0;42;9
6;1;7656;9
6;2;8;9
6;3;16872;9
6;4;15;9
6;5;15;9
6;6;15;9
6;7;15;9
6;8;15;9
6;9;15;9
6;10;15;9
6;11;15;9
6;12;15;9
6;13;15;9
6;14;15;9
6;15;15;9
6;16;15;9
6;17;26087;9
6;18;10727;9
6;19;10727;9
6;20;10727;9
6;21;10727;9
6;22;10727;9
6;23;28135;9
6;24;15;9
6;25;15;9
6;26;15;9
6;27;15;9
6;28;15;9
6;29;42;9
7;0;15;9
7;1;15;9
7;2;8;9
7;3;15;9
7;4;15;9
7;5;15;9
7;6;15;9
7;7;15;9
7;8;15;9
7;9;15;9
7;10;15;9
7;11;15;9
7;12;15;9
7;13;15;9
7;14;15;9
7;15;15;9
7;16;15;9
7;17;27111;9
7;18;12775;9
7;19;7655;9
7;20;7;9
7;21;7;9
7;22;7;9
7;23;11751;9
7;24;15;9
7;25;15;9
7;26;15;9
7;27;15;9
7;28;15;9
7;29;42;9
8;0;15;9
8;1;15;9
8;2;15;9
8;3;15;9
8;4;15;9
8;5;15;9
8;6;15;9
8;7;15;9
8;8;15;9
8;9;15;9
8;10;15;9
8;11;26087;9
8;12;28135;9
8;13;15;9
8;14;15;9
8;15;15;9
8;16;15;9
8;17;15;9
8;18;15;9
8;19;15;9
8;20;24039;9
8;21;12775;9
8;22;12775;9
8;23;29159;9
8;24;15;9
8;25;15;9
8;26;15;9
8;27;15;9
8;28;15;9
8;29;42;9
9;0;15;9
9;1;15;9
9;2;15;9
9;3;15;9
9;4;15;9
9;5;15;9
9;6;15;9
9;7;15;9
9;8;15;9
9;9;15;9
9;10;15;9
9;11;7;9
9;12;21991;9
9;13;15;9
9;14;15;9
9;15;15;9
9;16;15;9
9;17;15;9
9;18;15;9
9;19;15;9
9;20;15;9
9;21;15;9
9;22;15;9
9;23;15;9
9;24;15;9
9;25;15;9
9;26;15;9
9;27;15;9
9;28;15;9
9;29;42;9
10;0;15;9
10;1;15;9
10;2;15;9
10;3;15;9
10;4;15;9
10;5;15;9
10;6;15;9
10;7;15;9
10;8;15;9
10;9;15;9
10;10;17895;9
10;11;7;9
10;12;15;9
10;13;15;9
10;14;15;9
10;15;15;9
10;16;15;9
10;17;15;9
10;18;15;9
10;19;15;9
10;20;15;9
10;21;15;9
10;22;15;9
10;23;15;9
10;24;15;9
10;25;15;9
10;26;15;9
10;27;15;9
10;28;15;9
10;29;42;2
11;0;15;9
11;1;15;9
11;2;15;9
11;3;15;9
11;4;15;9
11;5;15;9
11;6;15;9
11;7;15;9
11;8;15;9
11;9;15;9
11;10;27111;9
11;11;29159;9
11;12;15;9
11;13;15;9
11;14;15;9
11;15;15;9
11;16;15;9
11;17;15;9
11;18;15;9
11;19;15;9
11;20;15;9
11;21;15;9
11;22;15;9
11;23;15;9
11;24;15;9
11;25;15;9
11;26;15;9
11;27;15;9
11;28;15;2
11;29;42;2
12;0;15;9
12;1;15;9
12;2;15;9
12;3;15;9
12;4;15;9
12;5;15;9
12;6;15;9
12;7;15;9
12;8;15;9
12;9;15;9
12;10;15;9
12;11;15;9
12;12;15;9
12;13;15;9
12;14;15;9
12;15;15;9
12;16;15;9
12;17;15;9
12;18;15;9
12;19;15;9
12;20;15;9
12;21;15;9
12;22;15;9
12;23;15;9
12;24;15;9
12;25;15;9
12;26;15;9
12;27;15;9
12;28;15;2
12;29;42;2
13;0;15;9
13;1;15;9
13;2;15;9
13;3;15;9
13;4;15;9
13;5;15;9
13;6;15;9
13;7;15;9
13;8;15;9
13;9;15;9
13;10;15;9
13;11;15;9
13;12;15;9
13;13;15;9
13;14;15;9
13;15;15;9
13;16;15;9
13;17;15;9
13;18;15;9
13;19;15;9
13;20;15;9
13;21;15;9
13;22;15;9
13;23;15;9
13;24;15;9
13;25;15;9
13;26;15;9
13;27;15;9
13;28;15;2
13;29;42;2
14;0;15;9
14;1;15;9
14;2;15;9
14;3;15;9
14;4;15;9
14;5;15;9
14;6;26087;9
14;7;10727;9
14;8;28135;9
14;9;15;9
14;10;15;9
14;11;15;9
14;12;15;9
14;13;15;9
14;14;15;9
14;15;15;9
14;16;15;9
14;17;15;9
14;18;15;9
14;19;15;9
14;20;15;9
14;21;15;9
14;22;26087;9
14;23;10727;9
14;24;10727;9
14;25;28135;9
14;26;15;9
14;27;15;9
14;28;15;2
14;29;42;2
15;0;15;9
15;1;15;9
15;2;15;9
15;3;15;9
15;4;15;9
15;5;15;9
15;6;27111;9
15;7;12775;9
15;8;29159;9
15;9;15;9
15;10;15;9
15;11;15;9
15;12;15;9
15;13;15;9
15;14;15;9
15;15;15;9
15;16;7;9
15;17;15;9
15;18;15;9
15;19;15;9
15;20;15;9
15;21;15;9
15;22;9703;9
15;23;7;9
15;24;7;9
15;25;11751;9
15;26;15;9
15;27;15;9
15;28;15;9
15;29;42;9
16;0;15;9
16;1;15;9
16;2;15;9
16;3;7;9
16;4;15;9
16;5;15;9
16;6;15;9
16;7;15;9
16;8;15;9
16;9;15;9
16;10;15;9
16;11;15;9
16;12;15;9
16;13;15;9
16;14;15;9
16;15;7;9
16;16;7;9
16;17;23015;9
16;18;15;9
16;19;15;9
16;20;15;9
16;21;15;9
16;22;27111;9
16;23;7655;9
16;24;7;9
16;25;11751;9
16;26;15;9
16;27;15;9
16;28;15;9
16;29;42;9
17;0;15;9
17;1;15;9
17;2;15;9
17;3;7;9
17;4;15;9
17;5;15;9
17;6;15;9
17;7;15;9
17;8;15;9
17;9;15;9
17;10;15;9
17;11;15;9
17;12;15;9
17;13;15;9
17;14;15;9
17;15;15;9
17;16;24039;9
17;17;29159;9
17;18;15;9
17;19;15;9
17;20;15;9
17;21;15;9
17;22;15;9
17;23;15;9
17;24;2535;9
17;25;11751;9
17;26;15;9
17;27;15;9
17;28;15;9
17;29;42;9
18;0;15;9
18;1;15;9
18;2;15;9
18;3;7;9
18;4;15;9
18;5;15;9
18;6;15;9
18;7;15;9
18;8;15;9
18;9;15;9
18;10;15;9
18;11;15;9
18;12;15;9
18;13;15;9
18;14;15;9
18;15;15;9
18;16;15;9
18;17;15;9
18;18;15;9
18;19;15;9
18;20;15;9
18;21;15;9
18;22;15;9
18;23;15;9
18;24;27111;9
18;25;29159;9
18;26;15;9
18;27;15;9
18;28;15;9
18;29;42;9
19;0;15;9
19;1;15;9
19;2;15;9
19;3;7;9
19;4;15;9
19;5;15;9
19;6;15;9
19;7;15;9
19;8;15;9
19;9;15;9
19;10;15;9
19;11;15;9
19;12;15;9
19;13;15;9
19;14;15;9
19;15;15;9
19;16;15;9
19;17;15;9
19;18;15;9
19;19;15;9
19;20;15;9
19;21;15;9
19;22;15;9
19;23;15;9
19;24;15;9
19;25;15;9
19;26;15;9
19;27;15;9
19;28;15;9
19;29;42;9
20;0;15;9
20;1;15;9
20;2;15;9
20;3;15;9
20;4;15;9
20;5;15;9
20;6;15;9
20;7;15;9
20;8;15;9
20;9;15;9
20;10;15;9
20;11;15;9
20;12;15;9
20;13;15;9
20;14;15;9
20;15;15;9
20;16;15;9
20;17;15;9
20;18;15;9
20;19;15;9
20;20;15;9
20;21;15;9
20;22;15;9
20;23;15;9
20;24;15;9
20;25;15;9
20;26;15;9
20;27;15;9
20;28;15;9
20;29;42;9
21;0;15;9
21;1;15;9
21;2;15;9
21;3;15;9
21;4;15;9
21;5;15;9
21;6;15;9
21;7;15;9
21;8;15;9
21;9;15;9
21;10;15;9
21;11;15;9
21;12;15;9
21;13;15;9
21;14;15;9
21;15;15;9
21;16;15;9
21;17;15;9
21;18;15;9
21;19;15;9
21;20;15;9
21;21;15;9
21;22;15;9
21;23;15;9
21;24;15;9
21;25;15;9
21;26;15;9
21;27;15;9
21;28;15;9
21;29;42;9
22;0;15;9
22;1;15;9
22;2;15;9
22;3;15;9
22;4;15;9
22;5;15;9
22;6;15;9
22;7;15;9
22;8;15;9
22;9;15;9
22;10;15;9
22;11;15;9
22;12;15;9
22;13;15;9
22;14;15;9
22;15;15;9
22;16;15;9
22;17;15;9
22;18;15;9
22;19;15;9
22;20;15;9
22;21;15;9
22;22;15;9
22;23;15;9
22;24;15;9
22;25;15;9
22;26;15;9
22;27;15;9
22;28;15;9
22;29;42;9
23;0;15;9
23;1;15;9
23;2;15;9
23;3;15;9
23;4;15;9
23;5;15;9
23;6;15;9
23;7;15;9
23;8;15;9
23;9;15;9
23;10;15;9
23;11;15;9
23;12;15;9
23;13;15;9
23;14;15;9
23;15;15;9
23;16;15;9
23;17;15;9
23;18;15;9
23;19;15;9
23;20;15;9
23;21;15;9
23;22;15;9
23;23;15;9
23;24;15;9
23;25;15;9
23;26;15;9
23;27;15;9
23;28;15;9
23;29;42;9
24;0;15;9
24;1;15;9
24;2;15;9
24;3;15;9
24;4;15;9
24;5;15;9
24;6;15;9
24;7;15;9
24;8;15;9
24;9;15;9
24;10;15;9
24;11;15;9
24;12;7;9
24;13;7;9
24;14;7;9
24;15;7;9
24;16;15;9
24;17;15;9
24;18;15;9
24;19;15;9
24;20;15;9
24;21;15;9
24;22;15;9
24;23;15;9
24;24;15;9
24;25;15;9
24;26;15;9
24;27;15;9
24;28;15;9
24;29;42;9
25;0;15;9
25;1;15;9
25;2;15;9
25;3;26087;9
25;4;28135;9
25;5;15;9
25;6;15;9
25;7;15;9
25;8;15;9
25;9;15;9
25;10;15;9
25;11;15;9
25;12;15;9
25;13;15;9
25;14;15;9
25;15;15;9
25;16;15;9
25;17;15;9
25;18;15;9
25;19;15;9
25;20;15;9
25;21;26087;9
25;22;10727;9
25;23;28135;9
25;24;15;9
25;25;15;9
25;26;15;9
25;27;15;9
25;28;15;9
25;29;42;9
26;0;15;9
26;1;15;9
26;2;15;9
26;3;27111;9
26;4;29159;9
26;5;15;9
26;6;15;9
26;7;15;9
26;8;15;9
26;9;15;9
26;10;15;9
26;11;15;9
26;12;15;9
26;13;15;9
26;14;15;9
26;15;15;9
26;16;15;9
26;17;15;9
26;18;15;9
26;19;15;9
26;20;15;9
26;21;27111;9
26;22;12775;9
26;23;29159;9
26;24;15;9
26;25;15;9
26;26;15;9
26;27;15;9
26;28;15;9
26;29;42;9
27;0;15;9
27;1;15;9
27;2;15;9
27;3;15;9
27;4;15;9
27;5;15;9
27;6;15;9
27;7;15;9
27;8;15;9
27;9;15;9
27;10;15;9
27;11;15;9
27;12;15;9
27;13;15;9
27;14;15;9
27;15;15;9
27;16;15;9
27;17;15;9
27;18;15;9
27;19;15;9
27;20;15;9
27;21;15;9
27;22;15;9
27;23;15;9
27;24;15;9
27;25;15;9
27;26;15;9
27;27;15;9
27;28;15;9
27;29;42;9
28;0;15;9
28;1;15;9
28;2;15;9
28;3;15;9
28;4;15;9
28;5;15;9
28;6;15;9
28;7;15;9
28;8;15;9
28;9;15;9
28;10;15;9
28;11;15;9
28;12;15;9
28;13;15;9
28;14;15;9
28;15;15;9
28;16;15;9
28;17;15;9
28;18;15;9
28;19;15;9
28;20;15;9
28;21;15;9
28;22;15;9
28;23;15;9
28;24;15;9
28;25;15;9
28;26;15;9
28;27;15;9
28;28;15;9
28;29;42;9
29;0;42;9
29;1;42;9
29;2;42;9
29;3;42;9
29;4;42;9
29;5;42;9
29;6;42;9
29;7;42;9
29;8;42;9
29;9;42;9
29;10;42;9
29;11;42;9
29;12;42;9
29;13;42;9
29;14;42;9
29;15;42;9
29;16;15;9
29;17;15;9
29;18;15;9
29;19;15;9
29;20;15;9
29;21;15;9
29;22;15;9
29;23;15;9
29;24;15;9
29;25;15;9
29;26;15;9
29;27;15;9
29;28;42;9
29;29;42;9
