# Illarion Server
# 
# This program is free software: you can redistribute it and/or modify it under
# the terms of the GNU Affero General Public License as published by the Free
# Software Foundation, either version 3 of the License, or (at your option) any
# later version.
# 
# This program is distributed in the hope that it will be useful, but WITHOUT
# ANY WARRANTY; without even the implied warranty of MERCHANTABILITY or FITNESS
# FOR A PARTICULAR PURPOSE.  See the GNU Affero General Public License for more
# details.
# 
# You should have received a copy of the GNU Affero General Public License along
# with this program.  If not, see <http://www.gnu.org/licenses/>.
V: 2
L: -3
X: 512
Y: 516
W: 50
H: 54
0;0;6;2
1;0;6;2
2;0;6;2
3;0;6;2
4;0;6;2
5;0;6;2
6;0;6;2
7;0;6;2
8;0;6;2
9;0;6;2
10;0;6;2
11;0;6;2
12;0;6;2
13;0;6;2
14;0;6;2
15;0;6;2
16;0;6;2
17;0;6;2
18;0;6;2
19;0;6;2
20;0;6;2
21;0;6;2
22;0;6;2
23;0;6;2
24;0;6;2
25;0;6;2
26;0;6;2
27;0;6;2
28;0;6;2
29;0;6;2
30;0;6;2
31;0;6;2
32;0;6;2
33;0;6;2
34;0;6;2
35;0;6;2
36;0;6;2
37;0;6;2
38;0;6;2
39;0;6;2
40;0;6;2
41;0;6;2
42;0;6;2
43;0;6;2
44;0;6;2
45;0;6;2
46;0;6;2
47;0;6;2
48;0;6;2
49;0;6;2
0;1;6;2
1;1;6;2
2;1;6;2
3;1;6;2
4;1;6;2
5;1;6;2
6;1;6;2
7;1;6;2
8;1;6;2
9;1;6;2
10;1;6;2
11;1;6;2
12;1;6;2
13;1;6;2
14;1;6;2
15;1;6;2
16;1;6;2
17;1;6;2
18;1;6;2
19;1;6;2
20;1;6;2
21;1;6;2
22;1;6;2
23;1;6;2
24;1;6;2
25;1;6;2
26;1;6;2
27;1;6;2
28;1;6;2
29;1;6;2
30;1;6;2
31;1;6;2
32;1;6;2
33;1;6;2
34;1;6;2
35;1;6;2
36;1;6;2
37;1;6;2
38;1;6;2
39;1;6;2
40;1;6;2
41;1;6;2
42;1;6;2
43;1;6;2
44;1;6;2
45;1;6;2
46;1;6;2
47;1;6;2
48;1;6;2
49;1;6;2
0;2;6;2
1;2;6;2
2;2;6;2
3;2;6;2
4;2;6;2
5;2;6;2
6;2;6;2
7;2;6;2
8;2;6;2
9;2;6;2
10;2;6;2
11;2;6;2
12;2;6;2
13;2;6;2
14;2;6214;2
15;2;5190;2
16;2;6;2
17;2;6;2
18;2;6;2
19;2;6;2
20;2;6;2
21;2;6;2
22;2;6;2
23;2;6214;2
24;2;11334;2
25;2;11334;2
26;2;5190;2
27;2;6;2
28;2;6;2
29;2;6;2
30;2;6;2
31;2;6;2
32;2;6214;2
33;2;11334;2
34;2;11334;2
35;2;5190;2
36;2;6;2
37;2;6;2
38;2;6;2
39;2;6;2
40;2;6;2
41;2;6406;2
42;2;11526;2
43;2;5382;2
44;2;6214;2
45;2;11334;2
46;2;11334;2
47;2;11334;2
48;2;21574;2
49;2;2;2
0;3;6;2
1;3;6;2
2;3;6;2
3;3;6;2
4;3;6;2
5;3;6;2
6;3;6;2
7;3;6;2
8;3;6;2
9;3;6;2
10;3;6;2
11;3;6;2
12;3;6;2
13;3;16454;2
14;3;2;2
15;3;2;2
16;3;4166;2
17;3;6;2
18;3;6;2
19;3;6406;2
20;3;5382;2
21;3;6214;2
22;3;21574;2
23;3;2;2
24;3;2;2
25;3;2;2
26;3;2;2
27;3;15430;2
28;3;6;2
29;3;6;2
30;3;6;2
31;3;8262;2
32;3;2;2
33;3;2;2
34;3;2;2
35;3;2;2
36;3;22598;2
37;3;11334;2
38;3;11334;2
39;3;5190;2
40;3;16646;2
41;3;8;2
42;3;8;2
43;3;8;2
44;3;2;2
45;3;2;2
46;3;2;2
47;3;2;2
48;3;2;2
49;3;2;2
0;4;6;2
1;4;6;2
2;4;6;2
3;4;6;2
4;4;6;2
5;4;6;2
6;4;6;2
7;4;6;2
8;4;6;2
9;4;6;2
10;4;6;2
11;4;6;2
12;4;8262;2
13;4;2;2
14;4;2;2
15;4;2;2
16;4;10310;2
17;4;6;2
18;4;8454;2
19;4;8;2
20;4;8;2
21;4;4354;2
22;4;2;2
23;4;2;2
24;4;2;2
25;4;2;2
26;4;2;2
27;4;2;2
28;4;15430;2
29;4;6;2
30;4;6;2
31;4;24646;2
32;4;2;2
33;4;6658;2
34;4;5634;2
35;4;2;2
36;4;2;2
37;4;2;2
38;4;2;2
39;4;8450;2
40;4;8;2
41;4;8;2
42;4;8;2
43;4;13570;2
44;4;2;2
45;4;2;2
46;4;2;2
47;4;17478;2
48;4;18502;2
49;4;2;2
0;5;6;2
1;5;6;2
2;5;6;2
3;5;6;2
4;5;6;2
5;5;6;2
6;5;6;2
7;5;6;2
8;5;6;2
9;5;6;2
10;5;6;2
11;5;6214;2
12;5;28742;2
13;5;2;2
14;5;2;2
15;5;2;2
16;5;27718;2
17;5;21574;2
18;5;7426;2
19;5;8;2
20;5;8;2
21;5;3330;2
22;5;2;2
23;5;2;2
24;5;2;2
25;5;2;2
26;5;2;2
27;5;2;2
28;5;2;2
29;5;22598;2
30;5;21574;2
31;5;2;2
32;5;16898;2
33;5;16;2
34;5;16;2
35;5;2;2
36;5;2;2
37;5;2;2
38;5;2;2
39;5;12546;2
40;5;8;2
41;5;8;2
42;5;19714;2
43;5;2;2
44;5;2;2
45;5;2;2
46;5;19526;2
47;5;6;2
48;5;6;2
49;5;6;2
0;6;6;2
1;6;6;2
2;6;6;2
3;6;6;2
4;6;6;2
5;6;6;2
6;6;6;2
7;6;6;2
8;6;6;2
9;6;6;2
10;6;16454;2
11;6;2;2
12;6;2;2
13;6;2;2
14;6;2;2
15;6;2;2
16;6;2;2
17;6;2;2
18;6;2;2
19;6;2306;2
20;6;1282;2
21;6;2;2
22;6;16898;2
23;6;16;2
24;6;15874;2
25;6;2;2
26;6;2;2
27;6;2;2
28;6;2;2
29;6;2;2
30;6;2;2
31;6;8706;2
32;6;16;2
33;6;16;2
34;6;13826;2
35;6;2;2
36;6;2;2
37;6;2;2
38;6;2;2
39;6;7426;2
40;6;8;2
41;6;8;2
42;6;3330;2
43;6;2;2
44;6;2;2
45;6;2;2
46;6;27718;2
47;6;5190;2
48;6;6;2
49;6;6;2
0;7;6;2
1;7;6;2
2;7;6;2
3;7;6;2
4;7;6;2
5;7;6;2
6;7;6;2
7;7;6214;2
8;7;11334;2
9;7;21574;2
10;7;2;2
11;7;2;2
12;7;6626;2
13;7;11746;2
14;7;5602;2
15;7;2;2
16;7;2;2
17;7;2;2
18;7;2;2
19;7;2;2
20;7;2;2
21;7;8706;2
22;7;16;2
23;7;16;2
24;7;16;2
25;7;4610;2
26;7;2;2
27;7;2;2
28;7;2;2
29;7;2;2
30;7;2;2
31;7;7682;2
32;7;16;2
33;7;13826;2
34;7;2;2
35;7;2;2
36;7;6626;2
37;7;11746;2
38;7;5602;2
39;7;2;2
40;7;2306;2
41;7;1282;2
42;7;2;2
43;7;2;2
44;7;2;2
45;7;2;2
46;7;2;2
47;7;2;2
48;7;22598;2
49;7;5190;2
0;8;6;2
1;8;6;2
2;8;6;2
3;8;16454;2
4;8;2;2
5;8;15430;2
6;8;6406;2
7;8;5378;2
8;8;2;2
9;8;2;2
10;8;2;2
11;8;8674;2
12;8;15;2
13;8;15;2
14;8;15;2
15;8;4578;2
16;8;2;2
17;8;2;2
18;8;6658;2
19;8;5634;2
20;8;2;2
21;8;7682;2
22;8;16;2
23;8;16;2
24;8;16;2
25;8;3586;2
26;8;2;2
27;8;2;2
28;8;2;2
29;8;2;2
30;8;2;2
31;8;2;2
32;8;2;2
33;8;2;2
34;8;2;2
35;8;8674;2
36;8;15;2
37;8;15;2
38;8;15;2
39;8;2;2
40;8;2;2
41;8;2;2
42;8;2;2
43;8;2;2
44;8;2;2
45;8;2;2
46;8;2;2
47;8;2;2
48;8;2;2
49;8;2;2
0;9;6;2
1;9;6214;2
2;9;21574;2
3;9;2;2
4;9;2;2
5;9;8450;2
6;9;8;2
7;9;8;2
8;9;4354;2
9;9;2;2
10;9;2;2
11;9;25058;2
12;9;15;2
13;9;15;2
14;9;15;2
15;9;3554;2
16;9;2;2
17;9;16898;2
18;9;16;2
19;9;16;2
20;9;4610;2
21;9;2;2
22;9;2562;2
23;9;9730;2
24;9;1542;2
25;9;2118;2
26;9;26694;2
27;9;2;2
28;9;2;2
29;9;2;2
30;9;2;2
31;9;2;2
32;9;2;2
33;9;2;2
34;9;2;2
35;9;7650;2
36;9;15;2
37;9;17890;2
38;9;1506;2
39;9;2;2
40;9;2;2
41;9;2;2
42;9;2;2
43;9;2;2
44;9;2;2
45;9;2;2
46;9;17478;2
47;9;9286;2
48;9;9286;2
49;9;1094;2
0;10;8262;2
1;10;2;2
2;10;2;2
3;10;2;2
4;10;2;2
5;10;7426;2
6;10;8;2
7;10;8;2
8;10;3330;2
9;10;2;2
10;10;8674;2
11;10;15;2
12;10;15;2
13;10;15;2
14;10;13794;2
15;10;2;2
16;10;8706;2
17;10;16;2
18;10;16;2
19;10;16;2
20;10;3586;2
21;10;2;2
22;10;2;2
23;10;13382;2
24;10;6;2
25;10;6;2
26;10;7238;2
27;10;2;2
28;10;2;2
29;10;6626;2
30;10;5602;2
31;10;2;2
32;10;2;2
33;10;2;2
34;10;2;2
35;10;2;2
36;10;2;2
37;10;2;2
38;10;2;2
39;10;2;2
40;10;17478;2
41;10;9286;2
42;10;9286;2
43;10;9286;2
44;10;9286;2
45;10;1094;2
46;10;6;2
47;10;6;2
48;10;6;2
49;10;6;2
0;11;12358;2
1;11;2;2
2;11;2;2
3;11;2;2
4;11;2;2
5;11;2;2
6;11;2306;2
7;11;1282;2
8;11;2;2
9;11;2;2
10;11;7650;2
11;11;15;2
12;11;17890;2
13;11;1506;2
14;11;2;2
15;11;2;2
16;11;7682;2
17;11;16;2
18;11;17922;2
19;11;1538;2
20;11;2;2
21;11;25670;2
22;11;1094;2
23;11;6;2
24;11;6;2
25;11;6;2
26;11;6;2
27;11;2118;2
28;11;8678;2
29;11;15;2
30;11;15;2
31;11;4578;2
32;11;2;2
33;11;2;2
34;11;2;2
35;11;2;2
36;11;2;2
37;11;2;2
38;11;2;2
39;11;13382;2
40;11;6;2
41;11;6;2
42;11;6;2
43;11;6;2
44;11;6;2
45;11;6;2
46;11;6;2
47;11;6;2
48;11;6;2
49;11;6;2
0;12;12358;2
1;12;2;2
2;12;2;2
3;12;2;2
4;12;2;2
5;12;2;2
6;12;2;2
7;12;2;2
8;12;2;2
9;12;2;2
10;12;2;2
11;12;2;2
12;12;2;2
13;12;2;2
14;12;2;2
15;12;2;2
16;12;2;2
17;12;2;2
18;12;2;2
19;12;2;2
20;12;2;2
21;12;3142;2
22;12;6;2
23;12;6;2
24;12;6;2
25;12;6;2
26;12;6;2
27;12;6;2
28;12;7654;2
29;12;15;2
30;12;15;2
31;12;3554;2
32;12;2;2
33;12;2;2
34;12;25670;2
35;12;9286;2
36;12;9286;2
37;12;9286;2
38;12;1094;2
39;12;6;2
40;12;6;2
41;12;6;2
42;12;6;2
43;12;6;2
44;12;6;2
45;12;6;2
46;12;6;2
47;12;6;2
48;12;6;2
49;12;6;2
0;13;7238;2
1;13;2;2
2;13;2;2
3;13;2;2
4;13;2;2
5;13;2;2
6;13;2;2
7;13;2;2
8;13;2;2
9;13;2;2
10;13;2;2
11;13;2;2
12;13;2;2
13;13;2;2
14;13;2;2
15;13;2;2
16;13;2;2
17;13;2;2
18;13;2;2
19;13;17478;2
20;13;1094;2
21;13;6;2
22;13;6;2
23;13;6214;2
24;13;11334;2
25;13;11334;2
26;13;11334;2
27;13;5190;2
28;13;16646;2
29;13;2536;2
30;13;1506;2
31;13;2;2
32;13;2;2
33;13;2;2
34;13;10310;2
35;13;6;2
36;13;6;2
37;13;6;2
38;13;6;2
39;13;6;2
40;13;6;2
41;13;6;2
42;13;6;2
43;13;6;2
44;13;6;2
45;13;6;2
46;13;6;2
47;13;6;2
48;13;6;2
49;13;6;2
0;14;6;2
1;14;14406;2
2;14;2;2
3;14;2;2
4;14;2;2
5;14;2;2
6;14;2;2
7;14;2;2
8;14;2;2
9;14;2;2
10;14;17478;2
11;14;18502;2
12;14;2;2
13;14;2;2
14;14;17478;2
15;14;9286;2
16;14;9286;2
17;14;9286;2
18;14;1094;2
19;14;6;2
20;14;6;2
21;14;6;2
22;14;8262;2
23;14;2;2
24;14;2;2
25;14;2;2
26;14;2;2
27;14;8450;2
28;14;8;2
29;14;8;2
30;14;8;2
31;14;4354;2
32;14;2;2
33;14;2;2
34;14;27718;2
35;14;11334;2
36;14;5190;2
37;14;6;2
38;14;6;2
39;14;6;2
40;14;6;2
41;14;6;2
42;14;6;2
43;14;6;2
44;14;6;2
45;14;6;2
46;14;6;2
47;14;6;2
48;14;6;2
49;14;6;2
0;15;6;2
1;15;6;2
2;15;2118;2
3;15;18502;2
4;15;2;2
5;15;2;2
6;15;2;2
7;15;17478;2
8;15;9286;2
9;15;1094;2
10;15;6;2
11;15;6;2
12;15;2118;2
13;15;1094;2
14;15;6;2
15;15;6;2
16;15;6;2
17;15;6;2
18;15;6;2
19;15;6;2
20;15;6;2
21;15;6;2
22;15;24646;2
23;15;2;2
24;15;2;2
25;15;2;2
26;15;2;2
27;15;7426;2
28;15;8;2
29;15;8;2
30;15;8;2
31;15;3330;2
32;15;2;2
33;15;2;2
34;15;2;2
35;15;2;2
36;15;2;2
37;15;4166;2
38;15;6;2
39;15;6;2
40;15;6;2
41;15;6;2
42;15;6;2
43;15;6;2
44;15;6;2
45;15;6;2
46;15;6;2
47;15;6;2
48;15;6;2
49;15;6;2
0;16;6;2
1;16;6;2
2;16;6;2
3;16;6;2
4;16;2118;2
5;16;9286;2
6;16;1094;2
7;16;6;2
8;16;6;2
9;16;6;2
10;16;6;2
11;16;6;2
12;16;6;2
13;16;6;2
14;16;6;2
15;16;6;2
16;16;6;2
17;16;6;2
18;16;6;2
19;16;6;2
20;16;6;2
21;16;8262;2
22;16;2;2
23;16;2;2
24;16;25670;2
25;16;18502;2
26;16;2;2
27;16;2;2
28;16;2306;2
29;16;9474;2
30;16;1282;2
31;16;2;2
32;16;2;2
33;16;2;2
34;16;2;2
35;16;2;2
36;16;2;2
37;16;3142;2
38;16;6;2
39;16;6;2
40;16;6;2
41;16;6;2
42;16;6;2
43;16;6;2
44;16;6;2
45;16;6;2
46;16;6;2
47;16;6;2
48;16;6;2
49;16;6;2
0;17;6;2
1;17;6;2
2;17;6;2
3;17;6;2
4;17;6;2
5;17;6;2
6;17;6;2
7;17;6;2
8;17;6;2
9;17;6;2
10;17;6;2
11;17;6;2
12;17;6;2
13;17;6;2
14;17;6;2
15;17;6;2
16;17;6;2
17;17;6;2
18;17;6;2
19;17;6;2
20;17;6;2
21;17;7238;2
22;17;2;2
23;17;2;2
24;17;3142;2
25;17;6;2
26;17;2118;2
27;17;26694;2
28;17;2;2
29;17;2;2
30;17;2;2
31;17;2;2
32;17;2;2
33;17;2;2
34;17;2;2
35;17;2;2
36;17;13382;2
37;17;6;2
38;17;6;2
39;17;6;2
40;17;6;2
41;17;6;2
42;17;6;2
43;17;6;2
44;17;6;2
45;17;6;2
46;17;6;2
47;17;6;2
48;17;6;2
49;17;6;2
0;18;6;2
1;18;6;2
2;18;6;2
3;18;6;2
4;18;6;2
5;18;6;2
6;18;6;2
7;18;6;2
8;18;6214;2
9;18;5190;2
10;18;6;2
11;18;8262;2
12;18;2;2
13;18;4166;2
14;18;6;2
15;18;6;2
16;18;6;2
17;18;6;2
18;18;6;2
19;18;6;2
20;18;6;2
21;18;6;2
22;18;2118;2
23;18;1094;2
24;18;6;2
25;18;6;2
26;18;6214;2
27;18;28742;2
28;18;2;2
29;18;2;2
30;18;2;2
31;18;6626;2
32;18;5602;2
33;18;2;2
34;18;25670;2
35;18;1094;2
36;18;6;2
37;18;16454;2
38;18;2;2
39;18;4166;2
40;18;6;2
41;18;6;2
42;18;6;2
43;18;6;2
44;18;6;2
45;18;6;2
46;18;6;2
47;18;6;2
48;18;6;2
49;18;6;2
0;19;6;2
1;19;6;2
2;19;6;2
3;19;6;2
4;19;6;2
5;19;6214;2
6;19;11334;2
7;19;21574;2
8;19;2;2
9;19;2;2
10;19;22598;2
11;19;28742;2
12;19;2;2
13;19;10310;2
14;19;6;2
15;19;6;2
16;19;6;2
17;19;6;2
18;19;6;2
19;19;6;2
20;19;6;2
21;19;6;2
22;19;6;2
23;19;6;2
24;19;6;2
25;19;8262;2
26;19;2;2
27;19;2;2
28;19;2;2
29;19;6626;2
30;19;21986;2
31;19;15;2
32;19;15;2
33;19;4578;2
34;19;27718;2
35;19;11334;2
36;19;21574;2
37;19;2;2
38;19;2;2
39;19;10310;2
40;19;6;2
41;19;6;2
42;19;6;2
43;19;6;2
44;19;6214;2
45;19;5190;2
46;19;6;2
47;19;6;2
48;19;6;2
49;19;6;2
0;20;6;2
1;20;6;2
2;20;6;2
3;20;6;2
4;20;8262;2
5;20;2;2
6;20;2;2
7;20;2;2
8;20;2;2
9;20;2;2
10;20;2;2
11;20;2;2
12;20;2;2
13;20;27718;2
14;20;5190;2
15;20;6;2
16;20;6;2
17;20;6;2
18;20;6;2
19;20;6;2
20;20;6;2
21;20;6;2
22;20;6;2
23;20;6;2
24;20;6;2
25;20;12358;2
26;20;2;2
27;20;2;2
28;20;2;2
29;20;15;2
30;20;15;2
31;20;15;2
32;20;15;2
33;20;10722;2
34;20;2;2
35;20;2;2
36;20;2;2
37;20;2;2
38;20;2;2
39;20;3142;2
40;20;6;2
41;20;6;2
42;20;6;2
43;20;16454;2
44;20;2;2
45;20;2;2
46;20;15430;2
47;20;6;2
48;20;6;2
49;20;6;2
0;21;6;2
1;21;6;2
2;21;6;2
3;21;6;2
4;21;12358;2
5;21;2;2
6;21;2;2
7;21;2;2
8;21;2;2
9;21;2;2
10;21;2;2
11;21;2;2
12;21;2;2
13;21;2;2
14;21;2;2
15;21;15430;2
16;21;6;2
17;21;6;2
18;21;6;2
19;21;6;2
20;21;6;2
21;21;6;2
22;21;6;2
23;21;6;2
24;21;6;2
25;21;24646;2
26;21;2;2
27;21;2;2
28;21;2;2
29;21;2530;2
30;21;18914;2
31;21;15;2
32;21;15;2
33;21;3554;2
34;21;2;2
35;21;17478;2
36;21;9286;2
37;21;9286;2
38;21;1094;2
39;21;6;2
40;21;6;2
41;21;6;2
42;21;8262;2
43;21;2;2
44;21;2;2
45;21;2;2
46;21;2;2
47;21;4166;2
48;21;6;2
49;21;6;2
0;22;6;2
1;22;6;2
2;22;6;2
3;22;6;2
4;22;12358;2
5;22;2;2
6;22;2;2
7;22;2;2
8;22;8450;2
9;22;8;2
10;22;4354;2
11;22;2;2
12;22;2;2
13;22;2;2
14;22;2;2
15;22;2;2
16;22;15430;2
17;22;6;2
18;22;6;2
19;22;6;2
20;22;6;2
21;22;6;2
22;22;6;2
23;22;6;2
24;22;6;2
25;22;2;2
26;22;2;2
27;22;2;2
28;22;2;2
29;22;2;2
30;22;2;2
31;22;2530;2
32;22;1506;2
33;22;2;2
34;22;19526;2
35;22;6;2
36;22;6;2
37;22;6;2
38;22;6;2
39;22;6;2
40;22;6;2
41;22;6;2
42;22;12358;2
43;22;2;2
44;22;2;2
45;22;2;2
46;22;2;2
47;22;20550;2
48;22;6;2
49;22;6;2
0;23;6;2
1;23;6;2
2;23;6;2
3;23;6;2
4;23;24646;2
5;23;2;2
6;23;2;2
7;23;2;2
8;23;7426;2
9;23;8;2
10;23;3330;2
11;23;2;2
12;23;2;2
13;23;2;2
14;23;2;2
15;23;2;2
16;23;2;2
17;23;4166;2
18;23;6;2
19;23;6;2
20;23;6;2
21;23;6;2
22;23;6;2
23;23;6406;2
24;23;21766;2
25;23;8;2
26;23;15618;2
27;23;2;2
28;23;2;2
29;23;2;2
30;23;2;2
31;23;2;2
32;23;2;2
33;23;2;2
34;23;10310;2
35;23;6;2
36;23;6;2
37;23;6;2
38;23;6;2
39;23;6;2
40;23;6;2
41;23;6214;2
42;23;28742;2
43;23;2;2
44;23;2;2
45;23;2;2
46;23;2;2
47;23;2;2
48;23;4166;2
49;23;6;2
0;24;6;2
1;24;6;2
2;24;6;2
3;24;16454;2
4;24;2;2
5;24;2;2
6;24;2;2
7;24;2;2
8;24;2;2
9;24;2;2
10;24;2;2
11;24;2;2
12;24;2;2
13;24;2;2
14;24;2;2
15;24;2;2
16;24;2;2
17;24;10310;2
18;24;6;2
19;24;6;2
20;24;6214;2
21;24;21574;2
22;24;8450;2
23;24;8;2
24;24;8;2
25;24;8;2
26;24;8;2
27;24;4354;2
28;24;2;2
29;24;2;2
30;24;2;2
31;24;2;2
32;24;2;2
33;24;2;2
34;24;20550;2
35;24;6;2
36;24;6;2
37;24;6;2
38;24;6;2
39;24;6;2
40;24;8262;2
41;24;2;2
42;24;2;2
43;24;2;2
44;24;16866;2
45;24;15;2
46;24;4578;2
47;24;2;2
48;24;3142;2
49;24;6;2
0;25;6;2
1;25;6;2
2;25;8262;2
3;25;2;2
4;25;2;2
5;25;2;2
6;25;2;2
7;25;2;2
8;25;2;2
9;25;2;2
10;25;2;2
11;25;6626;2
12;25;5602;2
13;25;2;2
14;25;2;2
15;25;2;2
16;25;2;2
17;25;10310;2
18;25;6;2
19;25;8262;2
20;25;2;2
21;25;2;2
22;25;7426;2
23;25;8;2
24;25;8;2
25;25;8;2
26;25;8;2
27;25;10498;2
28;25;2;2
29;25;2;2
30;25;2;2
31;25;2;2
32;25;2;2
33;25;2;2
34;25;2;2
35;25;15430;2
36;25;6;2
37;25;6;2
38;25;6;2
39;25;6;2
40;25;24646;2
41;25;2;2
42;25;2;2
43;25;8674;2
44;25;15;2
45;25;15;2
46;25;3554;2
47;25;19526;2
48;25;6;2
49;25;6;2
0;26;6;2
1;26;6;2
2;26;12358;2
3;26;2;2
4;26;2;2
5;26;2;2
6;26;2;2
7;26;2;2
8;26;2;2
9;26;2;2
10;26;8674;2
11;26;15;2
12;26;15;2
13;26;4578;2
14;26;2;2
15;26;2;2
16;26;2;2
17;26;3142;2
18;26;6;2
19;26;12358;2
20;26;2;2
21;26;2;2
22;26;2;2
23;26;6626;2
24;26;5608;2
25;26;8;2
26;26;8;2
27;26;3330;2
28;26;2;2
29;26;2;2
30;26;2;2
31;26;2;2
32;26;6626;2
33;26;5602;2
34;26;2;2
35;26;2;2
36;26;15430;2
37;26;6;2
38;26;6;2
39;26;16454;2
40;26;2;2
41;26;2;2
42;26;2;2
43;26;7650;2
44;26;15;2
45;26;13794;2
46;26;2;2
47;26;27718;2
48;26;5190;2
49;26;6;2
0;27;6;2
1;27;6;2
2;27;12358;2
3;27;2;2
4;27;2;2
5;27;2;2
6;27;2;2
7;27;2;2
8;27;2;2
9;27;2;2
10;27;25058;2
11;27;15;2
12;27;15;2
13;27;3554;2
14;27;2;2
15;27;2;2
16;27;13382;2
17;27;6;2
18;27;6214;2
19;27;28742;2
20;27;2;2
21;27;6626;2
22;27;21986;2
23;27;15;2
24;27;15;2
25;27;4584;2
26;27;13570;2
27;27;2;2
28;27;2;2
29;27;2;2
30;27;2;2
31;27;8674;2
32;27;15;2
33;27;15;2
34;27;4578;2
35;27;2;2
36;27;2;2
37;27;22598;2
38;27;21574;2
39;27;2;2
40;27;2;2
41;27;2;2
42;27;2;2
43;27;2;2
44;27;2;2
45;27;2;2
46;27;2;2
47;27;2;2
48;27;2;2
49;27;6;2
0;28;6;2
1;28;6;2
2;28;7238;2
3;28;2;2
4;28;2;2
5;28;2;2
6;28;2;2
7;28;2;2
8;28;2;2
9;28;2;2
10;28;15;2
11;28;15;2
12;28;13794;2
13;28;2;2
14;28;2;2
15;28;19526;2
16;28;6;2
17;28;16454;2
18;28;2;2
19;28;2;2
20;28;8674;2
21;28;15;2
22;28;15;2
23;28;15;2
24;28;15;2
25;28;3554;2
26;28;2;2
27;28;2;2
28;28;2;2
29;28;2;2
30;28;2;2
31;28;7650;2
32;28;15;2
33;28;15;2
34;28;3554;2
35;28;2;2
36;28;2;2
37;28;2;2
38;28;2;2
39;28;2;2
40;28;2;2
41;28;2;2
42;28;2;2
43;28;2;2
44;28;2;2
45;28;2;2
46;28;2;2
47;28;2;2
48;28;19526;2
49;28;6;2
0;29;6;2
1;29;6;2
2;29;6;2
3;29;14406;2
4;29;2;2
5;29;2;2
6;29;2;2
7;29;2;2
8;29;2;2
9;29;2;2
10;29;2530;2
11;29;1506;2
12;29;2;2
13;29;2;2
14;29;2;2
15;29;27718;2
16;29;21574;2
17;29;2;2
18;29;2;2
19;29;2;2
20;29;7650;2
21;29;15;2
22;29;15;2
23;29;17890;2
24;29;1506;2
25;29;2;2
26;29;2;2
27;29;2;2
28;29;6658;2
29;29;5634;2
30;29;2;2
31;29;2;2
32;29;2530;2
33;29;1506;2
34;29;2;2
35;29;2;2
36;29;2;2
37;29;2;2
38;29;2;2
39;29;2;2
40;29;2;2
41;29;2;2
42;29;2;2
43;29;2;2
44;29;2;2
45;29;2;2
46;29;2;2
47;29;2;2
48;29;10310;2
49;29;6;2
0;30;6;2
1;30;6;2
2;30;6;2
3;30;6;2
4;30;14406;2
5;30;2;2
6;30;2;2
7;30;2;2
8;30;2;2
9;30;2;2
10;30;2;2
11;30;6402;2
12;30;5378;2
13;30;2;2
14;30;2;2
15;30;2;2
16;30;2;2
17;30;6658;2
18;30;5634;2
19;30;2;2
20;30;19526;2
21;30;2534;2
22;30;1510;2
23;30;2118;2
24;30;9286;2
25;30;26694;2
26;30;2;2
27;30;8706;2
28;30;16;2
29;30;16;2
30;30;4610;2
31;30;2;2
32;30;2;2
33;30;2;2
34;30;2;2
35;30;2;2
36;30;2;2
37;30;2;2
38;30;6402;2
39;30;11522;2
40;30;5378;2
41;30;2;2
42;30;2;2
43;30;2;2
44;30;2;2
45;30;2;2
46;30;2;2
47;30;2;2
48;30;10310;2
49;30;6;2
0;31;6;2
1;31;6;2
2;31;6;2
3;31;6;2
4;31;6;2
5;31;23622;2
6;31;2;2
7;31;2;2
8;31;2;2
9;31;2;2
10;31;16642;2
11;31;8;2
12;31;8;2
13;31;4354;2
14;31;2;2
15;31;2;2
16;31;8706;2
17;31;16;2
18;31;16;2
19;31;4610;2
20;31;20550;2
21;31;6;2
22;31;6;2
23;31;6;2
24;31;6;2
25;31;24646;2
26;31;2;2
27;31;25090;2
28;31;16;2
29;31;16;2
30;31;3586;2
31;31;2;2
32;31;2;2
33;31;2;2
34;31;2;2
35;31;2;2
36;31;2;2
37;31;8450;2
38;31;8;2
39;31;8;2
40;31;8;2
41;31;4354;2
42;31;2;2
43;31;2;2
44;31;2;2
45;31;2;2
46;31;2;2
47;31;2;2
48;31;3142;2
49;31;6;2
0;32;6;2
1;32;6;2
2;32;6;2
3;32;6;2
4;32;6;2
5;32;24646;2
6;32;2;2
7;32;2;2
8;32;2;2
9;32;8450;2
10;32;8;2
11;32;8;2
12;32;8;2
13;32;10498;2
14;32;2;2
15;32;2;2
16;32;12802;2
17;32;16;2
18;32;16;2
19;32;3586;2
20;32;2;2
21;32;6;2
22;32;6;2
23;32;6;2
24;32;16454;2
25;32;2;2
26;32;16898;2
27;32;16;2
28;32;16;2
29;32;13826;2
30;32;2;2
31;32;17478;2
32;32;26694;2
33;32;2;2
34;32;2;2
35;32;2;2
36;32;2;2
37;32;7426;2
38;32;8;2
39;32;8;2
40;32;8;2
41;32;3330;2
42;32;2;2
43;32;2;2
44;32;8674;2
45;32;15;2
46;32;4582;2
47;32;1094;2
48;32;6;2
49;32;6;2
0;33;6;2
1;33;6;2
2;33;6;2
3;33;6;2
4;33;8262;2
5;33;2;2
6;33;2;2
7;33;2;2
8;33;2;2
9;33;7426;2
10;33;8;2
11;33;8;2
12;33;8;2
13;33;10498;2
14;33;2;2
15;33;2;2
16;33;25090;2
17;33;16;2
18;33;19970;2
19;33;2;2
20;33;19526;2
21;33;6;2
22;33;6;2
23;33;8262;2
24;33;2;2
25;33;8706;2
26;33;16;2
27;33;16;2
28;33;13826;2
29;33;2;2
30;33;13382;2
31;33;6;2
32;33;24646;2
33;33;2;2
34;33;6626;2
35;33;5602;2
36;33;2;2
37;33;2;2
38;33;2306;2
39;33;9474;2
40;33;1282;2
41;33;2;2
42;33;2;2
43;33;2;2
44;33;7650;2
45;33;15;2
46;33;3558;2
47;33;5382;2
48;33;6;2
49;33;6;2
0;34;6;2
1;34;6;2
2;34;6;2
3;34;6;2
4;34;24646;2
5;34;2;2
6;34;2;2
7;34;2;2
8;34;2;2
9;34;2;2
10;34;14594;2
11;34;8;2
12;34;8;2
13;34;3330;2
14;34;2;2
15;34;8706;2
16;34;16;2
17;34;16;2
18;34;10754;2
19;34;2;2
20;34;3142;2
21;34;6;2
22;34;6;2
23;34;12358;2
24;34;2;2
25;34;7682;2
26;34;16;2
27;34;13826;2
28;34;2;2
29;34;19526;2
30;34;6;2
31;34;16454;2
32;34;2;2
33;34;8674;2
34;34;15;2
35;34;15;2
36;34;4578;2
37;34;2;2
38;34;2;2
39;34;2;2
40;34;2;2
41;34;6658;2
42;34;5634;2
43;34;2;2
44;34;2;2
45;34;8450;2
46;34;8;2
47;34;8;2
48;34;4358;2
49;34;6;2
0;35;6;2
1;35;6;2
2;35;6;2
3;35;6;2
4;35;2;2
5;35;2;2
6;35;2;2
7;35;2;2
8;35;2;2
9;35;2;2
10;35;2;2
11;35;2306;2
12;35;1282;2
13;35;2;2
14;35;2;2
15;35;25090;2
16;35;16;2
17;35;16;2
18;35;3586;2
19;35;19526;2
20;35;6;2
21;35;6;2
22;35;6;2
23;35;12358;2
24;35;2;2
25;35;2;2
26;35;2;2
27;35;2;2
28;35;2;2
29;35;3142;2
30;35;8262;2
31;35;2;2
32;35;2;2
33;35;7650;2
34;35;15;2
35;35;15;2
36;35;3554;2
37;35;2;2
38;35;2;2
39;35;6658;2
40;35;22018;2
41;35;16;2
42;35;16;2
43;35;4610;2
44;35;2;2
45;35;12546;2
46;35;8;2
47;35;8;2
48;35;10502;2
49;35;6;2
0;36;6;2
1;36;6;2
2;36;6;2
3;36;6;2
4;36;14406;2
5;36;2;2
6;36;2;2
7;36;2;2
8;36;2;2
9;36;2;2
10;36;2;2
11;36;2;2
12;36;2;2
13;36;2;2
14;36;16898;2
15;36;16;2
16;36;16;2
17;36;13826;2
18;36;2;2
19;36;10310;2
20;36;6;2
21;36;6;2
22;36;6;2
23;36;7238;2
24;36;2;2
25;36;2;2
26;36;2;2
27;36;2;2
28;36;13382;2
29;36;6;2
30;36;7238;2
31;36;2;2
32;36;2;2
33;36;2;2
34;36;2530;2
35;36;1506;2
36;36;2;2
37;36;2;2
38;36;8706;2
39;36;16;2
40;36;16;2
41;36;16;2
42;36;16;2
43;36;3586;2
44;36;2;2
45;36;7426;2
46;36;8;2
47;36;8;2
48;36;3330;2
49;36;4166;2
0;37;6;2
1;37;6;2
2;37;6;2
3;37;6;2
4;37;6;2
5;37;14406;2
6;37;2;2
7;37;2;2
8;37;2;2
9;37;2;2
10;37;2;2
11;37;6658;2
12;37;11778;2
13;37;22018;2
14;37;16;2
15;37;16;2
16;37;13826;2
17;37;2;2
18;37;2;2
19;37;3142;2
20;37;6;2
21;37;6;2
22;37;6;2
23;37;6;2
24;37;14406;2
25;37;2;2
26;37;17478;2
27;37;1094;2
28;37;6;2
29;37;6;2
30;37;6;2
31;37;2118;2
32;37;9286;2
33;37;18502;2
34;37;2;2
35;37;2;2
36;37;2;2
37;37;2;2
38;37;7682;2
39;37;16;2
40;37;16;2
41;37;26114;2
42;37;1538;2
43;37;2;2
44;37;2;2
45;37;2;2
46;37;2306;2
47;37;1282;2
48;37;2;2
49;37;10310;2
0;38;6;2
1;38;6;2
2;38;6;2
3;38;6;2
4;38;6;2
5;38;6;2
6;38;23622;2
7;38;2;2
8;38;2;2
9;38;2;2
10;38;16898;2
11;38;16;2
12;38;16;2
13;38;16;2
14;38;16;2
15;38;13826;2
16;38;2;2
17;38;2;2
18;38;19526;2
19;38;6;2
20;38;6;2
21;38;6;2
22;38;6;2
23;38;6;2
24;38;6;2
25;38;6;2
26;38;6;2
27;38;6;2
28;38;6;2
29;38;6;2
30;38;6;2
31;38;6;2
32;38;6;2
33;38;6;2
34;38;14406;2
35;38;2;2
36;38;2;2
37;38;2;2
38;38;2;2
39;38;24066;2
40;38;16;2
41;38;10754;2
42;38;2;2
43;38;2;2
44;38;2;2
45;38;2;2
46;38;2;2
47;38;2;2
48;38;2;2
49;38;3142;2
0;39;6;2
1;39;6;2
2;39;6;2
3;39;6;2
4;39;6;2
5;39;6;2
6;39;12358;2
7;39;2;2
8;39;2;2
9;39;8706;2
10;39;16;2
11;39;16;2
12;39;17922;2
13;39;9730;2
14;39;1538;2
15;39;2;2
16;39;2;2
17;39;2;2
18;39;3142;2
19;39;6;2
20;39;6;2
21;39;6;2
22;39;6;2
23;39;6;2
24;39;6;2
25;39;6;2
26;39;6;2
27;39;6;2
28;39;6214;2
29;39;11334;2
30;39;11334;2
31;39;11334;2
32;39;5190;2
33;39;6;2
34;39;6;2
35;39;2118;2
36;39;26694;2
37;39;2;2
38;39;2;2
39;39;25090;2
40;39;16;2
41;39;10754;2
42;39;2;2
43;39;2;2
44;39;6626;2
45;39;5602;2
46;39;2;2
47;39;2;2
48;39;19526;2
49;39;6;2
0;40;6;2
1;40;6;2
2;40;6;2
3;40;6;2
4;40;6;2
5;40;6;2
6;40;24646;2
7;40;2;2
8;40;2;2
9;40;7682;2
10;40;16;2
11;40;13826;2
12;40;2;2
13;40;2;2
14;40;2;2
15;40;2;2
16;40;2;2
17;40;13382;2
18;40;6;2
19;40;6;2
20;40;6;2
21;40;6;2
22;40;6;2
23;40;6;2
24;40;6214;2
25;40;5190;2
26;40;6662;2
27;40;11782;2
28;40;5634;2
29;40;2;2
30;40;2;2
31;40;2;2
32;40;2;2
33;40;15430;2
34;40;6;2
35;40;6;2
36;40;24646;2
37;40;2;2
38;40;16898;2
39;40;16;2
40;40;16;2
41;40;10754;2
42;40;2;2
43;40;8674;2
44;40;15;2
45;40;15;2
46;40;15842;2
47;40;2;2
48;40;20550;2
49;40;6;2
0;41;6;2
1;41;6;2
2;41;6;2
3;41;6;2
4;41;6;2
5;41;8262;2
6;41;2;2
7;41;2;2
8;41;2;2
9;41;2;2
10;41;2;2
11;41;2;2
12;41;2;2
13;41;2;2
14;41;2;2
15;41;2;2
16;41;19526;2
17;41;6;2
18;41;6;2
19;41;6;2
20;41;6;2
21;41;6;2
22;41;6214;2
23;41;21574;2
24;41;2;2
25;41;8706;2
26;41;16;2
27;41;16;2
28;41;16;2
29;41;4610;2
30;41;2;2
31;41;2;2
32;41;2;2
33;41;2;2
34;41;22598;2
35;41;21574;2
36;41;2;2
37;41;8706;2
38;41;16;2
39;41;16;2
40;41;16;2
41;41;10754;2
42;41;2;2
43;41;7650;2
44;41;15;2
45;41;15;2
46;41;15;2
47;41;4578;2
48;41;2;2
49;41;6;2
0;42;6;2
1;42;6;2
2;42;6214;2
3;42;11334;2
4;42;11334;2
5;42;28742;2
6;42;2;2
7;42;2;2
8;42;2;2
9;42;2;2
10;42;6626;2
11;42;5602;2
12;42;2;2
13;42;2;2
14;42;2;2
15;42;2;2
16;42;10310;2
17;42;6;2
18;42;6;2
19;42;6;2
20;42;6;2
21;42;8262;2
22;42;2;2
23;42;2;2
24;42;2;2
25;42;7682;2
26;42;16;2
27;42;16;2
28;42;16;2
29;42;3586;2
30;42;2;2
31;42;2;2
32;42;2;2
33;42;2;2
34;42;2;2
35;42;2;2
36;42;2;2
37;42;7682;2
38;42;16;2
39;42;16;2
40;42;16;2
41;42;10754;2
42;42;2;2
43;42;2;2
44;42;14818;2
45;42;15;2
46;42;15;2
47;42;3554;2
48;42;19526;2
49;42;6;2
0;43;6;2
1;43;16454;2
2;43;2;2
3;43;2;2
4;43;2;2
5;43;2;2
6;43;2;2
7;43;2;2
8;43;6626;2
9;43;21986;2
10;43;15;2
11;43;15;2
12;43;4578;2
13;43;2;2
14;43;2;2
15;43;2;2
16;43;10310;2
17;43;6;2
18;43;6;2
19;43;6;2
20;43;6;2
21;43;12358;2
22;43;2;2
23;43;2;2
24;43;2;2
25;43;2;2
26;43;2562;2
27;43;9730;2
28;43;1538;2
29;43;2;2
30;43;2;2
31;43;2;2
32;43;2;2
33;43;2;2
34;43;2;2
35;43;2;2
36;43;2;2
37;43;2;2
38;43;14850;2
39;43;16;2
40;43;16;2
41;43;20994;2
42;43;2;2
43;43;2;2
44;43;8450;2
45;43;2536;2
46;43;1512;2
47;43;4354;2
48;43;10310;2
49;43;6;2
0;44;8262;2
1;44;2;2
2;44;2;2
3;44;2;2
4;44;2;2
5;44;2;2
6;44;2;2
7;44;8674;2
8;44;15;2
9;44;15;2
10;44;15;2
11;44;15;2
12;44;3554;2
13;44;2;2
14;44;2;2
15;44;2;2
16;44;10310;2
17;44;6;2
18;44;6;2
19;44;6;2
20;44;6214;2
21;44;28742;2
22;44;2;2
23;44;2;2
24;44;2;2
25;44;6626;2
26;44;5602;2
27;44;2;2
28;44;2;2
29;44;6402;2
30;44;5378;2
31;44;2;2
32;44;2;2
33;44;2;2
34;44;2;2
35;44;2;2
36;44;2;2
37;44;2;2
38;44;2;2
39;44;24066;2
40;44;16;2
41;44;16;2
42;44;4610;2
43;44;2;2
44;44;7426;2
45;44;8;2
46;44;8;2
47;44;3330;2
48;44;10310;2
49;44;6;2
0;45;12358;2
1;45;2;2
2;45;2;2
3;45;2;2
4;45;2;2
5;45;2;2
6;45;2;2
7;45;7650;2
8;45;15;2
9;45;15;2
10;45;15;2
11;45;13794;2
12;45;2;2
13;45;2;2
14;45;2;2
15;45;2;2
16;45;10310;2
17;45;6;2
18;45;6;2
19;45;8262;2
20;45;2;2
21;45;2;2
22;45;2;2
23;45;2;2
24;45;16866;2
25;45;15;2
26;45;15;2
27;45;2;2
28;45;8450;2
29;45;8;2
30;45;8;2
31;45;4354;2
32;45;17478;2
33;45;9286;2
34;45;9286;2
35;45;26694;2
36;45;2;2
37;45;2;2
38;45;2;2
39;45;12802;2
40;45;16;2
41;45;16;2
42;45;3586;2
43;45;2;2
44;45;2;2
45;45;2306;2
46;45;1282;2
47;45;2;2
48;45;10310;2
49;45;6;2
0;46;7238;2
1;46;2;2
2;46;2;2
3;46;2;2
4;46;2;2
5;46;2;2
6;46;2;2
7;46;2;2
8;46;2530;2
9;46;9698;2
10;46;1506;2
11;46;2;2
12;46;2;2
13;46;2;2
14;46;2;2
15;46;2;2
16;46;27718;2
17;46;11334;2
18;46;11334;2
19;46;28742;2
20;46;2;2
21;46;2;2
22;46;2;2
23;46;8674;2
24;46;15;2
25;46;15;2
26;46;19938;2
27;46;2;2
28;46;7426;2
29;46;8;2
30;46;8;2
31;46;3334;2
32;46;6;2
33;46;6;2
34;46;6;2
35;46;7238;2
36;46;2;2
37;46;2;2
38;46;2;2
39;46;7682;2
40;46;16;2
41;46;13826;2
42;46;2;2
43;46;2;2
44;46;2;2
45;46;2;2
46;46;2;2
47;46;2;2
48;46;10310;2
49;46;6;2
0;47;6;2
1;47;23622;2
2;47;2;2
3;47;2;2
4;47;2;2
5;47;2;2
6;47;2;2
7;47;2;2
8;47;2;2
9;47;2;2
10;47;2;2
11;47;2;2
12;47;2;2
13;47;2;2
14;47;2;2
15;47;2;2
16;47;2;2
17;47;2;2
18;47;2;2
19;47;2;2
20;47;2;2
21;47;2;2
22;47;2;2
23;47;7650;2
24;47;15;2
25;47;15;2
26;47;3554;2
27;47;2;2
28;47;2;2
29;47;2310;2
30;47;1286;2
31;47;6;2
32;47;6;2
33;47;6;2
34;47;6;2
35;47;6;2
36;47;2118;2
37;47;26694;2
38;47;2;2
39;47;2;2
40;47;2;2
41;47;2;2
42;47;2;2
43;47;2;2
44;47;2;2
45;47;2;2
46;47;2;2
47;47;2;2
48;47;10310;2
49;47;6;2
0;48;6;2
1;48;12358;2
2;48;2;2
3;48;2;2
4;48;2;2
5;48;2;2
6;48;2;2
7;48;2;2
8;48;2;2
9;48;2;2
10;48;2;2
11;48;25670;2
12;48;9286;2
13;48;9286;2
14;48;9286;2
15;48;18502;2
16;48;2;2
17;48;2;2
18;48;2;2
19;48;2;2
20;48;2;2
21;48;2;2
22;48;2;2
23;48;2;2
24;48;2530;2
25;48;1506;2
26;48;2;2
27;48;2;2
28;48;13382;2
29;48;6;2
30;48;6;2
31;48;6;2
32;48;6;2
33;48;6;2
34;48;6;2
35;48;6;2
36;48;6;2
37;48;7238;2
38;48;2;2
39;48;2;2
40;48;2;2
41;48;2;2
42;48;2;2
43;48;2;2
44;48;17478;2
45;48;9286;2
46;48;18502;2
47;48;2;2
48;48;3142;2
49;48;6;2
0;49;6;2
1;49;12358;2
2;49;2;2
3;49;2;2
4;49;2;2
5;49;2;2
6;49;17478;2
7;49;9286;2
8;49;18502;2
9;49;2;2
10;49;2;2
11;49;3142;2
12;49;6;2
13;49;6;2
14;49;6;2
15;49;6;2
16;49;14406;2
17;49;2;2
18;49;17478;2
19;49;9286;2
20;49;18502;2
21;49;2;2
22;49;2;2
23;49;2;2
24;49;2;2
25;49;2;2
26;49;2;2
27;49;13382;2
28;49;6;2
29;49;6;2
30;49;6;2
31;49;6;2
32;49;6;2
33;49;6;2
34;49;6;2
35;49;6;2
36;49;6;2
37;49;6;2
38;49;2118;2
39;49;26694;2
40;49;2;2
41;49;2;2
42;49;2;2
43;49;19526;2
44;49;6;2
45;49;6;2
46;49;6;2
47;49;6;2
48;49;6;2
49;49;6;2
0;50;6;2
1;50;7238;2
2;50;2;2
3;50;2;2
4;50;2;2
5;50;13382;2
6;50;6;2
7;50;6;2
8;50;6;2
9;50;2118;2
10;50;1094;2
11;50;6;2
12;50;6;2
13;50;6;2
14;50;6;2
15;50;6;2
16;50;6;2
17;50;6;2
18;50;6;2
19;50;6;2
20;50;6;2
21;50;2118;2
22;50;18502;2
23;50;2;2
24;50;2;2
25;50;17478;2
26;50;1094;2
27;50;6;2
28;50;6;2
29;50;6;2
30;50;6;2
31;50;6;2
32;50;6;2
33;50;6;2
34;50;6;2
35;50;6;2
36;50;6;2
37;50;6;2
38;50;6;2
39;50;7238;2
40;50;2;2
41;50;2;2
42;50;2;2
43;50;3142;2
44;50;6;2
45;50;6;2
46;50;6;2
47;50;6;2
48;50;6;2
49;50;6;2
0;51;6;2
1;51;6;2
2;51;2118;2
3;51;9286;2
4;51;1094;2
5;51;6;2
6;51;6;2
7;51;6;2
8;51;6;2
9;51;6;2
10;51;6;2
11;51;6;2
12;51;6;2
13;51;6;2
14;51;6;2
15;51;6;2
16;51;6;2
17;51;6;2
18;51;6;2
19;51;6;2
20;51;6;2
21;51;6;2
22;51;6;2
23;51;2118;2
24;51;1094;2
25;51;6;2
26;51;6;2
27;51;6;2
28;51;6;2
29;51;6;2
30;51;6;2
31;51;6;2
32;51;6;2
33;51;6;2
34;51;6;2
35;51;6;2
36;51;6;2
37;51;6;2
38;51;6;2
39;51;6;2
40;51;2118;2
41;51;9286;2
42;51;1094;2
43;51;6;2
44;51;6;2
45;51;6;2
46;51;6;2
47;51;6;2
48;51;6;2
49;51;6;2
0;52;6;2
1;52;6;2
2;52;6;2
3;52;6;2
4;52;6;2
5;52;6;2
6;52;6;2
7;52;6;2
8;52;6;2
9;52;6;2
10;52;6;2
11;52;6;2
12;52;6;2
13;52;6;2
14;52;6;2
15;52;6;2
16;52;6;2
17;52;6;2
18;52;6;2
19;52;6;2
20;52;6;2
21;52;6;2
22;52;6;2
23;52;6;2
24;52;6;2
25;52;6;2
26;52;6;2
27;52;6;2
28;52;6;2
29;52;6;2
30;52;6;2
31;52;6;2
32;52;6;2
33;52;6;2
34;52;6;2
35;52;6;2
36;52;6;2
37;52;6;2
38;52;6;2
39;52;6;2
40;52;6;2
41;52;6;2
42;52;6;2
43;52;6;2
44;52;6;2
45;52;6;2
46;52;6;2
47;52;6;2
48;52;6;2
49;52;6;2
0;53;6;2
1;53;6;2
2;53;6;2
3;53;6;2
4;53;6;2
5;53;6;2
6;53;6;2
7;53;6;2
8;53;6;2
9;53;6;2
10;53;6;2
11;53;6;2
12;53;6;2
13;53;6;2
14;53;6;2
15;53;6;2
16;53;6;2
17;53;6;2
18;53;6;2
19;53;6;2
20;53;6;2
21;53;6;2
22;53;6;2
23;53;6;2
24;53;6;2
25;53;6;2
26;53;6;2
27;53;6;2
28;53;6;2
29;53;6;2
30;53;6;2
31;53;6;2
32;53;6;2
33;53;6;2
34;53;6;2
35;53;6;2
36;53;6;2
37;53;6;2
38;53;6;2
39;53;6;2
40;53;6;2
41;53;6;2
42;53;6;2
43;53;6;2
44;53;6;2
45;53;6;2
46;53;6;2
47;53;6;2
48;53;6;2
49;53;6;2
