# Illarion Server
# 
# This program is free software: you can redistribute it and/or modify it under
# the terms of the GNU Affero General Public License as published by the Free
# Software Foundation, either version 3 of the License, or (at your option) any
# later version.
# 
# This program is distributed in the hope that it will be useful, but WITHOUT
# ANY WARRANTY; without even the implied warranty of MERCHANTABILITY or FITNESS
# FOR A PARTICULAR PURPOSE.  See the GNU Affero General Public License for more
# details.
# 
# You should have received a copy of the GNU Affero General Public License along
# with this program.  If not, see <http://www.gnu.org/licenses/>.
V: 2
L: 1
X: 735
Y: 685
W: 70
H: 45
0;0;0;0
1;0;0;6
2;0;0;6
3;0;0;6
4;0;0;6
5;0;0;6
6;0;0;6
7;0;0;6
8;0;0;6
9;0;0;6
10;0;0;6
11;0;0;6
12;0;0;6
13;0;0;6
14;0;0;6
15;0;0;6
16;0;0;6
17;0;0;6
18;0;0;6
19;0;0;6
20;0;0;6
21;0;0;6
22;0;0;6
23;0;0;6
24;0;0;6
25;0;0;6
26;0;0;6
27;0;0;6
28;0;0;0
29;0;0;0
30;0;0;0
31;0;0;0
32;0;0;0
33;0;0;0
34;0;0;0
35;0;0;0
36;0;0;0
37;0;0;0
38;0;0;0
39;0;0;0
40;0;0;0
41;0;0;0
42;0;0;0
43;0;0;0
44;0;0;0
45;0;0;0
46;0;0;0
47;0;0;0
48;0;0;6
49;0;0;6
50;0;0;6
51;0;0;6
52;0;0;6
53;0;0;6
54;0;0;6
55;0;0;6
56;0;0;6
57;0;0;6
58;0;0;6
59;0;0;6
60;0;0;6
61;0;0;6
62;0;0;6
63;0;0;6
64;0;0;6
65;0;0;6
66;0;0;6
67;0;0;6
68;0;0;0
69;0;0;0
0;1;0;0
1;1;0;6
2;1;0;6
3;1;0;6
4;1;0;6
5;1;0;6
6;1;0;6
7;1;0;6
8;1;0;6
9;1;0;6
10;1;0;6
11;1;0;6
12;1;0;6
13;1;0;6
14;1;0;6
15;1;0;6
16;1;0;6
17;1;0;6
18;1;0;6
19;1;0;6
20;1;0;6
21;1;0;6
22;1;0;6
23;1;0;6
24;1;0;6
25;1;0;6
26;1;0;6
27;1;0;6
28;1;0;0
29;1;0;0
30;1;0;0
31;1;0;0
32;1;0;0
33;1;0;0
34;1;0;0
35;1;0;0
36;1;0;0
37;1;0;0
38;1;0;0
39;1;0;0
40;1;0;0
41;1;0;0
42;1;0;0
43;1;0;0
44;1;0;0
45;1;0;0
46;1;0;0
47;1;0;0
48;1;0;6
49;1;0;6
50;1;0;6
51;1;0;6
52;1;0;6
53;1;0;6
54;1;0;6
55;1;0;6
56;1;0;6
57;1;0;6
58;1;0;6
59;1;2;6
60;1;2;6
61;1;0;6
62;1;0;6
63;1;0;6
64;1;0;6
65;1;0;6
66;1;0;6
67;1;0;6
68;1;0;0
69;1;0;0
0;2;0;0
1;2;0;6
2;2;0;6
3;2;0;6
4;2;0;6
5;2;0;6
6;2;0;6
7;2;0;6
8;2;0;6
9;2;0;6
10;2;0;6
11;2;0;6
12;2;2;6
13;2;8674;6
14;2;15;6
15;2;15842;6
16;2;2;6
17;2;2;6
18;2;0;6
19;2;0;6
20;2;0;6
21;2;0;6
22;2;0;6
23;2;0;6
24;2;0;6
25;2;0;6
26;2;0;6
27;2;0;6
28;2;0;0
29;2;0;0
30;2;0;0
31;2;0;0
32;2;0;0
33;2;0;0
34;2;0;0
35;2;0;0
36;2;0;0
37;2;0;0
38;2;0;0
39;2;0;0
40;2;0;0
41;2;0;0
42;2;0;0
43;2;0;0
44;2;0;0
45;2;0;0
46;2;0;0
47;2;0;6
48;2;0;6
49;2;0;6
50;2;0;6
51;2;0;6
52;2;0;6
53;2;0;6
54;2;0;6
55;2;0;6
56;2;0;6
57;2;0;6
58;2;0;6
59;2;2;6
60;2;2;6
61;2;2;6
62;2;0;6
63;2;0;6
64;2;0;6
65;2;0;6
66;2;0;6
67;2;0;6
68;2;0;0
69;2;0;0
0;3;0;0
1;3;0;6
2;3;0;6
3;3;0;6
4;3;0;6
5;3;0;6
6;3;0;6
7;3;0;6
8;3;0;6
9;3;0;6
10;3;0;6
11;3;0;6
12;3;2;6
13;3;25058;6
14;3;15;6
15;3;15;6
16;3;4578;6
17;3;2;6
18;3;0;6
19;3;0;6
20;3;0;6
21;3;0;6
22;3;0;6
23;3;0;6
24;3;0;6
25;3;0;6
26;3;0;6
27;3;0;6
28;3;0;0
29;3;0;0
30;3;0;0
31;3;0;0
32;3;0;0
33;3;0;0
34;3;0;0
35;3;0;0
36;3;0;0
37;3;0;0
38;3;0;0
39;3;0;0
40;3;0;0
41;3;0;0
42;3;0;0
43;3;0;0
44;3;0;0
45;3;0;0
46;3;0;0
47;3;0;6
48;3;0;6
49;3;0;6
50;3;0;6
51;3;0;6
52;3;0;6
53;3;0;6
54;3;0;6
55;3;0;6
56;3;34;6
57;3;2;6
58;3;6626;6
59;3;11746;6
60;3;5602;6
61;3;2;6
62;3;2;6
63;3;0;6
64;3;0;6
65;3;0;6
66;3;0;6
67;3;0;6
68;3;0;0
69;3;0;0
0;4;0;0
1;4;0;6
2;4;0;6
3;4;0;6
4;4;0;6
5;4;0;6
6;4;0;6
7;4;0;6
8;4;0;6
9;4;2;6
10;4;2;6
11;4;2;6
12;4;2;6
13;4;15;6
14;4;15;6
15;4;15;6
16;4;3554;6
17;4;2;6
18;4;2;6
19;4;2;6
20;4;0;6
21;4;0;6
22;4;0;6
23;4;0;6
24;4;0;6
25;4;0;6
26;4;0;6
27;4;0;6
28;4;0;6
29;4;0;6
30;4;0;6
31;4;0;0
32;4;0;0
33;4;0;0
34;4;0;0
35;4;0;0
36;4;0;0
37;4;0;0
38;4;0;0
39;4;0;0
40;4;0;0
41;4;0;0
42;4;0;0
43;4;0;0
44;4;0;0
45;4;0;0
46;4;0;6
47;4;0;6
48;4;0;6
49;4;0;6
50;4;0;6
51;4;0;6
52;4;0;6
53;4;0;6
54;4;0;6
55;4;0;6
56;4;34;6
57;4;21986;6
58;4;15;6
59;4;15;6
60;4;15;6
61;4;15842;6
62;4;2;6
63;4;0;6
64;4;0;6
65;4;0;6
66;4;0;6
67;4;0;6
68;4;0;6
69;4;0;6
0;5;0;0
1;5;0;6
2;5;0;6
3;5;0;6
4;5;0;6
5;5;0;6
6;5;0;6
7;5;0;6
8;5;2;6
9;5;2;6
10;5;2;6
11;5;2;6
12;5;2;6
13;5;2530;6
14;5;9698;6
15;5;1506;6
16;5;2;6
17;5;2;6
18;5;2;6
19;5;2;6
20;5;0;6
21;5;0;6
22;5;0;6
23;5;0;6
24;5;0;6
25;5;0;6
26;5;0;6
27;5;0;6
28;5;0;6
29;5;0;6
30;5;0;6
31;5;0;6
32;5;0;6
33;5;0;6
34;5;0;0
35;5;0;0
36;5;0;0
37;5;0;0
38;5;0;0
39;5;0;0
40;5;0;0
41;5;0;0
42;5;0;0
43;5;0;0
44;5;0;0
45;5;0;0
46;5;0;6
47;5;0;6
48;5;0;6
49;5;0;6
50;5;0;6
51;5;0;6
52;5;0;6
53;5;0;6
54;5;0;6
55;5;34;6
56;5;15;6
57;5;15;6
58;5;15;6
59;5;15;6
60;5;15;6
61;5;15;6
62;5;4578;6
63;5;0;6
64;5;0;6
65;5;0;6
66;5;0;6
67;5;0;6
68;5;0;6
69;5;0;6
0;6;0;0
1;6;0;6
2;6;0;6
3;6;0;6
4;6;0;6
5;6;0;6
6;6;0;6
7;6;0;6
8;6;2;6
9;6;2;6
10;6;2;6
11;6;2;6
12;6;2;6
13;6;2;6
14;6;2;6
15;6;2;6
16;6;2;6
17;6;2;6
18;6;2;6
19;6;6434;6
20;6;5410;6
21;6;2;6
22;6;0;6
23;6;0;6
24;6;0;6
25;6;0;6
26;6;0;6
27;6;0;6
28;6;0;6
29;6;0;6
30;6;0;6
31;6;0;6
32;6;0;6
33;6;0;6
34;6;0;0
35;6;0;0
36;6;0;0
37;6;0;0
38;6;0;0
39;6;0;0
40;6;0;0
41;6;0;0
42;6;0;0
43;6;0;0
44;6;0;0
45;6;0;0
46;6;0;6
47;6;0;6
48;6;0;6
49;6;0;6
50;6;0;6
51;6;0;6
52;6;0;6
53;6;0;6
54;6;0;6
55;6;12770;6
56;6;15;6
57;6;15;6
58;6;15;6
59;6;15;6
60;6;15;6
61;6;15;6
62;6;3554;6
63;6;0;6
64;6;0;6
65;6;0;6
66;6;0;6
67;6;0;6
68;6;0;6
69;6;0;6
0;7;0;0
1;7;0;6
2;7;0;6
3;7;0;6
4;7;0;6
5;7;0;6
6;7;0;6
7;7;2;6
8;7;2;6
9;7;2;6
10;7;2;6
11;7;2;6
12;7;2;6
13;7;2;6
14;7;2;6
15;7;2;6
16;7;2;6
17;7;2;6
18;7;8482;6
19;7;9;6
20;7;9;6
21;7;2;6
22;7;2;6
23;7;0;6
24;7;0;6
25;7;0;6
26;7;0;6
27;7;0;6
28;7;0;6
29;7;0;6
30;7;0;6
31;7;0;6
32;7;0;6
33;7;0;6
34;7;0;0
35;7;0;0
36;7;0;0
37;7;0;0
38;7;0;0
39;7;0;0
40;7;0;0
41;7;0;0
42;7;0;0
43;7;0;0
44;7;0;6
45;7;0;6
46;7;0;6
47;7;0;6
48;7;0;6
49;7;0;6
50;7;0;6
51;7;0;6
52;7;0;6
53;7;0;6
54;7;0;6
55;7;12770;6
56;7;15;6
57;7;15;6
58;7;15;6
59;7;15;6
60;7;15;6
61;7;13801;6
62;7;9;6
63;7;2;6
64;7;2;6
65;7;0;6
66;7;0;6
67;7;0;6
68;7;0;6
69;7;0;6
0;8;0;0
1;8;0;6
2;8;0;6
3;8;0;6
4;8;0;6
5;8;2;6
6;8;2;6
7;8;2;6
8;8;2;6
9;8;2;6
10;8;2;6
11;8;2;6
12;8;2;6
13;8;2;6
14;8;2;6
15;8;2;6
16;8;2;6
17;8;2;6
18;8;24866;6
19;8;9;6
20;8;19746;6
21;8;2;6
22;8;2;6
23;8;2;6
24;8;0;6
25;8;0;6
26;8;0;6
27;8;0;6
28;8;0;6
29;8;0;6
30;8;0;6
31;8;0;6
32;8;0;6
33;8;0;6
34;8;0;0
35;8;0;6
36;8;0;6
37;8;0;6
38;8;0;6
39;8;0;6
40;8;0;6
41;8;0;6
42;8;0;6
43;8;0;6
44;8;0;6
45;8;0;6
46;8;0;6
47;8;0;6
48;8;0;6
49;8;0;6
50;8;0;6
51;8;0;6
52;8;0;6
53;8;0;6
54;8;0;6
55;8;7650;6
56;8;15;6
57;8;17897;6
58;8;9705;6
59;8;9705;6
60;8;1513;6
61;8;9;6
62;8;13602;6
63;8;2;6
64;8;2;6
65;8;0;6
66;8;0;6
67;8;0;6
68;8;0;6
69;8;0;6
0;9;0;0
1;9;0;6
2;9;0;6
3;9;0;6
4;9;0;6
5;9;2;6
6;9;2;6
7;9;2;6
8;9;2;6
9;9;6434;6
10;9;11554;6
11;9;5410;6
12;9;2;6
13;9;2;6
14;9;2;6
15;9;6434;6
16;9;11554;6
17;9;21794;6
18;9;9;6
19;9;9;6
20;9;3362;6
21;9;2;6
22;9;2;6
23;9;2;6
24;9;0;6
25;9;0;6
26;9;0;6
27;9;0;6
28;9;0;6
29;9;0;6
30;9;0;6
31;9;0;6
32;9;0;6
33;9;0;6
34;9;0;0
35;9;0;6
36;9;0;6
37;9;0;6
38;9;0;6
39;9;0;6
40;9;0;6
41;9;0;6
42;9;0;6
43;9;0;6
44;9;0;6
45;9;0;6
46;9;0;6
47;9;0;6
48;9;0;6
49;9;0;6
50;9;0;6
51;9;0;6
52;9;0;6
53;9;0;6
54;9;0;6
55;9;2;6
56;9;12578;6
57;9;9;6
58;9;9;6
59;9;9;6
60;9;9;6
61;9;19746;6
62;9;2;6
63;9;2;6
64;9;2;6
65;9;2;6
66;9;2;6
67;9;0;6
68;9;0;6
69;9;0;6
0;10;0;0
1;10;0;6
2;10;0;6
3;10;0;6
4;10;0;6
5;10;2;6
6;10;2;6
7;10;2;6
8;10;16674;6
9;10;9;6
10;10;9;6
11;10;9;6
12;10;22818;6
13;10;11554;6
14;10;21794;6
15;10;9;6
16;10;9;6
17;10;9;6
18;10;9;6
19;10;13602;6
20;10;2;6
21;10;2;6
22;10;2;6
23;10;2;6
24;10;0;6
25;10;0;6
26;10;0;6
27;10;0;6
28;10;0;6
29;10;0;6
30;10;0;6
31;10;0;6
32;10;0;6
33;10;0;6
34;10;0;0
35;10;0;6
36;10;0;6
37;10;0;6
38;10;0;6
39;10;0;6
40;10;0;6
41;10;0;6
42;10;0;6
43;10;0;6
44;10;0;6
45;10;0;6
46;10;0;6
47;10;0;6
48;10;0;6
49;10;0;6
50;10;0;6
51;10;0;6
52;10;0;6
53;10;0;6
54;10;0;6
55;10;2;6
56;10;7458;6
57;10;9;6
58;10;9;6
59;10;9;6
60;10;9;6
61;10;10530;6
62;10;2;6
63;10;8546;6
64;10;11;6
65;10;4450;6
66;10;2;6
67;10;0;6
68;10;0;6
69;10;0;6
0;11;0;0
1;11;0;6
2;11;0;6
3;11;0;6
4;11;2;6
5;11;2;6
6;11;2;6
7;11;2;6
8;11;9;6
9;11;9;6
10;11;9;6
11;11;9;6
12;11;9;6
13;11;9;6
14;11;9;6
15;11;9;6
16;11;17698;6
17;11;9506;6
18;11;1314;6
19;11;2;6
20;11;2;6
21;11;2;6
22;11;2;6
23;11;2;6
24;11;0;6
25;11;0;6
26;11;0;6
27;11;0;6
28;11;0;6
29;11;0;6
30;11;0;6
31;11;0;6
32;11;0;6
33;11;0;6
34;11;0;6
35;11;0;6
36;11;0;6
37;11;0;6
38;11;0;6
39;11;0;6
40;11;0;6
41;11;0;6
42;11;0;6
43;11;0;6
44;11;0;6
45;11;0;6
46;11;0;6
47;11;0;6
48;11;0;6
49;11;0;6
50;11;0;6
51;11;0;6
52;11;0;6
53;11;2;6
54;11;2;6
55;11;2;6
56;11;2;6
57;11;23842;6
58;11;9;6
59;11;9;6
60;11;9;6
61;11;10530;6
62;11;2;6
63;11;12642;6
64;11;11;6
65;11;20834;6
66;11;2;6
67;11;0;6
68;11;0;6
69;11;0;6
0;12;0;0
1;12;0;6
2;12;0;6
3;12;0;6
4;12;2;6
5;12;2;6
6;12;2;6
7;12;2;6
8;12;2338;6
9;12;9506;6
10;12;9506;6
11;12;18722;6
12;12;9;6
13;12;9;6
14;12;9;6
15;12;13602;6
16;12;2;6
17;12;2;6
18;12;2;6
19;12;2;6
20;12;2;6
21;12;2;6
22;12;2;6
23;12;2;6
24;12;0;6
25;12;0;6
26;12;0;6
27;12;0;6
28;12;0;6
29;12;0;6
30;12;0;6
31;12;0;6
32;12;0;6
33;12;0;6
34;12;0;6
35;12;0;6
36;12;0;6
37;12;0;6
38;12;0;6
39;12;0;6
40;12;0;6
41;12;0;6
42;12;0;6
43;12;0;6
44;12;0;6
45;12;0;6
46;12;0;6
47;12;0;6
48;12;0;6
49;12;0;6
50;12;0;6
51;12;0;6
52;12;0;6
53;12;2;6
54;12;2;6
55;12;2;6
56;12;2;6
57;12;12578;6
58;12;9;6
59;12;9;6
60;12;9;6
61;12;10530;6
62;12;2;6
63;12;7522;6
64;12;11;6
65;12;11;6
66;12;4450;6
67;12;0;6
68;12;0;6
69;12;0;6
0;13;0;0
1;13;0;6
2;13;0;6
3;13;0;6
4;13;2;6
5;13;2;6
6;13;2;6
7;13;2;6
8;13;2;6
9;13;2;6
10;13;2;6
11;13;2;6
12;13;14626;6
13;13;9;6
14;13;13602;6
15;13;2;6
16;13;2;6
17;13;2;6
18;13;2;6
19;13;2;6
20;13;2;6
21;13;2;6
22;13;2;6
23;13;2;6
24;13;0;6
25;13;0;6
26;13;0;6
27;13;0;6
28;13;0;6
29;13;0;6
30;13;0;6
31;13;0;6
32;13;0;6
33;13;0;6
34;13;0;6
35;13;0;6
36;13;0;6
37;13;0;6
38;13;0;6
39;13;0;6
40;13;0;6
41;13;0;6
42;13;0;6
43;13;0;6
44;13;0;6
45;13;0;6
46;13;0;6
47;13;0;6
48;13;0;6
49;13;0;6
50;13;0;6
51;13;0;6
52;13;2;6
53;13;2;6
54;13;2;6
55;13;2;6
56;13;2;6
57;13;7458;6
58;13;9;6
59;13;9;6
60;13;9;6
61;13;3362;6
62;13;2;6
63;13;2;6
64;13;23906;6
65;13;11;6
66;13;10594;6
67;13;2;6
68;13;0;6
69;13;0;6
0;14;0;0
1;14;0;6
2;14;0;6
3;14;0;6
4;14;2;6
5;14;2;6
6;14;2;6
7;14;2;6
8;14;2;6
9;14;2;6
10;14;2;6
11;14;2;6
12;14;2;6
13;14;2;6
14;14;2;6
15;14;2;6
16;14;6626;6
17;14;5602;6
18;14;2;6
19;14;2;6
20;14;2;6
21;14;2;6
22;14;2;6
23;14;2;6
24;14;2;6
25;14;0;6
26;14;0;6
27;14;0;6
28;14;0;6
29;14;0;6
30;14;0;6
31;14;0;6
32;14;0;6
33;14;0;6
34;14;0;6
35;14;0;6
36;14;0;6
37;14;0;6
38;14;0;6
39;14;0;6
40;14;0;6
41;14;0;6
42;14;2;6
43;14;2;6
44;14;2;6
45;14;2;6
46;14;2;6
47;14;0;6
48;14;0;6
49;14;0;6
50;14;2;6
51;14;2;6
52;14;2;6
53;14;2;6
54;14;2;6
55;14;2;6
56;14;2;6
57;14;2;6
58;14;2338;6
59;14;9506;6
60;14;1314;6
61;14;2;6
62;14;2;6
63;14;2;6
64;14;24930;6
65;14;11;6
66;14;10594;6
67;14;2;6
68;14;0;6
69;14;0;6
0;15;0;0
1;15;0;6
2;15;0;6
3;15;0;6
4;15;0;6
5;15;2;6
6;15;2;6
7;15;2;6
8;15;2;6
9;15;6402;6
10;15;5378;6
11;15;2;6
12;15;2;6
13;15;2;6
14;15;2;6
15;15;16866;6
16;15;15;6
17;15;15;6
18;15;4578;6
19;15;2;6
20;15;2;6
21;15;2;6
22;15;2;6
23;15;2;6
24;15;13382;6
25;15;6;6
26;15;6;6
27;15;8262;6
28;15;2;6
29;15;0;6
30;15;0;6
31;15;0;6
32;15;0;6
33;15;0;6
34;15;0;6
35;15;2;6
36;15;2;6
37;15;2;6
38;15;0;6
39;15;0;6
40;15;0;6
41;15;2;6
42;15;2;6
43;15;2;6
44;15;6434;6
45;15;5410;6
46;15;2;6
47;15;2;6
48;15;2;6
49;15;2;6
50;15;2;6
51;15;2;6
52;15;2;6
53;15;2;6
54;15;2;6
55;15;2;6
56;15;2;6
57;15;2;6
58;15;2;6
59;15;2;6
60;15;2;6
61;15;2;6
62;15;2;6
63;15;8546;6
64;15;11;6
65;15;11;6
66;15;3426;6
67;15;2;6
68;15;2;6
69;15;0;6
0;16;0;0
1;16;0;6
2;16;0;6
3;16;0;6
4;16;0;6
5;16;2;6
6;16;2;6
7;16;2;6
8;16;8450;6
9;16;8;6
10;16;8;6
11;16;4354;6
12;16;2;6
13;16;2;6
14;16;16866;6
15;16;15;6
16;16;15;6
17;16;15;6
18;16;3554;6
19;16;2;6
20;16;2;6
21;16;2;6
22;16;2;6
23;16;13382;6
24;16;6;6
25;16;6;6
26;16;6;6
27;16;24646;6
28;16;2;6
29;16;2;6
30;16;0;6
31;16;0;6
32;16;0;6
33;16;0;6
34;16;2;6
35;16;2;6
36;16;2;6
37;16;2;6
38;16;2;6
39;16;0;6
40;16;2;6
41;16;2;6
42;16;2;6
43;16;2;6
44;16;9;6
45;16;9;6
46;16;15650;6
47;16;2;6
48;16;2;6
49;16;2;6
50;16;2;6
51;16;2;6
52;16;2;6
53;16;17478;6
54;16;9286;6
55;16;26694;6
56;16;2;6
57;16;2;6
58;16;2;6
59;16;2;6
60;16;2;6
61;16;2;6
62;16;2;6
63;16;7522;6
64;16;11;6
65;16;13666;6
66;16;2;6
67;16;2;6
68;16;2;6
69;16;2;6
0;17;0;0
1;17;0;6
2;17;0;6
3;17;0;6
4;17;0;6
5;17;2;6
6;17;2;6
7;17;6402;6
8;17;28930;6
9;17;8;6
10;17;8;6
11;17;3330;6
12;17;2;6
13;17;16866;6
14;17;15;6
15;17;15;6
16;17;17890;6
17;17;1506;6
18;17;2;6
19;17;2;6
20;17;2;6
21;17;25670;6
22;17;1094;6
23;17;6;6
24;17;6;6
25;17;6;6
26;17;16454;6
27;17;2;6
28;17;2;6
29;17;2;6
30;17;2;6
31;17;2;6
32;17;2;6
33;17;2;6
34;17;2;6
35;17;2;6
36;17;6498;6
37;17;11618;6
38;17;5474;6
39;17;2;6
40;17;2;6
41;17;2;6
42;17;2;6
43;17;2;6
44;17;14626;6
45;17;9;6
46;17;9;6
47;17;4386;6
48;17;2;6
49;17;2;6
50;17;2;6
51;17;17478;6
52;17;1094;6
53;17;6;6
54;17;6;6
55;17;24646;6
56;17;2;6
57;17;2;6
58;17;2;6
59;17;2;6
60;17;2;6
61;17;2;6
62;17;2;6
63;17;2;6
64;17;2;6
65;17;2;6
66;17;2;6
67;17;2;6
68;17;2;6
69;17;2;6
0;18;0;0
1;18;0;6
2;18;0;6
3;18;0;6
4;18;0;6
5;18;0;6
6;18;8450;6
7;18;8;6
8;18;8;6
9;18;8;6
10;18;19714;6
11;18;2;6
12;18;8674;6
13;18;15;6
14;18;15;6
15;18;13794;6
16;18;2;6
17;18;6402;6
18;18;5378;6
19;18;2;6
20;18;2;6
21;18;3142;6
22;18;6;6
23;18;6;6
24;18;6;6
25;18;8262;6
26;18;2;6
27;18;2;6
28;18;6434;6
29;18;5410;6
30;18;2;6
31;18;2;6
32;18;2;6
33;18;2;6
34;18;2;6
35;18;16738;6
36;18;11;6
37;18;11;6
38;18;11;6
39;18;2;6
40;18;2;6
41;18;2;6
42;18;2;6
43;18;2;6
44;18;2;6
45;18;23842;6
46;18;9;6
47;18;10530;6
48;18;2;6
49;18;2;6
50;18;19526;6
51;18;6;6
52;18;6;6
53;18;6;6
54;18;8262;6
55;18;2;6
56;18;2;6
57;18;2;6
58;18;2;6
59;18;6434;6
60;18;11554;6
61;18;11554;6
62;18;5410;6
63;18;2;6
64;18;2;6
65;18;2;6
66;18;2;6
67;18;2;6
68;18;2;6
69;18;2;6
0;19;0;0
1;19;0;6
2;19;0;6
3;19;0;6
4;19;0;6
5;19;0;6
6;19;0;6
7;19;8;6
8;19;8;6
9;19;8;6
10;19;10498;6
11;19;2;6
12;19;7650;6
13;19;15;6
14;19;13794;6
15;19;2;6
16;19;16642;6
17;19;8;6
18;19;8;6
19;19;4354;6
20;19;19526;6
21;19;6;6
22;19;6;6
23;19;6;6
24;19;6;6
25;19;12358;6
26;19;2;6
27;19;8482;6
28;19;9;6
29;19;9;6
30;19;4386;6
31;19;2;6
32;19;2;6
33;19;2;6
34;19;16738;6
35;19;11;6
36;19;11;6
37;19;17762;6
38;19;1378;6
39;19;2;6
40;19;2;6
41;19;2;6
42;19;2;6
43;19;2;6
44;19;2;6
45;19;24866;6
46;19;9;6
47;19;10530;6
48;19;2;6
49;19;2;6
50;19;10310;6
51;19;6;6
52;19;6;6
53;19;6;6
54;19;24646;6
55;19;2;6
56;19;2;6
57;19;2;6
58;19;8482;6
59;19;9;6
60;19;9;6
61;19;9;6
62;19;9;6
63;19;4386;6
64;19;2;6
65;19;2;6
66;19;2;6
67;19;2;6
68;19;2;6
69;19;2;6
0;20;0;0
1;20;0;6
2;20;0;6
3;20;0;6
4;20;0;6
5;20;0;6
6;20;0;6
7;20;8;6
8;20;8;6
9;20;8;6
10;20;3330;6
11;20;2;6
12;20;2;6
13;20;2;6
14;20;2;6
15;20;16642;6
16;20;8;6
17;20;8;6
18;20;8;6
19;20;10498;6
20;20;20550;6
21;20;6;6
22;20;6;6
23;20;6214;6
24;20;11334;6
25;20;28742;6
26;20;2;6
27;20;24866;6
28;20;9;6
29;20;9;6
30;20;3362;6
31;20;2;6
32;20;6498;6
33;20;21858;6
34;20;11;6
35;20;11;6
36;20;13666;6
37;20;2;6
38;20;2;6
39;20;2;6
40;20;2;6
41;20;2;6
42;20;2;6
43;20;2;6
44;20;16674;6
45;20;9;6
46;20;9;6
47;20;3362;6
48;20;2;6
49;20;2;6
50;20;27718;6
51;20;11334;6
52;20;11334;6
53;20;21574;6
54;20;2;6
55;20;2;6
56;20;2;6
57;20;6434;6
58;20;28962;6
59;20;9;6
60;20;9;6
61;20;9;6
62;20;9;6
63;20;10530;6
64;20;2;6
65;20;2;6
66;20;2;6
67;20;2;6
68;20;2;6
69;20;2;6
0;21;0;0
1;21;0;6
2;21;0;6
3;21;0;6
4;21;0;6
5;21;0;6
6;21;0;6
7;21;8;6
8;21;17666;6
9;21;1282;6
10;21;2;6
11;21;2;6
12;21;2;6
13;21;2;6
14;21;8450;6
15;21;8;6
16;21;8;6
17;21;8;6
18;21;8;6
19;21;20738;6
20;21;2;6
21;21;22598;6
22;21;21574;6
23;21;2;6
24;21;2;6
25;21;2;6
26;21;8482;6
27;21;9;6
28;21;9;6
29;21;19746;6
30;21;2;6
31;21;8546;6
32;21;11;6
33;21;11;6
34;21;11;6
35;21;13666;6
36;21;2;6
37;21;2;6
38;21;6434;6
39;21;5410;6
40;21;2;6
41;21;2;6
42;21;2;6
43;21;8482;6
44;21;9;6
45;21;9;6
46;21;13602;6
47;21;2;6
48;21;2;6
49;21;2;6
50;21;2;6
51;21;2;6
52;21;2;6
53;21;2;6
54;21;2;6
55;21;2;6
56;21;8482;6
57;21;9;6
58;21;9;6
59;21;9;6
60;21;9;6
61;21;9;6
62;21;9;6
63;21;3362;6
64;21;2;6
65;21;2;6
66;21;2;6
67;21;0;6
68;21;0;6
69;21;0;6
0;22;0;0
1;22;0;6
2;22;0;6
3;22;0;6
4;22;0;6
5;22;0;6
6;22;2;6
7;22;2;6
8;22;2;6
9;22;2;6
10;22;2;6
11;22;2;6
12;22;2;6
13;22;2;6
14;22;7426;6
15;22;8;6
16;22;17666;6
17;22;18690;6
18;22;8;6
19;22;8;6
20;22;2;6
21;22;2;6
22;22;2;6
23;22;2;6
24;22;2;6
25;22;6434;6
26;22;28962;6
27;22;9;6
28;22;9;6
29;22;3362;6
30;22;2;6
31;22;7522;6
32;22;11;6
33;22;11;6
34;22;13666;6
35;22;2;6
36;22;2;6
37;22;8482;6
38;22;9;6
39;22;9;6
40;22;2;6
41;22;2;6
42;22;2;6
43;22;7458;6
44;22;9;6
45;22;13602;6
46;22;2;6
47;22;2;6
48;22;2;6
49;22;2;6
50;22;2;6
51;22;2;6
52;22;2;6
53;22;2;6
54;22;2;6
55;22;2;6
56;22;12578;6
57;22;9;6
58;22;9;6
59;22;9;6
60;22;9;6
61;22;9;6
62;22;13602;6
63;22;2;6
64;22;2;6
65;22;2;6
66;22;2;6
67;22;0;6
68;22;0;6
69;22;0;6
0;23;0;0
1;23;0;0
2;23;0;6
3;23;0;6
4;23;0;6
5;23;0;6
6;23;0;6
7;23;0;6
8;23;2;6
9;23;2;6
10;23;2;6
11;23;2;6
12;23;2;6
13;23;2;6
14;23;2;6
15;23;2;6
16;23;2;6
17;23;2;6
18;23;2306;6
19;23;1282;6
20;23;2;6
21;23;2;6
22;23;2;6
23;23;2;6
24;23;16674;6
25;23;9;6
26;23;9;6
27;23;9;6
28;23;13602;6
29;23;2;6
30;23;2;6
31;23;2;6
32;23;2402;6
33;23;1378;6
34;23;2;6
35;23;2;6
36;23;6434;6
37;23;28962;6
38;23;9;6
39;23;19746;6
40;23;2;6
41;23;2;6
42;23;2;6
43;23;2;6
44;23;2;6
45;23;2;6
46;23;2;6
47;23;2;6
48;23;2;6
49;23;2;6
50;23;2;6
51;23;2;6
52;23;2;6
53;23;2;6
54;23;2;6
55;23;2;6
56;23;7458;6
57;23;9;6
58;23;9;6
59;23;9;6
60;23;9;6
61;23;13602;6
62;23;2;6
63;23;2;6
64;23;2;6
65;23;2;6
66;23;0;6
67;23;0;6
68;23;0;6
69;23;0;6
0;24;0;0
1;24;0;0
2;24;0;6
3;24;0;6
4;24;0;6
5;24;0;6
6;24;0;6
7;24;0;6
8;24;0;6
9;24;0;6
10;24;0;6
11;24;0;6
12;24;0;6
13;24;0;6
14;24;0;6
15;24;0;6
16;24;0;6
17;24;0;6
18;24;2;6
19;24;2;6
20;24;2;6
21;24;2;6
22;24;2;6
23;24;2;6
24;24;9;6
25;24;9;6
26;24;17698;6
27;24;1314;6
28;24;2;6
29;24;6402;6
30;24;5378;6
31;24;2;6
32;24;2;6
33;24;2;6
34;24;2;6
35;24;8482;6
36;24;9;6
37;24;9;6
38;24;9;6
39;24;3362;6
40;24;2;6
41;24;2;6
42;24;2;6
43;24;2;6
44;24;2;6
45;24;2;6
46;24;2;6
47;24;0;6
48;24;0;6
49;24;0;6
50;24;2;6
51;24;2;6
52;24;2;6
53;24;2;6
54;24;2;6
55;24;2;6
56;24;2;6
57;24;2338;6
58;24;9506;6
59;24;9506;6
60;24;1314;6
61;24;2;6
62;24;2;6
63;24;2;6
64;24;2;6
65;24;2;6
66;24;0;6
67;24;0;6
68;24;0;6
69;24;0;6
0;25;0;0
1;25;0;0
2;25;0;6
3;25;0;6
4;25;0;6
5;25;0;6
6;25;0;6
7;25;0;6
8;25;0;6
9;25;0;6
10;25;0;6
11;25;0;6
12;25;0;6
13;25;0;6
14;25;0;6
15;25;0;6
16;25;0;6
17;25;0;6
18;25;2;6
19;25;2;6
20;25;2;6
21;25;2;6
22;25;2;6
23;25;2;6
24;25;2338;6
25;25;1314;6
26;25;2;6
27;25;2;6
28;25;16642;6
29;25;8;6
30;25;8;6
31;25;4354;6
32;25;2;6
33;25;2;6
34;25;2;6
35;25;24866;6
36;25;9;6
37;25;25890;6
38;25;1314;6
39;25;2;6
40;25;2;6
41;25;2;6
42;25;2;6
43;25;2;6
44;25;2;6
45;25;2;6
46;25;2;6
47;25;0;6
48;25;0;6
49;25;0;6
50;25;2;6
51;25;2;6
52;25;2;6
53;25;2;6
54;25;2;6
55;25;2;6
56;25;2;6
57;25;2;6
58;25;2;6
59;25;2;6
60;25;2;6
61;25;2;6
62;25;2;6
63;25;2;6
64;25;2;6
65;25;2;6
66;25;0;6
67;25;0;6
68;25;0;6
69;25;0;6
0;26;0;0
1;26;0;0
2;26;0;6
3;26;0;6
4;26;0;6
5;26;0;6
6;26;0;6
7;26;0;6
8;26;0;6
9;26;0;6
10;26;0;6
11;26;0;6
12;26;0;6
13;26;0;6
14;26;0;6
15;26;0;6
16;26;0;6
17;26;0;6
18;26;2;6
19;26;2;6
20;26;2;6
21;26;2;6
22;26;2;6
23;26;2;6
24;26;2;6
25;26;2;6
26;26;2;6
27;26;16642;6
28;26;8;6
29;26;8;6
30;26;8;6
31;26;10498;6
32;26;2;6
33;26;2;6
34;26;8482;6
35;26;9;6
36;26;9;6
37;26;10530;6
38;26;2;6
39;26;2;6
40;26;2;6
41;26;2;6
42;26;2;6
43;26;2;6
44;26;2;6
45;26;0;6
46;26;0;6
47;26;0;6
48;26;0;6
49;26;0;6
50;26;0;6
51;26;2;6
52;26;2;6
53;26;2;6
54;26;2;6
55;26;2;6
56;26;2;6
57;26;2;6
58;26;2;6
59;26;2;6
60;26;2;6
61;26;2;6
62;26;2;6
63;26;2;6
64;26;2;6
65;26;2;6
66;26;0;6
67;26;0;6
68;26;0;6
69;26;0;6
0;27;0;0
1;27;0;0
2;27;0;6
3;27;0;6
4;27;0;6
5;27;0;6
6;27;0;6
7;27;0;6
8;27;0;6
9;27;0;6
10;27;0;6
11;27;0;6
12;27;0;6
13;27;0;6
14;27;0;6
15;27;0;6
16;27;0;6
17;27;0;6
18;27;0;6
19;27;0;6
20;27;2;6
21;27;2;6
22;27;2;6
23;27;2;6
24;27;2;6
25;27;2;6
26;27;16642;6
27;27;8;6
28;27;8;6
29;27;8;6
30;27;8;6
31;27;10498;6
32;27;2;6
33;27;2;6
34;27;24866;6
35;27;9;6
36;27;9;6
37;27;3362;6
38;27;2;6
39;27;2;6
40;27;2;6
41;27;2;6
42;27;2;6
43;27;2;6
44;27;2;6
45;27;0;6
46;27;0;6
47;27;0;6
48;27;0;6
49;27;0;6
50;27;0;6
51;27;0;6
52;27;2;6
53;27;2;6
54;27;2;6
55;27;2;6
56;27;2;6
57;27;2;6
58;27;2;6
59;27;2;6
60;27;2;6
61;27;2;6
62;27;0;6
63;27;0;6
64;27;0;6
65;27;0;6
66;27;0;6
67;27;0;6
68;27;0;6
69;27;0;6
0;28;0;0
1;28;0;0
2;28;0;0
3;28;0;6
4;28;0;6
5;28;0;6
6;28;0;6
7;28;0;6
8;28;0;6
9;28;0;6
10;28;0;6
11;28;0;6
12;28;0;6
13;28;0;6
14;28;0;6
15;28;0;6
16;28;0;6
17;28;0;6
18;28;0;6
19;28;0;6
20;28;2;6
21;28;8450;6
22;28;8;6
23;28;22786;6
24;28;11522;6
25;28;21762;6
26;28;8;6
27;28;8;6
28;28;8;6
29;28;8;6
30;28;8;6
31;28;3330;6
32;28;2;6
33;28;2;6
34;28;9;6
35;28;9;6
36;28;13602;6
37;28;2;6
38;28;2;6
39;28;0;6
40;28;0;6
41;28;0;6
42;28;2;6
43;28;2;6
44;28;0;6
45;28;0;6
46;28;0;6
47;28;0;6
48;28;0;6
49;28;0;6
50;28;0;6
51;28;0;6
52;28;2;6
53;28;2;6
54;28;2;6
55;28;2;6
56;28;2;6
57;28;2;6
58;28;2;6
59;28;2;6
60;28;2;6
61;28;2;6
62;28;0;6
63;28;0;6
64;28;0;6
65;28;0;6
66;28;0;6
67;28;0;6
68;28;0;6
69;28;0;0
0;29;0;0
1;29;0;0
2;29;0;0
3;29;0;0
4;29;0;0
5;29;0;0
6;29;0;0
7;29;0;0
8;29;0;0
9;29;0;0
10;29;0;0
11;29;0;0
12;29;0;0
13;29;0;0
14;29;0;0
15;29;0;6
16;29;0;6
17;29;0;6
18;29;0;6
19;29;2;6
20;29;2;6
21;29;7426;6
22;29;8;6
23;29;8;6
24;29;8;6
25;29;8;6
26;29;8;6
27;29;17666;6
28;29;9474;6
29;29;9474;6
30;29;1282;6
31;29;2;6
32;29;2;6
33;29;2;6
34;29;2338;6
35;29;1314;6
36;29;2;6
37;29;2;6
38;29;2;6
39;29;0;6
40;29;0;6
41;29;0;6
42;29;2;6
43;29;0;6
44;29;0;6
45;29;0;6
46;29;0;6
47;29;0;6
48;29;0;6
49;29;0;6
50;29;0;6
51;29;0;6
52;29;0;6
53;29;2;6
54;29;2;6
55;29;2;6
56;29;2;6
57;29;2;6
58;29;2;6
59;29;2;6
60;29;2;6
61;29;2;6
62;29;0;6
63;29;0;6
64;29;0;6
65;29;0;6
66;29;0;6
67;29;0;0
68;29;0;0
69;29;0;0
0;30;0;0
1;30;0;0
2;30;0;0
3;30;0;0
4;30;0;0
5;30;0;0
6;30;0;0
7;30;0;0
8;30;0;0
9;30;0;0
10;30;0;0
11;30;0;0
12;30;0;0
13;30;0;0
14;30;0;0
15;30;0;6
16;30;0;6
17;30;0;6
18;30;0;6
19;30;2;6
20;30;2;6
21;30;2;6
22;30;2306;6
23;30;18690;6
24;30;8;6
25;30;8;6
26;30;13570;6
27;30;2;6
28;30;2;6
29;30;2;6
30;30;2;6
31;30;2;6
32;30;2;6
33;30;2;6
34;30;2;6
35;30;16738;6
36;30;11;6
37;30;4450;6
38;30;0;6
39;30;0;6
40;30;0;6
41;30;0;6
42;30;0;6
43;30;0;6
44;30;0;6
45;30;0;6
46;30;0;6
47;30;0;6
48;30;0;6
49;30;0;6
50;30;0;6
51;30;0;6
52;30;0;6
53;30;0;6
54;30;0;6
55;30;0;6
56;30;0;6
57;30;0;6
58;30;0;6
59;30;0;6
60;30;0;6
61;30;0;6
62;30;0;6
63;30;0;6
64;30;0;6
65;30;0;6
66;30;0;0
67;30;0;0
68;30;0;0
69;30;0;0
0;31;0;0
1;31;0;0
2;31;0;0
3;31;0;0
4;31;0;0
5;31;0;0
6;31;0;0
7;31;0;0
8;31;0;0
9;31;0;0
10;31;0;0
11;31;0;0
12;31;0;0
13;31;0;0
14;31;0;0
15;31;0;6
16;31;0;6
17;31;0;6
18;31;0;6
19;31;2;6
20;31;2;6
21;31;2;6
22;31;2;6
23;31;2;6
24;31;2306;6
25;31;1282;6
26;31;2;6
27;31;2;6
28;31;2;6
29;31;2;6
30;31;2;6
31;31;2;6
32;31;2;6
33;31;2;6
34;31;16738;6
35;31;11;6
36;31;11;6
37;31;0;6
38;31;0;6
39;31;0;6
40;31;0;6
41;31;0;6
42;31;0;6
43;31;0;6
44;31;0;6
45;31;0;6
46;31;0;6
47;31;0;6
48;31;0;6
49;31;0;6
50;31;0;6
51;31;0;6
52;31;0;6
53;31;0;6
54;31;0;6
55;31;0;6
56;31;0;6
57;31;0;6
58;31;0;6
59;31;0;6
60;31;0;6
61;31;0;6
62;31;0;6
63;31;0;0
64;31;0;0
65;31;0;0
66;31;0;0
67;31;0;0
68;31;0;0
69;31;0;0
0;32;0;0
1;32;0;0
2;32;0;0
3;32;0;0
4;32;0;0
5;32;0;0
6;32;0;0
7;32;0;0
8;32;0;0
9;32;0;0
10;32;0;0
11;32;0;0
12;32;0;0
13;32;0;0
14;32;0;0
15;32;0;6
16;32;0;6
17;32;0;6
18;32;2;6
19;32;2;6
20;32;2;6
21;32;2;6
22;32;2;6
23;32;2;6
24;32;2;6
25;32;2;6
26;32;6434;6
27;32;21794;6
28;32;9;6
29;32;4386;6
30;32;2;6
31;32;2;6
32;32;6498;6
33;32;21858;6
34;32;11;6
35;32;11;6
36;32;11;6
37;32;3426;6
38;32;0;6
39;32;0;6
40;32;0;6
41;32;0;6
42;32;0;6
43;32;0;6
44;32;0;6
45;32;0;6
46;32;0;6
47;32;0;6
48;32;0;6
49;32;0;6
50;32;0;6
51;32;0;6
52;32;0;6
53;32;0;6
54;32;0;6
55;32;0;6
56;32;0;6
57;32;0;6
58;32;0;6
59;32;0;6
60;32;0;0
61;32;0;0
62;32;0;0
63;32;0;0
64;32;0;0
65;32;0;0
66;32;0;0
67;32;0;0
68;32;0;0
69;32;0;0
0;33;0;0
1;33;0;0
2;33;0;0
3;33;0;0
4;33;0;0
5;33;0;0
6;33;0;0
7;33;0;0
8;33;0;0
9;33;0;0
10;33;0;0
11;33;0;0
12;33;0;0
13;33;0;0
14;33;0;0
15;33;0;6
16;33;0;6
17;33;0;6
18;33;2;6
19;33;2;6
20;33;2;6
21;33;2;6
22;33;2;6
23;33;2;6
24;33;2;6
25;33;16674;6
26;33;9;6
27;33;9;6
28;33;9;6
29;33;3362;6
30;33;2;6
31;33;8546;6
32;33;11;6
33;33;11;6
34;33;11;6
35;33;11;6
36;33;13666;6
37;33;2;6
38;33;2;6
39;33;2;6
40;33;2;6
41;33;0;6
42;33;0;6
43;33;0;6
44;33;0;6
45;33;0;6
46;33;0;6
47;33;0;6
48;33;0;6
49;33;0;6
50;33;0;6
51;33;0;6
52;33;0;6
53;33;0;6
54;33;0;6
55;33;0;0
56;33;0;0
57;33;0;0
58;33;0;0
59;33;0;0
60;33;0;0
61;33;0;0
62;33;0;0
63;33;0;0
64;33;0;0
65;33;0;0
66;33;0;0
67;33;0;0
68;33;0;0
69;33;0;0
0;34;0;0
1;34;0;0
2;34;0;0
3;34;0;0
4;34;0;0
5;34;0;0
6;34;0;0
7;34;0;0
8;34;0;0
9;34;0;0
10;34;0;0
11;34;0;0
12;34;0;0
13;34;0;0
14;34;0;0
15;34;0;6
16;34;0;6
17;34;0;6
18;34;2;6
19;34;2;6
20;34;2;6
21;34;2;6
22;34;2;6
23;34;2;6
24;34;8482;6
25;34;9;6
26;34;9;6
27;34;9;6
28;34;13602;6
29;34;2;6
30;34;2;6
31;34;24930;6
32;34;11;6
33;34;11;6
34;34;11;6
35;34;19810;6
36;34;2;6
37;34;2;6
38;34;2;6
39;34;2;6
40;34;2;6
41;34;2;6
42;34;0;6
43;34;0;6
44;34;0;6
45;34;0;6
46;34;0;6
47;34;0;6
48;34;0;6
49;34;0;6
50;34;0;6
51;34;0;6
52;34;0;6
53;34;0;6
54;34;0;0
55;34;0;0
56;34;0;0
57;34;0;0
58;34;0;0
59;34;0;0
60;34;0;0
61;34;0;0
62;34;0;0
63;34;0;0
64;34;0;0
65;34;0;0
66;34;0;0
67;34;0;0
68;34;0;0
69;34;0;0
0;35;0;0
1;35;0;0
2;35;0;0
3;35;0;0
4;35;0;0
5;35;0;0
6;35;0;0
7;35;0;0
8;35;0;0
9;35;0;0
10;35;0;0
11;35;0;0
12;35;0;0
13;35;0;0
14;35;0;0
15;35;0;6
16;35;0;6
17;35;0;6
18;35;2;6
19;35;2;6
20;35;2;6
21;35;2;6
22;35;2;6
23;35;2;6
24;35;7458;6
25;35;9;6
26;35;17698;6
27;35;1314;6
28;35;2;6
29;35;2;6
30;35;8546;6
31;35;11;6
32;35;11;6
33;35;11;6
34;35;11;6
35;35;20834;6
36;35;2;6
37;35;2;6
38;35;2;6
39;35;2;6
40;35;2;6
41;35;2;6
42;35;2;6
43;35;0;6
44;35;0;6
45;35;0;6
46;35;0;6
47;35;0;6
48;35;0;6
49;35;0;6
50;35;0;6
51;35;0;0
52;35;0;0
53;35;0;0
54;35;0;0
55;35;0;0
56;35;0;0
57;35;0;0
58;35;0;0
59;35;0;0
60;35;0;0
61;35;0;0
62;35;0;0
63;35;0;0
64;35;0;0
65;35;0;0
66;35;0;0
67;35;0;0
68;35;0;0
69;35;0;0
0;36;0;0
1;36;0;0
2;36;0;0
3;36;0;0
4;36;0;0
5;36;0;0
6;36;0;0
7;36;0;0
8;36;0;0
9;36;0;0
10;36;0;0
11;36;0;0
12;36;0;0
13;36;0;0
14;36;0;0
15;36;0;6
16;36;0;6
17;36;0;6
18;36;2;6
19;36;2;6
20;36;2;6
21;36;2;6
22;36;2;6
23;36;2;6
24;36;2;6
25;36;2;6
26;36;2;6
27;36;2;6
28;36;2;6
29;36;6498;6
30;36;29026;6
31;36;11;6
32;36;11;6
33;36;11;6
34;36;11;6
35;36;11;6
36;36;2;6
37;36;2;6
38;36;2;6
39;36;2;6
40;36;16674;6
41;36;9;6
42;36;4386;6
43;36;2;6
44;36;0;6
45;36;0;6
46;36;0;6
47;36;0;6
48;36;0;6
49;36;0;6
50;36;0;6
51;36;0;0
52;36;0;0
53;36;0;0
54;36;0;0
55;36;0;0
56;36;0;0
57;36;0;0
58;36;0;0
59;36;0;0
60;36;0;0
61;36;0;0
62;36;0;0
63;36;0;0
64;36;0;0
65;36;0;0
66;36;0;0
67;36;0;0
68;36;0;0
69;36;0;0
0;37;0;0
1;37;0;0
2;37;0;0
3;37;0;0
4;37;0;0
5;37;0;0
6;37;0;0
7;37;0;0
8;37;0;0
9;37;0;0
10;37;0;0
11;37;0;0
12;37;0;0
13;37;0;0
14;37;0;0
15;37;0;6
16;37;0;6
17;37;0;6
18;37;0;6
19;37;2;6
20;37;2;6
21;37;2;6
22;37;2;6
23;37;2;6
24;37;2;6
25;37;2;6
26;37;2;6
27;37;2;6
28;37;2;6
29;37;11;6
30;37;11;6
31;37;11;6
32;37;17762;6
33;37;9570;6
34;37;9570;6
35;37;1378;6
36;37;2;6
37;37;2;6
38;37;2;6
39;37;2;6
40;37;9;6
41;37;9;6
42;37;3362;6
43;37;2;6
44;37;0;6
45;37;0;6
46;37;0;6
47;37;0;6
48;37;0;6
49;37;0;6
50;37;0;6
51;37;0;0
52;37;0;0
53;37;0;0
54;37;0;0
55;37;0;0
56;37;0;0
57;37;0;0
58;37;0;0
59;37;0;0
60;37;0;0
61;37;0;0
62;37;0;0
63;37;0;0
64;37;0;0
65;37;0;0
66;37;0;0
67;37;0;0
68;37;0;0
69;37;0;0
0;38;0;0
1;38;0;0
2;38;0;0
3;38;0;0
4;38;0;0
5;38;0;0
6;38;0;0
7;38;0;0
8;38;0;0
9;38;0;0
10;38;0;0
11;38;0;0
12;38;0;0
13;38;0;0
14;38;0;0
15;38;0;6
16;38;0;6
17;38;0;6
18;38;0;6
19;38;0;6
20;38;0;6
21;38;2;6
22;38;2;6
23;38;2;6
24;38;2;6
25;38;2;6
26;38;2;6
27;38;2;6
28;38;2;6
29;38;2402;6
30;38;9570;6
31;38;1378;6
32;38;2;6
33;38;2;6
34;38;2;6
35;38;2;6
36;38;2;6
37;38;2;6
38;38;2;6
39;38;2;6
40;38;2338;6
41;38;1314;6
42;38;2;6
43;38;2;6
44;38;0;6
45;38;0;6
46;38;0;6
47;38;0;6
48;38;0;6
49;38;0;6
50;38;0;6
51;38;0;0
52;38;0;0
53;38;0;0
54;38;0;0
55;38;0;0
56;38;0;0
57;38;0;0
58;38;0;0
59;38;0;0
60;38;0;0
61;38;0;0
62;38;0;0
63;38;0;0
64;38;0;0
65;38;0;0
66;38;0;0
67;38;0;0
68;38;0;0
69;38;0;0
0;39;0;0
1;39;0;0
2;39;0;0
3;39;0;0
4;39;0;0
5;39;0;0
6;39;0;0
7;39;0;0
8;39;0;0
9;39;0;0
10;39;0;0
11;39;0;0
12;39;0;0
13;39;0;0
14;39;0;0
15;39;0;6
16;39;0;6
17;39;0;6
18;39;0;6
19;39;0;6
20;39;0;6
21;39;2;6
22;39;2;6
23;39;2;6
24;39;2;6
25;39;2;6
26;39;2;6
27;39;2;6
28;39;2;6
29;39;2;6
30;39;2;6
31;39;2;6
32;39;2;6
33;39;2;6
34;39;2;6
35;39;2;6
36;39;2;6
37;39;2;6
38;39;2;6
39;39;2;6
40;39;2;6
41;39;2;6
42;39;2;6
43;39;2;6
44;39;0;6
45;39;0;6
46;39;0;6
47;39;0;6
48;39;0;6
49;39;0;6
50;39;0;6
51;39;0;0
52;39;0;0
53;39;0;0
54;39;0;0
55;39;0;0
56;39;0;0
57;39;0;0
58;39;0;0
59;39;0;0
60;39;0;0
61;39;0;0
62;39;0;0
63;39;0;0
64;39;0;0
65;39;0;0
66;39;0;0
67;39;0;0
68;39;0;0
69;39;0;0
0;40;0;0
1;40;0;0
2;40;0;0
3;40;0;0
4;40;0;0
5;40;0;0
6;40;0;0
7;40;0;0
8;40;0;0
9;40;0;0
10;40;0;0
11;40;0;0
12;40;0;0
13;40;0;0
14;40;0;0
15;40;0;0
16;40;0;0
17;40;0;6
18;40;0;6
19;40;0;6
20;40;0;6
21;40;2;6
22;40;2;6
23;40;2;6
24;40;2;6
25;40;2;6
26;40;2;6
27;40;2;6
28;40;2;6
29;40;2;6
30;40;2;6
31;40;0;6
32;40;0;6
33;40;2;6
34;40;2;6
35;40;2;6
36;40;2;6
37;40;2;6
38;40;2;6
39;40;2;6
40;40;2;6
41;40;2;6
42;40;2;6
43;40;0;6
44;40;0;6
45;40;0;6
46;40;0;6
47;40;0;6
48;40;0;6
49;40;0;6
50;40;0;0
51;40;0;0
52;40;0;0
53;40;0;0
54;40;0;0
55;40;0;0
56;40;0;0
57;40;0;0
58;40;0;0
59;40;0;0
60;40;0;0
61;40;0;0
62;40;0;0
63;40;0;0
64;40;0;0
65;40;0;0
66;40;0;0
67;40;0;0
68;40;0;0
69;40;0;0
0;41;0;0
1;41;0;0
2;41;0;0
3;41;0;0
4;41;0;0
5;41;0;0
6;41;0;0
7;41;0;0
8;41;0;0
9;41;0;0
10;41;0;0
11;41;0;0
12;41;0;0
13;41;0;0
14;41;0;0
15;41;0;0
16;41;0;0
17;41;0;6
18;41;0;6
19;41;0;6
20;41;0;6
21;41;0;6
22;41;2;6
23;41;2;6
24;41;0;6
25;41;0;6
26;41;0;6
27;41;0;6
28;41;0;6
29;41;0;6
30;41;0;6
31;41;0;6
32;41;0;6
33;41;0;6
34;41;0;6
35;41;2;6
36;41;0;6
37;41;0;6
38;41;2;6
39;41;2;6
40;41;2;6
41;41;0;6
42;41;0;6
43;41;0;6
44;41;0;6
45;41;0;6
46;41;0;6
47;41;0;6
48;41;0;6
49;41;0;6
50;41;0;0
51;41;0;0
52;41;0;0
53;41;0;0
54;41;0;0
55;41;0;0
56;41;0;0
57;41;0;0
58;41;0;0
59;41;0;0
60;41;0;0
61;41;0;0
62;41;0;0
63;41;0;0
64;41;0;0
65;41;0;0
66;41;0;0
67;41;0;0
68;41;0;0
69;41;0;0
0;42;0;0
1;42;0;0
2;42;0;0
3;42;0;0
4;42;0;0
5;42;0;0
6;42;0;0
7;42;0;0
8;42;0;0
9;42;0;0
10;42;0;0
11;42;0;0
12;42;0;0
13;42;0;0
14;42;0;0
15;42;0;0
16;42;0;0
17;42;0;0
18;42;0;6
19;42;0;6
20;42;0;6
21;42;0;6
22;42;0;6
23;42;0;6
24;42;0;6
25;42;0;6
26;42;0;6
27;42;0;6
28;42;0;6
29;42;0;6
30;42;0;6
31;42;0;6
32;42;0;6
33;42;0;6
34;42;0;6
35;42;0;6
36;42;0;6
37;42;0;6
38;42;0;6
39;42;0;6
40;42;0;6
41;42;0;6
42;42;0;6
43;42;0;6
44;42;0;6
45;42;0;6
46;42;0;6
47;42;0;6
48;42;0;6
49;42;0;0
50;42;0;0
51;42;0;0
52;42;0;0
53;42;0;0
54;42;0;0
55;42;0;0
56;42;0;0
57;42;0;0
58;42;0;0
59;42;0;0
60;42;0;0
61;42;0;0
62;42;0;0
63;42;0;0
64;42;0;0
65;42;0;0
66;42;0;0
67;42;0;0
68;42;0;0
69;42;0;0
0;43;0;0
1;43;0;0
2;43;0;0
3;43;0;0
4;43;0;0
5;43;0;0
6;43;0;0
7;43;0;0
8;43;0;0
9;43;0;0
10;43;0;0
11;43;0;0
12;43;0;0
13;43;0;0
14;43;0;0
15;43;0;0
16;43;0;0
17;43;0;0
18;43;0;0
19;43;0;6
20;43;0;6
21;43;0;6
22;43;0;6
23;43;0;6
24;43;0;6
25;43;0;6
26;43;0;6
27;43;0;6
28;43;0;6
29;43;0;6
30;43;0;6
31;43;0;6
32;43;0;6
33;43;0;6
34;43;0;6
35;43;0;6
36;43;0;6
37;43;0;6
38;43;0;6
39;43;0;6
40;43;0;6
41;43;0;6
42;43;0;6
43;43;0;6
44;43;0;6
45;43;0;6
46;43;0;6
47;43;0;6
48;43;0;6
49;43;0;0
50;43;0;0
51;43;0;0
52;43;0;0
53;43;0;0
54;43;0;0
55;43;0;0
56;43;0;0
57;43;0;0
58;43;0;0
59;43;0;0
60;43;0;0
61;43;0;0
62;43;0;0
63;43;0;0
64;43;0;0
65;43;0;0
66;43;0;0
67;43;0;0
68;43;0;0
69;43;0;0
0;44;0;0
1;44;0;0
2;44;0;0
3;44;0;0
4;44;0;0
5;44;0;0
6;44;0;0
7;44;0;0
8;44;0;0
9;44;0;0
10;44;0;0
11;44;0;0
12;44;0;0
13;44;0;0
14;44;0;0
15;44;0;0
16;44;0;0
17;44;0;0
18;44;0;0
19;44;0;0
20;44;0;0
21;44;0;0
22;44;0;0
23;44;0;0
24;44;0;0
25;44;0;0
26;44;0;0
27;44;0;0
28;44;0;0
29;44;0;0
30;44;0;0
31;44;0;0
32;44;0;0
33;44;0;0
34;44;0;0
35;44;0;0
36;44;0;0
37;44;0;0
38;44;0;0
39;44;0;0
40;44;0;0
41;44;0;0
42;44;0;0
43;44;0;0
44;44;0;0
45;44;0;0
46;44;0;0
47;44;0;0
48;44;0;0
49;44;0;0
50;44;0;0
51;44;0;0
52;44;0;0
53;44;0;0
54;44;0;0
55;44;0;0
56;44;0;0
57;44;0;0
58;44;0;0
59;44;0;0
60;44;0;0
61;44;0;0
62;44;0;0
63;44;0;0
64;44;0;0
65;44;0;0
66;44;0;0
67;44;0;0
68;44;0;0
69;44;0;0
