V: 2
L: 1
X: 0
Y: 0
W: 50
H: 50
0;0;0;11
0;1;0;11
0;2;0;11
0;3;0;11
0;4;0;11
0;5;0;11
0;6;0;11
0;7;0;11
0;8;0;11
0;9;0;11
0;10;0;11
0;11;0;11
0;12;0;11
0;13;0;11
0;14;0;0
0;15;0;0
0;16;0;0
0;17;0;0
0;18;0;0
0;19;0;0
0;20;0;0
0;21;0;0
0;22;0;0
0;23;0;0
0;24;0;0
0;25;0;0
0;26;0;0
0;27;0;0
0;28;0;0
0;29;0;0
0;30;0;0
0;31;0;0
0;32;0;0
0;33;0;0
0;34;0;0
0;35;0;0
0;36;0;0
0;37;0;0
0;38;0;0
0;39;0;0
0;40;0;0
0;41;0;0
0;42;0;0
0;43;0;0
0;44;0;0
0;45;0;0
0;46;0;0
0;47;0;0
0;48;0;0
0;49;0;0
1;0;2;11
1;1;2;11
1;2;2;11
1;3;2;11
1;4;2;11
1;5;2;11
1;6;2;11
1;7;2;11
1;8;2;11
1;9;2;11
1;10;2;11
1;11;2;11
1;12;0;11
1;13;0;11
1;14;0;0
1;15;0;0
1;16;0;0
1;17;0;0
1;18;0;0
1;19;0;0
1;20;0;0
1;21;0;0
1;22;0;0
1;23;0;0
1;24;0;0
1;25;0;0
1;26;0;0
1;27;0;0
1;28;0;0
1;29;0;0
1;30;0;0
1;31;0;0
1;32;0;0
1;33;0;0
1;34;0;0
1;35;0;0
1;36;0;0
1;37;0;0
1;38;0;0
1;39;0;0
1;40;0;0
1;41;0;0
1;42;0;0
1;43;0;0
1;44;0;0
1;45;0;0
1;46;0;0
1;47;0;0
1;48;0;0
1;49;0;0
2;0;2;11
2;1;2;11
2;2;2;11
2;3;2;11
2;4;2;11
2;5;2;11
2;6;2;11
2;7;2;11
2;8;2;11
2;9;2;11
2;10;2;11
2;11;2;11
2;12;0;11
2;13;0;11
2;14;0;0
2;15;0;0
2;16;0;0
2;17;0;0
2;18;0;0
2;19;0;0
2;20;0;0
2;21;0;0
2;22;0;0
2;23;0;0
2;24;0;0
2;25;0;0
2;26;0;0
2;27;0;0
2;28;0;0
2;29;0;0
2;30;0;0
2;31;0;0
2;32;0;0
2;33;0;0
2;34;0;0
2;35;0;0
2;36;0;0
2;37;0;0
2;38;0;0
2;39;0;0
2;40;0;0
2;41;0;0
2;42;0;0
2;43;0;0
2;44;0;0
2;45;0;0
2;46;0;0
2;47;0;0
2;48;0;0
2;49;0;0
3;0;2;11
3;1;2;11
3;2;2;11
3;3;25667;11
3;4;10307;11
3;5;20547;11
3;6;2;11
3;7;2;11
3;8;2;11
3;9;2;11
3;10;2;11
3;11;2;11
3;12;0;11
3;13;0;11
3;14;0;0
3;15;0;0
3;16;0;0
3;17;0;0
3;18;0;0
3;19;0;0
3;20;0;0
3;21;0;0
3;22;0;0
3;23;0;0
3;24;0;0
3;25;0;0
3;26;0;0
3;27;0;0
3;28;0;0
3;29;0;0
3;30;0;0
3;31;0;0
3;32;0;0
3;33;0;0
3;34;0;0
3;35;0;0
3;36;0;0
3;37;0;0
3;38;0;0
3;39;0;0
3;40;0;0
3;41;0;0
3;42;0;0
3;43;0;0
3;44;0;0
3;45;0;0
3;46;0;0
3;47;0;0
3;48;0;0
3;49;0;0
4;0;2;11
4;1;2;11
4;2;2;11
4;3;1091;11
4;4;3;11
4;5;3;11
4;6;4163;11
4;7;20547;11
4;8;2;11
4;9;2;11
4;10;0;11
4;11;0;11
4;12;0;11
4;13;0;11
4;14;0;0
4;15;0;0
4;16;0;0
4;17;0;0
4;18;0;0
4;19;0;0
4;20;0;0
4;21;0;0
4;22;0;0
4;23;0;0
4;24;0;0
4;25;0;0
4;26;0;0
4;27;0;0
4;28;0;0
4;29;0;0
4;30;0;0
4;31;0;0
4;32;0;0
4;33;0;0
4;34;0;0
4;35;0;0
4;36;0;0
4;37;0;0
4;38;0;0
4;39;0;0
4;40;0;0
4;41;0;0
4;42;0;0
4;43;0;0
4;44;0;0
4;45;0;0
4;46;0;0
4;47;0;0
4;48;0;0
4;49;0;0
5;0;2;11
5;1;19523;11
5;2;3139;11
5;3;3;11
5;4;3;11
5;5;3;11
5;6;3;11
5;7;3;11
5;8;0;11
5;9;0;11
5;10;0;11
5;11;0;11
5;12;0;11
5;13;0;11
5;14;0;0
5;15;0;0
5;16;0;0
5;17;0;0
5;18;0;0
5;19;0;0
5;20;0;0
5;21;0;0
5;22;0;0
5;23;0;0
5;24;0;0
5;25;0;0
5;26;0;0
5;27;0;0
5;28;0;0
5;29;0;0
5;30;0;0
5;31;0;0
5;32;0;0
5;33;0;0
5;34;0;0
5;35;0;0
5;36;0;0
5;37;0;0
5;38;0;0
5;39;0;0
5;40;0;0
5;41;0;0
5;42;0;0
5;43;0;0
5;44;0;0
5;45;0;0
5;46;0;0
5;47;0;0
5;48;0;0
5;49;0;0
6;0;3;11
6;1;3;11
6;2;3;11
6;3;3;11
6;4;3;11
6;5;3;11
6;6;3;11
6;7;3;11
6;8;0;11
6;9;0;11
6;10;0;11
6;11;0;11
6;12;0;11
6;13;0;11
6;14;0;0
6;15;0;0
6;16;0;0
6;17;0;0
6;18;0;0
6;19;0;0
6;20;0;0
6;21;0;0
6;22;0;0
6;23;0;0
6;24;0;0
6;25;0;0
6;26;0;0
6;27;0;0
6;28;0;0
6;29;0;0
6;30;0;0
6;31;0;0
6;32;0;0
6;33;0;0
6;34;0;0
6;35;0;0
6;36;0;0
6;37;0;0
6;38;0;0
6;39;0;0
6;40;0;0
6;41;0;0
6;42;0;0
6;43;0;0
6;44;0;0
6;45;0;0
6;46;0;0
6;47;0;0
6;48;0;0
6;49;0;0
7;0;3;11
7;1;3;11
7;2;3;11
7;3;3;11
7;4;3;11
7;5;3;11
7;6;3;11
7;7;3;11
7;8;0;11
7;9;0;11
7;10;0;11
7;11;0;0
7;12;0;0
7;13;0;0
7;14;0;0
7;15;0;0
7;16;0;0
7;17;0;0
7;18;0;0
7;19;0;0
7;20;0;0
7;21;0;0
7;22;0;0
7;23;0;0
7;24;0;0
7;25;0;0
7;26;0;0
7;27;0;0
7;28;0;0
7;29;0;0
7;30;0;0
7;31;0;0
7;32;0;0
7;33;0;0
7;34;0;0
7;35;0;0
7;36;0;0
7;37;0;0
7;38;0;0
7;39;0;0
7;40;0;0
7;41;0;0
7;42;0;0
7;43;0;0
7;44;0;0
7;45;0;0
7;46;0;0
7;47;0;0
7;48;0;0
7;49;0;0
8;0;3;11
8;1;3;11
8;2;3;11
8;3;3;11
8;4;8259;11
8;5;7235;11
8;6;3;11
8;7;0;11
8;8;0;11
8;9;0;11
8;10;0;11
8;11;0;0
8;12;0;0
8;13;0;0
8;14;0;0
8;15;0;0
8;16;0;0
8;17;0;0
8;18;0;0
8;19;0;0
8;20;0;0
8;21;0;0
8;22;0;0
8;23;0;0
8;24;0;0
8;25;0;0
8;26;0;0
8;27;0;0
8;28;0;0
8;29;0;0
8;30;0;0
8;31;0;0
8;32;0;0
8;33;0;0
8;34;0;0
8;35;0;0
8;36;0;0
8;37;0;0
8;38;0;0
8;39;0;0
8;40;0;0
8;41;0;0
8;42;0;0
8;43;0;0
8;44;0;0
8;45;0;0
8;46;0;0
8;47;0;0
8;48;0;0
8;49;0;0
9;0;3;11
9;1;3;11
9;2;3;11
9;3;6211;11
9;4;2;11
9;5;2;11
9;6;0;11
9;7;0;11
9;8;0;11
9;9;0;0
9;10;0;0
9;11;0;0
9;12;0;0
9;13;0;0
9;14;0;0
9;15;0;0
9;16;0;0
9;17;0;0
9;18;0;0
9;19;0;0
9;20;0;0
9;21;0;0
9;22;0;0
9;23;0;0
9;24;0;0
9;25;0;0
9;26;0;0
9;27;0;0
9;28;0;0
9;29;0;0
9;30;0;0
9;31;0;0
9;32;0;0
9;33;0;0
9;34;0;0
9;35;0;0
9;36;0;0
9;37;0;0
9;38;0;0
9;39;0;0
9;40;0;0
9;41;0;0
9;42;0;0
9;43;0;0
9;44;0;0
9;45;0;0
9;46;0;0
9;47;0;0
9;48;0;0
9;49;0;0
10;0;3;11
10;1;3;11
10;2;3;11
10;3;11331;11
10;4;2;11
10;5;2;11
10;6;0;11
10;7;0;11
10;8;0;11
10;9;0;0
10;10;0;0
10;11;0;0
10;12;0;0
10;13;0;0
10;14;0;0
10;15;0;0
10;16;0;0
10;17;0;0
10;18;0;0
10;19;0;0
10;20;0;0
10;21;0;0
10;22;0;0
10;23;0;0
10;24;0;0
10;25;0;0
10;26;0;0
10;27;0;0
10;28;0;0
10;29;0;0
10;30;0;0
10;31;0;0
10;32;0;0
10;33;0;0
10;34;0;0
10;35;0;0
10;36;0;0
10;37;0;0
10;38;0;0
10;39;0;0
10;40;0;0
10;41;0;0
10;42;0;0
10;43;0;0
10;44;0;0
10;45;0;0
10;46;0;0
10;47;0;0
10;48;0;0
10;49;0;0
11;0;3;11
11;1;3;11
11;2;3;11
11;3;11331;11
11;4;2;11
11;5;2;11
11;6;0;11
11;7;0;11
11;8;0;11
11;9;0;0
11;10;0;0
11;11;0;0
11;12;0;0
11;13;0;0
11;14;0;0
11;15;0;0
11;16;0;0
11;17;0;0
11;18;0;0
11;19;0;0
11;20;0;0
11;21;0;0
11;22;0;0
11;23;0;0
11;24;0;0
11;25;0;0
11;26;0;0
11;27;0;0
11;28;0;0
11;29;0;0
11;30;0;0
11;31;0;0
11;32;0;0
11;33;0;0
11;34;0;0
11;35;0;0
11;36;0;0
11;37;0;0
11;38;0;0
11;39;0;0
11;40;0;0
11;41;0;0
11;42;0;0
11;43;0;0
11;44;0;0
11;45;0;0
11;46;0;0
11;47;0;0
11;48;0;0
11;49;0;0
12;0;3;11
12;1;3;11
12;2;3;11
12;3;21571;11
12;4;2;11
12;5;0;11
12;6;0;11
12;7;0;11
12;8;0;0
12;9;0;0
12;10;0;0
12;11;0;0
12;12;0;0
12;13;0;0
12;14;0;0
12;15;0;0
12;16;0;0
12;17;0;0
12;18;0;0
12;19;0;0
12;20;0;0
12;21;0;0
12;22;0;0
12;23;0;0
12;24;0;0
12;25;0;0
12;26;0;0
12;27;0;0
12;28;0;0
12;29;0;0
12;30;0;0
12;31;0;0
12;32;0;0
12;33;0;0
12;34;0;0
12;35;0;0
12;36;0;0
12;37;0;0
12;38;0;0
12;39;0;0
12;40;0;0
12;41;0;0
12;42;0;0
12;43;0;0
12;44;0;0
12;45;0;0
12;46;0;0
12;47;0;0
12;48;0;0
12;49;0;0
13;0;8259;11
13;1;12355;11
13;2;24643;11
13;3;2;11
13;4;2;11
13;5;0;11
13;6;0;11
13;7;0;0
13;8;0;0
13;9;0;0
13;10;0;0
13;11;0;0
13;12;0;0
13;13;0;0
13;14;0;0
13;15;0;0
13;16;0;0
13;17;0;0
13;18;0;0
13;19;0;0
13;20;0;0
13;21;0;0
13;22;0;0
13;23;0;0
13;24;0;0
13;25;0;0
13;26;0;0
13;27;0;0
13;28;0;0
13;29;0;0
13;30;0;0
13;31;0;0
13;32;0;0
13;33;0;0
13;34;0;0
13;35;0;0
13;36;0;0
13;37;0;0
13;38;0;0
13;39;0;0
13;40;0;0
13;41;0;0
13;42;0;0
13;43;0;0
13;44;0;0
13;45;0;0
13;46;0;0
13;47;0;0
13;48;0;0
13;49;0;0
14;0;2;11
14;1;2;11
14;2;2;11
14;3;2;11
14;4;2;11
14;5;0;11
14;6;0;11
14;7;0;0
14;8;0;0
14;9;0;0
14;10;0;0
14;11;0;0
14;12;0;0
14;13;0;0
14;14;0;0
14;15;0;0
14;16;0;0
14;17;0;0
14;18;0;0
14;19;0;0
14;20;0;0
14;21;0;0
14;22;0;0
14;23;0;0
14;24;0;0
14;25;0;0
14;26;0;0
14;27;0;0
14;28;0;0
14;29;0;0
14;30;0;0
14;31;0;0
14;32;0;0
14;33;0;0
14;34;0;0
14;35;0;0
14;36;0;0
14;37;0;0
14;38;0;0
14;39;0;0
14;40;0;0
14;41;0;0
14;42;0;0
14;43;0;0
14;44;0;0
14;45;0;0
14;46;0;0
14;47;0;0
14;48;0;0
14;49;0;0
15;0;2;11
15;1;2;11
15;2;2;11
15;3;2;11
15;4;2;11
15;5;0;11
15;6;0;11
15;7;0;0
15;8;0;0
15;9;0;0
15;10;0;0
15;11;0;0
15;12;0;10
15;13;17;10
15;14;17;10
15;15;17;10
15;16;17;10
15;17;17;10
15;18;17;10
15;19;17;10
15;20;17;10
15;21;17;10
15;22;17;10
15;23;17;10
15;24;0;0
15;25;0;0
15;26;0;0
15;27;0;0
15;28;0;0
15;29;0;0
15;30;0;0
15;31;0;0
15;32;0;0
15;33;0;0
15;34;0;0
15;35;0;0
15;36;0;0
15;37;0;0
15;38;0;0
15;39;0;0
15;40;0;0
15;41;0;0
15;42;0;0
15;43;0;0
15;44;0;0
15;45;0;0
15;46;0;0
15;47;0;0
15;48;0;0
15;49;0;0
16;0;2;11
16;1;2;11
16;2;2;11
16;3;2;11
16;4;2;11
16;5;0;11
16;6;0;11
16;7;0;0
16;8;0;0
16;9;0;0
16;10;0;0
16;11;0;0
16;12;0;10
16;13;17;10
16;14;17;10
16;15;17;10
16;16;17;10
16;17;55;10
16;18;55;10
16;19;55;10
16;20;55;10
16;21;55;10
16;22;17;10
16;23;17;10
16;24;0;0
16;25;0;0
16;26;0;0
16;27;0;0
16;28;0;0
16;29;0;0
16;30;0;0
16;31;0;0
16;32;0;0
16;33;0;0
16;34;0;0
16;35;0;0
16;36;0;0
16;37;0;0
16;38;0;0
16;39;0;0
16;40;0;0
16;41;0;0
16;42;0;0
16;43;0;0
16;44;0;0
16;45;0;0
16;46;0;0
16;47;0;0
16;48;0;0
16;49;0;0
17;0;2;11
17;1;8706;11
17;2;12802;11
17;3;7682;11
17;4;2;11
17;5;0;11
17;6;0;11
17;7;0;0
17;8;0;0
17;9;0;0
17;10;0;0
17;11;0;0
17;12;0;10
17;13;17;10
17;14;17;10
17;15;17;10
17;16;17;10
17;17;55;10
17;18;55;10
17;19;55;10
17;20;55;10
17;21;55;10
17;22;17;10
17;23;17;10
17;24;0;0
17;25;0;0
17;26;0;0
17;27;0;0
17;28;0;0
17;29;0;0
17;30;0;0
17;31;0;0
17;32;0;0
17;33;0;0
17;34;0;0
17;35;0;0
17;36;0;0
17;37;0;0
17;38;0;0
17;39;0;0
17;40;0;0
17;41;0;0
17;42;0;0
17;43;0;0
17;44;0;0
17;45;0;0
17;46;0;0
17;47;0;0
17;48;0;0
17;49;0;0
18;0;6658;11
18;1;16;11
18;2;16;11
18;3;16;11
18;4;0;11
18;5;0;11
18;6;0;11
18;7;0;0
18;8;0;0
18;9;0;0
18;10;0;0
18;11;0;0
18;12;0;10
18;13;17;10
18;14;17;10
18;15;17;10
18;16;17;10
18;17;17;10
18;18;17;10
18;19;17;10
18;20;55;10
18;21;55;10
18;22;17;10
18;23;17;10
18;24;0;0
18;25;0;0
18;26;0;0
18;27;0;0
18;28;0;0
18;29;0;0
18;30;0;0
18;31;0;0
18;32;0;0
18;33;0;0
18;34;0;0
18;35;0;0
18;36;0;0
18;37;0;0
18;38;0;0
18;39;0;0
18;40;0;0
18;41;0;0
18;42;0;0
18;43;0;0
18;44;0;0
18;45;0;0
18;46;0;0
18;47;0;0
18;48;0;0
18;49;0;0
19;0;22018;11
19;1;16;11
19;2;16;11
19;3;16;11
19;4;0;11
19;5;0;11
19;6;0;11
19;7;0;0
19;8;0;0
19;9;0;0
19;10;0;0
19;11;0;0
19;12;0;10
19;13;17;10
19;14;17;10
19;15;17;10
19;16;17;10
19;17;17;10
19;18;17;10
19;19;17;10
19;20;55;10
19;21;55;10
19;22;17;10
19;23;17;10
19;24;0;0
19;25;0;0
19;26;0;0
19;27;0;0
19;28;0;0
19;29;0;0
19;30;0;0
19;31;0;0
19;32;0;0
19;33;0;0
19;34;0;0
19;35;0;0
19;36;0;0
19;37;0;0
19;38;0;0
19;39;0;0
19;40;0;0
19;41;0;0
19;42;0;0
19;43;0;0
19;44;0;0
19;45;0;0
19;46;0;0
19;47;0;0
19;48;0;0
19;49;0;0
20;0;16;11
20;1;16;11
20;2;16;11
20;3;16;11
20;4;0;11
20;5;0;11
20;6;0;11
20;7;0;0
20;8;0;0
20;9;0;0
20;10;0;0
20;11;0;0
20;12;0;10
20;13;17;10
20;14;17;10
20;15;17;10
20;16;17;10
20;17;17;10
20;18;17;10
20;19;17;10
20;20;55;10
20;21;55;10
20;22;17;10
20;23;17;10
20;24;0;0
20;25;0;0
20;26;0;0
20;27;0;0
20;28;0;0
20;29;0;0
20;30;0;0
20;31;0;0
20;32;0;0
20;33;0;0
20;34;0;0
20;35;0;0
20;36;0;0
20;37;0;0
20;38;0;0
20;39;0;0
20;40;0;0
20;41;0;0
20;42;0;0
20;43;0;0
20;44;0;0
20;45;0;0
20;46;0;0
20;47;0;0
20;48;0;0
20;49;0;0
21;0;16;11
21;1;16;11
21;2;16;11
21;3;16;11
21;4;0;11
21;5;0;11
21;6;0;11
21;7;0;11
21;8;0;0
21;9;0;0
21;10;0;0
21;11;0;0
21;12;0;10
21;13;17;10
21;14;17;10
21;15;17;10
21;16;17;10
21;17;17;10
21;18;17;10
21;19;17;10
21;20;55;10
21;21;55;10
21;22;17;10
21;23;17;10
21;24;0;0
21;25;0;0
21;26;0;0
21;27;0;0
21;28;0;0
21;29;0;0
21;30;0;0
21;31;0;0
21;32;0;0
21;33;0;0
21;34;0;0
21;35;0;0
21;36;0;0
21;37;0;0
21;38;0;0
21;39;0;0
21;40;0;0
21;41;0;0
21;42;0;0
21;43;0;0
21;44;0;0
21;45;0;0
21;46;0;0
21;47;0;0
21;48;0;0
21;49;0;0
22;0;16;11
22;1;16;11
22;2;16;11
22;3;16;11
22;4;0;11
22;5;0;11
22;6;0;11
22;7;0;11
22;8;0;0
22;9;0;0
22;10;0;0
22;11;0;0
22;12;0;10
22;13;17;10
22;14;17;10
22;15;17;10
22;16;17;10
22;17;17;10
22;18;17;10
22;19;17;10
22;20;55;10
22;21;55;10
22;22;17;10
22;23;17;10
22;24;0;0
22;25;0;0
22;26;0;0
22;27;0;0
22;28;0;0
22;29;0;0
22;30;0;0
22;31;0;0
22;32;0;0
22;33;0;0
22;34;0;0
22;35;0;0
22;36;0;0
22;37;0;0
22;38;0;0
22;39;0;0
22;40;0;0
22;41;0;0
22;42;0;0
22;43;0;0
22;44;0;0
22;45;0;0
22;46;0;0
22;47;0;0
22;48;0;0
22;49;0;0
23;0;16;11
23;1;16;11
23;2;16;11
23;3;16;11
23;4;0;11
23;5;0;11
23;6;0;11
23;7;0;11
23;8;0;0
23;9;0;0
23;10;0;0
23;11;0;0
23;12;0;10
23;13;17;10
23;14;17;10
23;15;17;10
23;16;17;10
23;17;17;10
23;18;17;10
23;19;17;10
23;20;55;10
23;21;55;10
23;22;17;10
23;23;17;10
23;24;0;0
23;25;0;0
23;26;0;0
23;27;0;0
23;28;0;0
23;29;0;0
23;30;0;0
23;31;0;0
23;32;0;0
23;33;0;0
23;34;0;0
23;35;0;0
23;36;0;0
23;37;0;0
23;38;0;0
23;39;0;0
23;40;0;0
23;41;0;0
23;42;0;0
23;43;0;0
23;44;0;0
23;45;0;0
23;46;0;0
23;47;0;0
23;48;0;0
23;49;0;0
24;0;16;11
24;1;16;11
24;2;16;11
24;3;16;11
24;4;9730;11
24;5;2;11
24;6;0;11
24;7;0;11
24;8;0;0
24;9;0;0
24;10;0;0
24;11;0;0
24;12;0;10
24;13;17;10
24;14;17;10
24;15;17;10
24;16;17;10
24;17;17;10
24;18;17;10
24;19;17;10
24;20;55;10
24;21;55;10
24;22;17;10
24;23;17;10
24;24;0;0
24;25;0;0
24;26;0;0
24;27;0;0
24;28;0;0
24;29;0;0
24;30;0;0
24;31;0;0
24;32;0;0
24;33;0;0
24;34;0;0
24;35;0;0
24;36;0;0
24;37;0;0
24;38;0;0
24;39;0;0
24;40;0;0
24;41;0;0
24;42;0;0
24;43;0;0
24;44;0;0
24;45;0;0
24;46;0;0
24;47;0;0
24;48;0;0
24;49;0;0
25;0;16;11
25;1;16;11
25;2;16;11
25;3;16;11
25;4;9730;11
25;5;2;11
25;6;2;11
25;7;0;11
25;8;0;0
25;9;0;0
25;10;0;0
25;11;0;0
25;12;0;10
25;13;17;10
25;14;17;10
25;15;17;10
25;16;17;10
25;17;55;10
25;18;55;10
25;19;55;10
25;20;55;10
25;21;55;10
25;22;17;10
25;23;17;10
25;24;0;0
25;25;0;0
25;26;0;0
25;27;0;0
25;28;0;0
25;29;0;0
25;30;0;0
25;31;0;0
25;32;0;0
25;33;0;0
25;34;0;0
25;35;0;0
25;36;0;0
25;37;0;0
25;38;0;0
25;39;0;0
25;40;0;0
25;41;0;0
25;42;0;0
25;43;0;0
25;44;0;0
25;45;0;0
25;46;0;0
25;47;0;0
25;48;0;0
25;49;0;0
26;0;16;11
26;1;16;11
26;2;16;11
26;3;16;11
26;4;9730;11
26;5;2;11
26;6;2;11
26;7;0;11
26;8;0;0
26;9;0;0
26;10;0;0
26;11;0;0
26;12;0;10
26;13;17;10
26;14;17;10
26;15;17;10
26;16;17;10
26;17;55;10
26;18;55;10
26;19;55;10
26;20;55;10
26;21;55;10
26;22;17;10
26;23;17;10
26;24;0;0
26;25;0;0
26;26;0;0
26;27;0;0
26;28;0;0
26;29;0;0
26;30;0;0
26;31;0;0
26;32;0;0
26;33;0;0
26;34;0;0
26;35;0;0
26;36;0;0
26;37;0;0
26;38;0;0
26;39;0;0
26;40;0;0
26;41;0;0
26;42;0;0
26;43;0;0
26;44;0;0
26;45;0;0
26;46;0;0
26;47;0;0
26;48;0;0
26;49;0;0
27;0;16;11
27;1;16;11
27;2;16;11
27;3;16;11
27;4;1538;11
27;5;2;11
27;6;0;11
27;7;0;11
27;8;0;0
27;9;0;0
27;10;0;0
27;11;0;0
27;12;0;10
27;13;17;10
27;14;17;10
27;15;17;10
27;16;17;10
27;17;17;10
27;18;17;10
27;19;17;10
27;20;17;10
27;21;17;10
27;22;17;10
27;23;17;10
27;24;0;0
27;25;0;0
27;26;0;0
27;27;0;0
27;28;0;0
27;29;0;0
27;30;0;0
27;31;0;0
27;32;0;0
27;33;0;0
27;34;0;0
27;35;0;0
27;36;0;0
27;37;0;0
27;38;0;0
27;39;0;0
27;40;0;0
27;41;0;0
27;42;0;0
27;43;0;0
27;44;0;0
27;45;0;0
27;46;0;0
27;47;0;0
27;48;0;0
27;49;0;0
28;0;4610;11
28;1;10754;11
28;2;10754;11
28;3;3586;11
28;4;2;11
28;5;2;11
28;6;0;11
28;7;0;11
28;8;0;0
28;9;0;0
28;10;0;0
28;11;0;0
28;12;0;10
28;13;0;10
28;14;0;10
28;15;0;10
28;16;0;10
28;17;0;10
28;18;0;10
28;19;0;10
28;20;0;10
28;21;0;10
28;22;0;10
28;23;0;10
28;24;0;0
28;25;0;0
28;26;0;0
28;27;0;0
28;28;0;0
28;29;0;0
28;30;0;0
28;31;0;0
28;32;0;0
28;33;0;0
28;34;0;0
28;35;0;0
28;36;0;0
28;37;0;0
28;38;0;0
28;39;0;0
28;40;0;0
28;41;0;0
28;42;0;0
28;43;0;0
28;44;0;0
28;45;0;0
28;46;0;0
28;47;0;0
28;48;0;0
28;49;0;0
29;0;2;11
29;1;2;11
29;2;2;11
29;3;2;11
29;4;2;11
29;5;0;11
29;6;0;11
29;7;0;11
29;8;0;0
29;9;0;0
29;10;0;0
29;11;0;0
29;12;0;0
29;13;0;0
29;14;0;0
29;15;0;0
29;16;0;0
29;17;0;0
29;18;0;0
29;19;0;0
29;20;0;0
29;21;0;0
29;22;0;0
29;23;0;0
29;24;0;0
29;25;0;0
29;26;0;0
29;27;0;0
29;28;0;0
29;29;0;0
29;30;0;0
29;31;0;0
29;32;0;0
29;33;0;0
29;34;0;0
29;35;0;0
29;36;0;0
29;37;0;0
29;38;0;0
29;39;0;0
29;40;0;0
29;41;0;0
29;42;0;0
29;43;0;0
29;44;0;0
29;45;0;0
29;46;0;0
29;47;0;0
29;48;0;0
29;49;0;0
30;0;2;11
30;1;2;11
30;2;2;11
30;3;2;11
30;4;0;11
30;5;0;11
30;6;0;11
30;7;0;11
30;8;0;0
30;9;0;0
30;10;0;0
30;11;0;0
30;12;0;0
30;13;0;0
30;14;0;0
30;15;0;0
30;16;0;0
30;17;0;0
30;18;0;0
30;19;0;0
30;20;0;0
30;21;0;0
30;22;0;0
30;23;0;0
30;24;0;0
30;25;0;0
30;26;0;0
30;27;0;0
30;28;0;0
30;29;0;0
30;30;0;0
30;31;0;0
30;32;0;0
30;33;0;0
30;34;0;0
30;35;0;0
30;36;0;0
30;37;0;0
30;38;0;0
30;39;0;0
30;40;0;0
30;41;0;0
30;42;0;0
30;43;0;0
30;44;0;0
30;45;0;0
30;46;0;0
30;47;0;0
30;48;0;0
30;49;0;0
31;0;2;11
31;1;2;11
31;2;2;11
31;3;2;11
31;4;0;11
31;5;0;11
31;6;0;11
31;7;0;0
31;8;0;0
31;9;0;0
31;10;0;0
31;11;0;0
31;12;0;0
31;13;0;0
31;14;0;0
31;15;0;0
31;16;0;0
31;17;0;0
31;18;0;0
31;19;0;0
31;20;0;0
31;21;0;0
31;22;0;0
31;23;0;0
31;24;0;0
31;25;0;0
31;26;0;0
31;27;0;0
31;28;0;0
31;29;0;0
31;30;0;0
31;31;0;0
31;32;0;0
31;33;0;0
31;34;0;0
31;35;0;0
31;36;0;0
31;37;0;0
31;38;0;0
31;39;0;0
31;40;0;0
31;41;0;0
31;42;0;0
31;43;0;0
31;44;0;0
31;45;0;0
31;46;0;0
31;47;0;0
31;48;0;0
31;49;0;0
32;0;2;11
32;1;2;11
32;2;2;11
32;3;2;11
32;4;0;11
32;5;0;11
32;6;0;11
32;7;0;0
32;8;0;0
32;9;0;0
32;10;0;0
32;11;0;0
32;12;0;0
32;13;0;0
32;14;0;0
32;15;0;0
32;16;0;0
32;17;0;0
32;18;0;0
32;19;0;0
32;20;0;0
32;21;0;0
32;22;0;0
32;23;0;0
32;24;0;0
32;25;0;0
32;26;0;0
32;27;0;0
32;28;0;0
32;29;0;0
32;30;0;0
32;31;0;0
32;32;0;0
32;33;0;0
32;34;0;0
32;35;0;0
32;36;0;0
32;37;0;0
32;38;0;0
32;39;0;0
32;40;0;0
32;41;0;0
32;42;0;0
32;43;0;0
32;44;0;0
32;45;0;0
32;46;0;0
32;47;0;0
32;48;0;0
32;49;0;0
33;0;2;11
33;1;2;11
33;2;2;11
33;3;2;11
33;4;0;11
33;5;0;11
33;6;0;11
33;7;0;0
33;8;0;0
33;9;0;0
33;10;0;0
33;11;0;0
33;12;0;0
33;13;0;0
33;14;0;0
33;15;0;0
33;16;0;0
33;17;0;0
33;18;0;0
33;19;0;0
33;20;0;0
33;21;0;0
33;22;0;0
33;23;0;0
33;24;0;0
33;25;0;0
33;26;0;0
33;27;0;0
33;28;0;0
33;29;0;0
33;30;0;0
33;31;0;0
33;32;0;0
33;33;0;0
33;34;0;11
33;35;0;11
33;36;0;11
33;37;0;11
33;38;0;11
33;39;0;11
33;40;0;11
33;41;0;11
33;42;0;11
33;43;0;11
33;44;0;11
33;45;0;11
33;46;0;11
33;47;0;11
33;48;0;11
33;49;0;11
34;0;2;11
34;1;2;11
34;2;2;11
34;3;2;11
34;4;0;11
34;5;0;11
34;6;0;11
34;7;0;11
34;8;0;11
34;9;0;11
34;10;0;11
34;11;0;11
34;12;0;11
34;13;0;11
34;14;0;11
34;15;0;11
34;16;0;11
34;17;0;11
34;18;0;11
34;19;0;11
34;20;0;11
34;21;0;11
34;22;0;11
34;23;0;11
34;24;0;11
34;25;0;11
34;26;0;11
34;27;0;11
34;28;0;11
34;29;0;11
34;30;0;11
34;31;0;11
34;32;0;11
34;33;0;11
34;34;0;11
34;35;0;11
34;36;0;11
34;37;0;11
34;38;0;11
34;39;0;11
34;40;0;11
34;41;0;11
34;42;0;11
34;43;0;11
34;44;0;11
34;45;0;11
34;46;0;11
34;47;0;11
34;48;0;11
34;49;0;11
35;0;2;11
35;1;2;11
35;2;2;11
35;3;17484;11
35;4;12;11
35;5;6220;11
35;6;2;11
35;7;0;11
35;8;0;11
35;9;0;11
35;10;0;11
35;11;0;11
35;12;0;11
35;13;0;11
35;14;0;11
35;15;0;11
35;16;0;11
35;17;0;11
35;18;0;11
35;19;0;11
35;20;0;11
35;21;0;11
35;22;0;11
35;23;0;11
35;24;0;11
35;25;0;11
35;26;0;11
35;27;0;11
35;28;0;11
35;29;0;11
35;30;0;11
35;31;0;11
35;32;0;11
35;33;0;11
35;34;0;11
35;35;0;11
35;36;0;11
35;37;0;11
35;38;0;11
35;39;0;11
35;40;0;11
35;41;0;11
35;42;0;11
35;43;0;11
35;44;0;11
35;45;0;11
35;46;2;11
35;47;2;11
35;48;2;11
35;49;0;11
36;0;2;11
36;1;2;11
36;2;2;11
36;3;1100;11
36;4;12;11
36;5;11340;11
36;6;2;11
36;7;0;11
36;8;0;11
36;9;0;11
36;10;0;11
36;11;0;11
36;12;0;11
36;13;0;11
36;14;0;11
36;15;0;11
36;16;0;11
36;17;0;11
36;18;0;11
36;19;0;11
36;20;0;11
36;21;0;11
36;22;0;11
36;23;0;11
36;24;0;11
36;25;0;11
36;26;0;11
36;27;0;11
36;28;0;11
36;29;0;11
36;30;0;11
36;31;0;11
36;32;0;11
36;33;0;11
36;34;0;11
36;35;0;11
36;36;0;11
36;37;0;11
36;38;0;11
36;39;0;11
36;40;0;11
36;41;0;11
36;42;2;11
36;43;2;11
36;44;2;11
36;45;2;11
36;46;2;11
36;47;2;11
36;48;2;11
36;49;0;11
37;0;2;11
37;1;2;11
37;2;17484;11
37;3;12;11
37;4;12;11
37;5;5196;11
37;6;2;11
37;7;0;11
37;8;0;11
37;9;0;11
37;10;0;11
37;11;0;11
37;12;0;11
37;13;0;11
37;14;0;11
37;15;0;11
37;16;0;11
37;17;0;11
37;18;0;11
37;19;0;11
37;20;0;11
37;21;0;11
37;22;0;11
37;23;0;11
37;24;0;11
37;25;0;11
37;26;0;11
37;27;0;11
37;28;0;11
37;29;0;11
37;30;0;11
37;31;0;11
37;32;0;11
37;33;0;11
37;34;0;11
37;35;0;11
37;36;0;11
37;37;0;11
37;38;0;11
37;39;0;11
37;40;0;11
37;41;0;11
37;42;2;11
37;43;2;11
37;44;2;11
37;45;2;11
37;46;2;11
37;47;2;11
37;48;2;11
37;49;0;11
38;0;2;11
38;1;2;11
38;2;1100;11
38;3;12;11
38;4;12;11
38;5;12;11
38;6;12;11
38;7;12;11
38;8;12;11
38;9;12;11
38;10;12;11
38;11;6220;11
38;12;2;11
38;13;0;11
38;14;0;11
38;15;0;11
38;16;0;11
38;17;0;11
38;18;0;11
38;19;0;11
38;20;0;11
38;21;0;11
38;22;0;11
38;23;0;11
38;24;0;11
38;25;0;11
38;26;0;11
38;27;0;11
38;28;0;11
38;29;0;11
38;30;0;11
38;31;0;11
38;32;0;11
38;33;0;11
38;34;0;11
38;35;0;11
38;36;0;11
38;37;0;11
38;38;0;11
38;39;2;11
38;40;2;11
38;41;2;11
38;42;2;11
38;43;2;11
38;44;2;11
38;45;2;11
38;46;2;11
38;47;2;11
38;48;2;11
38;49;0;11
39;0;2;11
39;1;13388;11
39;2;12;11
39;3;12;11
39;4;12;11
39;5;12;11
39;6;12;11
39;7;12;11
39;8;12;11
39;9;12;11
39;10;12;11
39;11;11340;11
39;12;2;11
39;13;2;11
39;14;2;11
39;15;2;11
39;16;2;11
39;17;2;11
39;18;0;11
39;19;0;11
39;20;0;11
39;21;0;11
39;22;0;11
39;23;0;11
39;24;2;11
39;25;2;11
39;26;2;11
39;27;2;11
39;28;2;11
39;29;2;11
39;30;2;11
39;31;2;11
39;32;2;11
39;33;2;11
39;34;0;11
39;35;0;11
39;36;0;11
39;37;2;11
39;38;2;11
39;39;2;11
39;40;2;11
39;41;2;11
39;42;2;11
39;43;2;11
39;44;2;11
39;45;2;11
39;46;2;11
39;47;2;11
39;48;2;11
39;49;0;11
40;0;12;11
40;1;12;11
40;2;12;11
40;3;12;11
40;4;12;11
40;5;12;11
40;6;12;11
40;7;8268;11
40;8;12364;11
40;9;12364;11
40;10;12364;11
40;11;28748;11
40;12;2;11
40;13;2;11
40;14;2;11
40;15;2;11
40;16;2;11
40;17;2;11
40;18;0;11
40;19;0;11
40;20;0;11
40;21;0;11
40;22;0;11
40;23;2;11
40;24;2;11
40;25;2;11
40;26;2;11
40;27;2;11
40;28;2;11
40;29;2;11
40;30;2;11
40;31;2;11
40;32;2;11
40;33;2;11
40;34;2;11
40;35;8450;11
40;36;12546;11
40;37;7426;11
40;38;2;11
40;39;2;11
40;40;2;11
40;41;2;11
40;42;2;11
40;43;2;11
40;44;2;11
40;45;19523;11
40;46;10307;11
40;47;27715;11
40;48;2;11
40;49;0;11
41;0;12;11
41;1;12;11
41;2;12;11
41;3;12;11
41;4;12;11
41;5;12;11
41;6;16460;11
41;7;2;11
41;8;2;11
41;9;2;11
41;10;2;11
41;11;2;11
41;12;2;11
41;13;2;11
41;14;2;11
41;15;2;11
41;16;8450;11
41;17;12546;11
41;18;7426;11
41;19;2;11
41;20;2;11
41;21;0;11
41;22;0;11
41;23;2;11
41;24;2;11
41;25;2;11
41;26;2;11
41;27;2;11
41;28;2;11
41;29;2;11
41;30;2;11
41;31;2;11
41;32;2;11
41;33;8450;11
41;34;24834;11
41;35;8;11
41;36;8;11
41;37;8;11
41;38;2306;11
41;39;2;11
41;40;2;11
41;41;2;11
41;42;2;11
41;43;2;11
41;44;17475;11
41;45;3;11
41;46;3;11
41;47;11331;11
41;48;2;11
41;49;0;11
42;0;12;11
42;1;12;11
42;2;12;11
42;3;12;11
42;4;8268;11
42;5;24652;11
42;6;2;11
42;7;2;11
42;8;8546;11
42;9;7522;11
42;10;2;11
42;11;2;11
42;12;2;11
42;13;2;11
42;14;2;11
42;15;6402;11
42;16;8;11
42;17;8;11
42;18;8;11
42;19;14594;11
42;20;2;11
42;21;2;11
42;22;2;11
42;23;2;11
42;24;2;11
42;25;2;11
42;26;2;11
42;27;2;11
42;28;25667;11
42;29;27715;11
42;30;2;11
42;31;2;11
42;32;6402;11
42;33;8;11
42;34;8;11
42;35;8;11
42;36;8;11
42;37;8;11
42;38;9474;11
42;39;2;11
42;40;8674;11
42;41;12770;11
42;42;7650;11
42;43;2;11
42;44;9283;11
42;45;3;11
42;46;3;11
42;47;11331;11
42;48;2;11
42;49;0;11
43;0;12;11
43;1;12;11
43;2;12;11
43;3;6220;11
43;4;2;11
43;5;2;11
43;6;2;11
43;7;6498;11
43;8;11;11
43;9;11;11
43;10;14690;11
43;11;2;11
43;12;2;11
43;13;2;11
43;14;2;11
43;15;11522;11
43;16;8;11
43;17;8;11
43;18;8;11
43;19;8;11
43;20;14594;11
43;21;2;11
43;22;2;11
43;23;2;11
43;24;2;11
43;25;2;11
43;26;2;11
43;27;2;11
43;28;1091;11
43;29;11331;11
43;30;2;11
43;31;2;11
43;32;11522;11
43;33;8;11
43;34;8;11
43;35;8;11
43;36;8;11
43;37;8;11
43;38;1282;11
43;39;6626;11
43;40;15;11
43;41;15;11
43;42;15;11
43;43;2530;11
43;44;9283;11
43;45;3;11
43;46;3;11
43;47;21571;11
43;48;2;11
43;49;0;11
44;0;12;11
44;1;12;11
44;2;12;11
44;3;11340;11
44;4;2;11
44;5;2;11
44;6;2;11
44;7;11618;11
44;8;11;11
44;9;11;11
44;10;11;11
44;11;23906;11
44;12;7522;11
44;13;2;11
44;14;2;11
44;15;11522;11
44;16;8;11
44;17;8;11
44;18;8;11
44;19;8;11
44;20;8;11
44;21;2306;11
44;22;2;11
44;23;2;11
44;24;2;11
44;25;2;11
44;26;25667;11
44;27;3139;11
44;28;3;11
44;29;11331;11
44;30;2;11
44;31;2;11
44;32;11522;11
44;33;8;11
44;34;8;11
44;35;8;11
44;36;25858;11
44;37;3330;11
44;38;2;11
44;39;11746;11
44;40;15;11
44;41;15;11
44;42;15;11
44;43;1506;11
44;44;9283;11
44;45;3;11
44;46;6211;11
44;47;2;11
44;48;2;11
44;49;0;11
45;0;12;11
45;1;12;11
45;2;12;11
45;3;5196;11
45;4;2;11
45;5;2;11
45;6;2;11
45;7;5474;11
45;8;11;11
45;9;11;11
45;10;11;11
45;11;11;11
45;12;11;11
45;13;2402;11
45;14;2;11
45;15;5378;11
45;16;8;11
45;17;8;11
45;18;8;11
45;19;8;11
45;20;8;11
45;21;9474;11
45;22;2;11
45;23;2;11
45;24;2;11
45;25;2;11
45;26;9283;11
45;27;3;11
45;28;3;11
45;29;21571;11
45;30;2;11
45;31;2;11
45;32;21762;11
45;33;8;11
45;34;8;11
45;35;8;11
45;36;9474;11
45;37;2;11
45;38;2;11
45;39;5602;11
45;40;15;11
45;41;15;11
45;42;13794;11
45;43;2;11
45;44;1091;11
45;45;3;11
45;46;21571;11
45;47;2;11
45;48;2;11
45;49;0;11
46;0;12;11
46;1;12;11
46;2;12;11
46;3;12;11
46;4;15436;11
46;5;2;11
46;6;2;11
46;7;2;11
46;8;22882;11
46;9;11;11
46;10;11;11
46;11;11;11
46;12;11;11
46;13;1378;11
46;14;2;11
46;15;2;11
46;16;15618;11
46;17;8;11
46;18;8;11
46;19;8;11
46;20;8;11
46;21;9474;11
46;22;2;11
46;23;2;11
46;24;2;11
46;25;2;11
46;26;1091;11
46;27;3;11
46;28;6211;11
46;29;2;11
46;30;8450;11
46;31;24834;11
46;32;8;11
46;33;8;11
46;34;8;11
46;35;8;11
46;36;9474;11
46;37;2;11
46;38;2;11
46;39;2;11
46;40;4578;11
46;41;3554;11
46;42;2;11
46;43;13379;11
46;44;3;11
46;45;6211;11
46;46;2;11
46;47;2;11
46;48;2;11
46;49;0;11
47;0;12;11
47;1;12;11
47;2;12;11
47;3;12;11
47;4;12;11
47;5;4172;11
47;6;27724;11
47;7;2;11
47;8;5474;11
47;9;11;11
47;10;11;11
47;11;11;11
47;12;13666;11
47;13;2;11
47;14;2;11
47;15;2;11
47;16;2;11
47;17;22786;11
47;18;8;11
47;19;8;11
47;20;8;11
47;21;9474;11
47;22;2;11
47;23;25667;11
47;24;10307;11
47;25;3139;11
47;26;3;11
47;27;3;11
47;28;11331;11
47;29;6402;11
47;30;8;11
47;31;8;11
47;32;8;11
47;33;8;11
47;34;8;11
47;35;8;11
47;36;1282;11
47;37;2;11
47;38;25667;11
47;39;10307;11
47;40;10307;11
47;41;10307;11
47;42;3139;11
47;43;3;11
47;44;3;11
47;45;21571;11
47;46;2;11
47;47;2;11
47;48;2;11
47;49;0;11
48;0;12;11
48;1;12;11
48;2;12;11
48;3;12;11
48;4;12;11
48;5;12;11
48;6;11340;11
48;7;2;11
48;8;2;11
48;9;4450;11
48;10;10594;11
48;11;3426;11
48;12;2;11
48;13;2;11
48;14;2;11
48;15;2;11
48;16;2;11
48;17;11522;11
48;18;8;11
48;19;8;11
48;20;8;11
48;21;9474;11
48;22;2;11
48;23;9283;11
48;24;3;11
48;25;3;11
48;26;3;11
48;27;3;11
48;28;11331;11
48;29;11522;11
48;30;8;11
48;31;8;11
48;32;8;11
48;33;8;11
48;34;8;11
48;35;13570;11
48;36;2;11
48;37;2;11
48;38;9283;11
48;39;3;11
48;40;3;11
48;41;3;11
48;42;3;11
48;43;3;11
48;44;16451;11
48;45;2;11
48;46;2;11
48;47;2;11
48;48;2;11
48;49;0;11
49;0;12;11
49;1;12;11
49;2;12;11
49;3;12;11
49;4;12;11
49;5;12;11
49;6;5196;11
49;7;2;11
49;8;2;11
49;9;2;11
49;10;2;11
49;11;2;11
49;12;2;11
49;13;2;11
49;14;2;11
49;15;2;11
49;16;2;11
49;17;5378;11
49;18;8;11
49;19;8;11
49;20;8;11
49;21;1282;11
49;22;2;11
49;23;1091;11
49;24;3;11
49;25;3;11
49;26;3;11
49;27;3;11
49;28;5187;11
49;29;5378;11
49;30;8;11
49;31;8;11
49;32;8;11
49;33;8;11
49;34;13570;11
49;35;2;11
49;36;2;11
49;37;2;11
49;38;1091;11
49;39;3;11
49;40;3;11
49;41;3;11
49;42;3;11
49;43;3;11
49;44;2;11
49;45;2;11
49;46;2;11
49;47;2;11
49;48;2;11
49;49;0;11
