V: 2
L: 2
X: 393
Y: 379
W: 56
H: 133
0;0;0;2
0;1;0;2
0;2;0;2
0;3;0;2
0;4;0;2
0;5;0;2
0;6;0;2
0;7;0;2
0;8;0;2
0;9;0;2
0;10;0;2
0;11;0;2
0;12;0;2
0;13;0;2
0;14;0;2
0;15;0;2
0;16;0;2
0;17;0;2
0;18;0;2
0;19;0;2
0;20;0;2
0;21;0;2
0;22;0;2
0;23;0;2
0;24;0;2
0;25;0;2
0;26;0;2
0;27;0;2
0;28;0;2
0;29;0;2
0;30;0;2
0;31;0;2
0;32;0;2
0;33;0;2
0;34;0;2
0;35;0;2
0;36;0;2
0;37;0;2
0;38;0;2
0;39;0;2
0;40;0;2
0;41;0;2
0;42;0;2
0;43;0;2
0;44;0;2
0;45;0;2
0;46;0;2
0;47;0;2
0;48;0;2
0;49;0;2
0;50;0;2
0;51;0;2
0;52;0;2
0;53;0;2
0;54;0;2
0;55;0;2
0;56;0;2
0;57;0;2
0;58;0;2
0;59;0;2
0;60;0;2
0;61;0;2
0;62;0;2
0;63;0;2
0;64;0;2
0;65;0;2
0;66;0;2
0;67;0;2
0;68;0;2
0;69;0;2
0;70;0;2
0;71;0;2
0;72;0;2
0;73;0;2
0;74;0;2
0;75;0;2
0;76;0;2
0;77;0;2
0;78;0;2
0;79;0;2
0;80;0;2
0;81;0;2
0;82;0;2
0;83;0;2
0;84;0;2
0;85;0;2
0;86;0;2
0;87;0;2
0;88;0;2
0;89;0;2
0;90;0;2
0;91;0;2
0;92;0;2
0;93;0;2
0;94;0;2
0;95;0;2
0;96;0;2
0;97;0;2
0;98;0;2
0;99;0;2
0;100;0;2
0;101;0;2
0;102;0;2
0;103;0;2
0;104;0;2
0;105;0;2
0;106;0;2
0;107;0;2
0;108;0;2
0;109;0;2
0;110;0;2
0;111;0;2
0;112;0;2
0;113;0;2
0;114;42;2
0;115;42;2
0;116;42;2
0;117;0;2
0;118;0;2
0;119;0;2
0;120;0;2
0;121;0;2
0;122;0;2
0;123;0;2
0;124;0;2
0;125;0;2
0;126;0;2
0;127;0;2
0;128;0;2
0;129;0;2
0;130;0;2
0;131;0;2
0;132;0;2
1;0;42;2
1;1;42;2
1;2;42;2
1;3;42;2
1;4;42;2
1;5;42;2
1;6;42;2
1;7;42;2
1;8;42;2
1;9;42;2
1;10;42;2
1;11;42;2
1;12;42;2
1;13;42;2
1;14;42;2
1;15;42;2
1;16;42;2
1;17;42;2
1;18;42;2
1;19;42;2
1;20;42;2
1;21;42;2
1;22;42;2
1;23;42;2
1;24;42;2
1;25;42;2
1;26;42;2
1;27;42;2
1;28;42;2
1;29;42;2
1;30;42;2
1;31;42;2
1;32;42;2
1;33;42;2
1;34;42;2
1;35;42;2
1;36;42;2
1;37;42;2
1;38;42;2
1;39;42;2
1;40;42;2
1;41;42;2
1;42;42;2
1;43;42;2
1;44;42;2
1;45;42;2
1;46;42;2
1;47;42;2
1;48;42;2
1;49;42;2
1;50;42;2
1;51;42;2
1;52;42;2
1;53;42;2
1;54;42;2
1;55;42;2
1;56;42;2
1;57;42;2
1;58;0;2
1;59;0;2
1;60;0;2
1;61;0;2
1;62;0;2
1;63;0;2
1;64;0;2
1;65;0;2
1;66;0;2
1;67;0;2
1;68;0;2
1;69;0;2
1;70;0;2
1;71;0;2
1;72;0;2
1;73;0;2
1;74;0;2
1;75;0;2
1;76;0;2
1;77;0;2
1;78;0;2
1;79;0;2
1;80;0;2
1;81;0;2
1;82;0;2
1;83;0;2
1;84;0;2
1;85;0;2
1;86;0;2
1;87;0;2
1;88;0;2
1;89;0;2
1;90;0;2
1;91;0;2
1;92;0;2
1;93;0;2
1;94;0;2
1;95;0;2
1;96;0;2
1;97;0;2
1;98;0;2
1;99;0;2
1;100;0;2
1;101;0;2
1;102;0;2
1;103;0;2
1;104;0;2
1;105;0;2
1;106;0;2
1;107;42;2
1;108;42;2
1;109;42;2
1;110;42;2
1;111;42;2
1;112;42;2
1;113;42;2
1;114;42;2
1;115;42;2
1;116;42;2
1;117;42;2
1;118;42;2
1;119;42;2
1;120;42;2
1;121;42;2
1;122;42;2
1;123;0;2
1;124;0;2
1;125;0;2
1;126;0;2
1;127;0;2
1;128;0;2
1;129;0;2
1;130;0;2
1;131;0;2
1;132;0;2
2;0;42;2
2;1;42;2
2;2;42;2
2;3;42;2
2;4;42;2
2;5;42;2
2;6;42;2
2;7;42;2
2;8;42;2
2;9;42;2
2;10;42;2
2;11;42;2
2;12;42;2
2;13;42;2
2;14;42;2
2;15;42;2
2;16;42;2
2;17;42;2
2;18;42;2
2;19;42;2
2;20;42;2
2;21;42;2
2;22;42;2
2;23;42;2
2;24;42;2
2;25;42;2
2;26;42;2
2;27;42;2
2;28;42;2
2;29;42;2
2;30;42;2
2;31;42;2
2;32;42;2
2;33;42;2
2;34;42;2
2;35;42;2
2;36;42;2
2;37;42;2
2;38;42;2
2;39;42;2
2;40;42;2
2;41;42;2
2;42;42;2
2;43;42;2
2;44;42;2
2;45;42;2
2;46;42;2
2;47;42;2
2;48;42;2
2;49;42;2
2;50;42;2
2;51;42;2
2;52;42;2
2;53;42;2
2;54;42;2
2;55;42;2
2;56;42;2
2;57;42;2
2;58;42;2
2;59;42;2
2;60;42;2
2;61;42;2
2;62;42;2
2;63;42;2
2;64;42;2
2;65;42;2
2;66;42;2
2;67;42;2
2;68;0;2
2;69;0;2
2;70;0;2
2;71;0;2
2;72;0;2
2;73;0;2
2;74;0;2
2;75;0;2
2;76;0;2
2;77;0;2
2;78;0;2
2;79;0;2
2;80;0;2
2;81;0;2
2;82;0;2
2;83;0;2
2;84;0;2
2;85;0;2
2;86;0;2
2;87;0;2
2;88;0;2
2;89;0;2
2;90;0;2
2;91;0;2
2;92;0;2
2;93;0;2
2;94;0;2
2;95;0;2
2;96;0;2
2;97;0;2
2;98;0;2
2;99;0;2
2;100;42;2
2;101;42;2
2;102;42;2
2;103;42;2
2;104;42;2
2;105;42;2
2;106;42;2
2;107;42;2
2;108;42;2
2;109;42;2
2;110;42;2
2;111;42;2
2;112;42;2
2;113;42;2
2;114;42;2
2;115;42;2
2;116;42;2
2;117;42;2
2;118;42;2
2;119;42;2
2;120;42;2
2;121;42;2
2;122;42;2
2;123;42;2
2;124;42;2
2;125;42;2
2;126;42;2
2;127;0;2
2;128;0;2
2;129;0;2
2;130;0;2
2;131;0;2
2;132;0;2
3;0;42;2
3;1;42;2
3;2;42;2
3;3;42;2
3;4;42;2
3;5;42;2
3;6;42;2
3;7;42;2
3;8;42;2
3;9;42;2
3;10;42;2
3;11;42;2
3;12;42;2
3;13;42;2
3;14;42;2
3;15;42;2
3;16;42;2
3;17;42;2
3;18;42;2
3;19;42;2
3;20;42;2
3;21;42;2
3;22;42;2
3;23;42;2
3;24;42;2
3;25;42;2
3;26;42;2
3;27;42;2
3;28;42;2
3;29;42;2
3;30;42;2
3;31;42;2
3;32;42;2
3;33;42;2
3;34;42;2
3;35;42;2
3;36;42;2
3;37;42;2
3;38;42;2
3;39;42;2
3;40;42;2
3;41;42;2
3;42;42;2
3;43;42;2
3;44;42;2
3;45;42;2
3;46;42;2
3;47;42;2
3;48;42;2
3;49;42;2
3;50;42;2
3;51;42;2
3;52;42;2
3;53;42;2
3;54;42;2
3;55;42;2
3;56;42;2
3;57;42;2
3;58;42;2
3;59;42;2
3;60;42;2
3;61;42;2
3;62;42;2
3;63;42;2
3;64;42;2
3;65;42;2
3;66;42;2
3;67;42;2
3;68;0;2
3;69;0;2
3;70;0;2
3;71;0;2
3;72;0;2
3;73;0;2
3;74;0;2
3;75;0;2
3;76;0;2
3;77;0;2
3;78;0;2
3;79;0;2
3;80;0;2
3;81;0;2
3;82;0;2
3;83;0;2
3;84;0;2
3;85;0;2
3;86;0;2
3;87;0;2
3;88;0;2
3;89;0;2
3;90;0;2
3;91;0;2
3;92;0;2
3;93;0;2
3;94;0;2
3;95;0;2
3;96;0;2
3;97;0;2
3;98;0;2
3;99;0;2
3;100;42;2
3;101;42;2
3;102;42;2
3;103;42;2
3;104;42;2
3;105;42;2
3;106;42;2
3;107;42;2
3;108;42;2
3;109;42;2
3;110;42;2
3;111;42;2
3;112;42;2
3;113;42;2
3;114;42;2
3;115;42;2
3;116;42;2
3;117;42;2
3;118;42;2
3;119;42;2
3;120;42;2
3;121;42;2
3;122;42;2
3;123;42;2
3;124;42;2
3;125;42;2
3;126;42;2
3;127;42;2
3;128;42;2
3;129;42;2
3;130;0;2
3;131;0;2
3;132;0;2
4;0;42;2
4;1;42;2
4;2;42;2
4;3;42;2
4;4;42;2
4;5;42;2
4;6;42;2
4;7;42;2
4;8;42;2
4;9;42;2
4;10;42;2
4;11;42;2
4;12;42;2
4;13;42;2
4;14;42;2
4;15;42;2
4;16;42;2
4;17;42;2
4;18;42;2
4;19;42;2
4;20;42;2
4;21;42;2
4;22;42;2
4;23;42;2
4;24;42;2
4;25;42;2
4;26;42;2
4;27;42;2
4;28;42;2
4;29;42;2
4;30;42;2
4;31;42;2
4;32;42;2
4;33;42;2
4;34;42;2
4;35;42;2
4;36;42;2
4;37;42;2
4;38;42;2
4;39;42;2
4;40;42;2
4;41;42;2
4;42;42;2
4;43;42;2
4;44;42;2
4;45;42;2
4;46;42;2
4;47;42;2
4;48;42;2
4;49;42;2
4;50;42;2
4;51;42;2
4;52;42;2
4;53;42;2
4;54;42;2
4;55;42;2
4;56;42;2
4;57;42;2
4;58;42;2
4;59;42;2
4;60;42;2
4;61;42;2
4;62;42;2
4;63;42;2
4;64;42;2
4;65;42;2
4;66;42;2
4;67;42;2
4;68;0;2
4;69;0;2
4;70;0;2
4;71;0;2
4;72;0;2
4;73;0;2
4;74;0;2
4;75;0;2
4;76;0;2
4;77;0;2
4;78;0;2
4;79;0;2
4;80;0;2
4;81;0;2
4;82;0;2
4;83;0;2
4;84;0;2
4;85;0;2
4;86;0;2
4;87;0;2
4;88;0;2
4;89;0;2
4;90;0;2
4;91;0;2
4;92;0;2
4;93;0;2
4;94;0;2
4;95;0;2
4;96;0;2
4;97;0;2
4;98;0;2
4;99;0;2
4;100;42;2
4;101;42;2
4;102;42;2
4;103;42;2
4;104;42;2
4;105;42;2
4;106;42;2
4;107;42;2
4;108;42;2
4;109;42;2
4;110;42;2
4;111;42;2
4;112;42;2
4;113;42;2
4;114;42;2
4;115;42;2
4;116;42;2
4;117;42;2
4;118;42;2
4;119;42;2
4;120;42;2
4;121;42;2
4;122;42;2
4;123;42;2
4;124;42;2
4;125;42;2
4;126;42;2
4;127;42;2
4;128;42;2
4;129;42;2
4;130;42;2
4;131;42;2
4;132;0;2
5;0;42;2
5;1;42;2
5;2;42;2
5;3;42;2
5;4;42;2
5;5;42;2
5;6;42;2
5;7;42;2
5;8;42;2
5;9;42;2
5;10;42;2
5;11;42;2
5;12;42;2
5;13;42;2
5;14;42;2
5;15;42;2
5;16;42;2
5;17;42;2
5;18;42;2
5;19;42;2
5;20;42;2
5;21;42;2
5;22;42;2
5;23;42;2
5;24;42;2
5;25;42;2
5;26;42;2
5;27;42;2
5;28;42;2
5;29;42;2
5;30;42;2
5;31;42;2
5;32;42;2
5;33;42;2
5;34;42;2
5;35;42;2
5;36;42;2
5;37;42;2
5;38;42;2
5;39;42;2
5;40;42;2
5;41;42;2
5;42;42;2
5;43;42;2
5;44;42;2
5;45;42;2
5;46;42;2
5;47;42;2
5;48;42;2
5;49;42;2
5;50;42;2
5;51;42;2
5;52;42;2
5;53;42;2
5;54;42;2
5;55;42;2
5;56;42;2
5;57;42;2
5;58;42;2
5;59;42;2
5;60;42;2
5;61;42;2
5;62;42;2
5;63;42;2
5;64;42;2
5;65;42;2
5;66;42;2
5;67;42;2
5;68;42;2
5;69;42;2
5;70;42;2
5;71;42;2
5;72;0;2
5;73;0;2
5;74;0;2
5;75;0;2
5;76;0;2
5;77;0;2
5;78;0;2
5;79;0;2
5;80;0;2
5;81;0;2
5;82;0;2
5;83;0;2
5;84;0;2
5;85;0;2
5;86;0;2
5;87;0;2
5;88;0;2
5;89;0;2
5;90;0;2
5;91;0;2
5;92;0;2
5;93;0;2
5;94;0;2
5;95;0;2
5;96;0;2
5;97;0;2
5;98;0;2
5;99;0;2
5;100;42;2
5;101;42;2
5;102;42;2
5;103;42;2
5;104;42;2
5;105;42;2
5;106;42;2
5;107;42;2
5;108;42;2
5;109;42;2
5;110;42;2
5;111;42;2
5;112;42;2
5;113;42;2
5;114;42;2
5;115;42;2
5;116;42;2
5;117;42;2
5;118;42;2
5;119;42;2
5;120;42;2
5;121;42;2
5;122;42;2
5;123;42;2
5;124;42;2
5;125;42;2
5;126;42;2
5;127;42;2
5;128;42;2
5;129;42;2
5;130;42;2
5;131;42;2
5;132;0;2
6;0;42;2
6;1;42;2
6;2;42;2
6;3;42;2
6;4;42;2
6;5;42;2
6;6;42;2
6;7;42;2
6;8;42;2
6;9;42;2
6;10;42;2
6;11;42;2
6;12;42;2
6;13;42;2
6;14;42;2
6;15;42;2
6;16;42;2
6;17;42;2
6;18;42;2
6;19;42;2
6;20;42;2
6;21;42;2
6;22;42;2
6;23;42;2
6;24;42;2
6;25;42;2
6;26;42;2
6;27;42;2
6;28;42;2
6;29;42;2
6;30;42;2
6;31;42;2
6;32;42;2
6;33;42;2
6;34;42;2
6;35;42;2
6;36;42;2
6;37;42;2
6;38;42;2
6;39;42;2
6;40;42;2
6;41;42;2
6;42;42;2
6;43;42;2
6;44;42;2
6;45;42;2
6;46;42;2
6;47;42;2
6;48;42;2
6;49;42;2
6;50;42;2
6;51;42;2
6;52;42;2
6;53;42;2
6;54;42;2
6;55;42;2
6;56;42;2
6;57;42;2
6;58;42;2
6;59;42;2
6;60;42;2
6;61;42;2
6;62;42;2
6;63;42;2
6;64;42;2
6;65;42;2
6;66;42;2
6;67;42;2
6;68;42;2
6;69;42;2
6;70;42;2
6;71;42;2
6;72;42;2
6;73;42;2
6;74;42;2
6;75;42;2
6;76;42;2
6;77;42;2
6;78;42;2
6;79;0;2
6;80;0;2
6;81;0;2
6;82;0;2
6;83;0;2
6;84;0;2
6;85;0;2
6;86;0;2
6;87;0;2
6;88;0;2
6;89;0;2
6;90;0;2
6;91;0;2
6;92;0;2
6;93;0;2
6;94;0;2
6;95;0;2
6;96;0;2
6;97;0;2
6;98;0;2
6;99;0;2
6;100;42;2
6;101;42;2
6;102;42;2
6;103;42;2
6;104;42;2
6;105;42;2
6;106;42;2
6;107;42;2
6;108;42;2
6;109;42;2
6;110;42;2
6;111;42;2
6;112;42;2
6;113;42;2
6;114;42;2
6;115;42;2
6;116;42;2
6;117;42;2
6;118;42;2
6;119;42;2
6;120;42;2
6;121;42;2
6;122;42;2
6;123;42;2
6;124;42;2
6;125;42;2
6;126;42;2
6;127;42;2
6;128;42;2
6;129;42;2
6;130;42;2
6;131;42;2
6;132;0;2
7;0;42;2
7;1;42;2
7;2;42;2
7;3;42;2
7;4;42;2
7;5;42;2
7;6;42;2
7;7;42;2
7;8;42;2
7;9;42;2
7;10;42;2
7;11;42;2
7;12;42;2
7;13;42;2
7;14;42;2
7;15;42;2
7;16;42;2
7;17;42;2
7;18;42;2
7;19;42;2
7;20;42;2
7;21;42;2
7;22;42;2
7;23;42;2
7;24;42;2
7;25;42;2
7;26;42;2
7;27;42;2
7;28;42;2
7;29;42;2
7;30;42;2
7;31;42;2
7;32;42;2
7;33;42;2
7;34;42;2
7;35;42;2
7;36;42;2
7;37;42;2
7;38;42;2
7;39;42;2
7;40;42;2
7;41;42;2
7;42;42;2
7;43;42;2
7;44;42;2
7;45;42;2
7;46;42;2
7;47;42;2
7;48;42;2
7;49;42;2
7;50;42;2
7;51;42;2
7;52;42;2
7;53;42;2
7;54;42;2
7;55;42;2
7;56;42;2
7;57;42;2
7;58;42;2
7;59;42;2
7;60;42;2
7;61;42;2
7;62;42;2
7;63;42;2
7;64;42;2
7;65;42;2
7;66;42;2
7;67;42;2
7;68;42;2
7;69;42;2
7;70;42;2
7;71;42;2
7;72;42;2
7;73;42;2
7;74;42;2
7;75;42;2
7;76;42;2
7;77;42;2
7;78;42;2
7;79;42;2
7;80;42;2
7;81;0;2
7;82;0;2
7;83;0;2
7;84;0;2
7;85;0;2
7;86;0;2
7;87;0;2
7;88;0;2
7;89;0;2
7;90;0;2
7;91;0;2
7;92;0;2
7;93;0;2
7;94;0;2
7;95;0;2
7;96;0;2
7;97;0;2
7;98;0;2
7;99;0;2
7;100;42;2
7;101;42;2
7;102;42;2
7;103;42;2
7;104;42;2
7;105;42;2
7;106;42;2
7;107;42;2
7;108;42;2
7;109;42;2
7;110;42;2
7;111;42;2
7;112;42;2
7;113;42;2
7;114;42;2
7;115;42;2
7;116;42;2
7;117;42;2
7;118;42;2
7;119;42;2
7;120;42;2
7;121;42;2
7;122;42;2
7;123;42;2
7;124;42;2
7;125;42;2
7;126;42;2
7;127;42;2
7;128;42;2
7;129;42;2
7;130;42;2
7;131;42;2
7;132;0;2
8;0;42;2
8;1;42;2
8;2;42;2
8;3;42;2
8;4;42;2
8;5;42;2
8;6;42;2
8;7;42;2
8;8;42;2
8;9;42;2
8;10;42;2
8;11;42;2
8;12;42;2
8;13;42;2
8;14;42;2
8;15;42;2
8;16;42;2
8;17;42;2
8;18;42;2
8;19;42;2
8;20;42;2
8;21;42;2
8;22;42;2
8;23;42;2
8;24;42;2
8;25;42;2
8;26;42;2
8;27;42;2
8;28;42;2
8;29;42;2
8;30;42;2
8;31;42;2
8;32;42;2
8;33;42;2
8;34;42;2
8;35;42;2
8;36;42;2
8;37;42;2
8;38;42;2
8;39;42;2
8;40;42;2
8;41;42;2
8;42;42;2
8;43;42;2
8;44;42;2
8;45;42;2
8;46;42;2
8;47;42;2
8;48;42;2
8;49;42;2
8;50;42;2
8;51;42;2
8;52;42;2
8;53;42;2
8;54;42;2
8;55;42;2
8;56;42;2
8;57;42;2
8;58;42;2
8;59;42;2
8;60;42;2
8;61;42;2
8;62;42;2
8;63;42;2
8;64;42;2
8;65;42;2
8;66;42;2
8;67;42;2
8;68;42;2
8;69;42;2
8;70;42;2
8;71;42;2
8;72;42;2
8;73;42;2
8;74;42;2
8;75;42;2
8;76;42;2
8;77;42;2
8;78;42;2
8;79;42;2
8;80;42;2
8;81;42;2
8;82;42;2
8;83;42;2
8;84;42;2
8;85;42;2
8;86;42;2
8;87;42;2
8;88;0;2
8;89;0;2
8;90;0;2
8;91;0;2
8;92;0;2
8;93;0;2
8;94;0;2
8;95;0;2
8;96;0;2
8;97;0;2
8;98;0;2
8;99;0;2
8;100;42;2
8;101;42;2
8;102;42;2
8;103;42;2
8;104;42;2
8;105;42;2
8;106;42;2
8;107;42;2
8;108;42;2
8;109;42;2
8;110;42;2
8;111;42;2
8;112;42;2
8;113;42;2
8;114;42;2
8;115;42;2
8;116;42;2
8;117;42;2
8;118;42;2
8;119;42;2
8;120;42;2
8;121;42;2
8;122;42;2
8;123;42;2
8;124;42;2
8;125;42;2
8;126;42;2
8;127;42;2
8;128;42;2
8;129;42;2
8;130;42;2
8;131;42;2
8;132;0;2
9;0;42;2
9;1;42;2
9;2;42;2
9;3;42;2
9;4;42;2
9;5;42;2
9;6;42;2
9;7;42;2
9;8;42;2
9;9;42;2
9;10;42;2
9;11;42;2
9;12;42;2
9;13;42;2
9;14;42;2
9;15;42;2
9;16;42;2
9;17;42;2
9;18;42;2
9;19;42;2
9;20;42;2
9;21;42;2
9;22;42;2
9;23;42;2
9;24;42;2
9;25;42;2
9;26;42;2
9;27;42;2
9;28;42;2
9;29;42;2
9;30;42;2
9;31;42;2
9;32;42;2
9;33;42;2
9;34;42;2
9;35;42;2
9;36;42;2
9;37;42;2
9;38;42;2
9;39;42;2
9;40;42;2
9;41;42;2
9;42;42;2
9;43;42;2
9;44;42;2
9;45;42;2
9;46;42;2
9;47;42;2
9;48;42;2
9;49;42;2
9;50;42;2
9;51;42;2
9;52;42;2
9;53;42;2
9;54;42;2
9;55;42;2
9;56;42;2
9;57;42;2
9;58;42;2
9;59;42;2
9;60;42;2
9;61;42;2
9;62;42;2
9;63;42;2
9;64;42;2
9;65;42;2
9;66;42;2
9;67;42;2
9;68;42;2
9;69;42;2
9;70;42;2
9;71;42;2
9;72;42;2
9;73;42;2
9;74;42;2
9;75;42;2
9;76;42;2
9;77;42;2
9;78;42;2
9;79;42;2
9;80;42;2
9;81;42;2
9;82;42;2
9;83;42;2
9;84;42;2
9;85;42;2
9;86;42;2
9;87;42;2
9;88;42;2
9;89;42;2
9;90;42;2
9;91;42;2
9;92;42;2
9;93;42;2
9;94;42;2
9;95;42;2
9;96;42;2
9;97;42;2
9;98;42;2
9;99;42;2
9;100;42;2
9;101;42;2
9;102;42;2
9;103;42;2
9;104;42;2
9;105;42;2
9;106;42;2
9;107;42;2
9;108;42;2
9;109;42;2
9;110;42;2
9;111;42;2
9;112;42;2
9;113;42;2
9;114;42;2
9;115;42;2
9;116;42;2
9;117;42;2
9;118;42;2
9;119;42;2
9;120;42;2
9;121;42;2
9;122;42;2
9;123;42;2
9;124;42;2
9;125;42;2
9;126;42;2
9;127;42;2
9;128;42;2
9;129;42;2
9;130;42;2
9;131;42;2
9;132;0;2
10;0;42;2
10;1;42;2
10;2;42;2
10;3;42;2
10;4;42;2
10;5;42;2
10;6;42;2
10;7;42;2
10;8;42;2
10;9;42;2
10;10;42;2
10;11;42;2
10;12;42;2
10;13;42;2
10;14;42;2
10;15;42;2
10;16;42;2
10;17;42;2
10;18;42;2
10;19;42;2
10;20;42;2
10;21;42;2
10;22;42;2
10;23;42;2
10;24;42;2
10;25;42;2
10;26;42;2
10;27;42;2
10;28;42;2
10;29;42;2
10;30;42;2
10;31;42;2
10;32;42;2
10;33;42;2
10;34;42;2
10;35;42;2
10;36;42;2
10;37;42;2
10;38;42;2
10;39;42;2
10;40;42;2
10;41;42;2
10;42;42;2
10;43;42;2
10;44;42;2
10;45;42;2
10;46;42;2
10;47;42;2
10;48;42;2
10;49;42;2
10;50;42;2
10;51;42;2
10;52;42;2
10;53;42;2
10;54;42;2
10;55;42;2
10;56;42;2
10;57;42;2
10;58;42;2
10;59;42;2
10;60;42;2
10;61;42;2
10;62;42;2
10;63;42;2
10;64;42;2
10;65;42;2
10;66;42;2
10;67;42;2
10;68;42;2
10;69;42;2
10;70;42;2
10;71;42;2
10;72;42;2
10;73;42;2
10;74;42;2
10;75;42;2
10;76;42;2
10;77;42;2
10;78;42;2
10;79;42;2
10;80;42;2
10;81;42;2
10;82;42;2
10;83;42;2
10;84;42;2
10;85;42;2
10;86;42;2
10;87;42;2
10;88;42;2
10;89;42;2
10;90;42;2
10;91;42;2
10;92;42;2
10;93;42;2
10;94;42;2
10;95;42;2
10;96;42;2
10;97;42;2
10;98;42;2
10;99;42;2
10;100;42;2
10;101;42;2
10;102;42;2
10;103;42;2
10;104;42;2
10;105;42;2
10;106;42;2
10;107;42;2
10;108;42;2
10;109;42;2
10;110;42;2
10;111;42;2
10;112;42;2
10;113;42;2
10;114;42;2
10;115;42;2
10;116;42;2
10;117;42;2
10;118;42;2
10;119;42;2
10;120;42;2
10;121;42;2
10;122;42;2
10;123;42;2
10;124;42;2
10;125;42;2
10;126;42;2
10;127;42;2
10;128;42;2
10;129;42;2
10;130;42;2
10;131;42;2
10;132;0;2
11;0;42;2
11;1;42;2
11;2;42;2
11;3;42;2
11;4;42;2
11;5;42;2
11;6;42;2
11;7;42;2
11;8;42;2
11;9;42;2
11;10;42;2
11;11;42;2
11;12;42;2
11;13;42;2
11;14;42;2
11;15;42;2
11;16;42;2
11;17;42;2
11;18;42;2
11;19;42;2
11;20;42;2
11;21;42;2
11;22;42;2
11;23;42;2
11;24;42;2
11;25;42;2
11;26;42;2
11;27;42;2
11;28;42;2
11;29;42;2
11;30;42;2
11;31;42;2
11;32;42;2
11;33;42;2
11;34;42;2
11;35;42;2
11;36;42;2
11;37;42;2
11;38;42;2
11;39;42;2
11;40;42;2
11;41;42;2
11;42;42;2
11;43;42;2
11;44;42;2
11;45;42;2
11;46;42;2
11;47;42;2
11;48;42;2
11;49;42;2
11;50;42;2
11;51;42;2
11;52;42;2
11;53;42;2
11;54;42;2
11;55;42;2
11;56;42;2
11;57;42;2
11;58;42;2
11;59;42;2
11;60;42;2
11;61;42;2
11;62;42;2
11;63;42;2
11;64;42;2
11;65;42;2
11;66;42;2
11;67;42;2
11;68;42;2
11;69;42;2
11;70;42;2
11;71;42;2
11;72;42;2
11;73;42;2
11;74;42;2
11;75;42;2
11;76;42;2
11;77;42;2
11;78;42;2
11;79;42;2
11;80;42;2
11;81;42;2
11;82;42;2
11;83;42;2
11;84;42;2
11;85;42;2
11;86;42;2
11;87;42;2
11;88;42;2
11;89;42;2
11;90;42;2
11;91;42;2
11;92;42;2
11;93;42;2
11;94;42;2
11;95;42;2
11;96;42;2
11;97;42;2
11;98;42;2
11;99;42;2
11;100;42;2
11;101;42;2
11;102;42;2
11;103;42;2
11;104;42;2
11;105;42;2
11;106;42;2
11;107;42;2
11;108;42;2
11;109;42;2
11;110;42;2
11;111;42;2
11;112;42;2
11;113;42;2
11;114;42;2
11;115;42;2
11;116;42;2
11;117;42;2
11;118;42;2
11;119;42;2
11;120;42;2
11;121;42;2
11;122;42;2
11;123;42;2
11;124;42;2
11;125;42;2
11;126;42;2
11;127;42;2
11;128;42;2
11;129;42;2
11;130;42;2
11;131;42;2
11;132;0;2
12;0;42;2
12;1;42;2
12;2;42;2
12;3;42;2
12;4;42;2
12;5;42;2
12;6;42;2
12;7;42;2
12;8;42;2
12;9;42;2
12;10;42;2
12;11;42;2
12;12;42;2
12;13;42;2
12;14;42;2
12;15;42;2
12;16;42;2
12;17;42;2
12;18;42;2
12;19;42;2
12;20;42;2
12;21;42;2
12;22;42;2
12;23;42;2
12;24;42;2
12;25;42;2
12;26;42;2
12;27;42;2
12;28;42;2
12;29;42;2
12;30;42;2
12;31;42;2
12;32;42;2
12;33;42;2
12;34;42;2
12;35;42;2
12;36;42;2
12;37;42;2
12;38;42;2
12;39;42;2
12;40;42;2
12;41;42;2
12;42;42;2
12;43;42;2
12;44;42;2
12;45;42;2
12;46;42;2
12;47;42;2
12;48;42;2
12;49;42;2
12;50;42;2
12;51;42;2
12;52;42;2
12;53;42;2
12;54;42;2
12;55;42;2
12;56;42;2
12;57;42;2
12;58;42;2
12;59;42;2
12;60;42;2
12;61;42;2
12;62;42;2
12;63;42;2
12;64;42;2
12;65;42;2
12;66;42;2
12;67;42;2
12;68;42;2
12;69;42;2
12;70;42;2
12;71;42;2
12;72;42;2
12;73;42;2
12;74;42;2
12;75;42;2
12;76;42;2
12;77;42;2
12;78;42;2
12;79;42;2
12;80;42;2
12;81;42;2
12;82;42;2
12;83;42;2
12;84;42;2
12;85;42;2
12;86;42;2
12;87;42;2
12;88;42;2
12;89;42;2
12;90;42;2
12;91;42;2
12;92;42;2
12;93;42;2
12;94;42;2
12;95;42;2
12;96;42;2
12;97;42;2
12;98;42;2
12;99;42;2
12;100;42;2
12;101;42;2
12;102;42;2
12;103;42;2
12;104;42;2
12;105;42;2
12;106;42;2
12;107;42;2
12;108;42;2
12;109;42;2
12;110;42;2
12;111;42;2
12;112;42;2
12;113;42;2
12;114;42;2
12;115;42;2
12;116;42;2
12;117;42;2
12;118;42;2
12;119;42;2
12;120;42;2
12;121;42;2
12;122;42;2
12;123;42;2
12;124;42;2
12;125;42;2
12;126;42;2
12;127;42;2
12;128;42;2
12;129;42;2
12;130;42;2
12;131;42;2
12;132;0;2
13;0;42;2
13;1;42;2
13;2;42;2
13;3;42;2
13;4;42;2
13;5;42;2
13;6;42;2
13;7;42;2
13;8;42;2
13;9;42;2
13;10;42;2
13;11;42;2
13;12;42;2
13;13;42;2
13;14;42;2
13;15;42;2
13;16;42;2
13;17;42;2
13;18;42;2
13;19;42;2
13;20;42;2
13;21;42;2
13;22;42;2
13;23;42;2
13;24;42;2
13;25;42;2
13;26;42;2
13;27;42;2
13;28;42;2
13;29;42;2
13;30;42;2
13;31;42;2
13;32;42;2
13;33;42;2
13;34;42;2
13;35;42;2
13;36;42;2
13;37;42;2
13;38;42;2
13;39;42;2
13;40;42;2
13;41;42;2
13;42;42;2
13;43;42;2
13;44;42;2
13;45;42;2
13;46;42;2
13;47;42;2
13;48;42;2
13;49;42;2
13;50;42;2
13;51;42;2
13;52;42;2
13;53;42;2
13;54;42;2
13;55;42;2
13;56;42;2
13;57;42;2
13;58;42;2
13;59;42;2
13;60;42;2
13;61;42;2
13;62;42;2
13;63;42;2
13;64;42;2
13;65;42;2
13;66;42;2
13;67;42;2
13;68;42;2
13;69;42;2
13;70;42;2
13;71;42;2
13;72;42;2
13;73;42;2
13;74;42;2
13;75;42;2
13;76;42;2
13;77;42;2
13;78;42;2
13;79;42;2
13;80;42;2
13;81;42;2
13;82;42;2
13;83;42;2
13;84;42;2
13;85;42;2
13;86;42;2
13;87;42;2
13;88;42;2
13;89;42;2
13;90;42;2
13;91;42;2
13;92;42;2
13;93;42;2
13;94;42;2
13;95;42;2
13;96;42;2
13;97;42;2
13;98;42;2
13;99;42;2
13;100;42;2
13;101;42;2
13;102;42;2
13;103;42;2
13;104;42;2
13;105;42;2
13;106;42;2
13;107;42;2
13;108;42;2
13;109;42;2
13;110;42;2
13;111;42;2
13;112;42;2
13;113;42;2
13;114;42;2
13;115;42;2
13;116;42;2
13;117;42;2
13;118;42;2
13;119;42;2
13;120;42;2
13;121;42;2
13;122;42;2
13;123;42;2
13;124;42;2
13;125;42;2
13;126;42;2
13;127;42;2
13;128;42;2
13;129;42;2
13;130;42;2
13;131;42;2
13;132;0;2
14;0;42;2
14;1;42;2
14;2;42;2
14;3;42;2
14;4;42;2
14;5;42;2
14;6;42;2
14;7;42;2
14;8;42;2
14;9;42;2
14;10;42;2
14;11;42;2
14;12;42;2
14;13;42;2
14;14;42;2
14;15;42;2
14;16;42;2
14;17;42;2
14;18;42;2
14;19;42;2
14;20;42;2
14;21;42;2
14;22;42;2
14;23;42;2
14;24;42;2
14;25;42;2
14;26;42;2
14;27;42;2
14;28;42;2
14;29;42;2
14;30;42;2
14;31;42;2
14;32;42;2
14;33;42;2
14;34;42;2
14;35;42;2
14;36;42;2
14;37;42;2
14;38;42;2
14;39;42;2
14;40;42;2
14;41;42;2
14;42;42;2
14;43;42;2
14;44;42;2
14;45;42;2
14;46;42;2
14;47;42;2
14;48;42;2
14;49;42;2
14;50;42;2
14;51;42;2
14;52;42;2
14;53;42;2
14;54;42;2
14;55;42;2
14;56;42;2
14;57;42;2
14;58;42;2
14;59;42;2
14;60;42;2
14;61;42;2
14;62;42;2
14;63;42;2
14;64;42;2
14;65;42;2
14;66;42;2
14;67;42;2
14;68;42;2
14;69;42;2
14;70;42;2
14;71;42;2
14;72;42;2
14;73;42;2
14;74;42;2
14;75;42;2
14;76;42;2
14;77;42;2
14;78;42;2
14;79;42;2
14;80;42;2
14;81;42;2
14;82;42;2
14;83;42;2
14;84;42;2
14;85;42;2
14;86;42;2
14;87;42;2
14;88;42;2
14;89;42;2
14;90;42;2
14;91;42;2
14;92;42;2
14;93;42;2
14;94;42;2
14;95;42;2
14;96;42;2
14;97;42;2
14;98;42;2
14;99;42;2
14;100;42;2
14;101;42;2
14;102;42;2
14;103;42;2
14;104;42;2
14;105;42;2
14;106;42;2
14;107;42;2
14;108;42;2
14;109;42;2
14;110;42;2
14;111;42;2
14;112;42;2
14;113;42;2
14;114;42;2
14;115;42;2
14;116;42;2
14;117;42;2
14;118;42;2
14;119;42;2
14;120;42;2
14;121;42;2
14;122;42;2
14;123;42;2
14;124;42;2
14;125;42;2
14;126;42;2
14;127;42;2
14;128;42;2
14;129;42;2
14;130;42;2
14;131;42;2
14;132;0;2
15;0;42;2
15;1;42;2
15;2;42;2
15;3;42;2
15;4;42;2
15;5;42;2
15;6;42;2
15;7;42;2
15;8;42;2
15;9;42;2
15;10;42;2
15;11;42;2
15;12;42;2
15;13;42;2
15;14;42;2
15;15;42;2
15;16;42;2
15;17;42;2
15;18;42;2
15;19;42;2
15;20;42;2
15;21;42;2
15;22;42;2
15;23;42;2
15;24;42;2
15;25;42;2
15;26;42;2
15;27;42;2
15;28;42;2
15;29;42;2
15;30;42;2
15;31;42;2
15;32;42;2
15;33;42;2
15;34;42;2
15;35;42;2
15;36;42;2
15;37;42;2
15;38;42;2
15;39;42;2
15;40;42;2
15;41;42;2
15;42;42;2
15;43;42;2
15;44;42;2
15;45;42;2
15;46;42;2
15;47;42;2
15;48;42;2
15;49;42;2
15;50;42;2
15;51;42;2
15;52;42;2
15;53;42;2
15;54;42;2
15;55;42;2
15;56;42;2
15;57;42;2
15;58;42;2
15;59;42;2
15;60;42;2
15;61;42;2
15;62;42;2
15;63;42;2
15;64;42;2
15;65;42;2
15;66;42;2
15;67;42;2
15;68;42;2
15;69;42;2
15;70;42;2
15;71;42;2
15;72;42;2
15;73;42;2
15;74;42;2
15;75;42;2
15;76;42;2
15;77;42;2
15;78;42;2
15;79;42;2
15;80;42;2
15;81;42;2
15;82;42;2
15;83;42;2
15;84;42;2
15;85;42;2
15;86;42;2
15;87;42;2
15;88;42;2
15;89;42;2
15;90;42;2
15;91;42;2
15;92;42;2
15;93;42;2
15;94;42;2
15;95;42;2
15;96;42;2
15;97;42;2
15;98;42;2
15;99;42;2
15;100;42;2
15;101;42;2
15;102;42;2
15;103;42;2
15;104;42;2
15;105;42;2
15;106;42;2
15;107;42;2
15;108;42;2
15;109;42;2
15;110;42;2
15;111;42;2
15;112;42;2
15;113;42;2
15;114;42;2
15;115;42;2
15;116;42;2
15;117;42;2
15;118;42;2
15;119;42;2
15;120;42;2
15;121;42;2
15;122;42;2
15;123;42;2
15;124;42;2
15;125;42;2
15;126;42;2
15;127;42;2
15;128;42;2
15;129;42;2
15;130;42;2
15;131;42;2
15;132;0;2
16;0;42;2
16;1;42;2
16;2;42;2
16;3;42;2
16;4;42;2
16;5;42;2
16;6;42;2
16;7;42;2
16;8;42;2
16;9;42;2
16;10;42;2
16;11;42;2
16;12;42;2
16;13;42;2
16;14;42;2
16;15;42;2
16;16;42;2
16;17;42;2
16;18;42;2
16;19;42;2
16;20;42;2
16;21;42;2
16;22;42;2
16;23;42;2
16;24;42;2
16;25;42;2
16;26;42;2
16;27;42;2
16;28;42;2
16;29;42;2
16;30;42;2
16;31;42;2
16;32;42;2
16;33;42;2
16;34;42;2
16;35;42;2
16;36;42;2
16;37;42;2
16;38;42;2
16;39;42;2
16;40;42;2
16;41;42;2
16;42;42;2
16;43;42;2
16;44;42;2
16;45;42;2
16;46;42;2
16;47;42;2
16;48;42;2
16;49;42;2
16;50;42;2
16;51;42;2
16;52;42;2
16;53;42;2
16;54;42;2
16;55;42;2
16;56;42;2
16;57;42;2
16;58;42;2
16;59;42;2
16;60;42;2
16;61;42;2
16;62;42;2
16;63;42;2
16;64;42;2
16;65;42;2
16;66;42;2
16;67;42;2
16;68;42;2
16;69;42;2
16;70;42;2
16;71;42;2
16;72;42;2
16;73;42;2
16;74;42;2
16;75;42;2
16;76;42;2
16;77;42;2
16;78;42;2
16;79;42;2
16;80;42;2
16;81;42;2
16;82;42;2
16;83;42;2
16;84;42;2
16;85;42;2
16;86;42;2
16;87;42;2
16;88;42;2
16;89;42;2
16;90;42;2
16;91;42;2
16;92;42;2
16;93;42;2
16;94;42;2
16;95;42;2
16;96;42;2
16;97;42;2
16;98;42;2
16;99;42;2
16;100;42;2
16;101;42;2
16;102;42;2
16;103;42;2
16;104;42;2
16;105;42;2
16;106;42;2
16;107;42;2
16;108;42;2
16;109;42;2
16;110;42;2
16;111;42;2
16;112;42;2
16;113;42;2
16;114;42;2
16;115;42;2
16;116;42;2
16;117;42;2
16;118;42;2
16;119;42;2
16;120;42;2
16;121;42;2
16;122;42;2
16;123;42;2
16;124;42;2
16;125;42;2
16;126;42;2
16;127;42;2
16;128;42;2
16;129;42;2
16;130;42;2
16;131;42;2
16;132;0;2
17;0;42;2
17;1;42;2
17;2;42;2
17;3;42;2
17;4;42;2
17;5;42;2
17;6;42;2
17;7;42;2
17;8;42;2
17;9;42;2
17;10;42;2
17;11;42;2
17;12;42;2
17;13;42;2
17;14;42;2
17;15;42;2
17;16;42;2
17;17;42;2
17;18;42;2
17;19;42;2
17;20;42;2
17;21;42;2
17;22;42;2
17;23;42;2
17;24;42;2
17;25;42;2
17;26;42;2
17;27;42;2
17;28;42;2
17;29;42;2
17;30;42;2
17;31;42;2
17;32;42;2
17;33;42;2
17;34;42;2
17;35;42;2
17;36;42;2
17;37;42;2
17;38;42;2
17;39;42;2
17;40;42;2
17;41;42;2
17;42;42;2
17;43;42;2
17;44;42;2
17;45;42;2
17;46;42;2
17;47;42;2
17;48;42;2
17;49;42;2
17;50;42;2
17;51;42;2
17;52;42;2
17;53;42;2
17;54;42;2
17;55;42;2
17;56;42;2
17;57;42;2
17;58;42;2
17;59;42;2
17;60;42;2
17;61;42;2
17;62;42;2
17;63;42;2
17;64;42;2
17;65;42;2
17;66;42;2
17;67;42;2
17;68;42;2
17;69;42;2
17;70;42;2
17;71;42;2
17;72;42;2
17;73;42;2
17;74;42;2
17;75;42;2
17;76;42;2
17;77;42;2
17;78;42;2
17;79;42;2
17;80;42;2
17;81;42;2
17;82;42;2
17;83;42;2
17;84;42;2
17;85;42;2
17;86;42;2
17;87;42;2
17;88;42;2
17;89;42;2
17;90;42;2
17;91;42;2
17;92;42;2
17;93;42;2
17;94;42;2
17;95;42;2
17;96;42;2
17;97;42;2
17;98;42;2
17;99;42;2
17;100;42;2
17;101;42;2
17;102;42;2
17;103;42;2
17;104;42;2
17;105;42;2
17;106;42;2
17;107;42;2
17;108;42;2
17;109;42;2
17;110;42;2
17;111;42;2
17;112;42;2
17;113;42;2
17;114;42;2
17;115;42;2
17;116;42;2
17;117;42;2
17;118;42;2
17;119;42;2
17;120;42;2
17;121;42;2
17;122;42;2
17;123;42;2
17;124;42;2
17;125;42;2
17;126;42;2
17;127;42;2
17;128;42;2
17;129;42;2
17;130;42;2
17;131;42;2
17;132;0;2
18;0;42;2
18;1;42;2
18;2;42;2
18;3;42;2
18;4;42;2
18;5;42;2
18;6;42;2
18;7;42;2
18;8;42;2
18;9;42;2
18;10;42;2
18;11;42;2
18;12;42;2
18;13;42;2
18;14;42;2
18;15;42;2
18;16;42;2
18;17;42;2
18;18;42;2
18;19;42;2
18;20;42;2
18;21;42;2
18;22;42;2
18;23;42;2
18;24;42;2
18;25;42;2
18;26;42;2
18;27;42;2
18;28;42;2
18;29;42;2
18;30;42;2
18;31;42;2
18;32;42;2
18;33;42;2
18;34;42;2
18;35;42;2
18;36;42;2
18;37;42;2
18;38;42;2
18;39;42;2
18;40;42;2
18;41;42;2
18;42;42;2
18;43;42;2
18;44;42;2
18;45;42;2
18;46;42;2
18;47;42;2
18;48;42;2
18;49;42;2
18;50;42;2
18;51;42;2
18;52;42;2
18;53;42;2
18;54;42;2
18;55;42;2
18;56;42;2
18;57;42;2
18;58;42;2
18;59;42;2
18;60;42;2
18;61;42;2
18;62;42;2
18;63;42;2
18;64;42;2
18;65;42;2
18;66;42;2
18;67;42;2
18;68;42;2
18;69;42;2
18;70;42;2
18;71;42;2
18;72;42;2
18;73;42;2
18;74;42;2
18;75;42;2
18;76;42;2
18;77;42;2
18;78;42;2
18;79;42;2
18;80;42;2
18;81;42;2
18;82;42;2
18;83;42;2
18;84;42;2
18;85;42;2
18;86;42;2
18;87;42;2
18;88;42;2
18;89;42;2
18;90;42;2
18;91;42;2
18;92;42;2
18;93;42;2
18;94;42;2
18;95;42;2
18;96;42;2
18;97;42;2
18;98;42;2
18;99;42;2
18;100;42;2
18;101;42;2
18;102;42;2
18;103;42;2
18;104;42;2
18;105;42;2
18;106;42;2
18;107;42;2
18;108;42;2
18;109;42;2
18;110;42;2
18;111;42;2
18;112;42;2
18;113;42;2
18;114;42;2
18;115;42;2
18;116;42;2
18;117;42;2
18;118;42;2
18;119;42;2
18;120;42;2
18;121;42;2
18;122;42;2
18;123;42;2
18;124;42;2
18;125;42;2
18;126;42;2
18;127;42;2
18;128;42;2
18;129;42;2
18;130;42;2
18;131;42;2
18;132;0;2
19;0;42;2
19;1;42;2
19;2;42;2
19;3;42;2
19;4;42;2
19;5;42;2
19;6;42;2
19;7;42;2
19;8;42;2
19;9;42;2
19;10;42;2
19;11;42;2
19;12;42;2
19;13;42;2
19;14;42;2
19;15;42;2
19;16;42;2
19;17;42;2
19;18;42;2
19;19;42;2
19;20;42;2
19;21;42;2
19;22;42;2
19;23;42;2
19;24;42;2
19;25;42;2
19;26;42;2
19;27;42;2
19;28;42;2
19;29;42;2
19;30;42;2
19;31;42;2
19;32;42;2
19;33;42;2
19;34;42;2
19;35;42;2
19;36;42;2
19;37;42;2
19;38;42;2
19;39;42;2
19;40;42;2
19;41;42;2
19;42;42;2
19;43;42;2
19;44;42;2
19;45;42;2
19;46;42;2
19;47;42;2
19;48;42;2
19;49;42;2
19;50;42;2
19;51;42;2
19;52;42;2
19;53;42;2
19;54;42;2
19;55;42;2
19;56;42;2
19;57;42;2
19;58;42;2
19;59;42;2
19;60;42;2
19;61;42;2
19;62;42;2
19;63;42;2
19;64;42;2
19;65;42;2
19;66;42;2
19;67;42;2
19;68;42;2
19;69;42;2
19;70;42;2
19;71;42;2
19;72;42;2
19;73;42;2
19;74;42;2
19;75;42;2
19;76;42;2
19;77;42;2
19;78;42;2
19;79;42;2
19;80;42;2
19;81;42;2
19;82;42;2
19;83;42;2
19;84;42;2
19;85;42;2
19;86;42;2
19;87;42;2
19;88;42;2
19;89;42;2
19;90;42;2
19;91;42;2
19;92;42;2
19;93;42;2
19;94;42;2
19;95;42;2
19;96;42;2
19;97;42;2
19;98;42;2
19;99;42;2
19;100;42;2
19;101;42;2
19;102;42;2
19;103;42;2
19;104;42;2
19;105;42;2
19;106;42;2
19;107;42;2
19;108;42;2
19;109;42;2
19;110;42;2
19;111;42;2
19;112;42;2
19;113;42;2
19;114;42;2
19;115;42;2
19;116;42;2
19;117;42;2
19;118;42;2
19;119;42;2
19;120;42;2
19;121;42;2
19;122;42;2
19;123;42;2
19;124;42;2
19;125;42;2
19;126;42;2
19;127;42;2
19;128;42;2
19;129;42;2
19;130;42;2
19;131;42;2
19;132;0;2
20;0;42;2
20;1;42;2
20;2;42;2
20;3;42;2
20;4;42;2
20;5;42;2
20;6;42;2
20;7;42;2
20;8;42;2
20;9;42;2
20;10;42;2
20;11;42;2
20;12;42;2
20;13;42;2
20;14;42;2
20;15;42;2
20;16;42;2
20;17;42;2
20;18;42;2
20;19;42;2
20;20;42;2
20;21;42;2
20;22;42;2
20;23;42;2
20;24;42;2
20;25;42;2
20;26;42;2
20;27;42;2
20;28;42;2
20;29;42;2
20;30;42;2
20;31;42;2
20;32;42;2
20;33;42;2
20;34;0;2
20;35;0;2
20;36;0;2
20;37;0;2
20;38;0;2
20;39;0;2
20;40;0;2
20;41;0;2
20;42;42;2
20;43;42;2
20;44;42;2
20;45;42;2
20;46;42;2
20;47;42;2
20;48;42;2
20;49;42;2
20;50;42;2
20;51;42;2
20;52;42;2
20;53;42;2
20;54;42;2
20;55;42;2
20;56;42;2
20;57;42;2
20;58;42;2
20;59;42;2
20;60;42;2
20;61;42;2
20;62;42;2
20;63;42;2
20;64;42;2
20;65;42;2
20;66;42;2
20;67;42;2
20;68;42;2
20;69;42;2
20;70;42;2
20;71;42;2
20;72;42;2
20;73;42;2
20;74;42;2
20;75;42;2
20;76;42;2
20;77;42;2
20;78;42;2
20;79;42;2
20;80;42;2
20;81;42;2
20;82;42;2
20;83;42;2
20;84;42;2
20;85;42;2
20;86;42;2
20;87;42;2
20;88;42;2
20;89;42;2
20;90;42;2
20;91;42;2
20;92;42;2
20;93;42;2
20;94;42;2
20;95;42;2
20;96;42;2
20;97;42;2
20;98;42;2
20;99;42;2
20;100;42;2
20;101;42;2
20;102;42;2
20;103;42;2
20;104;42;2
20;105;42;2
20;106;42;2
20;107;42;2
20;108;42;2
20;109;42;2
20;110;42;2
20;111;42;2
20;112;42;2
20;113;42;2
20;114;42;2
20;115;42;2
20;116;42;2
20;117;42;2
20;118;42;2
20;119;42;2
20;120;42;2
20;121;42;2
20;122;42;2
20;123;42;2
20;124;42;2
20;125;42;2
20;126;42;2
20;127;42;2
20;128;42;2
20;129;42;2
20;130;42;2
20;131;42;2
20;132;0;2
21;0;42;2
21;1;42;2
21;2;42;2
21;3;42;2
21;4;42;2
21;5;42;2
21;6;42;2
21;7;42;2
21;8;42;2
21;9;42;2
21;10;42;2
21;11;42;2
21;12;42;2
21;13;42;2
21;14;42;2
21;15;42;2
21;16;42;2
21;17;42;2
21;18;42;2
21;19;42;2
21;20;42;2
21;21;42;2
21;22;42;2
21;23;42;2
21;24;42;2
21;25;42;2
21;26;42;2
21;27;42;2
21;28;42;2
21;29;42;2
21;30;42;2
21;31;42;2
21;32;42;2
21;33;42;2
21;34;0;2
21;35;0;2
21;36;0;2
21;37;0;2
21;38;0;2
21;39;0;2
21;40;0;2
21;41;0;2
21;42;0;2
21;43;0;2
21;44;0;2
21;45;42;2
21;46;42;2
21;47;42;2
21;48;42;2
21;49;42;2
21;50;42;2
21;51;42;2
21;52;42;2
21;53;42;2
21;54;42;2
21;55;0;2
21;56;0;2
21;57;42;2
21;58;42;2
21;59;42;2
21;60;42;2
21;61;42;2
21;62;42;2
21;63;42;2
21;64;42;2
21;65;42;2
21;66;42;2
21;67;42;2
21;68;42;2
21;69;42;2
21;70;42;2
21;71;42;2
21;72;42;2
21;73;42;2
21;74;42;2
21;75;42;2
21;76;42;2
21;77;42;2
21;78;42;2
21;79;42;2
21;80;42;2
21;81;42;2
21;82;42;2
21;83;42;2
21;84;42;2
21;85;42;2
21;86;42;2
21;87;42;2
21;88;42;2
21;89;42;2
21;90;42;2
21;91;42;2
21;92;42;2
21;93;42;2
21;94;42;2
21;95;42;2
21;96;42;2
21;97;42;2
21;98;42;2
21;99;42;2
21;100;42;2
21;101;42;2
21;102;42;2
21;103;42;2
21;104;42;2
21;105;42;2
21;106;42;2
21;107;42;2
21;108;42;2
21;109;42;2
21;110;42;2
21;111;42;2
21;112;42;2
21;113;42;2
21;114;42;2
21;115;42;2
21;116;42;2
21;117;42;2
21;118;42;2
21;119;42;2
21;120;42;2
21;121;42;2
21;122;42;2
21;123;42;2
21;124;42;2
21;125;42;2
21;126;42;2
21;127;42;2
21;128;42;2
21;129;42;2
21;130;42;2
21;131;42;2
21;132;0;2
22;0;42;2
22;1;42;2
22;2;42;2
22;3;42;2
22;4;42;2
22;5;42;2
22;6;42;2
22;7;42;2
22;8;42;2
22;9;42;2
22;10;42;2
22;11;42;2
22;12;42;2
22;13;42;2
22;14;42;2
22;15;42;2
22;16;42;2
22;17;42;2
22;18;42;2
22;19;42;2
22;20;42;2
22;21;42;2
22;22;42;2
22;23;42;2
22;24;42;2
22;25;42;2
22;26;42;2
22;27;42;2
22;28;42;2
22;29;42;2
22;30;42;2
22;31;42;2
22;32;42;2
22;33;42;2
22;34;0;2
22;35;0;2
22;36;0;2
22;37;0;2
22;38;0;2
22;39;0;2
22;40;0;2
22;41;0;2
22;42;0;2
22;43;0;2
22;44;0;2
22;45;42;2
22;46;42;2
22;47;42;2
22;48;42;2
22;49;42;2
22;50;42;2
22;51;42;2
22;52;42;2
22;53;42;2
22;54;0;2
22;55;0;2
22;56;0;2
22;57;42;2
22;58;42;2
22;59;42;2
22;60;42;2
22;61;42;2
22;62;42;2
22;63;42;2
22;64;42;2
22;65;42;2
22;66;42;2
22;67;42;2
22;68;42;2
22;69;42;2
22;70;42;2
22;71;42;2
22;72;42;2
22;73;42;2
22;74;42;2
22;75;42;2
22;76;42;2
22;77;42;2
22;78;42;2
22;79;42;2
22;80;42;2
22;81;42;2
22;82;42;2
22;83;42;2
22;84;42;2
22;85;42;2
22;86;42;2
22;87;42;2
22;88;42;2
22;89;42;2
22;90;42;2
22;91;42;2
22;92;42;2
22;93;42;2
22;94;42;2
22;95;42;2
22;96;42;2
22;97;42;2
22;98;42;2
22;99;42;2
22;100;42;2
22;101;42;2
22;102;42;2
22;103;42;2
22;104;42;2
22;105;42;2
22;106;42;2
22;107;42;2
22;108;42;2
22;109;42;2
22;110;42;2
22;111;42;2
22;112;42;2
22;113;42;2
22;114;42;2
22;115;42;2
22;116;42;2
22;117;42;2
22;118;42;2
22;119;42;2
22;120;42;2
22;121;42;2
22;122;42;2
22;123;42;2
22;124;42;2
22;125;42;2
22;126;42;2
22;127;42;2
22;128;42;2
22;129;42;2
22;130;42;2
22;131;42;2
22;132;0;2
23;0;0;2
23;1;42;2
23;2;42;2
23;3;42;2
23;4;42;2
23;5;42;2
23;6;42;2
23;7;42;2
23;8;42;2
23;9;42;2
23;10;42;2
23;11;42;2
23;12;42;2
23;13;42;2
23;14;42;2
23;15;42;2
23;16;42;2
23;17;42;2
23;18;42;2
23;19;42;2
23;20;42;2
23;21;42;2
23;22;42;2
23;23;42;2
23;24;42;2
23;25;42;2
23;26;42;2
23;27;42;2
23;28;42;2
23;29;42;2
23;30;42;2
23;31;42;2
23;32;42;2
23;33;42;2
23;34;0;2
23;35;0;2
23;36;0;2
23;37;0;2
23;38;0;2
23;39;0;2
23;40;0;2
23;41;0;2
23;42;0;2
23;43;0;2
23;44;0;2
23;45;0;2
23;46;0;2
23;47;0;2
23;48;0;2
23;49;42;2
23;50;42;2
23;51;42;2
23;52;42;2
23;53;42;2
23;54;0;2
23;55;0;2
23;56;0;2
23;57;42;2
23;58;42;2
23;59;42;2
23;60;42;2
23;61;42;2
23;62;42;2
23;63;42;2
23;64;42;2
23;65;42;2
23;66;42;2
23;67;42;2
23;68;42;2
23;69;42;2
23;70;42;2
23;71;42;2
23;72;42;2
23;73;42;2
23;74;42;2
23;75;42;2
23;76;42;2
23;77;42;2
23;78;42;2
23;79;42;2
23;80;42;2
23;81;42;2
23;82;42;2
23;83;42;2
23;84;42;2
23;85;42;2
23;86;42;2
23;87;42;2
23;88;42;2
23;89;42;2
23;90;42;2
23;91;42;2
23;92;42;2
23;93;42;2
23;94;42;2
23;95;42;2
23;96;42;2
23;97;42;2
23;98;42;2
23;99;42;2
23;100;42;2
23;101;42;2
23;102;42;2
23;103;42;2
23;104;42;2
23;105;42;2
23;106;42;2
23;107;42;2
23;108;42;2
23;109;42;2
23;110;42;2
23;111;42;2
23;112;42;2
23;113;42;2
23;114;42;2
23;115;42;2
23;116;42;2
23;117;42;2
23;118;42;2
23;119;42;2
23;120;42;2
23;121;42;2
23;122;42;2
23;123;42;2
23;124;42;2
23;125;42;2
23;126;42;2
23;127;42;2
23;128;42;2
23;129;42;2
23;130;42;2
23;131;42;2
23;132;0;2
24;0;0;2
24;1;0;2
24;2;0;2
24;3;0;2
24;4;0;2
24;5;0;2
24;6;42;2
24;7;42;2
24;8;42;2
24;9;42;2
24;10;42;2
24;11;42;2
24;12;42;2
24;13;42;2
24;14;42;2
24;15;42;2
24;16;42;2
24;17;42;2
24;18;42;2
24;19;42;2
24;20;42;2
24;21;42;2
24;22;42;2
24;23;42;2
24;24;42;2
24;25;42;2
24;26;42;2
24;27;42;2
24;28;42;2
24;29;42;2
24;30;42;2
24;31;0;2
24;32;0;2
24;33;0;2
24;34;0;2
24;35;0;2
24;36;0;2
24;37;0;2
24;38;0;2
24;39;0;2
24;40;0;2
24;41;0;2
24;42;0;2
24;43;0;2
24;44;0;2
24;45;0;2
24;46;0;2
24;47;0;2
24;48;0;2
24;49;0;2
24;50;0;2
24;51;0;2
24;52;0;2
24;53;0;2
24;54;0;2
24;55;0;2
24;56;42;2
24;57;42;2
24;58;42;2
24;59;42;2
24;60;42;2
24;61;42;2
24;62;42;2
24;63;42;2
24;64;42;2
24;65;42;2
24;66;42;2
24;67;42;2
24;68;42;2
24;69;42;2
24;70;42;2
24;71;42;2
24;72;42;2
24;73;42;2
24;74;42;2
24;75;42;2
24;76;42;2
24;77;42;2
24;78;42;2
24;79;42;2
24;80;42;2
24;81;42;2
24;82;42;2
24;83;42;2
24;84;42;2
24;85;42;2
24;86;42;2
24;87;42;2
24;88;42;2
24;89;42;2
24;90;42;2
24;91;42;2
24;92;42;2
24;93;42;2
24;94;42;2
24;95;42;2
24;96;42;2
24;97;42;2
24;98;42;2
24;99;42;2
24;100;42;2
24;101;42;2
24;102;42;2
24;103;42;2
24;104;42;2
24;105;42;2
24;106;42;2
24;107;42;2
24;108;42;2
24;109;42;2
24;110;42;2
24;111;42;2
24;112;42;2
24;113;42;2
24;114;42;2
24;115;42;2
24;116;42;2
24;117;42;2
24;118;42;2
24;119;42;2
24;120;42;2
24;121;42;2
24;122;42;2
24;123;42;2
24;124;42;2
24;125;42;2
24;126;42;2
24;127;42;2
24;128;42;2
24;129;42;2
24;130;42;2
24;131;0;2
24;132;0;2
25;0;0;2
25;1;0;2
25;2;0;2
25;3;0;2
25;4;0;2
25;5;0;2
25;6;42;2
25;7;42;2
25;8;42;2
25;9;42;2
25;10;42;2
25;11;42;2
25;12;42;2
25;13;42;2
25;14;42;2
25;15;42;2
25;16;42;2
25;17;42;2
25;18;42;2
25;19;0;2
25;20;0;2
25;21;0;2
25;22;0;2
25;23;0;2
25;24;0;2
25;25;0;2
25;26;0;2
25;27;0;2
25;28;0;2
25;29;42;2
25;30;42;2
25;31;0;2
25;32;0;2
25;33;0;2
25;34;0;2
25;35;0;2
25;36;0;2
25;37;0;2
25;38;0;2
25;39;0;2
25;40;0;2
25;41;0;2
25;42;0;2
25;43;0;2
25;44;0;2
25;45;0;2
25;46;0;2
25;47;0;2
25;48;0;2
25;49;0;2
25;50;0;2
25;51;0;2
25;52;0;2
25;53;0;2
25;54;0;2
25;55;42;2
25;56;42;2
25;57;42;2
25;58;42;2
25;59;42;2
25;60;42;2
25;61;42;2
25;62;42;2
25;63;42;2
25;64;42;2
25;65;42;2
25;66;42;2
25;67;42;2
25;68;42;2
25;69;42;2
25;70;42;2
25;71;42;2
25;72;42;2
25;73;42;2
25;74;42;2
25;75;42;2
25;76;42;2
25;77;42;2
25;78;42;2
25;79;42;2
25;80;42;2
25;81;42;2
25;82;42;2
25;83;42;2
25;84;42;2
25;85;42;2
25;86;42;2
25;87;42;2
25;88;42;2
25;89;42;2
25;90;42;2
25;91;42;2
25;92;42;2
25;93;42;2
25;94;42;2
25;95;42;2
25;96;42;2
25;97;42;2
25;98;42;2
25;99;42;2
25;100;42;2
25;101;42;2
25;102;42;2
25;103;42;2
25;104;42;2
25;105;42;2
25;106;42;2
25;107;42;2
25;108;42;2
25;109;42;2
25;110;42;2
25;111;42;2
25;112;42;2
25;113;42;2
25;114;42;2
25;115;42;2
25;116;42;2
25;117;42;2
25;118;42;2
25;119;42;2
25;120;42;2
25;121;42;2
25;122;42;2
25;123;42;2
25;124;42;2
25;125;42;2
25;126;42;2
25;127;42;2
25;128;42;2
25;129;42;2
25;130;42;2
25;131;0;2
25;132;0;2
26;0;0;2
26;1;0;2
26;2;0;2
26;3;0;2
26;4;0;2
26;5;0;2
26;6;42;2
26;7;42;2
26;8;42;2
26;9;42;2
26;10;42;2
26;11;42;2
26;12;42;2
26;13;42;2
26;14;42;2
26;15;42;2
26;16;42;2
26;17;42;2
26;18;0;2
26;19;0;2
26;20;0;2
26;21;0;2
26;22;0;2
26;23;0;2
26;24;0;2
26;25;0;2
26;26;0;2
26;27;0;2
26;28;0;2
26;29;42;2
26;30;42;2
26;31;0;2
26;32;0;2
26;33;0;2
26;34;0;2
26;35;0;2
26;36;0;2
26;37;0;2
26;38;0;2
26;39;0;2
26;40;0;2
26;41;0;2
26;42;0;2
26;43;0;2
26;44;0;2
26;45;0;2
26;46;0;2
26;47;0;2
26;48;0;2
26;49;0;2
26;50;0;2
26;51;0;2
26;52;0;2
26;53;0;2
26;54;0;2
26;55;42;2
26;56;42;2
26;57;42;2
26;58;42;2
26;59;42;2
26;60;42;2
26;61;0;2
26;62;0;2
26;63;0;2
26;64;0;2
26;65;0;2
26;66;0;2
26;67;0;2
26;68;0;2
26;69;0;2
26;70;0;2
26;71;0;2
26;72;0;2
26;73;42;2
26;74;42;2
26;75;42;2
26;76;42;2
26;77;42;2
26;78;42;2
26;79;42;2
26;80;42;2
26;81;42;2
26;82;42;2
26;83;42;2
26;84;42;2
26;85;42;2
26;86;42;2
26;87;42;2
26;88;42;2
26;89;42;2
26;90;42;2
26;91;42;2
26;92;42;2
26;93;42;2
26;94;42;2
26;95;42;2
26;96;42;2
26;97;42;2
26;98;42;2
26;99;42;2
26;100;42;2
26;101;42;2
26;102;42;2
26;103;42;2
26;104;42;2
26;105;42;2
26;106;42;2
26;107;42;2
26;108;42;2
26;109;42;2
26;110;42;2
26;111;42;2
26;112;42;2
26;113;42;2
26;114;42;2
26;115;42;2
26;116;42;2
26;117;42;2
26;118;42;2
26;119;42;2
26;120;42;2
26;121;42;2
26;122;42;2
26;123;42;2
26;124;42;2
26;125;42;2
26;126;42;2
26;127;42;2
26;128;42;2
26;129;42;2
26;130;42;2
26;131;0;2
26;132;0;2
27;0;0;2
27;1;0;2
27;2;0;2
27;3;0;2
27;4;0;2
27;5;0;2
27;6;42;2
27;7;42;2
27;8;42;2
27;9;42;2
27;10;42;2
27;11;42;2
27;12;42;2
27;13;42;2
27;14;42;2
27;15;42;2
27;16;42;2
27;17;42;2
27;18;0;2
27;19;0;2
27;20;0;2
27;21;0;2
27;22;0;2
27;23;0;2
27;24;0;2
27;25;0;2
27;26;0;2
27;27;0;2
27;28;0;2
27;29;0;2
27;30;0;2
27;31;0;2
27;32;0;2
27;33;0;2
27;34;0;2
27;35;0;2
27;36;0;2
27;37;0;2
27;38;0;2
27;39;0;2
27;40;0;2
27;41;0;2
27;42;0;2
27;43;0;2
27;44;0;2
27;45;0;2
27;46;0;2
27;47;0;2
27;48;0;2
27;49;0;2
27;50;0;2
27;51;0;2
27;52;0;2
27;53;0;2
27;54;0;2
27;55;42;2
27;56;42;2
27;57;42;2
27;58;42;2
27;59;42;2
27;60;42;2
27;61;0;2
27;62;0;2
27;63;0;2
27;64;0;2
27;65;0;2
27;66;0;2
27;67;0;2
27;68;0;2
27;69;0;2
27;70;0;2
27;71;0;2
27;72;0;2
27;73;42;2
27;74;42;2
27;75;42;2
27;76;42;2
27;77;42;2
27;78;42;2
27;79;42;2
27;80;42;2
27;81;42;2
27;82;42;2
27;83;42;2
27;84;42;2
27;85;42;2
27;86;42;2
27;87;42;2
27;88;42;2
27;89;42;2
27;90;42;2
27;91;42;2
27;92;42;2
27;93;42;2
27;94;42;2
27;95;42;2
27;96;42;2
27;97;42;2
27;98;42;2
27;99;42;2
27;100;42;2
27;101;42;2
27;102;42;2
27;103;42;2
27;104;42;2
27;105;42;2
27;106;42;2
27;107;42;2
27;108;42;2
27;109;42;2
27;110;42;2
27;111;42;2
27;112;42;2
27;113;42;2
27;114;42;2
27;115;42;2
27;116;42;2
27;117;42;2
27;118;42;2
27;119;42;2
27;120;42;2
27;121;42;2
27;122;42;2
27;123;42;2
27;124;42;2
27;125;42;2
27;126;42;2
27;127;42;2
27;128;42;2
27;129;42;2
27;130;42;2
27;131;0;2
27;132;0;2
28;0;0;2
28;1;0;2
28;2;0;2
28;3;0;2
28;4;0;2
28;5;0;2
28;6;0;2
28;7;0;2
28;8;42;2
28;9;42;2
28;10;42;2
28;11;42;2
28;12;42;2
28;13;42;2
28;14;42;2
28;15;42;2
28;16;42;2
28;17;42;2
28;18;0;2
28;19;0;2
28;20;0;2
28;21;0;2
28;22;0;2
28;23;0;2
28;24;0;2
28;25;0;2
28;26;0;2
28;27;0;2
28;28;0;2
28;29;0;2
28;30;0;2
28;31;0;2
28;32;0;2
28;33;0;2
28;34;0;2
28;35;0;2
28;36;0;2
28;37;0;2
28;38;0;2
28;39;0;2
28;40;0;2
28;41;0;2
28;42;0;2
28;43;0;2
28;44;0;2
28;45;0;2
28;46;0;2
28;47;0;2
28;48;0;2
28;49;0;2
28;50;0;2
28;51;0;2
28;52;0;2
28;53;0;2
28;54;0;2
28;55;42;2
28;56;42;2
28;57;42;2
28;58;42;2
28;59;42;2
28;60;42;2
28;61;0;2
28;62;0;2
28;63;0;2
28;64;0;2
28;65;0;2
28;66;0;2
28;67;0;2
28;68;0;2
28;69;0;2
28;70;0;2
28;71;0;2
28;72;0;2
28;73;42;2
28;74;42;2
28;75;42;2
28;76;42;2
28;77;42;2
28;78;42;2
28;79;42;2
28;80;42;2
28;81;42;2
28;82;42;2
28;83;42;2
28;84;42;2
28;85;42;2
28;86;42;2
28;87;42;2
28;88;42;2
28;89;42;2
28;90;42;2
28;91;42;2
28;92;42;2
28;93;42;2
28;94;42;2
28;95;42;2
28;96;42;2
28;97;42;2
28;98;42;2
28;99;42;2
28;100;42;2
28;101;42;2
28;102;42;2
28;103;42;2
28;104;42;2
28;105;42;2
28;106;42;2
28;107;42;2
28;108;42;2
28;109;42;2
28;110;42;2
28;111;42;2
28;112;42;2
28;113;42;2
28;114;42;2
28;115;42;2
28;116;42;2
28;117;42;2
28;118;42;2
28;119;42;2
28;120;42;2
28;121;42;2
28;122;42;2
28;123;42;2
28;124;42;2
28;125;42;2
28;126;42;2
28;127;42;2
28;128;42;2
28;129;42;2
28;130;42;2
28;131;0;2
28;132;0;2
29;0;0;2
29;1;0;2
29;2;0;2
29;3;0;2
29;4;0;2
29;5;0;2
29;6;0;2
29;7;0;2
29;8;42;2
29;9;42;2
29;10;42;2
29;11;42;2
29;12;42;2
29;13;42;2
29;14;42;2
29;15;42;2
29;16;42;2
29;17;0;2
29;18;0;2
29;19;0;2
29;20;0;2
29;21;0;2
29;22;0;2
29;23;0;2
29;24;0;2
29;25;0;2
29;26;0;2
29;27;0;2
29;28;0;2
29;29;0;2
29;30;0;2
29;31;0;2
29;32;0;2
29;33;0;2
29;34;0;2
29;35;0;2
29;36;0;2
29;37;0;2
29;38;0;2
29;39;0;2
29;40;0;2
29;41;0;2
29;42;0;2
29;43;0;2
29;44;0;2
29;45;0;2
29;46;0;2
29;47;0;2
29;48;0;2
29;49;0;2
29;50;0;2
29;51;0;2
29;52;0;2
29;53;0;2
29;54;0;2
29;55;42;2
29;56;42;2
29;57;42;2
29;58;42;2
29;59;42;2
29;60;42;2
29;61;0;2
29;62;0;2
29;63;0;2
29;64;0;2
29;65;0;2
29;66;0;2
29;67;0;2
29;68;0;2
29;69;0;2
29;70;0;2
29;71;0;2
29;72;0;2
29;73;42;2
29;74;42;2
29;75;42;2
29;76;42;2
29;77;42;2
29;78;42;2
29;79;42;2
29;80;42;2
29;81;42;2
29;82;42;2
29;83;42;2
29;84;42;2
29;85;42;2
29;86;42;2
29;87;42;2
29;88;42;2
29;89;42;2
29;90;42;2
29;91;42;2
29;92;42;2
29;93;42;2
29;94;42;2
29;95;42;2
29;96;42;2
29;97;42;2
29;98;42;2
29;99;42;2
29;100;42;2
29;101;42;2
29;102;42;2
29;103;42;2
29;104;42;2
29;105;42;2
29;106;42;2
29;107;42;2
29;108;42;2
29;109;42;2
29;110;42;2
29;111;42;2
29;112;42;2
29;113;42;2
29;114;42;2
29;115;42;2
29;116;42;2
29;117;42;2
29;118;42;2
29;119;42;2
29;120;42;2
29;121;42;2
29;122;42;2
29;123;42;2
29;124;42;2
29;125;42;2
29;126;42;2
29;127;42;2
29;128;42;2
29;129;42;2
29;130;42;2
29;131;0;2
29;132;0;2
30;0;0;2
30;1;0;2
30;2;0;2
30;3;0;2
30;4;0;2
30;5;0;2
30;6;0;2
30;7;0;2
30;8;0;2
30;9;0;2
30;10;0;2
30;11;0;2
30;12;0;2
30;13;0;2
30;14;0;2
30;15;0;2
30;16;0;2
30;17;0;2
30;18;0;2
30;19;0;2
30;20;0;2
30;21;0;2
30;22;0;2
30;23;0;2
30;24;0;2
30;25;0;2
30;26;0;2
30;27;0;2
30;28;0;2
30;29;0;2
30;30;0;2
30;31;0;2
30;32;0;2
30;33;0;2
30;34;0;2
30;35;0;2
30;36;0;2
30;37;0;2
30;38;0;2
30;39;0;2
30;40;0;2
30;41;0;2
30;42;0;2
30;43;0;2
30;44;0;2
30;45;0;2
30;46;0;2
30;47;0;2
30;48;0;2
30;49;0;2
30;50;0;2
30;51;0;2
30;52;0;2
30;53;0;2
30;54;0;2
30;55;0;2
30;56;0;2
30;57;0;2
30;58;42;2
30;59;42;2
30;60;42;2
30;61;0;2
30;62;0;2
30;63;0;2
30;64;0;2
30;65;0;2
30;66;0;2
30;67;0;2
30;68;0;2
30;69;0;2
30;70;0;2
30;71;0;2
30;72;0;2
30;73;0;2
30;74;0;2
30;75;0;2
30;76;0;2
30;77;42;2
30;78;42;2
30;79;42;2
30;80;42;2
30;81;42;2
30;82;42;2
30;83;42;2
30;84;42;2
30;85;42;2
30;86;42;2
30;87;42;2
30;88;42;2
30;89;42;2
30;90;42;2
30;91;42;2
30;92;42;2
30;93;42;2
30;94;42;2
30;95;42;2
30;96;42;2
30;97;42;2
30;98;42;2
30;99;42;2
30;100;42;2
30;101;42;2
30;102;42;2
30;103;42;2
30;104;42;2
30;105;42;2
30;106;42;2
30;107;42;2
30;108;42;2
30;109;42;2
30;110;42;2
30;111;42;2
30;112;42;2
30;113;42;2
30;114;42;2
30;115;42;2
30;116;42;2
30;117;42;2
30;118;42;2
30;119;42;2
30;120;42;2
30;121;42;2
30;122;42;2
30;123;42;2
30;124;42;2
30;125;42;2
30;126;42;2
30;127;42;2
30;128;42;2
30;129;42;2
30;130;42;2
30;131;0;2
30;132;0;2
31;0;0;2
31;1;0;2
31;2;0;2
31;3;0;2
31;4;0;2
31;5;0;2
31;6;0;2
31;7;0;2
31;8;0;2
31;9;0;2
31;10;0;2
31;11;0;2
31;12;0;2
31;13;0;2
31;14;0;2
31;15;0;2
31;16;0;2
31;17;0;2
31;18;0;2
31;19;0;2
31;20;0;2
31;21;0;2
31;22;0;2
31;23;0;2
31;24;0;2
31;25;0;2
31;26;0;2
31;27;0;2
31;28;0;2
31;29;0;2
31;30;0;2
31;31;0;2
31;32;0;2
31;33;0;2
31;34;0;2
31;35;0;2
31;36;0;2
31;37;0;2
31;38;0;2
31;39;0;2
31;40;0;2
31;41;0;2
31;42;0;2
31;43;0;2
31;44;0;2
31;45;0;2
31;46;0;2
31;47;0;2
31;48;0;2
31;49;0;2
31;50;0;2
31;51;0;2
31;52;0;2
31;53;0;2
31;54;0;2
31;55;0;2
31;56;0;2
31;57;0;2
31;58;0;2
31;59;0;2
31;60;0;2
31;61;0;2
31;62;0;2
31;63;0;2
31;64;0;2
31;65;0;2
31;66;0;2
31;67;0;2
31;68;0;2
31;69;0;2
31;70;0;2
31;71;0;2
31;72;0;2
31;73;0;2
31;74;0;2
31;75;0;2
31;76;0;2
31;77;42;2
31;78;42;2
31;79;42;2
31;80;42;2
31;81;42;2
31;82;42;2
31;83;42;2
31;84;42;2
31;85;42;2
31;86;42;2
31;87;42;2
31;88;42;2
31;89;42;2
31;90;42;2
31;91;42;2
31;92;42;2
31;93;42;2
31;94;42;2
31;95;42;2
31;96;42;2
31;97;42;2
31;98;42;2
31;99;42;2
31;100;42;2
31;101;42;2
31;102;42;2
31;103;42;2
31;104;42;2
31;105;42;2
31;106;42;2
31;107;42;2
31;108;42;2
31;109;42;2
31;110;42;2
31;111;42;2
31;112;42;2
31;113;42;2
31;114;42;2
31;115;42;2
31;116;42;2
31;117;42;2
31;118;42;2
31;119;42;2
31;120;42;2
31;121;42;2
31;122;42;2
31;123;42;2
31;124;42;2
31;125;42;2
31;126;42;2
31;127;42;2
31;128;42;2
31;129;42;2
31;130;42;2
31;131;0;2
31;132;0;2
32;0;0;2
32;1;0;2
32;2;0;2
32;3;0;2
32;4;0;2
32;5;0;2
32;6;0;2
32;7;0;2
32;8;0;2
32;9;0;2
32;10;0;2
32;11;0;2
32;12;0;2
32;13;0;2
32;14;0;2
32;15;0;2
32;16;0;2
32;17;0;2
32;18;0;2
32;19;0;2
32;20;0;2
32;21;0;2
32;22;0;2
32;23;0;2
32;24;0;2
32;25;0;2
32;26;0;2
32;27;0;2
32;28;0;2
32;29;0;2
32;30;0;2
32;31;0;2
32;32;0;2
32;33;0;2
32;34;0;2
32;35;0;2
32;36;0;2
32;37;0;2
32;38;0;2
32;39;0;2
32;40;0;2
32;41;0;2
32;42;0;2
32;43;0;2
32;44;0;2
32;45;0;2
32;46;0;2
32;47;0;2
32;48;0;2
32;49;0;2
32;50;0;2
32;51;0;2
32;52;0;2
32;53;0;2
32;54;0;2
32;55;0;2
32;56;0;2
32;57;0;2
32;58;0;2
32;59;0;2
32;60;0;2
32;61;0;2
32;62;0;2
32;63;0;2
32;64;0;2
32;65;0;2
32;66;0;2
32;67;0;2
32;68;0;2
32;69;0;2
32;70;0;2
32;71;0;2
32;72;0;2
32;73;0;2
32;74;0;2
32;75;0;2
32;76;0;2
32;77;42;2
32;78;42;2
32;79;42;2
32;80;42;2
32;81;42;2
32;82;42;2
32;83;42;2
32;84;42;2
32;85;42;2
32;86;42;2
32;87;42;2
32;88;42;2
32;89;42;2
32;90;42;2
32;91;42;2
32;92;42;2
32;93;42;2
32;94;42;2
32;95;42;2
32;96;42;2
32;97;42;2
32;98;42;2
32;99;42;2
32;100;42;2
32;101;42;2
32;102;42;2
32;103;42;2
32;104;42;2
32;105;42;2
32;106;42;2
32;107;42;2
32;108;42;2
32;109;42;2
32;110;42;2
32;111;42;2
32;112;42;2
32;113;42;2
32;114;42;2
32;115;42;2
32;116;42;2
32;117;42;2
32;118;42;2
32;119;42;2
32;120;42;2
32;121;42;2
32;122;42;2
32;123;42;2
32;124;42;2
32;125;42;2
32;126;42;2
32;127;42;2
32;128;42;2
32;129;42;2
32;130;0;2
32;131;0;2
32;132;0;2
33;0;0;2
33;1;0;2
33;2;0;2
33;3;0;2
33;4;0;2
33;5;0;2
33;6;0;2
33;7;0;2
33;8;0;2
33;9;0;2
33;10;0;2
33;11;0;2
33;12;0;2
33;13;0;2
33;14;0;2
33;15;0;2
33;16;0;2
33;17;0;2
33;18;0;2
33;19;0;2
33;20;0;2
33;21;0;2
33;22;0;2
33;23;0;2
33;24;0;2
33;25;0;2
33;26;0;2
33;27;0;2
33;28;0;2
33;29;0;2
33;30;0;2
33;31;0;2
33;32;0;2
33;33;0;2
33;34;0;2
33;35;0;2
33;36;0;2
33;37;0;2
33;38;0;2
33;39;0;2
33;40;0;2
33;41;0;2
33;42;0;2
33;43;0;2
33;44;0;2
33;45;0;2
33;46;0;2
33;47;0;2
33;48;0;2
33;49;0;2
33;50;0;2
33;51;0;2
33;52;0;2
33;53;0;2
33;54;0;2
33;55;0;2
33;56;0;2
33;57;0;2
33;58;0;2
33;59;0;2
33;60;0;2
33;61;0;2
33;62;0;2
33;63;0;2
33;64;0;2
33;65;0;2
33;66;0;2
33;67;0;2
33;68;0;2
33;69;0;2
33;70;0;2
33;71;0;2
33;72;0;2
33;73;0;2
33;74;0;2
33;75;0;2
33;76;0;2
33;77;42;2
33;78;42;2
33;79;42;2
33;80;42;2
33;81;42;2
33;82;42;2
33;83;42;2
33;84;42;2
33;85;42;2
33;86;42;2
33;87;42;2
33;88;42;2
33;89;42;2
33;90;42;2
33;91;42;2
33;92;42;2
33;93;42;2
33;94;42;2
33;95;42;2
33;96;42;2
33;97;42;2
33;98;42;2
33;99;42;2
33;100;42;2
33;101;42;2
33;102;42;2
33;103;42;2
33;104;42;2
33;105;42;2
33;106;42;2
33;107;42;2
33;108;42;2
33;109;42;2
33;110;42;2
33;111;42;2
33;112;42;2
33;113;42;2
33;114;42;2
33;115;42;2
33;116;42;2
33;117;42;2
33;118;42;2
33;119;42;2
33;120;42;2
33;121;42;2
33;122;42;2
33;123;42;2
33;124;42;2
33;125;42;2
33;126;42;2
33;127;42;2
33;128;42;2
33;129;42;2
33;130;0;2
33;131;0;2
33;132;0;2
34;0;0;2
34;1;0;2
34;2;0;2
34;3;0;2
34;4;0;2
34;5;0;2
34;6;0;2
34;7;0;2
34;8;0;2
34;9;0;2
34;10;0;2
34;11;0;2
34;12;0;2
34;13;0;2
34;14;0;2
34;15;0;2
34;16;0;2
34;17;0;2
34;18;0;2
34;19;0;2
34;20;0;2
34;21;0;2
34;22;0;2
34;23;0;2
34;24;0;2
34;25;0;2
34;26;0;2
34;27;0;2
34;28;0;2
34;29;0;2
34;30;0;2
34;31;0;2
34;32;0;2
34;33;0;2
34;34;0;2
34;35;0;2
34;36;0;2
34;37;0;2
34;38;0;2
34;39;0;2
34;40;0;2
34;41;0;2
34;42;0;2
34;43;0;2
34;44;0;2
34;45;0;2
34;46;0;2
34;47;0;2
34;48;0;2
34;49;0;2
34;50;0;2
34;51;0;2
34;52;0;2
34;53;0;2
34;54;0;2
34;55;0;2
34;56;0;2
34;57;0;2
34;58;0;2
34;59;0;2
34;60;0;2
34;61;0;2
34;62;0;2
34;63;0;2
34;64;0;2
34;65;0;2
34;66;0;2
34;67;0;2
34;68;0;2
34;69;0;2
34;70;0;2
34;71;0;2
34;72;0;2
34;73;0;2
34;74;0;2
34;75;0;2
34;76;0;2
34;77;42;2
34;78;42;2
34;79;42;2
34;80;42;2
34;81;42;2
34;82;42;2
34;83;42;2
34;84;42;2
34;85;42;2
34;86;42;2
34;87;42;2
34;88;42;2
34;89;42;2
34;90;42;2
34;91;42;2
34;92;42;2
34;93;42;2
34;94;42;2
34;95;42;2
34;96;42;2
34;97;42;2
34;98;42;2
34;99;42;2
34;100;42;2
34;101;42;2
34;102;42;2
34;103;42;2
34;104;42;2
34;105;42;2
34;106;42;2
34;107;42;2
34;108;42;2
34;109;42;2
34;110;42;2
34;111;42;2
34;112;42;2
34;113;42;2
34;114;42;2
34;115;42;2
34;116;42;2
34;117;42;2
34;118;42;2
34;119;42;2
34;120;42;2
34;121;42;2
34;122;42;2
34;123;42;2
34;124;42;2
34;125;42;2
34;126;42;2
34;127;42;2
34;128;42;2
34;129;42;2
34;130;0;2
34;131;0;2
34;132;0;2
35;0;0;2
35;1;0;2
35;2;0;2
35;3;0;2
35;4;0;2
35;5;0;2
35;6;0;2
35;7;0;2
35;8;0;2
35;9;0;2
35;10;0;2
35;11;0;2
35;12;0;2
35;13;0;2
35;14;0;2
35;15;0;2
35;16;0;2
35;17;0;2
35;18;0;2
35;19;0;2
35;20;0;2
35;21;0;2
35;22;0;2
35;23;0;2
35;24;0;2
35;25;0;2
35;26;0;2
35;27;0;2
35;28;0;2
35;29;0;2
35;30;0;2
35;31;0;2
35;32;0;2
35;33;0;2
35;34;0;2
35;35;0;2
35;36;0;2
35;37;0;2
35;38;0;2
35;39;0;2
35;40;0;2
35;41;0;2
35;42;0;2
35;43;0;2
35;44;0;2
35;45;0;2
35;46;0;2
35;47;0;2
35;48;0;2
35;49;0;2
35;50;0;2
35;51;0;2
35;52;0;2
35;53;0;2
35;54;0;2
35;55;0;2
35;56;0;2
35;57;0;2
35;58;0;2
35;59;0;2
35;60;0;2
35;61;0;2
35;62;0;2
35;63;0;2
35;64;0;2
35;65;0;2
35;66;0;2
35;67;0;2
35;68;0;2
35;69;0;2
35;70;0;2
35;71;0;2
35;72;0;2
35;73;0;2
35;74;0;2
35;75;0;2
35;76;0;2
35;77;42;2
35;78;42;2
35;79;42;2
35;80;42;2
35;81;42;2
35;82;42;2
35;83;42;2
35;84;42;2
35;85;42;2
35;86;42;2
35;87;42;2
35;88;42;2
35;89;42;2
35;90;42;2
35;91;42;2
35;92;42;2
35;93;42;2
35;94;42;2
35;95;42;2
35;96;42;2
35;97;42;2
35;98;42;2
35;99;42;2
35;100;42;2
35;101;42;2
35;102;42;2
35;103;42;2
35;104;42;2
35;105;42;2
35;106;42;2
35;107;42;2
35;108;42;2
35;109;42;2
35;110;42;2
35;111;42;2
35;112;42;2
35;113;42;2
35;114;42;2
35;115;42;2
35;116;42;2
35;117;42;2
35;118;42;2
35;119;42;2
35;120;42;2
35;121;42;2
35;122;42;2
35;123;42;2
35;124;42;2
35;125;42;2
35;126;42;2
35;127;42;2
35;128;42;2
35;129;42;2
35;130;0;2
35;131;0;2
35;132;0;2
36;0;0;2
36;1;0;2
36;2;0;2
36;3;0;2
36;4;0;2
36;5;0;2
36;6;0;2
36;7;0;2
36;8;0;2
36;9;0;2
36;10;0;2
36;11;0;2
36;12;0;2
36;13;0;2
36;14;0;2
36;15;0;2
36;16;0;2
36;17;0;2
36;18;0;2
36;19;0;2
36;20;0;2
36;21;0;2
36;22;0;2
36;23;0;2
36;24;0;2
36;25;0;2
36;26;0;2
36;27;0;2
36;28;0;2
36;29;0;2
36;30;0;2
36;31;0;2
36;32;0;2
36;33;0;2
36;34;0;2
36;35;0;2
36;36;0;2
36;37;0;2
36;38;0;2
36;39;0;2
36;40;0;2
36;41;0;2
36;42;0;2
36;43;0;2
36;44;0;2
36;45;0;2
36;46;0;2
36;47;0;2
36;48;0;2
36;49;0;2
36;50;0;2
36;51;0;2
36;52;0;2
36;53;0;2
36;54;0;2
36;55;0;2
36;56;0;2
36;57;0;2
36;58;0;2
36;59;0;2
36;60;0;2
36;61;0;2
36;62;0;2
36;63;0;2
36;64;0;2
36;65;0;2
36;66;0;2
36;67;0;2
36;68;0;2
36;69;0;2
36;70;0;2
36;71;0;2
36;72;0;2
36;73;0;2
36;74;0;2
36;75;0;2
36;76;0;2
36;77;42;2
36;78;42;2
36;79;42;2
36;80;42;2
36;81;42;2
36;82;42;2
36;83;42;2
36;84;42;2
36;85;42;2
36;86;42;2
36;87;42;2
36;88;42;2
36;89;42;2
36;90;42;2
36;91;42;2
36;92;42;2
36;93;42;2
36;94;42;2
36;95;42;2
36;96;42;2
36;97;42;2
36;98;42;2
36;99;42;2
36;100;42;2
36;101;42;2
36;102;42;2
36;103;42;2
36;104;42;2
36;105;42;2
36;106;42;2
36;107;42;2
36;108;42;2
36;109;42;2
36;110;42;2
36;111;42;2
36;112;42;2
36;113;42;2
36;114;42;2
36;115;42;2
36;116;42;2
36;117;42;2
36;118;42;2
36;119;42;2
36;120;42;2
36;121;42;2
36;122;42;2
36;123;42;2
36;124;42;2
36;125;42;2
36;126;42;2
36;127;42;2
36;128;42;2
36;129;42;2
36;130;0;2
36;131;0;2
36;132;0;2
37;0;0;2
37;1;0;2
37;2;0;2
37;3;0;2
37;4;0;2
37;5;0;2
37;6;0;2
37;7;0;2
37;8;0;2
37;9;0;2
37;10;0;2
37;11;0;2
37;12;0;2
37;13;0;2
37;14;0;2
37;15;0;2
37;16;0;2
37;17;0;2
37;18;0;2
37;19;0;2
37;20;0;2
37;21;0;2
37;22;0;2
37;23;0;2
37;24;0;2
37;25;0;2
37;26;0;2
37;27;0;2
37;28;0;2
37;29;0;2
37;30;0;2
37;31;0;2
37;32;0;2
37;33;0;2
37;34;0;2
37;35;0;2
37;36;0;2
37;37;0;2
37;38;0;2
37;39;0;2
37;40;0;2
37;41;0;2
37;42;0;2
37;43;0;2
37;44;0;2
37;45;0;2
37;46;0;2
37;47;0;2
37;48;0;2
37;49;0;2
37;50;0;2
37;51;0;2
37;52;0;2
37;53;0;2
37;54;0;2
37;55;0;2
37;56;0;2
37;57;0;2
37;58;0;2
37;59;0;2
37;60;0;2
37;61;0;2
37;62;0;2
37;63;0;2
37;64;0;2
37;65;0;2
37;66;0;2
37;67;0;2
37;68;0;2
37;69;0;2
37;70;0;2
37;71;0;2
37;72;0;2
37;73;0;2
37;74;0;2
37;75;0;2
37;76;0;2
37;77;0;2
37;78;0;2
37;79;0;2
37;80;0;2
37;81;0;2
37;82;0;2
37;83;42;2
37;84;42;2
37;85;42;2
37;86;42;2
37;87;42;2
37;88;42;2
37;89;42;2
37;90;42;2
37;91;42;2
37;92;42;2
37;93;42;2
37;94;42;2
37;95;42;2
37;96;42;2
37;97;42;2
37;98;42;2
37;99;42;2
37;100;42;2
37;101;42;2
37;102;42;2
37;103;42;2
37;104;42;2
37;105;42;2
37;106;42;2
37;107;42;2
37;108;42;2
37;109;42;2
37;110;42;2
37;111;42;2
37;112;42;2
37;113;42;2
37;114;42;2
37;115;42;2
37;116;42;2
37;117;42;2
37;118;42;2
37;119;42;2
37;120;42;2
37;121;42;2
37;122;42;2
37;123;42;2
37;124;42;2
37;125;42;2
37;126;42;2
37;127;42;2
37;128;42;2
37;129;42;2
37;130;0;2
37;131;0;2
37;132;0;2
38;0;0;2
38;1;0;2
38;2;0;2
38;3;0;2
38;4;0;2
38;5;0;2
38;6;0;2
38;7;0;2
38;8;0;2
38;9;0;2
38;10;0;2
38;11;0;2
38;12;0;2
38;13;0;2
38;14;0;2
38;15;0;2
38;16;0;2
38;17;0;2
38;18;0;2
38;19;0;2
38;20;0;2
38;21;0;2
38;22;0;2
38;23;0;2
38;24;0;2
38;25;0;2
38;26;0;2
38;27;0;2
38;28;0;2
38;29;0;2
38;30;0;2
38;31;0;2
38;32;0;2
38;33;0;2
38;34;0;2
38;35;0;2
38;36;0;2
38;37;0;2
38;38;0;2
38;39;0;2
38;40;0;2
38;41;0;2
38;42;0;2
38;43;0;2
38;44;0;2
38;45;0;2
38;46;0;2
38;47;0;2
38;48;0;2
38;49;0;2
38;50;0;2
38;51;0;2
38;52;0;2
38;53;0;2
38;54;0;2
38;55;0;2
38;56;0;2
38;57;0;2
38;58;0;2
38;59;0;2
38;60;0;2
38;61;0;2
38;62;0;2
38;63;0;2
38;64;0;2
38;65;0;2
38;66;0;2
38;67;0;2
38;68;0;2
38;69;0;2
38;70;0;2
38;71;0;2
38;72;0;2
38;73;0;2
38;74;0;2
38;75;0;2
38;76;0;2
38;77;0;2
38;78;0;2
38;79;0;2
38;80;0;2
38;81;0;2
38;82;0;2
38;83;42;2
38;84;42;2
38;85;42;2
38;86;42;2
38;87;42;2
38;88;42;2
38;89;42;2
38;90;42;2
38;91;42;2
38;92;42;2
38;93;42;2
38;94;42;2
38;95;42;2
38;96;42;2
38;97;42;2
38;98;42;2
38;99;42;2
38;100;42;2
38;101;42;2
38;102;42;2
38;103;42;2
38;104;42;2
38;105;42;2
38;106;42;2
38;107;42;2
38;108;42;2
38;109;42;2
38;110;42;2
38;111;42;2
38;112;42;2
38;113;42;2
38;114;42;2
38;115;42;2
38;116;42;2
38;117;42;2
38;118;42;2
38;119;42;2
38;120;42;2
38;121;42;2
38;122;42;2
38;123;42;2
38;124;42;2
38;125;42;2
38;126;42;2
38;127;42;2
38;128;42;2
38;129;42;2
38;130;0;2
38;131;0;2
38;132;0;2
39;0;0;2
39;1;0;2
39;2;0;2
39;3;0;2
39;4;0;2
39;5;0;2
39;6;0;2
39;7;0;2
39;8;0;2
39;9;0;2
39;10;0;2
39;11;0;2
39;12;0;2
39;13;0;2
39;14;0;2
39;15;0;2
39;16;0;2
39;17;0;2
39;18;0;2
39;19;0;2
39;20;0;2
39;21;0;2
39;22;0;2
39;23;0;2
39;24;0;2
39;25;0;2
39;26;0;2
39;27;0;2
39;28;0;2
39;29;0;2
39;30;0;2
39;31;0;2
39;32;0;2
39;33;0;2
39;34;0;2
39;35;0;2
39;36;0;2
39;37;0;2
39;38;0;2
39;39;0;2
39;40;0;2
39;41;0;2
39;42;0;2
39;43;0;2
39;44;0;2
39;45;0;2
39;46;0;2
39;47;0;2
39;48;0;2
39;49;0;2
39;50;0;2
39;51;0;2
39;52;0;2
39;53;0;2
39;54;0;2
39;55;0;2
39;56;0;2
39;57;0;2
39;58;0;2
39;59;0;2
39;60;0;2
39;61;0;2
39;62;0;2
39;63;0;2
39;64;0;2
39;65;0;2
39;66;0;2
39;67;0;2
39;68;0;2
39;69;0;2
39;70;0;2
39;71;0;2
39;72;0;2
39;73;0;2
39;74;0;2
39;75;0;2
39;76;0;2
39;77;0;2
39;78;0;2
39;79;0;2
39;80;0;2
39;81;0;2
39;82;0;2
39;83;42;2
39;84;42;2
39;85;42;2
39;86;42;2
39;87;42;2
39;88;42;2
39;89;42;2
39;90;42;2
39;91;42;2
39;92;42;2
39;93;42;2
39;94;42;2
39;95;42;2
39;96;42;2
39;97;42;2
39;98;42;2
39;99;42;2
39;100;42;2
39;101;42;2
39;102;42;2
39;103;42;2
39;104;42;2
39;105;42;2
39;106;42;2
39;107;42;2
39;108;42;2
39;109;42;2
39;110;42;2
39;111;42;2
39;112;42;2
39;113;42;2
39;114;42;2
39;115;42;2
39;116;42;2
39;117;42;2
39;118;42;2
39;119;42;2
39;120;42;2
39;121;42;2
39;122;42;2
39;123;42;2
39;124;42;2
39;125;42;2
39;126;42;2
39;127;42;2
39;128;42;2
39;129;42;2
39;130;0;2
39;131;0;2
39;132;0;2
40;0;0;2
40;1;0;2
40;2;0;2
40;3;0;2
40;4;0;2
40;5;0;2
40;6;0;2
40;7;0;2
40;8;0;2
40;9;0;2
40;10;0;2
40;11;0;2
40;12;0;2
40;13;0;2
40;14;0;2
40;15;0;2
40;16;0;2
40;17;0;2
40;18;0;2
40;19;0;2
40;20;0;2
40;21;0;2
40;22;0;2
40;23;0;2
40;24;0;2
40;25;0;2
40;26;0;2
40;27;0;2
40;28;0;2
40;29;0;2
40;30;0;2
40;31;0;2
40;32;0;2
40;33;0;2
40;34;0;2
40;35;0;2
40;36;0;2
40;37;0;2
40;38;0;2
40;39;0;2
40;40;0;2
40;41;0;2
40;42;0;2
40;43;0;2
40;44;0;2
40;45;0;2
40;46;0;2
40;47;0;2
40;48;0;2
40;49;0;2
40;50;0;2
40;51;0;2
40;52;0;2
40;53;0;2
40;54;0;2
40;55;0;2
40;56;0;2
40;57;0;2
40;58;0;2
40;59;0;2
40;60;0;2
40;61;0;2
40;62;0;2
40;63;0;2
40;64;0;2
40;65;0;2
40;66;0;2
40;67;0;2
40;68;0;2
40;69;0;2
40;70;0;2
40;71;0;2
40;72;0;2
40;73;0;2
40;74;0;2
40;75;0;2
40;76;0;2
40;77;0;2
40;78;0;2
40;79;0;2
40;80;0;2
40;81;0;2
40;82;0;2
40;83;42;2
40;84;42;2
40;85;42;2
40;86;42;2
40;87;42;2
40;88;42;2
40;89;42;2
40;90;42;2
40;91;42;2
40;92;42;2
40;93;42;2
40;94;42;2
40;95;42;2
40;96;42;2
40;97;42;2
40;98;42;2
40;99;42;2
40;100;42;2
40;101;42;2
40;102;42;2
40;103;42;2
40;104;42;2
40;105;42;2
40;106;42;2
40;107;42;2
40;108;42;2
40;109;42;2
40;110;42;2
40;111;42;2
40;112;42;2
40;113;42;2
40;114;42;2
40;115;42;2
40;116;42;2
40;117;42;2
40;118;42;2
40;119;42;2
40;120;42;2
40;121;42;2
40;122;42;2
40;123;42;2
40;124;42;2
40;125;42;2
40;126;42;2
40;127;42;2
40;128;42;2
40;129;42;2
40;130;0;2
40;131;0;2
40;132;0;2
41;0;0;2
41;1;0;2
41;2;0;2
41;3;0;2
41;4;0;2
41;5;0;2
41;6;0;2
41;7;0;2
41;8;0;2
41;9;0;2
41;10;0;2
41;11;0;2
41;12;0;2
41;13;0;2
41;14;0;2
41;15;0;2
41;16;0;2
41;17;0;2
41;18;0;2
41;19;0;2
41;20;0;2
41;21;0;2
41;22;0;2
41;23;0;2
41;24;0;2
41;25;0;2
41;26;0;2
41;27;0;2
41;28;0;2
41;29;0;2
41;30;0;2
41;31;0;2
41;32;0;2
41;33;0;2
41;34;0;2
41;35;0;2
41;36;0;2
41;37;0;2
41;38;0;2
41;39;0;2
41;40;0;2
41;41;0;2
41;42;0;2
41;43;0;2
41;44;0;2
41;45;0;2
41;46;0;2
41;47;0;2
41;48;0;2
41;49;0;2
41;50;0;2
41;51;0;2
41;52;0;2
41;53;0;2
41;54;0;2
41;55;0;2
41;56;0;2
41;57;0;2
41;58;0;2
41;59;0;2
41;60;0;2
41;61;0;2
41;62;0;2
41;63;0;2
41;64;0;2
41;65;0;2
41;66;0;2
41;67;0;2
41;68;0;2
41;69;0;2
41;70;0;2
41;71;0;2
41;72;0;2
41;73;0;2
41;74;0;2
41;75;0;2
41;76;0;2
41;77;0;2
41;78;0;2
41;79;0;2
41;80;0;2
41;81;0;2
41;82;0;2
41;83;42;2
41;84;42;2
41;85;42;2
41;86;42;2
41;87;42;2
41;88;42;2
41;89;42;2
41;90;42;2
41;91;42;2
41;92;42;2
41;93;42;2
41;94;42;2
41;95;42;2
41;96;42;2
41;97;42;2
41;98;42;2
41;99;42;2
41;100;42;2
41;101;42;2
41;102;42;2
41;103;42;2
41;104;42;2
41;105;42;2
41;106;42;2
41;107;42;2
41;108;42;2
41;109;42;2
41;110;42;2
41;111;42;2
41;112;42;2
41;113;42;2
41;114;42;2
41;115;42;2
41;116;42;2
41;117;42;2
41;118;42;2
41;119;42;2
41;120;42;2
41;121;42;2
41;122;42;2
41;123;42;2
41;124;42;2
41;125;42;2
41;126;42;2
41;127;42;2
41;128;42;2
41;129;42;2
41;130;42;2
41;131;42;2
41;132;42;2
42;0;0;2
42;1;0;2
42;2;0;2
42;3;0;2
42;4;0;2
42;5;0;2
42;6;0;2
42;7;0;2
42;8;0;2
42;9;0;2
42;10;0;2
42;11;0;2
42;12;0;2
42;13;0;2
42;14;0;2
42;15;0;2
42;16;0;2
42;17;0;2
42;18;0;2
42;19;0;2
42;20;0;2
42;21;0;2
42;22;0;2
42;23;0;2
42;24;0;2
42;25;0;2
42;26;0;2
42;27;0;2
42;28;0;2
42;29;0;2
42;30;0;2
42;31;0;2
42;32;0;2
42;33;0;2
42;34;0;2
42;35;0;2
42;36;0;2
42;37;0;2
42;38;0;2
42;39;0;2
42;40;0;2
42;41;0;2
42;42;0;2
42;43;0;2
42;44;0;2
42;45;0;2
42;46;0;2
42;47;0;2
42;48;0;2
42;49;0;2
42;50;0;2
42;51;0;2
42;52;0;2
42;53;0;2
42;54;0;2
42;55;0;2
42;56;0;2
42;57;0;2
42;58;0;2
42;59;0;2
42;60;0;2
42;61;0;2
42;62;0;2
42;63;0;2
42;64;0;2
42;65;0;2
42;66;0;2
42;67;0;2
42;68;0;2
42;69;0;2
42;70;0;2
42;71;0;2
42;72;0;2
42;73;0;2
42;74;0;2
42;75;0;2
42;76;0;2
42;77;0;2
42;78;0;2
42;79;0;2
42;80;0;2
42;81;0;2
42;82;0;2
42;83;42;2
42;84;42;2
42;85;42;2
42;86;42;2
42;87;42;2
42;88;42;2
42;89;42;2
42;90;42;2
42;91;42;2
42;92;42;2
42;93;42;2
42;94;42;2
42;95;42;2
42;96;42;2
42;97;42;2
42;98;42;2
42;99;42;2
42;100;42;2
42;101;42;2
42;102;42;2
42;103;42;2
42;104;42;2
42;105;42;2
42;106;42;2
42;107;42;2
42;108;42;2
42;109;42;2
42;110;42;2
42;111;42;2
42;112;42;2
42;113;42;2
42;114;42;2
42;115;42;2
42;116;42;2
42;117;42;2
42;118;42;2
42;119;42;2
42;120;42;2
42;121;42;2
42;122;42;2
42;123;42;2
42;124;42;2
42;125;42;2
42;126;42;2
42;127;42;2
42;128;42;2
42;129;42;2
42;130;42;2
42;131;42;2
42;132;42;2
43;0;0;2
43;1;0;2
43;2;0;2
43;3;0;2
43;4;0;2
43;5;0;2
43;6;0;2
43;7;0;2
43;8;0;2
43;9;0;2
43;10;0;2
43;11;0;2
43;12;0;2
43;13;0;2
43;14;0;2
43;15;0;2
43;16;0;2
43;17;0;2
43;18;0;2
43;19;0;2
43;20;0;2
43;21;0;2
43;22;0;2
43;23;0;2
43;24;0;2
43;25;0;2
43;26;0;2
43;27;0;2
43;28;0;2
43;29;0;2
43;30;0;2
43;31;0;2
43;32;0;2
43;33;0;2
43;34;0;2
43;35;0;2
43;36;0;2
43;37;0;2
43;38;0;2
43;39;0;2
43;40;0;2
43;41;0;2
43;42;0;2
43;43;0;2
43;44;0;2
43;45;0;2
43;46;0;2
43;47;0;2
43;48;0;2
43;49;0;2
43;50;0;2
43;51;0;2
43;52;0;2
43;53;0;2
43;54;0;2
43;55;0;2
43;56;0;2
43;57;0;2
43;58;0;2
43;59;0;2
43;60;0;2
43;61;0;2
43;62;0;2
43;63;0;2
43;64;0;2
43;65;0;2
43;66;0;2
43;67;0;2
43;68;0;2
43;69;0;2
43;70;0;2
43;71;0;2
43;72;0;2
43;73;0;2
43;74;0;2
43;75;0;2
43;76;0;2
43;77;0;2
43;78;0;2
43;79;0;2
43;80;0;2
43;81;0;2
43;82;0;2
43;83;42;2
43;84;42;2
43;85;42;2
43;86;42;2
43;87;42;2
43;88;42;2
43;89;42;2
43;90;42;2
43;91;42;2
43;92;42;2
43;93;42;2
43;94;42;2
43;95;42;2
43;96;42;2
43;97;42;2
43;98;42;2
43;99;42;2
43;100;42;2
43;101;42;2
43;102;42;2
43;103;42;2
43;104;42;2
43;105;42;2
43;106;42;2
43;107;42;2
43;108;42;2
43;109;42;2
43;110;42;2
43;111;42;2
43;112;42;2
43;113;42;2
43;114;42;2
43;115;42;2
43;116;42;2
43;117;42;2
43;118;42;2
43;119;42;2
43;120;42;2
43;121;42;2
43;122;42;2
43;123;42;2
43;124;42;2
43;125;42;2
43;126;42;2
43;127;42;2
43;128;42;2
43;129;42;2
43;130;42;2
43;131;42;2
43;132;42;2
44;0;0;2
44;1;0;2
44;2;0;2
44;3;0;2
44;4;0;2
44;5;0;2
44;6;0;2
44;7;0;2
44;8;0;2
44;9;0;2
44;10;0;2
44;11;0;2
44;12;0;2
44;13;0;2
44;14;0;2
44;15;0;2
44;16;0;2
44;17;0;2
44;18;0;2
44;19;0;2
44;20;0;2
44;21;0;2
44;22;0;2
44;23;0;2
44;24;0;2
44;25;0;2
44;26;0;2
44;27;0;2
44;28;0;2
44;29;0;2
44;30;0;2
44;31;0;2
44;32;0;2
44;33;0;2
44;34;0;2
44;35;0;2
44;36;0;2
44;37;0;2
44;38;0;2
44;39;0;2
44;40;0;2
44;41;0;2
44;42;0;2
44;43;0;2
44;44;0;2
44;45;0;2
44;46;0;2
44;47;0;2
44;48;0;2
44;49;0;2
44;50;0;2
44;51;0;2
44;52;0;2
44;53;0;2
44;54;0;2
44;55;0;2
44;56;0;2
44;57;0;2
44;58;0;2
44;59;0;2
44;60;0;2
44;61;0;2
44;62;0;2
44;63;0;2
44;64;0;2
44;65;0;2
44;66;0;2
44;67;0;2
44;68;0;2
44;69;0;2
44;70;0;2
44;71;0;2
44;72;0;2
44;73;0;2
44;74;0;2
44;75;0;2
44;76;0;2
44;77;0;2
44;78;0;2
44;79;0;2
44;80;0;2
44;81;0;2
44;82;0;2
44;83;42;2
44;84;42;2
44;85;42;2
44;86;42;2
44;87;42;2
44;88;42;2
44;89;42;2
44;90;42;2
44;91;42;2
44;92;42;2
44;93;42;2
44;94;42;2
44;95;42;2
44;96;42;2
44;97;42;2
44;98;42;2
44;99;42;2
44;100;42;2
44;101;42;2
44;102;42;2
44;103;42;2
44;104;42;2
44;105;42;2
44;106;42;2
44;107;42;2
44;108;42;2
44;109;42;2
44;110;42;2
44;111;42;2
44;112;42;2
44;113;42;2
44;114;42;2
44;115;42;2
44;116;42;2
44;117;42;2
44;118;42;2
44;119;42;2
44;120;42;2
44;121;42;2
44;122;42;2
44;123;42;2
44;124;42;2
44;125;42;2
44;126;42;2
44;127;42;2
44;128;42;2
44;129;42;2
44;130;42;2
44;131;42;2
44;132;42;2
45;0;0;2
45;1;0;2
45;2;0;2
45;3;0;2
45;4;0;2
45;5;0;2
45;6;0;2
45;7;0;2
45;8;0;2
45;9;0;2
45;10;0;2
45;11;0;2
45;12;0;2
45;13;0;2
45;14;0;2
45;15;0;2
45;16;0;2
45;17;0;2
45;18;0;2
45;19;0;2
45;20;0;2
45;21;0;2
45;22;0;2
45;23;0;2
45;24;0;2
45;25;0;2
45;26;0;2
45;27;0;2
45;28;0;2
45;29;0;2
45;30;0;2
45;31;0;2
45;32;0;2
45;33;0;2
45;34;0;2
45;35;0;2
45;36;0;2
45;37;0;2
45;38;0;2
45;39;0;2
45;40;0;2
45;41;0;2
45;42;0;2
45;43;0;2
45;44;0;2
45;45;0;2
45;46;0;2
45;47;0;2
45;48;0;2
45;49;0;2
45;50;0;2
45;51;0;2
45;52;0;2
45;53;0;2
45;54;0;2
45;55;0;2
45;56;0;2
45;57;0;2
45;58;0;2
45;59;0;2
45;60;0;2
45;61;0;2
45;62;0;2
45;63;0;2
45;64;0;2
45;65;0;2
45;66;0;2
45;67;0;2
45;68;0;2
45;69;0;2
45;70;0;2
45;71;0;2
45;72;0;2
45;73;0;2
45;74;0;2
45;75;0;2
45;76;0;2
45;77;0;2
45;78;0;2
45;79;0;2
45;80;0;2
45;81;0;2
45;82;0;2
45;83;42;2
45;84;42;2
45;85;42;2
45;86;42;2
45;87;42;2
45;88;42;2
45;89;42;2
45;90;42;2
45;91;42;2
45;92;42;2
45;93;42;2
45;94;42;2
45;95;42;2
45;96;42;2
45;97;42;2
45;98;42;2
45;99;42;2
45;100;42;2
45;101;42;2
45;102;42;2
45;103;42;2
45;104;42;2
45;105;42;2
45;106;42;2
45;107;42;2
45;108;42;2
45;109;42;2
45;110;42;2
45;111;42;2
45;112;42;2
45;113;42;2
45;114;42;2
45;115;42;2
45;116;42;2
45;117;42;2
45;118;42;2
45;119;42;2
45;120;42;2
45;121;42;2
45;122;42;2
45;123;42;2
45;124;42;2
45;125;42;2
45;126;42;2
45;127;42;2
45;128;42;2
45;129;42;2
45;130;42;2
45;131;42;2
45;132;42;2
46;0;0;2
46;1;0;2
46;2;0;2
46;3;0;2
46;4;0;2
46;5;0;2
46;6;0;2
46;7;0;2
46;8;0;2
46;9;0;2
46;10;0;2
46;11;0;2
46;12;0;2
46;13;0;2
46;14;0;2
46;15;0;2
46;16;0;2
46;17;0;2
46;18;0;2
46;19;0;2
46;20;0;2
46;21;0;2
46;22;0;2
46;23;0;2
46;24;0;2
46;25;0;2
46;26;0;2
46;27;0;2
46;28;0;2
46;29;0;2
46;30;0;2
46;31;0;2
46;32;0;2
46;33;0;2
46;34;0;2
46;35;0;2
46;36;0;2
46;37;0;2
46;38;0;2
46;39;0;2
46;40;0;2
46;41;0;2
46;42;0;2
46;43;0;2
46;44;0;2
46;45;0;2
46;46;0;2
46;47;0;2
46;48;0;2
46;49;0;2
46;50;0;2
46;51;0;2
46;52;0;2
46;53;0;2
46;54;0;2
46;55;0;2
46;56;0;2
46;57;0;2
46;58;0;2
46;59;0;2
46;60;0;2
46;61;0;2
46;62;0;2
46;63;0;2
46;64;0;2
46;65;0;2
46;66;0;2
46;67;0;2
46;68;0;2
46;69;0;2
46;70;0;2
46;71;0;2
46;72;0;2
46;73;0;2
46;74;0;2
46;75;0;2
46;76;0;2
46;77;0;2
46;78;0;2
46;79;0;2
46;80;0;2
46;81;0;2
46;82;0;2
46;83;0;2
46;84;0;2
46;85;0;2
46;86;0;2
46;87;42;2
46;88;42;2
46;89;42;2
46;90;42;2
46;91;42;2
46;92;42;2
46;93;42;2
46;94;42;2
46;95;42;2
46;96;42;2
46;97;42;2
46;98;42;2
46;99;42;2
46;100;42;2
46;101;42;2
46;102;42;2
46;103;42;2
46;104;42;2
46;105;42;2
46;106;42;2
46;107;42;2
46;108;42;2
46;109;42;2
46;110;42;2
46;111;42;2
46;112;42;2
46;113;42;2
46;114;42;2
46;115;42;2
46;116;42;2
46;117;42;2
46;118;42;2
46;119;42;2
46;120;42;2
46;121;42;2
46;122;42;2
46;123;42;2
46;124;42;2
46;125;42;2
46;126;42;2
46;127;42;2
46;128;42;2
46;129;42;2
46;130;42;2
46;131;42;2
46;132;0;2
47;0;0;2
47;1;0;2
47;2;0;2
47;3;0;2
47;4;0;2
47;5;0;2
47;6;0;2
47;7;0;2
47;8;0;2
47;9;0;2
47;10;0;2
47;11;0;2
47;12;0;2
47;13;0;2
47;14;0;2
47;15;0;2
47;16;0;2
47;17;0;2
47;18;0;2
47;19;0;2
47;20;0;2
47;21;0;2
47;22;0;2
47;23;0;2
47;24;0;2
47;25;0;2
47;26;0;2
47;27;0;2
47;28;0;2
47;29;0;2
47;30;0;2
47;31;0;2
47;32;0;2
47;33;0;2
47;34;0;2
47;35;0;2
47;36;0;2
47;37;0;2
47;38;0;2
47;39;0;2
47;40;0;2
47;41;0;2
47;42;0;2
47;43;0;2
47;44;0;2
47;45;0;2
47;46;0;2
47;47;0;2
47;48;0;2
47;49;0;2
47;50;0;2
47;51;0;2
47;52;0;2
47;53;0;2
47;54;0;2
47;55;0;2
47;56;0;2
47;57;0;2
47;58;0;2
47;59;0;2
47;60;0;2
47;61;0;2
47;62;0;2
47;63;0;2
47;64;0;2
47;65;0;2
47;66;0;2
47;67;0;2
47;68;0;2
47;69;0;2
47;70;0;2
47;71;0;2
47;72;0;2
47;73;0;2
47;74;0;2
47;75;0;2
47;76;0;2
47;77;0;2
47;78;0;2
47;79;0;2
47;80;0;2
47;81;0;2
47;82;0;2
47;83;0;2
47;84;0;2
47;85;0;2
47;86;0;2
47;87;42;2
47;88;42;2
47;89;42;2
47;90;42;2
47;91;42;2
47;92;42;2
47;93;42;2
47;94;42;2
47;95;42;2
47;96;42;2
47;97;42;2
47;98;42;2
47;99;42;2
47;100;42;2
47;101;42;2
47;102;42;2
47;103;42;2
47;104;42;2
47;105;42;2
47;106;42;2
47;107;42;2
47;108;42;2
47;109;42;2
47;110;42;2
47;111;42;2
47;112;42;2
47;113;42;2
47;114;42;2
47;115;42;2
47;116;42;2
47;117;42;2
47;118;42;2
47;119;42;2
47;120;42;2
47;121;42;2
47;122;42;2
47;123;42;2
47;124;42;2
47;125;42;2
47;126;42;2
47;127;42;2
47;128;42;2
47;129;42;2
47;130;42;2
47;131;42;2
47;132;0;2
48;0;0;2
48;1;0;2
48;2;0;2
48;3;0;2
48;4;0;2
48;5;0;2
48;6;0;2
48;7;0;2
48;8;0;2
48;9;0;2
48;10;0;2
48;11;0;2
48;12;0;2
48;13;0;2
48;14;0;2
48;15;0;2
48;16;0;2
48;17;0;2
48;18;0;2
48;19;0;2
48;20;0;2
48;21;0;2
48;22;0;2
48;23;0;2
48;24;0;2
48;25;0;2
48;26;0;2
48;27;0;2
48;28;0;2
48;29;0;2
48;30;0;2
48;31;0;2
48;32;0;2
48;33;0;2
48;34;0;2
48;35;0;2
48;36;0;2
48;37;0;2
48;38;0;2
48;39;0;2
48;40;0;2
48;41;0;2
48;42;0;2
48;43;0;2
48;44;0;2
48;45;0;2
48;46;0;2
48;47;0;2
48;48;0;2
48;49;0;2
48;50;0;2
48;51;0;2
48;52;0;2
48;53;0;2
48;54;0;2
48;55;0;2
48;56;0;2
48;57;0;2
48;58;0;2
48;59;0;2
48;60;0;2
48;61;0;2
48;62;0;2
48;63;0;2
48;64;0;2
48;65;0;2
48;66;0;2
48;67;0;2
48;68;0;2
48;69;0;2
48;70;0;2
48;71;0;2
48;72;0;2
48;73;0;2
48;74;0;2
48;75;0;2
48;76;0;2
48;77;0;2
48;78;0;2
48;79;0;2
48;80;0;2
48;81;0;2
48;82;0;2
48;83;0;2
48;84;0;2
48;85;0;2
48;86;0;2
48;87;42;2
48;88;42;2
48;89;42;2
48;90;42;2
48;91;42;2
48;92;42;2
48;93;42;2
48;94;42;2
48;95;42;2
48;96;42;2
48;97;42;2
48;98;42;2
48;99;42;2
48;100;42;2
48;101;42;2
48;102;42;2
48;103;42;2
48;104;42;2
48;105;42;2
48;106;42;2
48;107;42;2
48;108;42;2
48;109;42;2
48;110;42;2
48;111;42;2
48;112;42;2
48;113;42;2
48;114;42;2
48;115;42;2
48;116;42;2
48;117;42;2
48;118;42;2
48;119;42;2
48;120;42;2
48;121;42;2
48;122;42;2
48;123;42;2
48;124;42;2
48;125;42;2
48;126;42;2
48;127;42;2
48;128;42;2
48;129;42;2
48;130;42;2
48;131;42;2
48;132;0;2
49;0;0;2
49;1;0;2
49;2;0;2
49;3;0;2
49;4;0;2
49;5;0;2
49;6;0;2
49;7;0;2
49;8;0;2
49;9;0;2
49;10;0;2
49;11;0;2
49;12;0;2
49;13;0;2
49;14;0;2
49;15;0;2
49;16;0;2
49;17;0;2
49;18;0;2
49;19;0;2
49;20;0;2
49;21;0;2
49;22;0;2
49;23;0;2
49;24;0;2
49;25;0;2
49;26;0;2
49;27;0;2
49;28;0;2
49;29;0;2
49;30;0;2
49;31;0;2
49;32;0;2
49;33;0;2
49;34;0;2
49;35;0;2
49;36;0;2
49;37;0;2
49;38;0;2
49;39;0;2
49;40;0;2
49;41;0;2
49;42;0;2
49;43;0;2
49;44;0;2
49;45;0;2
49;46;0;2
49;47;0;2
49;48;0;2
49;49;0;2
49;50;0;2
49;51;0;2
49;52;0;2
49;53;0;2
49;54;0;2
49;55;0;2
49;56;0;2
49;57;0;2
49;58;0;2
49;59;0;2
49;60;0;2
49;61;0;2
49;62;0;2
49;63;0;2
49;64;0;2
49;65;0;2
49;66;0;2
49;67;0;2
49;68;0;2
49;69;0;2
49;70;0;2
49;71;0;2
49;72;0;2
49;73;0;2
49;74;0;2
49;75;0;2
49;76;0;2
49;77;0;2
49;78;0;2
49;79;0;2
49;80;0;2
49;81;0;2
49;82;0;2
49;83;0;2
49;84;0;2
49;85;0;2
49;86;0;2
49;87;42;2
49;88;42;2
49;89;42;2
49;90;42;2
49;91;42;2
49;92;42;2
49;93;42;2
49;94;42;2
49;95;42;2
49;96;42;2
49;97;0;2
49;98;0;2
49;99;0;2
49;100;0;2
49;101;0;2
49;102;0;2
49;103;0;2
49;104;0;2
49;105;0;2
49;106;0;2
49;107;0;2
49;108;0;2
49;109;0;2
49;110;42;2
49;111;42;2
49;112;42;2
49;113;42;2
49;114;42;2
49;115;42;2
49;116;42;2
49;117;42;2
49;118;42;2
49;119;42;2
49;120;42;2
49;121;42;2
49;122;42;2
49;123;42;2
49;124;42;2
49;125;42;2
49;126;42;2
49;127;42;2
49;128;42;2
49;129;42;2
49;130;42;2
49;131;42;2
49;132;0;2
50;0;0;2
50;1;0;2
50;2;0;2
50;3;0;2
50;4;0;2
50;5;0;2
50;6;0;2
50;7;0;2
50;8;0;2
50;9;0;2
50;10;0;2
50;11;0;2
50;12;0;2
50;13;0;2
50;14;0;2
50;15;0;2
50;16;0;2
50;17;0;2
50;18;0;2
50;19;0;2
50;20;0;2
50;21;0;2
50;22;0;2
50;23;0;2
50;24;0;2
50;25;0;2
50;26;0;2
50;27;0;2
50;28;0;2
50;29;0;2
50;30;0;2
50;31;0;2
50;32;0;2
50;33;0;2
50;34;0;2
50;35;0;2
50;36;0;2
50;37;0;2
50;38;0;2
50;39;0;2
50;40;0;2
50;41;0;2
50;42;0;2
50;43;0;2
50;44;0;2
50;45;0;2
50;46;0;2
50;47;0;2
50;48;0;2
50;49;0;2
50;50;0;2
50;51;0;2
50;52;0;2
50;53;0;2
50;54;0;2
50;55;0;2
50;56;0;2
50;57;0;2
50;58;0;2
50;59;0;2
50;60;0;2
50;61;0;2
50;62;0;2
50;63;0;2
50;64;0;2
50;65;0;2
50;66;0;2
50;67;0;2
50;68;0;2
50;69;0;2
50;70;0;2
50;71;0;2
50;72;0;2
50;73;0;2
50;74;0;2
50;75;0;2
50;76;0;2
50;77;0;2
50;78;0;2
50;79;0;2
50;80;0;2
50;81;0;2
50;82;0;2
50;83;0;2
50;84;0;2
50;85;0;2
50;86;0;2
50;87;42;2
50;88;42;2
50;89;42;2
50;90;42;2
50;91;42;2
50;92;42;2
50;93;42;2
50;94;42;2
50;95;42;2
50;96;42;2
50;97;0;2
50;98;0;2
50;99;0;2
50;100;0;2
50;101;0;2
50;102;0;2
50;103;0;2
50;104;0;2
50;105;0;2
50;106;0;2
50;107;0;2
50;108;0;2
50;109;0;2
50;110;0;2
50;111;0;2
50;112;0;2
50;113;0;2
50;114;0;2
50;115;0;2
50;116;42;2
50;117;42;2
50;118;42;2
50;119;42;2
50;120;42;2
50;121;42;2
50;122;42;2
50;123;42;2
50;124;42;2
50;125;42;2
50;126;42;2
50;127;42;2
50;128;42;2
50;129;42;2
50;130;42;2
50;131;42;2
50;132;0;2
51;0;0;2
51;1;0;2
51;2;0;2
51;3;0;2
51;4;0;2
51;5;0;2
51;6;0;2
51;7;0;2
51;8;0;2
51;9;0;2
51;10;0;2
51;11;0;2
51;12;0;2
51;13;0;2
51;14;0;2
51;15;0;2
51;16;0;2
51;17;0;2
51;18;0;2
51;19;0;2
51;20;0;2
51;21;0;2
51;22;0;2
51;23;0;2
51;24;0;2
51;25;0;2
51;26;0;2
51;27;0;2
51;28;0;2
51;29;0;2
51;30;0;2
51;31;0;2
51;32;0;2
51;33;0;2
51;34;0;2
51;35;0;2
51;36;0;2
51;37;0;2
51;38;0;2
51;39;0;2
51;40;0;2
51;41;0;2
51;42;0;2
51;43;0;2
51;44;0;2
51;45;0;2
51;46;0;2
51;47;0;2
51;48;0;2
51;49;0;2
51;50;0;2
51;51;0;2
51;52;0;2
51;53;0;2
51;54;0;2
51;55;0;2
51;56;0;2
51;57;0;2
51;58;0;2
51;59;0;2
51;60;0;2
51;61;0;2
51;62;0;2
51;63;0;2
51;64;0;2
51;65;0;2
51;66;0;2
51;67;0;2
51;68;0;2
51;69;0;2
51;70;0;2
51;71;0;2
51;72;0;2
51;73;0;2
51;74;0;2
51;75;0;2
51;76;0;2
51;77;0;2
51;78;0;2
51;79;0;2
51;80;0;2
51;81;0;2
51;82;0;2
51;83;0;2
51;84;0;2
51;85;0;2
51;86;0;2
51;87;42;2
51;88;42;2
51;89;42;2
51;90;42;2
51;91;42;2
51;92;42;2
51;93;42;2
51;94;42;2
51;95;42;2
51;96;42;2
51;97;0;2
51;98;0;2
51;99;0;2
51;100;0;2
51;101;0;2
51;102;0;2
51;103;0;2
51;104;0;2
51;105;0;2
51;106;0;2
51;107;0;2
51;108;0;2
51;109;0;2
51;110;0;2
51;111;0;2
51;112;0;2
51;113;0;2
51;114;0;2
51;115;0;2
51;116;42;2
51;117;42;2
51;118;42;2
51;119;42;2
51;120;42;2
51;121;42;2
51;122;42;2
51;123;42;2
51;124;42;2
51;125;42;2
51;126;42;2
51;127;42;2
51;128;42;2
51;129;42;2
51;130;42;2
51;131;42;2
51;132;0;2
52;0;0;2
52;1;0;2
52;2;0;2
52;3;0;2
52;4;0;2
52;5;0;2
52;6;0;2
52;7;0;2
52;8;0;2
52;9;0;2
52;10;0;2
52;11;0;2
52;12;0;2
52;13;0;2
52;14;0;2
52;15;0;2
52;16;0;2
52;17;0;2
52;18;0;2
52;19;0;2
52;20;0;2
52;21;0;2
52;22;0;2
52;23;0;2
52;24;0;2
52;25;0;2
52;26;0;2
52;27;0;2
52;28;0;2
52;29;0;2
52;30;0;2
52;31;0;2
52;32;0;2
52;33;0;2
52;34;0;2
52;35;0;2
52;36;0;2
52;37;0;2
52;38;0;2
52;39;0;2
52;40;0;2
52;41;0;2
52;42;0;2
52;43;0;2
52;44;0;2
52;45;0;2
52;46;0;2
52;47;0;2
52;48;0;2
52;49;0;2
52;50;0;2
52;51;0;2
52;52;0;2
52;53;0;2
52;54;0;2
52;55;0;2
52;56;0;2
52;57;0;2
52;58;0;2
52;59;0;2
52;60;0;2
52;61;0;2
52;62;0;2
52;63;0;2
52;64;0;2
52;65;0;2
52;66;0;2
52;67;0;2
52;68;0;2
52;69;0;2
52;70;0;2
52;71;0;2
52;72;0;2
52;73;0;2
52;74;0;2
52;75;0;2
52;76;0;2
52;77;0;2
52;78;0;2
52;79;0;2
52;80;0;2
52;81;0;2
52;82;0;2
52;83;0;2
52;84;0;2
52;85;0;2
52;86;0;2
52;87;42;2
52;88;42;2
52;89;42;2
52;90;42;2
52;91;42;2
52;92;42;2
52;93;42;2
52;94;42;2
52;95;42;2
52;96;42;2
52;97;0;2
52;98;0;2
52;99;0;2
52;100;0;2
52;101;0;2
52;102;0;2
52;103;0;2
52;104;0;2
52;105;0;2
52;106;0;2
52;107;0;2
52;108;0;2
52;109;0;2
52;110;0;2
52;111;0;2
52;112;0;2
52;113;0;2
52;114;0;2
52;115;0;2
52;116;0;2
52;117;0;2
52;118;0;2
52;119;0;2
52;120;0;2
52;121;0;2
52;122;0;2
52;123;42;2
52;124;42;2
52;125;42;2
52;126;42;2
52;127;42;2
52;128;42;2
52;129;42;2
52;130;42;2
52;131;42;2
52;132;0;2
53;0;0;2
53;1;0;2
53;2;0;2
53;3;0;2
53;4;0;2
53;5;0;2
53;6;0;2
53;7;0;2
53;8;0;2
53;9;0;2
53;10;0;2
53;11;0;2
53;12;0;2
53;13;0;2
53;14;0;2
53;15;0;2
53;16;0;2
53;17;0;2
53;18;0;2
53;19;0;2
53;20;0;2
53;21;0;2
53;22;0;2
53;23;0;2
53;24;0;2
53;25;0;2
53;26;0;2
53;27;0;2
53;28;0;2
53;29;0;2
53;30;0;2
53;31;0;2
53;32;0;2
53;33;0;2
53;34;0;2
53;35;0;2
53;36;0;2
53;37;0;2
53;38;0;2
53;39;0;2
53;40;0;2
53;41;0;2
53;42;0;2
53;43;0;2
53;44;0;2
53;45;0;2
53;46;0;2
53;47;0;2
53;48;0;2
53;49;0;2
53;50;0;2
53;51;0;2
53;52;0;2
53;53;0;2
53;54;0;2
53;55;0;2
53;56;0;2
53;57;0;2
53;58;0;2
53;59;0;2
53;60;0;2
53;61;0;2
53;62;0;2
53;63;0;2
53;64;0;2
53;65;0;2
53;66;0;2
53;67;0;2
53;68;0;2
53;69;0;2
53;70;0;2
53;71;0;2
53;72;0;2
53;73;0;2
53;74;0;2
53;75;0;2
53;76;0;2
53;77;0;2
53;78;0;2
53;79;0;2
53;80;0;2
53;81;0;2
53;82;0;2
53;83;0;2
53;84;0;2
53;85;0;2
53;86;0;2
53;87;42;2
53;88;42;2
53;89;42;2
53;90;42;2
53;91;42;2
53;92;42;2
53;93;42;2
53;94;42;2
53;95;42;2
53;96;42;2
53;97;0;2
53;98;0;2
53;99;0;2
53;100;0;2
53;101;0;2
53;102;0;2
53;103;0;2
53;104;0;2
53;105;0;2
53;106;0;2
53;107;0;2
53;108;0;2
53;109;0;2
53;110;0;2
53;111;0;2
53;112;0;2
53;113;0;2
53;114;0;2
53;115;0;2
53;116;0;2
53;117;0;2
53;118;0;2
53;119;0;2
53;120;0;2
53;121;0;2
53;122;0;2
53;123;42;2
53;124;42;2
53;125;42;2
53;126;42;2
53;127;42;2
53;128;42;2
53;129;42;2
53;130;42;2
53;131;42;2
53;132;0;2
54;0;0;2
54;1;0;2
54;2;0;2
54;3;0;2
54;4;0;2
54;5;0;2
54;6;0;2
54;7;0;2
54;8;0;2
54;9;0;2
54;10;0;2
54;11;0;2
54;12;0;2
54;13;0;2
54;14;0;2
54;15;0;2
54;16;0;2
54;17;0;2
54;18;0;2
54;19;0;2
54;20;0;2
54;21;0;2
54;22;0;2
54;23;0;2
54;24;0;2
54;25;0;2
54;26;0;2
54;27;0;2
54;28;0;2
54;29;0;2
54;30;0;2
54;31;0;2
54;32;0;2
54;33;0;2
54;34;0;2
54;35;0;2
54;36;0;2
54;37;0;2
54;38;0;2
54;39;0;2
54;40;0;2
54;41;0;2
54;42;0;2
54;43;0;2
54;44;0;2
54;45;0;2
54;46;0;2
54;47;0;2
54;48;0;2
54;49;0;2
54;50;0;2
54;51;0;2
54;52;0;2
54;53;0;2
54;54;0;2
54;55;0;2
54;56;0;2
54;57;0;2
54;58;0;2
54;59;0;2
54;60;0;2
54;61;0;2
54;62;0;2
54;63;0;2
54;64;0;2
54;65;0;2
54;66;0;2
54;67;0;2
54;68;0;2
54;69;0;2
54;70;0;2
54;71;0;2
54;72;0;2
54;73;0;2
54;74;0;2
54;75;0;2
54;76;0;2
54;77;0;2
54;78;0;2
54;79;0;2
54;80;0;2
54;81;0;2
54;82;0;2
54;83;0;2
54;84;0;2
54;85;0;2
54;86;0;2
54;87;42;2
54;88;42;2
54;89;42;2
54;90;42;2
54;91;42;2
54;92;42;2
54;93;42;2
54;94;42;2
54;95;42;2
54;96;42;2
54;97;0;2
54;98;0;2
54;99;0;2
54;100;0;2
54;101;0;2
54;102;0;2
54;103;0;2
54;104;0;2
54;105;0;2
54;106;0;2
54;107;0;2
54;108;0;2
54;109;0;2
54;110;0;2
54;111;0;2
54;112;0;2
54;113;0;2
54;114;0;2
54;115;0;2
54;116;0;2
54;117;0;2
54;118;0;2
54;119;0;2
54;120;0;2
54;121;0;2
54;122;0;2
54;123;0;2
54;124;0;2
54;125;0;2
54;126;0;2
54;127;42;2
54;128;42;2
54;129;0;2
54;130;0;2
54;131;0;2
54;132;0;2
55;0;0;2
55;1;0;2
55;2;0;2
55;3;0;2
55;4;0;2
55;5;0;2
55;6;0;2
55;7;0;2
55;8;0;2
55;9;0;2
55;10;0;2
55;11;0;2
55;12;0;2
55;13;0;2
55;14;0;2
55;15;0;2
55;16;0;2
55;17;0;2
55;18;0;2
55;19;0;2
55;20;0;2
55;21;0;2
55;22;0;2
55;23;0;2
55;24;0;2
55;25;0;2
55;26;0;2
55;27;0;2
55;28;0;2
55;29;0;2
55;30;0;2
55;31;0;2
55;32;0;2
55;33;0;2
55;34;0;2
55;35;0;2
55;36;0;2
55;37;0;2
55;38;0;2
55;39;0;2
55;40;0;2
55;41;0;2
55;42;0;2
55;43;0;2
55;44;0;2
55;45;0;2
55;46;0;2
55;47;0;2
55;48;0;2
55;49;0;2
55;50;0;2
55;51;0;2
55;52;0;2
55;53;0;2
55;54;0;2
55;55;0;2
55;56;0;2
55;57;0;2
55;58;0;2
55;59;0;2
55;60;0;2
55;61;0;2
55;62;0;2
55;63;0;2
55;64;0;2
55;65;0;2
55;66;0;2
55;67;0;2
55;68;0;2
55;69;0;2
55;70;0;2
55;71;0;2
55;72;0;2
55;73;0;2
55;74;0;2
55;75;0;2
55;76;0;2
55;77;0;2
55;78;0;2
55;79;0;2
55;80;0;2
55;81;0;2
55;82;0;2
55;83;0;2
55;84;0;2
55;85;0;2
55;86;0;2
55;87;42;2
55;88;42;2
55;89;42;2
55;90;42;2
55;91;42;2
55;92;42;2
55;93;42;2
55;94;42;2
55;95;42;2
55;96;42;2
55;97;0;2
55;98;0;2
55;99;0;2
55;100;0;2
55;101;0;2
55;102;0;2
55;103;0;2
55;104;0;2
55;105;0;2
55;106;0;2
55;107;0;2
55;108;0;2
55;109;0;2
55;110;0;2
55;111;0;2
55;112;0;2
55;113;0;2
55;114;0;2
55;115;0;2
55;116;0;2
55;117;0;2
55;118;0;2
55;119;0;2
55;120;0;2
55;121;0;2
55;122;0;2
55;123;0;2
55;124;0;2
55;125;0;2
55;126;0;2
55;127;42;2
55;128;42;2
55;129;0;2
55;130;0;2
55;131;0;2
55;132;0;2
