V: 2
L: -6
X: 180
Y: 772
W: 80
H: 80
0;0;0;2
0;1;0;2
0;2;0;2
0;3;0;2
0;4;0;2
0;5;0;2
0;6;0;2
0;7;0;2
0;8;0;2
0;9;0;2
0;10;0;2
0;11;0;2
0;12;0;2
0;13;0;2
0;14;0;2
0;15;0;2
0;16;0;2
0;17;0;2
0;18;0;2
0;19;0;2
0;20;0;2
0;21;0;2
0;22;0;2
0;23;0;2
0;24;0;2
0;25;0;2
0;26;0;2
0;27;0;2
0;28;0;2
0;29;0;2
0;30;0;2
0;31;0;2
0;32;0;2
0;33;0;2
0;34;0;2
0;35;0;2
0;36;0;2
0;37;0;2
0;38;0;2
0;39;0;2
0;40;0;2
0;41;0;2
0;42;0;2
0;43;0;2
0;44;0;2
0;45;0;2
0;46;0;2
0;47;0;2
0;48;0;2
0;49;0;2
0;50;0;2
0;51;0;2
0;52;0;2
0;53;0;2
0;54;0;2
0;55;0;2
0;56;0;2
0;57;0;2
0;58;0;2
0;59;0;2
0;60;0;2
0;61;0;2
0;62;0;2
0;63;0;2
0;64;0;2
0;65;0;2
0;66;0;2
0;67;0;2
0;68;0;2
0;69;0;2
0;70;0;2
0;71;0;2
0;72;0;2
0;73;0;2
0;74;0;2
0;75;0;2
0;76;0;2
0;77;0;2
0;78;0;2
0;79;0;2
1;0;0;2
1;1;0;2
1;2;0;2
1;3;0;2
1;4;0;2
1;5;0;2
1;6;0;2
1;7;0;2
1;8;0;2
1;9;0;2
1;10;0;2
1;11;0;2
1;12;0;2
1;13;0;2
1;14;0;2
1;15;0;2
1;16;0;2
1;17;0;2
1;18;0;2
1;19;0;2
1;20;0;2
1;21;0;2
1;22;0;2
1;23;0;2
1;24;0;2
1;25;0;2
1;26;0;2
1;27;0;2
1;28;0;2
1;29;0;2
1;30;0;2
1;31;0;2
1;32;0;2
1;33;0;2
1;34;0;2
1;35;0;2
1;36;0;2
1;37;0;2
1;38;0;2
1;39;0;2
1;40;0;2
1;41;0;2
1;42;0;2
1;43;0;2
1;44;0;2
1;45;0;2
1;46;0;2
1;47;0;2
1;48;0;2
1;49;0;2
1;50;0;2
1;51;0;2
1;52;0;2
1;53;0;2
1;54;0;2
1;55;0;2
1;56;0;2
1;57;0;2
1;58;0;2
1;59;0;2
1;60;0;2
1;61;0;2
1;62;0;2
1;63;0;2
1;64;0;2
1;65;0;2
1;66;0;2
1;67;0;2
1;68;0;2
1;69;0;2
1;70;0;2
1;71;0;2
1;72;0;2
1;73;0;2
1;74;0;2
1;75;0;2
1;76;0;2
1;77;0;2
1;78;0;2
1;79;0;2
2;0;0;2
2;1;0;2
2;2;0;2
2;3;0;2
2;4;0;2
2;5;0;2
2;6;0;2
2;7;0;2
2;8;0;2
2;9;0;2
2;10;0;2
2;11;0;2
2;12;0;2
2;13;0;2
2;14;0;2
2;15;0;2
2;16;0;2
2;17;0;2
2;18;0;2
2;19;0;2
2;20;0;2
2;21;0;2
2;22;0;2
2;23;0;2
2;24;0;2
2;25;0;2
2;26;0;2
2;27;0;2
2;28;0;2
2;29;0;2
2;30;0;2
2;31;0;2
2;32;0;2
2;33;0;2
2;34;0;2
2;35;0;2
2;36;0;2
2;37;0;2
2;38;0;2
2;39;0;2
2;40;0;2
2;41;0;2
2;42;0;2
2;43;0;2
2;44;0;2
2;45;0;2
2;46;0;2
2;47;0;2
2;48;0;2
2;49;0;2
2;50;0;2
2;51;0;2
2;52;0;2
2;53;0;2
2;54;0;2
2;55;0;2
2;56;0;2
2;57;0;2
2;58;0;2
2;59;0;2
2;60;0;2
2;61;0;2
2;62;0;2
2;63;0;2
2;64;0;2
2;65;0;2
2;66;0;2
2;67;0;2
2;68;0;2
2;69;0;2
2;70;0;2
2;71;0;2
2;72;0;2
2;73;0;2
2;74;0;2
2;75;0;2
2;76;0;2
2;77;0;2
2;78;0;2
2;79;0;2
3;0;0;2
3;1;0;2
3;2;0;2
3;3;0;2
3;4;0;2
3;5;0;2
3;6;0;2
3;7;0;2
3;8;0;2
3;9;0;2
3;10;0;2
3;11;0;2
3;12;0;2
3;13;0;2
3;14;0;2
3;15;0;2
3;16;0;2
3;17;0;2
3;18;0;2
3;19;0;2
3;20;0;2
3;21;0;2
3;22;0;2
3;23;0;2
3;24;0;2
3;25;0;2
3;26;0;2
3;27;0;2
3;28;0;2
3;29;0;2
3;30;0;2
3;31;0;2
3;32;0;2
3;33;0;2
3;34;0;2
3;35;0;2
3;36;0;2
3;37;0;2
3;38;0;2
3;39;0;2
3;40;0;2
3;41;0;2
3;42;0;2
3;43;0;2
3;44;0;2
3;45;0;2
3;46;0;2
3;47;0;2
3;48;0;2
3;49;0;2
3;50;0;2
3;51;0;2
3;52;0;2
3;53;0;2
3;54;0;2
3;55;0;2
3;56;0;2
3;57;0;2
3;58;0;2
3;59;0;2
3;60;0;2
3;61;0;2
3;62;0;2
3;63;0;2
3;64;0;2
3;65;0;2
3;66;0;2
3;67;0;2
3;68;0;2
3;69;0;2
3;70;0;2
3;71;0;2
3;72;0;2
3;73;0;2
3;74;0;2
3;75;0;2
3;76;0;2
3;77;0;2
3;78;0;2
3;79;0;2
4;0;0;2
4;1;0;2
4;2;0;2
4;3;0;2
4;4;0;2
4;5;0;2
4;6;0;2
4;7;0;2
4;8;0;2
4;9;0;2
4;10;0;2
4;11;0;2
4;12;0;2
4;13;0;2
4;14;0;2
4;15;0;2
4;16;0;2
4;17;0;2
4;18;0;2
4;19;0;2
4;20;0;2
4;21;0;2
4;22;0;2
4;23;0;2
4;24;0;2
4;25;0;2
4;26;0;2
4;27;0;2
4;28;0;2
4;29;0;2
4;30;0;2
4;31;0;2
4;32;0;2
4;33;0;2
4;34;0;2
4;35;0;2
4;36;0;2
4;37;0;2
4;38;0;2
4;39;0;2
4;40;0;2
4;41;0;2
4;42;0;2
4;43;0;2
4;44;0;2
4;45;0;2
4;46;0;2
4;47;0;2
4;48;0;2
4;49;0;2
4;50;0;2
4;51;0;2
4;52;0;2
4;53;0;2
4;54;0;2
4;55;0;2
4;56;0;2
4;57;0;2
4;58;0;2
4;59;0;2
4;60;0;2
4;61;0;2
4;62;0;2
4;63;0;2
4;64;0;2
4;65;0;2
4;66;0;2
4;67;0;2
4;68;0;2
4;69;0;2
4;70;0;2
4;71;0;2
4;72;0;2
4;73;0;2
4;74;0;2
4;75;0;2
4;76;0;2
4;77;0;2
4;78;0;2
4;79;0;2
5;0;0;2
5;1;0;2
5;2;0;2
5;3;0;2
5;4;0;2
5;5;0;2
5;6;0;2
5;7;0;2
5;8;0;2
5;9;0;2
5;10;0;2
5;11;0;2
5;12;0;2
5;13;0;2
5;14;0;2
5;15;0;2
5;16;0;2
5;17;0;2
5;18;0;2
5;19;0;2
5;20;0;2
5;21;0;2
5;22;0;2
5;23;0;2
5;24;0;2
5;25;0;2
5;26;0;2
5;27;0;2
5;28;0;2
5;29;0;2
5;30;0;2
5;31;0;2
5;32;0;2
5;33;0;2
5;34;0;2
5;35;0;2
5;36;0;2
5;37;0;2
5;38;0;2
5;39;0;2
5;40;0;2
5;41;0;2
5;42;0;2
5;43;0;2
5;44;0;2
5;45;0;2
5;46;0;2
5;47;0;2
5;48;0;2
5;49;0;2
5;50;0;2
5;51;0;2
5;52;0;2
5;53;0;2
5;54;0;2
5;55;0;2
5;56;0;2
5;57;0;2
5;58;0;2
5;59;0;2
5;60;0;2
5;61;0;2
5;62;0;2
5;63;0;2
5;64;0;2
5;65;0;2
5;66;0;2
5;67;0;2
5;68;0;2
5;69;0;2
5;70;0;2
5;71;0;2
5;72;0;2
5;73;0;2
5;74;0;2
5;75;0;2
5;76;0;2
5;77;0;2
5;78;0;2
5;79;0;2
6;0;0;2
6;1;0;2
6;2;0;2
6;3;0;2
6;4;0;2
6;5;0;2
6;6;0;2
6;7;0;2
6;8;0;2
6;9;0;2
6;10;0;2
6;11;0;2
6;12;0;2
6;13;0;2
6;14;0;2
6;15;0;2
6;16;0;2
6;17;0;2
6;18;0;2
6;19;0;2
6;20;0;2
6;21;0;2
6;22;0;2
6;23;0;2
6;24;0;2
6;25;0;2
6;26;0;2
6;27;0;2
6;28;0;2
6;29;0;2
6;30;0;2
6;31;0;2
6;32;0;2
6;33;0;2
6;34;0;2
6;35;0;2
6;36;0;2
6;37;0;2
6;38;0;2
6;39;0;2
6;40;0;2
6;41;0;2
6;42;0;2
6;43;0;2
6;44;0;2
6;45;0;2
6;46;0;2
6;47;0;2
6;48;0;2
6;49;0;2
6;50;0;2
6;51;0;2
6;52;0;2
6;53;0;2
6;54;0;2
6;55;0;2
6;56;0;2
6;57;0;2
6;58;0;2
6;59;0;2
6;60;0;2
6;61;0;2
6;62;0;2
6;63;0;2
6;64;0;2
6;65;0;2
6;66;0;2
6;67;0;2
6;68;0;2
6;69;0;2
6;70;0;2
6;71;0;2
6;72;0;2
6;73;0;2
6;74;0;2
6;75;0;2
6;76;0;2
6;77;0;2
6;78;0;2
6;79;0;2
7;0;0;2
7;1;0;2
7;2;0;2
7;3;0;2
7;4;0;2
7;5;0;2
7;6;0;2
7;7;0;2
7;8;0;2
7;9;0;2
7;10;0;2
7;11;0;2
7;12;0;2
7;13;0;2
7;14;0;2
7;15;0;2
7;16;0;2
7;17;0;2
7;18;0;2
7;19;0;2
7;20;0;2
7;21;0;2
7;22;0;2
7;23;0;2
7;24;0;2
7;25;0;2
7;26;0;2
7;27;0;2
7;28;0;2
7;29;0;2
7;30;0;2
7;31;0;2
7;32;0;2
7;33;0;2
7;34;0;2
7;35;0;2
7;36;0;2
7;37;0;2
7;38;0;2
7;39;0;2
7;40;0;2
7;41;0;2
7;42;0;2
7;43;0;2
7;44;0;2
7;45;0;2
7;46;0;2
7;47;0;2
7;48;0;2
7;49;0;2
7;50;0;2
7;51;0;2
7;52;0;2
7;53;0;2
7;54;0;2
7;55;0;2
7;56;0;2
7;57;0;2
7;58;0;2
7;59;0;2
7;60;0;2
7;61;0;2
7;62;0;2
7;63;0;2
7;64;0;2
7;65;0;2
7;66;0;2
7;67;0;2
7;68;0;2
7;69;0;2
7;70;0;2
7;71;0;2
7;72;0;2
7;73;0;2
7;74;0;2
7;75;0;2
7;76;0;2
7;77;0;2
7;78;0;2
7;79;0;2
8;0;0;2
8;1;0;2
8;2;0;2
8;3;0;2
8;4;0;2
8;5;0;2
8;6;0;2
8;7;0;2
8;8;0;2
8;9;0;2
8;10;0;2
8;11;0;2
8;12;0;2
8;13;0;2
8;14;0;2
8;15;0;2
8;16;0;2
8;17;0;2
8;18;0;2
8;19;0;2
8;20;0;2
8;21;0;2
8;22;0;2
8;23;0;2
8;24;0;2
8;25;0;2
8;26;0;2
8;27;0;2
8;28;0;2
8;29;0;2
8;30;0;2
8;31;42;2
8;32;42;2
8;33;42;2
8;34;42;2
8;35;42;2
8;36;42;2
8;37;42;2
8;38;42;2
8;39;42;2
8;40;42;2
8;41;42;2
8;42;42;2
8;43;42;2
8;44;42;2
8;45;42;2
8;46;42;2
8;47;42;2
8;48;42;2
8;49;42;2
8;50;42;2
8;51;0;2
8;52;0;2
8;53;0;2
8;54;0;2
8;55;0;2
8;56;0;2
8;57;0;2
8;58;0;2
8;59;0;2
8;60;0;2
8;61;0;2
8;62;0;2
8;63;0;2
8;64;0;2
8;65;0;2
8;66;0;2
8;67;0;2
8;68;0;2
8;69;0;2
8;70;0;2
8;71;0;2
8;72;0;2
8;73;0;2
8;74;0;2
8;75;0;2
8;76;0;2
8;77;0;2
8;78;0;2
8;79;0;2
9;0;0;2
9;1;0;2
9;2;0;2
9;3;0;2
9;4;0;2
9;5;0;2
9;6;0;2
9;7;0;2
9;8;0;2
9;9;0;2
9;10;0;2
9;11;0;2
9;12;42;2
9;13;42;2
9;14;42;2
9;15;42;2
9;16;42;2
9;17;42;2
9;18;42;2
9;19;42;2
9;20;42;2
9;21;42;2
9;22;42;2
9;23;42;2
9;24;42;2
9;25;42;2
9;26;42;2
9;27;42;2
9;28;42;2
9;29;42;2
9;30;42;2
9;31;42;2
9;32;42;2
9;33;42;2
9;34;42;2
9;35;42;2
9;36;42;2
9;37;42;2
9;38;42;2
9;39;42;2
9;40;42;2
9;41;42;2
9;42;42;2
9;43;42;2
9;44;42;2
9;45;42;2
9;46;42;2
9;47;42;2
9;48;42;2
9;49;42;2
9;50;42;2
9;51;0;2
9;52;0;2
9;53;0;2
9;54;0;2
9;55;0;2
9;56;0;2
9;57;0;2
9;58;0;2
9;59;0;2
9;60;0;2
9;61;0;2
9;62;0;2
9;63;0;2
9;64;0;2
9;65;0;2
9;66;0;2
9;67;0;2
9;68;0;2
9;69;0;2
9;70;0;2
9;71;0;2
9;72;0;2
9;73;0;2
9;74;0;2
9;75;0;2
9;76;0;2
9;77;0;2
9;78;0;2
9;79;0;2
10;0;0;2
10;1;0;2
10;2;0;2
10;3;0;2
10;4;0;2
10;5;0;2
10;6;0;2
10;7;0;2
10;8;42;2
10;9;42;2
10;10;42;2
10;11;42;2
10;12;42;2
10;13;42;2
10;14;42;2
10;15;42;2
10;16;42;2
10;17;42;2
10;18;42;2
10;19;42;2
10;20;42;2
10;21;42;2
10;22;42;2
10;23;42;2
10;24;42;2
10;25;42;2
10;26;42;2
10;27;42;2
10;28;42;2
10;29;42;2
10;30;42;2
10;31;42;2
10;32;42;2
10;33;42;2
10;34;42;2
10;35;42;2
10;36;42;2
10;37;42;2
10;38;42;2
10;39;42;2
10;40;42;2
10;41;42;2
10;42;42;2
10;43;42;2
10;44;42;2
10;45;42;2
10;46;42;2
10;47;42;2
10;48;42;2
10;49;42;2
10;50;42;2
10;51;0;2
10;52;0;2
10;53;0;2
10;54;0;2
10;55;0;2
10;56;0;2
10;57;0;2
10;58;0;2
10;59;0;2
10;60;0;2
10;61;0;2
10;62;0;2
10;63;0;2
10;64;0;2
10;65;0;2
10;66;0;2
10;67;0;2
10;68;0;2
10;69;0;2
10;70;0;2
10;71;0;2
10;72;0;2
10;73;0;2
10;74;0;2
10;75;0;2
10;76;0;2
10;77;0;2
10;78;0;2
10;79;0;2
11;0;0;2
11;1;0;2
11;2;0;2
11;3;0;2
11;4;0;2
11;5;0;2
11;6;0;2
11;7;42;2
11;8;42;2
11;9;42;2
11;10;42;2
11;11;42;2
11;12;42;2
11;13;42;2
11;14;42;2
11;15;42;2
11;16;42;2
11;17;42;2
11;18;42;2
11;19;42;2
11;20;42;2
11;21;42;2
11;22;42;2
11;23;42;2
11;24;42;2
11;25;42;2
11;26;42;2
11;27;42;2
11;28;42;2
11;29;42;2
11;30;42;2
11;31;42;2
11;32;42;2
11;33;42;2
11;34;42;2
11;35;42;2
11;36;42;2
11;37;42;2
11;38;42;2
11;39;42;2
11;40;42;2
11;41;42;2
11;42;42;2
11;43;42;2
11;44;42;2
11;45;42;2
11;46;42;2
11;47;42;2
11;48;42;2
11;49;42;2
11;50;42;2
11;51;0;2
11;52;0;2
11;53;0;2
11;54;0;2
11;55;0;2
11;56;0;2
11;57;0;2
11;58;0;2
11;59;0;2
11;60;0;2
11;61;0;2
11;62;0;2
11;63;0;2
11;64;0;2
11;65;0;2
11;66;0;2
11;67;0;2
11;68;0;2
11;69;0;2
11;70;0;2
11;71;0;2
11;72;0;2
11;73;0;2
11;74;0;2
11;75;0;2
11;76;0;2
11;77;0;2
11;78;0;2
11;79;0;2
12;0;0;2
12;1;0;2
12;2;0;2
12;3;0;2
12;4;0;2
12;5;0;2
12;6;0;2
12;7;42;2
12;8;42;2
12;9;42;2
12;10;42;2
12;11;42;2
12;12;42;2
12;13;42;2
12;14;42;2
12;15;42;2
12;16;42;2
12;17;42;2
12;18;42;2
12;19;42;2
12;20;42;2
12;21;42;2
12;22;42;2
12;23;42;2
12;24;42;2
12;25;42;2
12;26;42;2
12;27;42;2
12;28;42;2
12;29;42;2
12;30;42;2
12;31;42;2
12;32;42;2
12;33;42;2
12;34;42;2
12;35;42;2
12;36;42;2
12;37;42;2
12;38;42;2
12;39;42;2
12;40;42;2
12;41;42;2
12;42;42;2
12;43;42;2
12;44;42;2
12;45;42;2
12;46;42;2
12;47;42;2
12;48;42;2
12;49;42;2
12;50;42;2
12;51;0;2
12;52;0;2
12;53;0;2
12;54;0;2
12;55;0;2
12;56;0;2
12;57;0;2
12;58;0;2
12;59;0;2
12;60;0;2
12;61;0;2
12;62;0;2
12;63;0;2
12;64;0;2
12;65;0;2
12;66;0;2
12;67;0;2
12;68;0;2
12;69;0;2
12;70;0;2
12;71;0;2
12;72;0;2
12;73;0;2
12;74;0;2
12;75;0;2
12;76;0;2
12;77;0;2
12;78;0;2
12;79;0;2
13;0;0;2
13;1;0;2
13;2;0;2
13;3;0;2
13;4;0;2
13;5;0;2
13;6;0;2
13;7;42;2
13;8;42;2
13;9;42;2
13;10;42;2
13;11;42;2
13;12;42;2
13;13;42;2
13;14;42;2
13;15;42;2
13;16;42;2
13;17;42;2
13;18;42;2
13;19;42;2
13;20;42;2
13;21;42;2
13;22;42;2
13;23;42;2
13;24;42;2
13;25;42;2
13;26;42;2
13;27;42;2
13;28;42;2
13;29;42;2
13;30;42;2
13;31;42;2
13;32;42;2
13;33;42;2
13;34;42;2
13;35;42;2
13;36;42;2
13;37;42;2
13;38;42;2
13;39;42;2
13;40;42;2
13;41;42;2
13;42;42;2
13;43;42;2
13;44;42;2
13;45;42;2
13;46;42;2
13;47;42;2
13;48;42;2
13;49;42;2
13;50;42;2
13;51;0;2
13;52;0;2
13;53;0;2
13;54;0;2
13;55;0;2
13;56;0;2
13;57;0;2
13;58;0;2
13;59;0;2
13;60;0;2
13;61;0;2
13;62;0;2
13;63;0;2
13;64;0;2
13;65;0;2
13;66;0;2
13;67;0;2
13;68;0;2
13;69;0;2
13;70;0;2
13;71;0;2
13;72;0;2
13;73;0;2
13;74;0;2
13;75;0;2
13;76;0;2
13;77;0;2
13;78;0;2
13;79;0;2
14;0;0;2
14;1;0;2
14;2;0;2
14;3;0;2
14;4;0;2
14;5;0;2
14;6;0;2
14;7;42;2
14;8;42;2
14;9;42;2
14;10;42;2
14;11;42;2
14;12;42;2
14;13;42;2
14;14;42;2
14;15;42;2
14;16;42;2
14;17;42;2
14;18;42;2
14;19;42;2
14;20;42;2
14;21;42;2
14;22;42;2
14;23;42;2
14;24;42;2
14;25;42;2
14;26;42;2
14;27;42;2
14;28;42;2
14;29;42;2
14;30;42;2
14;31;42;2
14;32;42;2
14;33;42;2
14;34;42;0
14;35;42;2
14;36;42;2
14;37;42;2
14;38;42;2
14;39;42;2
14;40;42;2
14;41;42;2
14;42;42;2
14;43;42;2
14;44;42;2
14;45;42;2
14;46;42;2
14;47;42;2
14;48;42;2
14;49;42;2
14;50;42;2
14;51;0;2
14;52;0;2
14;53;0;2
14;54;0;2
14;55;0;2
14;56;0;2
14;57;0;2
14;58;0;2
14;59;0;2
14;60;0;2
14;61;0;2
14;62;0;2
14;63;0;2
14;64;0;2
14;65;0;2
14;66;0;2
14;67;0;2
14;68;0;2
14;69;0;2
14;70;0;2
14;71;0;2
14;72;0;2
14;73;0;2
14;74;0;2
14;75;0;2
14;76;0;2
14;77;0;2
14;78;0;2
14;79;0;2
15;0;0;2
15;1;0;2
15;2;0;2
15;3;0;2
15;4;0;2
15;5;0;2
15;6;0;2
15;7;42;2
15;8;42;2
15;9;42;2
15;10;42;2
15;11;42;2
15;12;42;2
15;13;42;2
15;14;42;2
15;15;42;2
15;16;42;2
15;17;42;2
15;18;42;2
15;19;42;2
15;20;42;2
15;21;42;2
15;22;42;2
15;23;42;2
15;24;42;2
15;25;42;2
15;26;42;2
15;27;42;2
15;28;42;2
15;29;42;2
15;30;42;2
15;31;42;2
15;32;42;2
15;33;42;2
15;34;42;0
15;35;42;2
15;36;42;2
15;37;42;2
15;38;42;2
15;39;42;2
15;40;42;2
15;41;42;2
15;42;42;2
15;43;42;2
15;44;42;2
15;45;42;2
15;46;42;2
15;47;42;2
15;48;42;2
15;49;42;2
15;50;42;2
15;51;42;2
15;52;42;2
15;53;42;2
15;54;42;2
15;55;42;2
15;56;0;2
15;57;0;2
15;58;0;2
15;59;0;2
15;60;0;2
15;61;0;2
15;62;0;2
15;63;0;2
15;64;0;2
15;65;0;2
15;66;0;2
15;67;0;2
15;68;0;2
15;69;0;2
15;70;0;2
15;71;0;2
15;72;0;2
15;73;0;2
15;74;0;2
15;75;0;2
15;76;0;2
15;77;0;2
15;78;0;2
15;79;0;2
16;0;0;2
16;1;0;2
16;2;0;2
16;3;0;2
16;4;0;2
16;5;0;2
16;6;0;2
16;7;42;2
16;8;42;2
16;9;42;2
16;10;42;2
16;11;42;2
16;12;42;2
16;13;42;2
16;14;42;2
16;15;42;2
16;16;42;2
16;17;42;2
16;18;42;2
16;19;42;2
16;20;42;2
16;21;42;2
16;22;42;2
16;23;42;2
16;24;42;2
16;25;42;2
16;26;42;2
16;27;42;2
16;28;42;2
16;29;42;2
16;30;42;2
16;31;42;2
16;32;42;2
16;33;42;2
16;34;42;0
16;35;42;2
16;36;42;2
16;37;42;2
16;38;42;2
16;39;42;2
16;40;42;2
16;41;42;2
16;42;42;2
16;43;42;2
16;44;42;2
16;45;42;2
16;46;42;2
16;47;42;2
16;48;42;2
16;49;42;2
16;50;42;2
16;51;42;2
16;52;42;2
16;53;42;2
16;54;42;2
16;55;42;2
16;56;0;2
16;57;0;2
16;58;0;2
16;59;0;2
16;60;0;2
16;61;0;2
16;62;0;2
16;63;0;2
16;64;0;2
16;65;0;2
16;66;0;2
16;67;0;2
16;68;0;2
16;69;0;2
16;70;0;2
16;71;0;2
16;72;0;2
16;73;0;2
16;74;0;2
16;75;0;2
16;76;0;2
16;77;0;2
16;78;0;2
16;79;0;2
17;0;0;2
17;1;0;2
17;2;0;2
17;3;0;2
17;4;0;2
17;5;0;2
17;6;0;2
17;7;42;2
17;8;42;2
17;9;42;2
17;10;42;2
17;11;42;2
17;12;42;2
17;13;42;2
17;14;42;2
17;15;42;2
17;16;42;2
17;17;42;2
17;18;42;2
17;19;42;2
17;20;42;2
17;21;42;2
17;22;42;2
17;23;42;2
17;24;42;2
17;25;42;2
17;26;42;2
17;27;42;2
17;28;42;2
17;29;42;2
17;30;42;2
17;31;42;2
17;32;42;2
17;33;42;2
17;34;42;0
17;35;42;2
17;36;42;2
17;37;42;2
17;38;42;2
17;39;42;2
17;40;42;2
17;41;42;2
17;42;42;2
17;43;42;2
17;44;42;2
17;45;42;2
17;46;42;2
17;47;42;2
17;48;42;2
17;49;42;2
17;50;42;2
17;51;42;2
17;52;42;2
17;53;42;2
17;54;42;2
17;55;42;2
17;56;0;2
17;57;0;2
17;58;0;2
17;59;0;2
17;60;0;2
17;61;42;2
17;62;42;2
17;63;42;2
17;64;42;2
17;65;42;2
17;66;42;2
17;67;42;2
17;68;42;2
17;69;42;2
17;70;0;2
17;71;0;2
17;72;0;2
17;73;0;2
17;74;0;2
17;75;0;2
17;76;0;2
17;77;0;2
17;78;0;2
17;79;0;2
18;0;0;2
18;1;0;2
18;2;0;2
18;3;0;2
18;4;0;2
18;5;0;2
18;6;0;2
18;7;42;2
18;8;42;2
18;9;42;2
18;10;42;2
18;11;42;2
18;12;42;2
18;13;42;2
18;14;42;2
18;15;42;2
18;16;42;2
18;17;42;2
18;18;42;2
18;19;42;2
18;20;42;2
18;21;42;2
18;22;42;2
18;23;42;2
18;24;42;2
18;25;42;2
18;26;42;2
18;27;42;2
18;28;42;2
18;29;42;2
18;30;42;2
18;31;42;2
18;32;42;2
18;33;42;2
18;34;42;0
18;35;42;2
18;36;42;2
18;37;42;2
18;38;42;2
18;39;42;2
18;40;42;2
18;41;42;2
18;42;42;2
18;43;42;2
18;44;42;2
18;45;42;2
18;46;42;2
18;47;42;2
18;48;42;2
18;49;42;2
18;50;42;2
18;51;42;2
18;52;42;2
18;53;42;2
18;54;42;2
18;55;42;2
18;56;0;2
18;57;0;2
18;58;0;2
18;59;42;2
18;60;42;2
18;61;42;2
18;62;42;2
18;63;42;2
18;64;42;2
18;65;42;2
18;66;42;2
18;67;42;2
18;68;42;2
18;69;42;2
18;70;0;2
18;71;0;2
18;72;0;2
18;73;0;2
18;74;0;2
18;75;0;2
18;76;0;2
18;77;0;2
18;78;0;2
18;79;0;2
19;0;0;2
19;1;0;2
19;2;0;2
19;3;0;2
19;4;0;2
19;5;0;2
19;6;0;2
19;7;42;2
19;8;42;2
19;9;42;2
19;10;42;2
19;11;42;2
19;12;42;2
19;13;42;2
19;14;42;2
19;15;42;2
19;16;42;2
19;17;15;2
19;18;15;2
19;19;15;2
19;20;15;2
19;21;15;2
19;22;15;2
19;23;15;2
19;24;15;2
19;25;15;2
19;26;15;2
19;27;15;2
19;28;15;2
19;29;15;2
19;30;15;2
19;31;42;2
19;32;42;2
19;33;42;2
19;34;42;0
19;35;42;2
19;36;42;2
19;37;42;2
19;38;42;2
19;39;42;2
19;40;42;2
19;41;42;2
19;42;42;2
19;43;42;2
19;44;42;2
19;45;42;2
19;46;42;2
19;47;42;2
19;48;42;2
19;49;42;2
19;50;42;2
19;51;42;2
19;52;42;2
19;53;42;2
19;54;42;2
19;55;42;2
19;56;0;2
19;57;0;2
19;58;42;2
19;59;42;2
19;60;42;2
19;61;42;2
19;62;42;2
19;63;42;2
19;64;42;2
19;65;42;2
19;66;42;2
19;67;42;2
19;68;42;2
19;69;42;2
19;70;0;2
19;71;0;2
19;72;0;2
19;73;0;2
19;74;0;2
19;75;0;2
19;76;0;2
19;77;0;2
19;78;0;2
19;79;0;2
20;0;0;2
20;1;0;2
20;2;0;2
20;3;0;2
20;4;0;2
20;5;0;2
20;6;0;2
20;7;0;2
20;8;42;2
20;9;42;2
20;10;42;2
20;11;42;2
20;12;42;2
20;13;42;2
20;14;42;2
20;15;42;2
20;16;42;2
20;17;15;2
20;18;15;2
20;19;15;2
20;20;15;2
20;21;15;2
20;22;15;2
20;23;15;2
20;24;15;2
20;25;15;2
20;26;15;2
20;27;15;2
20;28;15;2
20;29;15;2
20;30;15;2
20;31;15;2
20;32;15;2
20;33;15;2
20;34;15;2
20;35;15;2
20;36;15;2
20;37;15;2
20;38;15;2
20;39;15;2
20;40;42;2
20;41;42;2
20;42;42;2
20;43;42;2
20;44;42;2
20;45;42;2
20;46;42;2
20;47;42;2
20;48;42;2
20;49;42;2
20;50;42;2
20;51;42;2
20;52;42;2
20;53;42;2
20;54;42;2
20;55;42;2
20;56;42;2
20;57;42;2
20;58;42;2
20;59;42;2
20;60;42;2
20;61;42;2
20;62;42;2
20;63;42;2
20;64;42;2
20;65;42;2
20;66;42;2
20;67;42;2
20;68;42;2
20;69;42;2
20;70;0;2
20;71;0;2
20;72;0;2
20;73;0;2
20;74;0;2
20;75;0;2
20;76;0;2
20;77;0;2
20;78;0;2
20;79;0;2
21;0;0;2
21;1;0;2
21;2;0;2
21;3;0;2
21;4;0;2
21;5;0;2
21;6;0;2
21;7;0;2
21;8;42;2
21;9;42;2
21;10;42;2
21;11;42;2
21;12;42;2
21;13;42;2
21;14;42;2
21;15;42;2
21;16;42;2
21;17;15;2
21;18;15;2
21;19;15;2
21;20;15;2
21;21;15;2
21;22;15;2
21;23;15;2
21;24;15;2
21;25;15;2
21;26;15;2
21;27;15;2
21;28;15;2
21;29;15;2
21;30;15;2
21;31;15;2
21;32;15;2
21;33;15;2
21;34;15;2
21;35;15;2
21;36;15;2
21;37;15;2
21;38;15;2
21;39;15;2
21;40;42;2
21;41;42;2
21;42;42;2
21;43;42;2
21;44;42;2
21;45;42;2
21;46;42;2
21;47;42;2
21;48;42;2
21;49;42;2
21;50;42;2
21;51;42;2
21;52;42;2
21;53;42;2
21;54;42;2
21;55;42;2
21;56;42;2
21;57;42;2
21;58;42;2
21;59;42;2
21;60;42;2
21;61;42;2
21;62;42;2
21;63;42;2
21;64;42;2
21;65;42;2
21;66;42;2
21;67;42;2
21;68;42;2
21;69;42;2
21;70;0;2
21;71;0;2
21;72;0;2
21;73;0;2
21;74;0;2
21;75;0;2
21;76;0;2
21;77;0;2
21;78;0;2
21;79;0;2
22;0;0;2
22;1;0;2
22;2;0;2
22;3;0;2
22;4;0;2
22;5;0;2
22;6;0;2
22;7;0;2
22;8;42;2
22;9;42;2
22;10;42;2
22;11;42;2
22;12;42;2
22;13;42;2
22;14;42;2
22;15;42;2
22;16;42;2
22;17;15;2
22;18;26093;2
22;19;10733;2
22;20;28141;2
22;21;15;2
22;22;15;2
22;23;15;2
22;24;15;2
22;25;15;2
22;26;15;2
22;27;15;2
22;28;15;2
22;29;15;2
22;30;15;2
22;31;15;2
22;32;15;2
22;33;15;2
22;34;15;2
22;35;15;2
22;36;15;2
22;37;15;2
22;38;15;2
22;39;15;2
22;40;42;2
22;41;42;2
22;42;42;2
22;43;42;2
22;44;42;2
22;45;42;2
22;46;42;2
22;47;42;2
22;48;42;2
22;49;42;2
22;50;42;2
22;51;42;2
22;52;42;2
22;53;42;2
22;54;42;2
22;55;42;2
22;56;42;2
22;57;42;2
22;58;42;2
22;59;42;2
22;60;42;2
22;61;42;2
22;62;42;2
22;63;42;2
22;64;42;2
22;65;42;2
22;66;42;2
22;67;42;2
22;68;42;2
22;69;42;2
22;70;0;2
22;71;0;2
22;72;0;2
22;73;0;2
22;74;0;2
22;75;0;2
22;76;0;2
22;77;0;2
22;78;0;2
22;79;0;2
23;0;0;2
23;1;0;2
23;2;0;2
23;3;0;2
23;4;0;2
23;5;0;2
23;6;0;2
23;7;0;2
23;8;42;2
23;9;42;2
23;10;42;2
23;11;42;2
23;12;42;2
23;13;42;2
23;14;42;2
23;15;42;2
23;16;42;2
23;17;15;2
23;18;1517;2
23;19;13;2
23;20;21997;2
23;21;15;2
23;22;15;2
23;23;15;2
23;24;15;2
23;25;15;2
23;26;15;2
23;27;15;2
23;28;15;2
23;29;26081;2
23;30;10721;2
23;31;10721;2
23;32;10721;2
23;33;28129;2
23;34;15;2
23;35;15;2
23;36;15;2
23;37;15;2
23;38;15;2
23;39;15;2
23;40;42;2
23;41;42;2
23;42;42;2
23;43;42;2
23;44;42;2
23;45;42;2
23;46;42;2
23;47;42;2
23;48;42;2
23;49;42;2
23;50;42;2
23;51;42;2
23;52;42;2
23;53;42;2
23;54;42;2
23;55;42;2
23;56;42;2
23;57;42;2
23;58;42;2
23;59;42;2
23;60;42;2
23;61;42;2
23;62;42;2
23;63;42;2
23;64;42;2
23;65;42;2
23;66;42;2
23;67;42;2
23;68;42;2
23;69;42;2
23;70;0;2
23;71;0;2
23;72;0;2
23;73;0;2
23;74;0;2
23;75;0;2
23;76;0;2
23;77;0;2
23;78;0;2
23;79;0;2
24;0;0;2
24;1;0;2
24;2;0;2
24;3;0;2
24;4;0;2
24;5;0;2
24;6;0;2
24;7;0;2
24;8;42;2
24;9;42;2
24;10;42;2
24;11;42;2
24;12;42;2
24;13;42;2
24;14;42;2
24;15;42;2
24;16;42;2
24;17;13;2
24;18;13;2
24;19;16877;2
24;20;15;2
24;21;15;2
24;22;15;2
24;23;19943;2
24;24;28135;2
24;25;15;2
24;26;15;2
24;27;15;2
24;28;15;2
24;29;9697;2
24;30;1;2
24;31;1;2
24;32;1;2
24;33;11745;2
24;34;15;2
24;35;15;2
24;36;15;2
24;37;15;2
24;38;15;2
24;39;15;2
24;40;15;2
24;41;15;2
24;42;15;2
24;43;15;2
24;44;42;2
24;45;42;2
24;46;42;2
24;47;42;2
24;48;42;2
24;49;42;2
24;50;42;2
24;51;42;2
24;52;42;2
24;53;42;2
24;54;42;2
24;55;42;2
24;56;42;2
24;57;42;2
24;58;42;2
24;59;42;2
24;60;42;2
24;61;42;2
24;62;42;2
24;63;42;2
24;64;42;2
24;65;42;2
24;66;42;2
24;67;42;2
24;68;42;2
24;69;42;2
24;70;0;2
24;71;0;2
24;72;0;2
24;73;0;2
24;74;0;2
24;75;0;2
24;76;0;2
24;77;0;2
24;78;0;2
24;79;0;2
25;0;0;2
25;1;0;2
25;2;0;2
25;3;0;2
25;4;0;2
25;5;0;2
25;6;0;2
25;7;0;2
25;8;42;2
25;9;42;2
25;10;42;2
25;11;42;2
25;12;42;2
25;13;42;2
25;14;42;2
25;15;42;2
25;16;42;2
25;17;13;2
25;18;6637;2
25;19;15;2
25;20;15;2
25;21;19943;2
25;22;3559;2
25;23;7;2
25;24;11751;2
25;25;15;2
25;26;15;2
25;27;15;2
25;28;15;2
25;29;9697;2
25;30;1;2
25;31;1;2
25;32;1;2
25;33;21985;2
25;34;15;2
25;35;15;2
25;36;15;2
25;37;15;2
25;38;15;2
25;39;15;2
25;40;15;2
25;41;15;2
25;42;15;2
25;43;15;2
25;44;42;2
25;45;42;2
25;46;42;2
25;47;42;2
25;48;42;2
25;49;42;2
25;50;42;2
25;51;42;2
25;52;42;2
25;53;42;2
25;54;42;2
25;55;42;2
25;56;42;2
25;57;42;2
25;58;42;2
25;59;42;2
25;60;42;2
25;61;42;2
25;62;42;2
25;63;42;2
25;64;42;2
25;65;42;2
25;66;42;2
25;67;42;2
25;68;42;2
25;69;42;2
25;70;0;2
25;71;0;2
25;72;0;2
25;73;0;2
25;74;0;2
25;75;0;2
25;76;0;2
25;77;0;2
25;78;0;2
25;79;0;2
26;0;0;2
26;1;0;2
26;2;0;2
26;3;0;2
26;4;0;2
26;5;0;2
26;6;0;2
26;7;42;2
26;8;42;2
26;9;42;2
26;10;42;2
26;11;42;2
26;12;42;2
26;13;42;2
26;14;42;2
26;15;42;2
26;16;42;2
26;17;13;2
26;18;11757;2
26;19;15;2
26;20;17895;2
26;21;7;2
26;22;7;2
26;23;8679;2
26;24;29159;2
26;25;15;2
26;26;15;2
26;27;15;2
26;28;15;2
26;29;27105;2
26;30;12769;2
26;31;12769;2
26;32;25057;2
26;33;15;2
26;34;15;2
26;35;15;2
26;36;15;2
26;37;15;2
26;38;15;2
26;39;15;2
26;40;15;2
26;41;15;2
26;42;15;2
26;43;15;2
26;44;42;2
26;45;42;2
26;46;42;2
26;47;42;2
26;48;42;2
26;49;42;2
26;50;42;2
26;51;42;2
26;52;42;2
26;53;42;2
26;54;42;2
26;55;42;2
26;56;42;2
26;57;42;2
26;58;42;2
26;59;42;2
26;60;42;2
26;61;42;2
26;62;42;2
26;63;42;2
26;64;42;2
26;65;42;2
26;66;42;2
26;67;42;2
26;68;42;2
26;69;42;2
26;70;0;2
26;71;0;2
26;72;0;2
26;73;0;2
26;74;0;2
26;75;0;2
26;76;0;2
26;77;0;2
26;78;0;2
26;79;0;2
27;0;0;2
27;1;0;2
27;2;0;2
27;3;0;2
27;4;0;2
27;5;0;2
27;6;42;2
27;7;42;2
27;8;42;2
27;9;42;2
27;10;42;2
27;11;42;2
27;12;42;2
27;13;42;2
27;14;42;2
27;15;42;2
27;16;42;2
27;17;13;2
27;18;11757;2
27;19;15;2
27;20;9703;2
27;21;7;2
27;22;6631;2
27;23;15;2
27;24;15;2
27;25;15;2
27;26;15;2
27;27;15;2
27;28;15;2
27;29;15;2
27;30;15;2
27;31;15;2
27;32;15;2
27;33;15;2
27;34;15;2
27;35;15;2
27;36;15;2
27;37;15;2
27;38;15;2
27;39;15;2
27;40;15;2
27;41;15;2
27;42;15;2
27;43;15;2
27;44;42;2
27;45;42;2
27;46;42;2
27;47;42;2
27;48;42;2
27;49;42;2
27;50;42;2
27;51;42;2
27;52;42;2
27;53;42;2
27;54;42;2
27;55;42;2
27;56;42;2
27;57;42;2
27;58;42;2
27;59;42;2
27;60;42;2
27;61;42;2
27;62;42;2
27;63;42;2
27;64;42;2
27;65;42;2
27;66;42;2
27;67;42;2
27;68;0;2
27;69;0;2
27;70;0;2
27;71;0;2
27;72;0;2
27;73;0;2
27;74;0;2
27;75;0;2
27;76;0;2
27;77;0;2
27;78;0;2
27;79;0;2
28;0;0;2
28;1;0;2
28;2;0;2
28;3;0;2
28;4;0;2
28;5;0;2
28;6;42;2
28;7;42;2
28;8;42;2
28;9;42;2
28;10;42;2
28;11;42;2
28;12;42;2
28;13;42;2
28;14;42;2
28;15;42;2
28;16;42;2
28;17;13;2
28;18;11757;2
28;19;15;2
28;20;9703;2
28;21;7;2
28;22;11751;2
28;23;15;2
28;24;15;2
28;25;15;2
28;26;15;2
28;27;15;2
28;28;15;2
28;29;15;2
28;30;15;2
28;31;15;2
28;32;15;2
28;33;15;2
28;34;15;2
28;35;15;2
28;36;19943;2
28;37;20967;2
28;38;15;2
28;39;15;2
28;40;15;2
28;41;15;2
28;42;15;2
28;43;15;2
28;44;42;2
28;45;42;2
28;46;42;2
28;47;42;2
28;48;42;2
28;49;42;2
28;50;42;2
28;51;42;2
28;52;42;2
28;53;42;2
28;54;42;2
28;55;42;2
28;56;42;2
28;57;42;2
28;58;42;2
28;59;42;2
28;60;42;2
28;61;42;2
28;62;42;2
28;63;42;2
28;64;42;2
28;65;42;2
28;66;42;2
28;67;0;2
28;68;0;2
28;69;0;2
28;70;0;2
28;71;0;2
28;72;0;2
28;73;0;2
28;74;0;2
28;75;0;2
28;76;0;2
28;77;0;2
28;78;0;2
28;79;0;2
29;0;0;2
29;1;0;2
29;2;0;2
29;3;0;2
29;4;0;2
29;5;0;2
29;6;42;2
29;7;42;2
29;8;42;2
29;9;42;2
29;10;42;2
29;11;42;2
29;12;42;2
29;13;42;2
29;14;42;2
29;15;42;2
29;16;42;2
29;17;13;2
29;18;11757;2
29;19;15;2
29;20;9703;2
29;21;7;2
29;22;5607;2
29;23;15;2
29;24;15;2
29;25;15;2
29;26;15;2
29;27;15;2
29;28;15;2
29;29;19943;2
29;30;10727;2
29;31;10727;2
29;32;10727;2
29;33;10727;2
29;34;10727;2
29;35;3559;2
29;36;7;2
29;37;7;2
29;38;4583;2
29;39;20967;2
29;40;15;2
29;41;15;2
29;42;15;2
29;43;15;2
29;44;15;2
29;45;15;2
29;46;15;2
29;47;15;2
29;48;15;2
29;49;15;2
29;50;15;2
29;51;15;2
29;52;15;2
29;53;15;2
29;54;15;2
29;55;42;2
29;56;42;2
29;57;42;2
29;58;42;2
29;59;42;2
29;60;42;2
29;61;42;2
29;62;42;2
29;63;42;2
29;64;42;2
29;65;42;2
29;66;42;2
29;67;0;2
29;68;0;2
29;69;0;2
29;70;0;2
29;71;0;2
29;72;0;2
29;73;0;2
29;74;0;2
29;75;0;2
29;76;0;2
29;77;0;2
29;78;0;2
29;79;0;2
30;0;0;2
30;1;0;2
30;2;0;2
30;3;0;2
30;4;0;2
30;5;0;2
30;6;42;2
30;7;42;2
30;8;42;2
30;9;42;2
30;10;42;2
30;11;42;2
30;12;42;2
30;13;42;2
30;14;42;2
30;15;42;2
30;16;42;2
30;17;13;2
30;18;5613;2
30;19;15;2
30;20;1511;2
30;21;7;2
30;22;7;2
30;23;4583;2
30;24;10727;2
30;25;10727;2
30;26;10727;2
30;27;10727;2
30;28;3559;2
30;29;7;2
30;30;7;2
30;31;8679;2
30;32;12775;2
30;33;12775;2
30;34;7655;2
30;35;7;2
30;36;7;2
30;37;7;2
30;38;7;2
30;39;7;2
30;40;4583;2
30;41;28135;2
30;42;15;2
30;43;15;2
30;44;15;2
30;45;15;2
30;46;15;2
30;47;15;2
30;48;15;2
30;49;15;2
30;50;15;2
30;51;15;2
30;52;15;2
30;53;15;2
30;54;15;2
30;55;42;2
30;56;42;2
30;57;42;2
30;58;42;2
30;59;42;2
30;60;42;2
30;61;42;2
30;62;42;2
30;63;42;2
30;64;42;2
30;65;42;2
30;66;42;2
30;67;0;2
30;68;0;2
30;69;0;2
30;70;0;2
30;71;0;2
30;72;0;2
30;73;0;2
30;74;0;2
30;75;0;2
30;76;0;2
30;77;0;2
30;78;0;2
30;79;0;2
31;0;0;2
31;1;0;2
31;2;0;2
31;3;0;2
31;4;0;2
31;5;0;2
31;6;42;2
31;7;42;2
31;8;42;2
31;9;42;2
31;10;42;2
31;11;42;2
31;12;42;2
31;13;42;2
31;14;42;2
31;15;42;2
31;16;42;2
31;17;13;2
31;18;13;2
31;19;7;2
31;20;7;2
31;21;7;2
31;22;7;2
31;23;7;2
31;24;7;2
31;25;7;2
31;26;7;2
31;27;7;2
31;28;7;2
31;29;7;2
31;30;6631;2
31;31;15;2
31;32;15;2
31;33;15;2
31;34;15;2
31;35;24039;2
31;36;25063;2
31;37;15;2
31;38;24039;2
31;39;7655;2
31;40;7;2
31;41;5607;2
31;42;15;2
31;43;15;2
31;44;15;2
31;45;15;2
31;46;15;2
31;47;15;2
31;48;15;2
31;49;15;2
31;50;15;2
31;51;15;2
31;52;15;2
31;53;15;2
31;54;15;2
31;55;42;2
31;56;42;2
31;57;42;2
31;58;42;2
31;59;42;2
31;60;42;2
31;61;42;2
31;62;42;2
31;63;42;2
31;64;42;2
31;65;42;2
31;66;42;2
31;67;0;2
31;68;0;2
31;69;0;2
31;70;0;2
31;71;0;2
31;72;0;2
31;73;0;2
31;74;0;2
31;75;0;2
31;76;0;2
31;77;0;2
31;78;0;2
31;79;0;2
32;0;0;2
32;1;0;2
32;2;0;2
32;3;0;2
32;4;0;2
32;5;0;2
32;6;42;2
32;7;42;2
32;8;42;2
32;9;42;2
32;10;42;2
32;11;42;2
32;12;42;2
32;13;42;2
32;14;42;2
32;15;42;2
32;16;42;2
32;17;42;2
32;18;42;2
32;19;15;2
32;20;15;2
32;21;24039;2
32;22;12775;2
32;23;25063;2
32;24;15;2
32;25;24039;2
32;26;12775;2
32;27;25063;2
32;28;15;2
32;29;24039;2
32;30;29159;2
32;31;15;2
32;32;15;2
32;33;15;2
32;34;15;2
32;35;15;2
32;36;15;2
32;37;15;2
32;38;15;2
32;39;15;2
32;40;24039;2
32;41;7;2
32;42;7;2
32;43;10727;2
32;44;20967;2
32;45;15;2
32;46;15;2
32;47;15;2
32;48;15;2
32;49;15;2
32;50;15;2
32;51;15;2
32;52;15;2
32;53;15;2
32;54;15;2
32;55;42;2
32;56;42;2
32;57;42;2
32;58;42;2
32;59;42;2
32;60;42;2
32;61;42;2
32;62;42;2
32;63;42;2
32;64;42;2
32;65;42;2
32;66;42;2
32;67;0;2
32;68;0;2
32;69;0;2
32;70;0;2
32;71;0;2
32;72;0;2
32;73;0;2
32;74;0;2
32;75;0;2
32;76;0;2
32;77;0;2
32;78;0;2
32;79;0;2
33;0;0;2
33;1;0;2
33;2;0;2
33;3;0;2
33;4;0;2
33;5;0;2
33;6;42;2
33;7;42;2
33;8;42;2
33;9;42;2
33;10;42;2
33;11;42;2
33;12;42;2
33;13;42;2
33;14;42;2
33;15;42;2
33;16;42;2
33;17;42;2
33;18;42;2
33;19;15;2
33;20;15;2
33;21;15;2
33;22;15;2
33;23;15;2
33;24;15;2
33;25;15;2
33;26;15;2
33;27;15;2
33;28;15;2
33;29;15;2
33;30;15;2
33;31;15;2
33;32;15;2
33;33;19949;2
33;34;10733;2
33;35;10733;2
33;36;20973;2
33;37;15;2
33;38;15;2
33;39;15;2
33;40;15;2
33;41;15;2
33;42;2535;2
33;43;7;2
33;44;7;2
33;45;4583;2
33;46;10727;2
33;47;20967;2
33;48;15;2
33;49;15;2
33;50;15;2
33;51;15;2
33;52;15;2
33;53;15;2
33;54;15;2
33;55;42;2
33;56;42;2
33;57;42;2
33;58;42;2
33;59;42;2
33;60;42;2
33;61;42;2
33;62;42;2
33;63;42;2
33;64;42;2
33;65;42;2
33;66;42;2
33;67;0;2
33;68;0;2
33;69;0;2
33;70;0;2
33;71;0;2
33;72;0;2
33;73;0;2
33;74;0;2
33;75;0;2
33;76;0;2
33;77;0;2
33;78;0;2
33;79;0;2
34;0;0;2
34;1;0;2
34;2;0;2
34;3;42;2
34;4;42;2
34;5;42;2
34;6;42;2
34;7;42;2
34;8;42;2
34;9;42;2
34;10;42;2
34;11;42;2
34;12;42;2
34;13;42;2
34;14;42;2
34;15;42;2
34;16;42;2
34;17;42;2
34;18;42;2
34;19;15;2
34;20;15;2
34;21;34;2
34;22;34;2
34;23;34;2
34;24;34;2
34;25;34;2
34;26;34;2
34;27;0;2
34;28;0;2
34;29;34;2
34;30;0;2
34;31;0;2
34;32;34;2
34;33;34;2
34;34;34;2
34;35;34;2
34;36;34;2
34;37;34;2
34;38;34;2
34;39;15;2
34;40;15;2
34;41;15;2
34;42;1511;2
34;43;12327;2
34;44;12327;2
34;45;7207;2
34;46;7;2
34;47;7;2
34;48;4583;2
34;49;10727;2
34;50;28135;2
34;51;15;2
34;52;15;2
34;53;15;2
34;54;15;2
34;55;42;2
34;56;42;2
34;57;42;2
34;58;42;2
34;59;42;2
34;60;42;2
34;61;42;2
34;62;42;2
34;63;42;2
34;64;42;2
34;65;42;2
34;66;42;2
34;67;0;2
34;68;0;2
34;69;0;2
34;70;0;2
34;71;0;2
34;72;0;2
34;73;0;2
34;74;0;2
34;75;0;2
34;76;0;2
34;77;0;2
34;78;0;2
34;79;0;2
35;0;0;2
35;1;0;2
35;2;42;2
35;3;42;2
35;4;42;2
35;5;42;2
35;6;42;2
35;7;42;2
35;8;42;2
35;9;42;2
35;10;42;2
35;11;42;2
35;12;42;2
35;13;42;2
35;14;42;2
35;15;42;2
35;16;42;2
35;17;42;2
35;18;42;2
35;19;15;2
35;20;15;2
35;21;34;2
35;22;34;2
35;23;34;2
35;24;34;2
35;25;34;2
35;26;34;2
35;27;34;2
35;28;0;2
35;29;34;2
35;30;0;2
35;31;34;2
35;32;34;2
35;33;34;2
35;34;34;0
35;35;34;2
35;36;34;2
35;37;34;2
35;38;34;2
35;39;15;2
35;40;15;2
35;41;13793;2
35;42;1;2
35;43;1;2
35;44;1;2
35;45;1;2
35;46;2087;2
35;47;7;2
35;48;8679;2
35;49;12775;2
35;50;29159;2
35;51;15;2
35;52;15;2
35;53;15;2
35;54;15;2
35;55;42;2
35;56;42;2
35;57;42;2
35;58;42;2
35;59;42;2
35;60;42;2
35;61;42;2
35;62;42;2
35;63;42;2
35;64;42;2
35;65;42;2
35;66;42;2
35;67;0;2
35;68;0;2
35;69;0;2
35;70;0;2
35;71;0;2
35;72;0;2
35;73;0;2
35;74;0;2
35;75;0;2
35;76;0;2
35;77;0;2
35;78;0;2
35;79;0;2
36;0;0;2
36;1;0;2
36;2;42;2
36;3;42;2
36;4;42;2
36;5;42;2
36;6;42;2
36;7;42;2
36;8;42;2
36;9;42;2
36;10;42;2
36;11;42;2
36;12;42;2
36;13;42;2
36;14;42;2
36;15;42;2
36;16;42;2
36;17;42;2
36;18;42;2
36;19;15;2
36;20;15;2
36;21;34;2
36;22;34;2
36;23;34;2
36;24;34;2
36;25;34;2
36;26;34;2
36;27;34;2
36;28;0;2
36;29;34;2
36;30;0;2
36;31;34;2
36;32;34;2
36;33;34;2
36;34;34;0
36;35;34;2
36;36;34;2
36;37;34;2
36;38;34;2
36;39;4577;2
36;40;3553;2
36;41;1;2
36;42;1;2
36;43;1;2
36;44;1;2
36;45;1;2
36;46;9255;2
36;47;6631;2
36;48;15;2
36;49;15;2
36;50;15;2
36;51;15;2
36;52;15;2
36;53;15;2
36;54;15;2
36;55;42;2
36;56;42;2
36;57;42;2
36;58;42;2
36;59;42;2
36;60;42;2
36;61;42;2
36;62;42;2
36;63;42;2
36;64;0;2
36;65;0;2
36;66;0;2
36;67;0;2
36;68;0;2
36;69;0;2
36;70;0;2
36;71;0;2
36;72;0;2
36;73;0;2
36;74;0;2
36;75;0;2
36;76;0;2
36;77;0;2
36;78;0;2
36;79;0;2
37;0;0;2
37;1;0;2
37;2;42;2
37;3;42;2
37;4;42;2
37;5;42;2
37;6;42;2
37;7;42;2
37;8;42;2
37;9;42;2
37;10;42;2
37;11;42;2
37;12;42;2
37;13;42;2
37;14;42;2
37;15;42;2
37;16;42;2
37;17;42;2
37;18;42;2
37;19;15;2
37;20;34;2
37;21;34;2
37;22;34;2
37;23;34;2
37;24;34;2
37;25;34;2
37;26;34;2
37;27;34;2
37;28;0;2
37;29;34;2
37;30;0;2
37;31;34;2
37;32;34;2
37;33;34;2
37;34;34;0
37;35;34;2
37;36;34;2
37;37;34;2
37;38;34;2
37;39;1;2
37;40;1;2
37;41;1;2
37;42;1;2
37;43;1;2
37;44;1;2
37;45;1;2
37;46;1063;2
37;47;5607;2
37;48;15;2
37;49;15;2
37;50;15;2
37;51;15;2
37;52;15;2
37;53;15;2
37;54;15;2
37;55;42;2
37;56;42;2
37;57;42;2
37;58;42;2
37;59;42;2
37;60;42;2
37;61;42;2
37;62;42;2
37;63;42;2
37;64;0;2
37;65;0;2
37;66;0;2
37;67;0;2
37;68;0;2
37;69;0;2
37;70;0;2
37;71;0;2
37;72;0;2
37;73;0;2
37;74;0;2
37;75;0;2
37;76;0;2
37;77;0;2
37;78;0;2
37;79;0;2
38;0;0;2
38;1;0;2
38;2;42;2
38;3;42;2
38;4;42;2
38;5;42;2
38;6;42;2
38;7;42;2
38;8;42;2
38;9;42;2
38;10;42;2
38;11;42;2
38;12;42;2
38;13;42;2
38;14;42;2
38;15;42;2
38;16;42;2
38;17;42;2
38;18;42;2
38;19;15;2
38;20;34;2
38;21;34;2
38;22;34;2
38;23;34;2
38;24;34;2
38;25;34;2
38;26;34;2
38;27;34;2
38;28;0;2
38;29;34;2
38;30;0;2
38;31;34;2
38;32;34;2
38;33;34;2
38;34;34;0
38;35;34;2
38;36;34;2
38;37;34;2
38;38;34;2
38;39;1;2
38;40;1;2
38;41;1;2
38;42;1;2
38;43;1;2
38;44;1;2
38;45;17447;2
38;46;7;2
38;47;7;2
38;48;23015;2
38;49;15;2
38;50;15;2
38;51;15;2
38;52;15;2
38;53;15;2
38;54;15;2
38;55;42;2
38;56;42;2
38;57;42;2
38;58;42;2
38;59;42;2
38;60;42;2
38;61;42;2
38;62;42;2
38;63;42;2
38;64;0;2
38;65;0;2
38;66;0;2
38;67;0;2
38;68;0;2
38;69;0;2
38;70;0;2
38;71;0;2
38;72;0;2
38;73;0;2
38;74;0;2
38;75;0;2
38;76;0;2
38;77;0;2
38;78;0;2
38;79;0;2
39;0;0;2
39;1;0;2
39;2;42;2
39;3;42;2
39;4;42;2
39;5;42;2
39;6;42;2
39;7;42;2
39;8;42;2
39;9;42;2
39;10;42;2
39;11;42;2
39;12;42;2
39;13;42;2
39;14;42;2
39;15;42;2
39;16;42;2
39;17;42;2
39;18;42;2
39;19;15;2
39;20;34;2
39;21;34;2
39;22;34;2
39;23;34;2
39;24;34;2
39;25;34;2
39;26;34;2
39;27;34;2
39;28;0;2
39;29;34;2
39;30;0;2
39;31;34;2
39;32;34;2
39;33;34;2
39;34;34;0
39;35;34;2
39;36;34;2
39;37;34;2
39;38;34;2
39;39;8673;2
39;40;12769;2
39;41;12769;2
39;42;12769;2
39;43;12769;2
39;44;12769;2
39;45;12775;2
39;46;12775;2
39;47;12775;2
39;48;29159;2
39;49;15;2
39;50;15;2
39;51;15;2
39;52;15;2
39;53;15;2
39;54;15;2
39;55;42;2
39;56;42;2
39;57;42;2
39;58;42;2
39;59;42;2
39;60;42;2
39;61;42;2
39;62;42;2
39;63;42;2
39;64;0;2
39;65;0;2
39;66;0;2
39;67;0;2
39;68;0;2
39;69;0;2
39;70;0;2
39;71;0;2
39;72;0;2
39;73;0;2
39;74;0;2
39;75;0;2
39;76;0;2
39;77;0;2
39;78;0;2
39;79;0;2
40;0;0;2
40;1;0;2
40;2;42;2
40;3;42;2
40;4;42;2
40;5;42;2
40;6;42;2
40;7;42;2
40;8;42;2
40;9;42;2
40;10;42;2
40;11;42;2
40;12;42;2
40;13;42;2
40;14;42;2
40;15;42;2
40;16;42;2
40;17;42;2
40;18;15;2
40;19;15;2
40;20;34;2
40;21;34;2
40;22;34;2
40;23;34;2
40;24;34;2
40;25;34;2
40;26;34;2
40;27;34;2
40;28;0;2
40;29;34;2
40;30;0;2
40;31;34;2
40;32;34;2
40;33;34;2
40;34;34;0
40;35;34;2
40;36;34;2
40;37;34;2
40;38;34;2
40;39;15;2
40;40;15;2
40;41;15;2
40;42;15;2
40;43;15;2
40;44;15;2
40;45;15;2
40;46;15;2
40;47;15;2
40;48;15;2
40;49;15;2
40;50;15;2
40;51;15;2
40;52;15;2
40;53;15;2
40;54;15;2
40;55;42;2
40;56;42;2
40;57;42;2
40;58;42;2
40;59;42;2
40;60;42;2
40;61;42;2
40;62;42;2
40;63;42;2
40;64;0;2
40;65;0;2
40;66;0;2
40;67;0;2
40;68;0;2
40;69;0;2
40;70;0;2
40;71;0;2
40;72;0;2
40;73;0;2
40;74;0;2
40;75;0;2
40;76;0;2
40;77;0;2
40;78;0;2
40;79;0;2
41;0;0;2
41;1;42;2
41;2;42;2
41;3;42;2
41;4;42;2
41;5;42;2
41;6;42;2
41;7;42;2
41;8;42;2
41;9;42;2
41;10;42;2
41;11;42;2
41;12;42;2
41;13;42;2
41;14;42;2
41;15;15;2
41;16;15;2
41;17;15;2
41;18;15;2
41;19;15;2
41;20;34;2
41;21;34;2
41;22;34;2
41;23;34;2
41;24;34;2
41;25;34;2
41;26;34;2
41;27;34;2
41;28;0;2
41;29;34;2
41;30;0;2
41;31;34;2
41;32;34;2
41;33;34;2
41;34;34;0
41;35;34;2
41;36;34;2
41;37;34;2
41;38;34;2
41;39;15;2
41;40;15;2
41;41;15;2
41;42;15;2
41;43;15;2
41;44;15;2
41;45;15;2
41;46;15;2
41;47;15;2
41;48;15;2
41;49;15;2
41;50;15;2
41;51;15;2
41;52;15;2
41;53;15;2
41;54;15;2
41;55;42;2
41;56;42;2
41;57;42;2
41;58;42;2
41;59;42;2
41;60;42;2
41;61;42;2
41;62;42;2
41;63;42;2
41;64;42;2
41;65;42;2
41;66;42;2
41;67;0;2
41;68;0;2
41;69;0;2
41;70;0;2
41;71;0;2
41;72;0;2
41;73;0;2
41;74;0;2
41;75;0;2
41;76;0;2
41;77;0;2
41;78;0;2
41;79;0;2
42;0;0;2
42;1;42;2
42;2;42;2
42;3;42;2
42;4;42;2
42;5;42;2
42;6;15;2
42;7;15;2
42;8;15;2
42;9;15;2
42;10;15;2
42;11;15;2
42;12;15;2
42;13;15;2
42;14;15;2
42;15;15;2
42;16;15;2
42;17;19949;2
42;18;10733;2
42;19;3565;2
42;20;34;2
42;21;34;2
42;22;34;2
42;23;34;2
42;24;34;2
42;25;34;2
42;26;34;2
42;27;34;2
42;28;0;2
42;29;34;2
42;30;0;2
42;31;34;2
42;32;34;2
42;33;34;2
42;34;34;0
42;35;34;2
42;36;34;2
42;37;34;2
42;38;34;2
42;39;15;2
42;40;15;2
42;41;15;2
42;42;15;2
42;43;15;2
42;44;15;2
42;45;15;2
42;46;15;2
42;47;15;2
42;48;15;2
42;49;15;2
42;50;15;2
42;51;15;2
42;52;15;2
42;53;15;2
42;54;15;2
42;55;42;2
42;56;42;2
42;57;42;2
42;58;42;2
42;59;42;2
42;60;42;2
42;61;42;2
42;62;42;2
42;63;42;2
42;64;42;2
42;65;42;2
42;66;42;2
42;67;0;2
42;68;0;2
42;69;0;2
42;70;0;2
42;71;0;2
42;72;0;2
42;73;0;2
42;74;0;2
42;75;0;2
42;76;0;2
42;77;0;2
42;78;0;2
42;79;0;2
43;0;0;2
43;1;42;2
43;2;42;2
43;3;42;2
43;4;42;2
43;5;42;2
43;6;15;2
43;7;15;2
43;8;15;2
43;9;15;2
43;10;15;2
43;11;15;2
43;12;15;2
43;13;15;2
43;14;15;2
43;15;26093;2
43;16;3565;2
43;17;13;2
43;18;13;2
43;19;13;2
43;20;13;2
43;21;34;2
43;22;34;2
43;23;34;2
43;24;34;2
43;25;34;2
43;26;34;2
43;27;0;2
43;28;0;2
43;29;34;2
43;30;0;2
43;31;0;2
43;32;34;2
43;33;34;2
43;34;34;2
43;35;34;2
43;36;34;2
43;37;34;2
43;38;34;2
43;39;15;2
43;40;15;2
43;41;42;2
43;42;42;2
43;43;42;2
43;44;42;2
43;45;42;2
43;46;42;2
43;47;42;2
43;48;42;2
43;49;42;2
43;50;42;2
43;51;42;2
43;52;42;2
43;53;42;2
43;54;42;2
43;55;42;2
43;56;42;2
43;57;42;2
43;58;42;2
43;59;42;2
43;60;42;2
43;61;42;2
43;62;42;2
43;63;42;2
43;64;42;2
43;65;42;2
43;66;42;2
43;67;0;2
43;68;0;2
43;69;0;2
43;70;0;2
43;71;0;2
43;72;0;2
43;73;0;2
43;74;0;2
43;75;0;2
43;76;0;2
43;77;0;2
43;78;0;2
43;79;0;2
44;0;0;2
44;1;42;2
44;2;42;2
44;3;42;2
44;4;42;2
44;5;42;2
44;6;15;2
44;7;15;2
44;8;15;2
44;9;15;2
44;10;15;2
44;11;15;2
44;12;15;2
44;13;15;2
44;14;15;2
44;15;9709;2
44;16;13;2
44;17;13;2
44;18;13;2
44;19;13;2
44;20;6637;2
44;21;15;2
44;22;2529;2
44;23;1;2
44;24;1;2
44;25;1;2
44;26;1;2
44;27;1;2
44;28;15;2
44;29;15;2
44;30;15;2
44;31;15;2
44;32;15;2
44;33;15;2
44;34;15;2
44;35;15;2
44;36;15;2
44;37;15;2
44;38;15;2
44;39;15;2
44;40;15;2
44;41;42;2
44;42;42;2
44;43;42;2
44;44;42;2
44;45;42;2
44;46;42;2
44;47;42;2
44;48;42;2
44;49;42;2
44;50;42;2
44;51;42;2
44;52;42;2
44;53;42;2
44;54;42;2
44;55;42;2
44;56;42;2
44;57;42;2
44;58;42;2
44;59;42;2
44;60;42;2
44;61;42;2
44;62;42;2
44;63;42;2
44;64;42;2
44;65;42;2
44;66;42;2
44;67;0;2
44;68;0;2
44;69;0;2
44;70;0;2
44;71;0;2
44;72;0;2
44;73;0;2
44;74;0;2
44;75;0;2
44;76;0;2
44;77;0;2
44;78;0;2
44;79;0;2
45;0;0;2
45;1;42;2
45;2;42;2
45;3;42;2
45;4;42;2
45;5;42;2
45;6;15;2
45;7;15;2
45;8;15;2
45;9;15;2
45;10;19937;2
45;11;10721;2
45;12;28129;2
45;13;15;2
45;14;15;2
45;15;9709;2
45;16;13;2
45;17;13;2
45;18;8429;2
45;19;7405;2
45;20;21997;2
45;21;15;2
45;22;9697;2
45;23;1;2
45;24;1;2
45;25;1;2
45;26;1;2
45;27;1;2
45;28;4583;2
45;29;20967;2
45;30;15;2
45;31;15;2
45;32;15;2
45;33;15;2
45;34;19949;2
45;35;28141;2
45;36;15;2
45;37;15;2
45;38;15;2
45;39;15;2
45;40;15;2
45;41;42;2
45;42;42;2
45;43;42;2
45;44;42;2
45;45;42;2
45;46;42;2
45;47;42;2
45;48;42;2
45;49;42;2
45;50;42;2
45;51;42;2
45;52;42;2
45;53;42;2
45;54;42;2
45;55;42;2
45;56;42;2
45;57;42;2
45;58;42;2
45;59;42;2
45;60;42;2
45;61;42;2
45;62;42;2
45;63;42;2
45;64;42;2
45;65;42;2
45;66;42;2
45;67;0;2
45;68;0;2
45;69;0;2
45;70;0;2
45;71;0;2
45;72;0;2
45;73;0;2
45;74;0;2
45;75;0;2
45;76;0;2
45;77;0;2
45;78;0;2
45;79;0;2
46;0;0;2
46;1;42;2
46;2;42;2
46;3;42;2
46;4;42;2
46;5;42;2
46;6;15;2
46;7;15;2
46;8;19937;2
46;9;3553;2
46;10;1;2
46;11;1;2
46;12;11745;2
46;13;15;2
46;14;15;2
46;15;27117;2
46;16;12781;2
46;17;7661;2
46;18;7;2
46;19;6631;2
46;20;15;2
46;21;15;2
46;22;9697;2
46;23;1;2
46;24;1;2
46;25;1;2
46;26;1;2
46;27;1;2
46;28;1063;2
46;29;7;2
46;30;23015;2
46;31;15;2
46;32;15;2
46;33;17901;2
46;34;13;2
46;35;21997;2
46;36;15;2
46;37;15;2
46;38;15;2
46;39;15;2
46;40;15;2
46;41;42;2
46;42;42;2
46;43;42;2
46;44;42;2
46;45;42;2
46;46;42;2
46;47;42;2
46;48;42;2
46;49;42;2
46;50;42;2
46;51;42;2
46;52;42;2
46;53;42;2
46;54;42;2
46;55;42;2
46;56;42;2
46;57;42;2
46;58;42;2
46;59;42;2
46;60;42;2
46;61;42;2
46;62;42;2
46;63;42;2
46;64;42;2
46;65;42;2
46;66;42;2
46;67;0;2
46;68;0;2
46;69;0;2
46;70;0;2
46;71;0;2
46;72;0;2
46;73;0;2
46;74;0;2
46;75;0;2
46;76;0;2
46;77;0;2
46;78;0;2
46;79;0;2
47;0;0;2
47;1;42;2
47;2;42;2
47;3;42;2
47;4;42;2
47;5;42;2
47;6;15;2
47;7;17889;2
47;8;1;2
47;9;1;2
47;10;1;2
47;11;1;2
47;12;21985;2
47;13;15;2
47;14;15;2
47;15;15;2
47;16;15;2
47;17;15;2
47;18;2535;2
47;19;11751;2
47;20;15;2
47;21;15;2
47;22;27105;2
47;23;12769;2
47;24;12769;2
47;25;12769;2
47;26;7649;2
47;27;13351;2
47;28;7;2
47;29;7;2
47;30;21991;2
47;31;15;2
47;32;15;2
47;33;27117;2
47;34;25069;2
47;35;15;2
47;36;15;2
47;37;15;2
47;38;15;2
47;39;15;2
47;40;15;2
47;41;42;2
47;42;42;2
47;43;42;2
47;44;42;2
47;45;42;2
47;46;42;2
47;47;42;2
47;48;42;2
47;49;42;2
47;50;42;2
47;51;42;2
47;52;42;2
47;53;42;2
47;54;42;2
47;55;42;2
47;56;42;2
47;57;42;2
47;58;42;2
47;59;42;2
47;60;42;2
47;61;42;2
47;62;42;2
47;63;42;2
47;64;42;2
47;65;42;2
47;66;42;2
47;67;0;2
47;68;0;2
47;69;0;2
47;70;0;2
47;71;0;2
47;72;0;2
47;73;0;2
47;74;0;2
47;75;0;2
47;76;0;2
47;77;0;2
47;78;0;2
47;79;0;2
48;0;0;2
48;1;42;2
48;2;42;2
48;3;42;2
48;4;42;2
48;5;42;2
48;6;15;2
48;7;1505;2
48;8;1;2
48;9;1;2
48;10;1;2
48;11;16865;2
48;12;15;2
48;13;15;2
48;14;15;2
48;15;15;2
48;16;15;2
48;17;15;2
48;18;1511;2
48;19;5607;2
48;20;15;2
48;21;15;2
48;22;15;2
48;23;15;2
48;24;15;2
48;25;15;2
48;26;15;2
48;27;2535;2
48;28;7;2
48;29;16871;2
48;30;15;2
48;31;15;2
48;32;15;2
48;33;15;2
48;34;15;2
48;35;15;2
48;36;15;2
48;37;15;2
48;38;15;2
48;39;15;2
48;40;15;2
48;41;42;2
48;42;42;2
48;43;42;2
48;44;42;2
48;45;42;2
48;46;42;2
48;47;42;2
48;48;42;2
48;49;42;2
48;50;42;2
48;51;42;2
48;52;42;2
48;53;42;2
48;54;42;2
48;55;42;2
48;56;42;2
48;57;42;2
48;58;42;2
48;59;42;2
48;60;42;2
48;61;42;2
48;62;42;2
48;63;42;2
48;64;42;2
48;65;42;2
48;66;42;2
48;67;0;2
48;68;0;2
48;69;0;2
48;70;0;2
48;71;0;2
48;72;0;2
48;73;0;2
48;74;0;2
48;75;0;2
48;76;0;2
48;77;0;2
48;78;0;2
48;79;0;2
49;0;0;2
49;1;42;2
49;2;42;2
49;3;42;2
49;4;42;2
49;5;42;2
49;6;1;2
49;7;1;2
49;8;1;2
49;9;1;2
49;10;6625;2
49;11;15;2
49;12;15;2
49;13;15;2
49;14;15;2
49;15;15;2
49;16;19943;2
49;17;3559;2
49;18;7;2
49;19;7;2
49;20;4583;2
49;21;20967;2
49;22;15;2
49;23;15;2
49;24;15;2
49;25;15;2
49;26;15;2
49;27;1511;2
49;28;6631;2
49;29;15;2
49;30;15;2
49;31;15;2
49;32;15;2
49;33;15;2
49;34;26093;2
49;35;10733;2
49;36;10733;2
49;37;28141;2
49;38;15;2
49;39;15;2
49;40;15;2
49;41;42;2
49;42;42;2
49;43;42;2
49;44;42;2
49;45;42;2
49;46;42;2
49;47;42;2
49;48;42;2
49;49;42;2
49;50;42;2
49;51;42;2
49;52;42;2
49;53;42;2
49;54;42;2
49;55;42;2
49;56;42;2
49;57;42;2
49;58;42;2
49;59;42;2
49;60;42;2
49;61;42;2
49;62;42;2
49;63;42;2
49;64;42;2
49;65;42;2
49;66;42;2
49;67;0;2
49;68;0;2
49;69;0;2
49;70;0;2
49;71;0;2
49;72;0;2
49;73;0;2
49;74;0;2
49;75;0;2
49;76;0;2
49;77;0;2
49;78;0;2
49;79;0;2
50;0;0;2
50;1;42;2
50;2;42;2
50;3;42;2
50;4;42;2
50;5;42;2
50;6;1;2
50;7;1;2
50;8;1;2
50;9;1;2
50;10;11745;2
50;11;15;2
50;12;15;2
50;13;15;2
50;14;15;2
50;15;17895;2
50;16;7;2
50;17;7;2
50;18;7;2
50;19;8679;2
50;20;7655;2
50;21;7;2
50;22;4583;2
50;23;10727;2
50;24;10727;2
50;25;10727;2
50;26;3559;2
50;27;7;2
50;28;21991;2
50;29;15;2
50;30;15;2
50;31;15;2
50;32;15;2
50;33;15;2
50;34;1517;2
50;35;13;2
50;36;13;2
50;37;11757;2
50;38;15;2
50;39;15;2
50;40;15;2
50;41;42;2
50;42;42;2
50;43;42;2
50;44;42;2
50;45;42;2
50;46;42;2
50;47;42;2
50;48;42;2
50;49;42;2
50;50;42;2
50;51;42;2
50;52;42;2
50;53;42;2
50;54;42;2
50;55;0;2
50;56;0;2
50;57;0;2
50;58;0;2
50;59;0;2
50;60;0;2
50;61;0;2
50;62;0;2
50;63;0;2
50;64;0;2
50;65;0;2
50;66;0;2
50;67;0;2
50;68;0;2
50;69;0;2
50;70;0;2
50;71;0;2
50;72;0;2
50;73;0;2
50;74;0;2
50;75;0;2
50;76;0;2
50;77;0;2
50;78;0;2
50;79;0;2
51;0;0;2
51;1;0;2
51;2;42;2
51;3;42;2
51;4;42;2
51;5;42;2
51;6;1;2
51;7;1;2
51;8;1;2
51;9;1;2
51;10;21985;2
51;11;15;2
51;12;15;2
51;13;15;2
51;14;15;2
51;15;27111;2
51;16;12775;2
51;17;12775;2
51;18;25063;2
51;19;15;2
51;20;15;2
51;21;2535;2
51;22;7;2
51;23;7;2
51;24;8679;2
51;25;12775;2
51;26;12775;2
51;27;25063;2
51;28;15;2
51;29;15;2
51;30;15;2
51;31;15;2
51;32;15;2
51;33;13805;2
51;34;13;2
51;35;13;2
51;36;13;2
51;37;21997;2
51;38;15;2
51;39;15;2
51;40;15;2
51;41;42;2
51;42;42;2
51;43;42;2
51;44;42;2
51;45;42;2
51;46;42;2
51;47;42;2
51;48;42;2
51;49;42;2
51;50;42;2
51;51;42;2
51;52;42;2
51;53;42;2
51;54;42;2
51;55;0;2
51;56;0;2
51;57;0;2
51;58;0;2
51;59;0;2
51;60;0;2
51;61;0;2
51;62;0;2
51;63;0;2
51;64;0;2
51;65;0;2
51;66;0;2
51;67;0;2
51;68;0;2
51;69;0;2
51;70;0;2
51;71;0;2
51;72;0;2
51;73;0;2
51;74;0;2
51;75;0;2
51;76;0;2
51;77;0;2
51;78;0;2
51;79;0;2
52;0;0;2
52;1;0;2
52;2;42;2
52;3;42;2
52;4;42;2
52;5;42;2
52;6;1;2
52;7;1;2
52;8;1;2
52;9;6625;2
52;10;15;2
52;11;15;2
52;12;15;2
52;13;15;2
52;14;15;2
52;15;15;2
52;16;15;2
52;17;15;2
52;18;15;2
52;19;15;2
52;20;15;2
52;21;1511;2
52;22;7;2
52;23;7;2
52;24;15;2
52;25;15;2
52;26;15;2
52;27;15;2
52;28;15;2
52;29;15;2
52;30;15;2
52;31;15;2
52;32;13805;2
52;33;13;2
52;34;13;2
52;35;13;2
52;36;16877;2
52;37;15;2
52;38;15;2
52;39;15;2
52;40;15;2
52;41;42;2
52;42;42;2
52;43;42;2
52;44;42;2
52;45;42;2
52;46;42;2
52;47;42;2
52;48;42;2
52;49;42;2
52;50;42;2
52;51;42;2
52;52;42;2
52;53;0;2
52;54;0;2
52;55;0;2
52;56;0;2
52;57;0;2
52;58;0;2
52;59;0;2
52;60;0;2
52;61;0;2
52;62;0;2
52;63;0;2
52;64;0;2
52;65;0;2
52;66;0;2
52;67;0;2
52;68;0;2
52;69;0;2
52;70;0;2
52;71;0;2
52;72;0;2
52;73;0;2
52;74;0;2
52;75;0;2
52;76;0;2
52;77;0;2
52;78;0;2
52;79;0;2
53;0;0;2
53;1;0;2
53;2;42;2
53;3;42;2
53;4;42;2
53;5;42;2
53;6;8673;2
53;7;12769;2
53;8;12769;2
53;9;29153;2
53;10;15;2
53;11;15;2
53;12;15;2
53;13;15;2
53;14;15;2
53;15;15;0
53;16;15;2
53;17;15;2
53;18;15;2
53;19;15;2
53;20;13799;2
53;21;7;2
53;22;7;2
53;23;7;2
53;24;23015;2
53;25;15;2
53;26;15;2
53;27;15;2
53;28;15;2
53;29;15;2
53;30;15;2
53;31;17901;2
53;32;13;2
53;33;13;2
53;34;13;2
53;35;6637;2
53;36;15;2
53;37;15;2
53;38;15;2
53;39;15;2
53;40;15;2
53;41;42;2
53;42;42;2
53;43;42;2
53;44;42;2
53;45;42;2
53;46;42;2
53;47;42;2
53;48;42;2
53;49;42;2
53;50;42;2
53;51;42;2
53;52;42;2
53;53;0;2
53;54;0;2
53;55;0;2
53;56;0;2
53;57;0;2
53;58;0;2
53;59;0;2
53;60;0;2
53;61;0;2
53;62;0;2
53;63;0;2
53;64;0;2
53;65;0;2
53;66;0;2
53;67;0;2
53;68;0;2
53;69;0;2
53;70;0;2
53;71;0;2
53;72;0;2
53;73;0;2
53;74;0;2
53;75;0;2
53;76;0;2
53;77;0;2
53;78;0;2
53;79;0;2
54;0;0;2
54;1;0;2
54;2;42;2
54;3;42;2
54;4;42;2
54;5;42;2
54;6;15;2
54;7;15;2
54;8;15;2
54;9;15;2
54;10;15;2
54;11;15;2
54;12;15;2
54;13;15;2
54;14;15;2
54;15;15;0
54;16;15;2
54;17;15;2
54;18;26087;2
54;19;3559;2
54;20;7;2
54;21;7;2
54;22;7;2
54;23;7;2
54;24;11751;2
54;25;15;2
54;26;15;2
54;27;15;2
54;28;15;2
54;29;15;2
54;30;15;2
54;31;1517;2
54;32;13;2
54;33;13;2
54;34;13;2
54;35;21997;2
54;36;15;2
54;37;15;2
54;38;15;2
54;39;15;2
54;40;15;2
54;41;42;2
54;42;42;2
54;43;42;2
54;44;42;2
54;45;42;2
54;46;42;2
54;47;42;2
54;48;42;2
54;49;42;2
54;50;42;2
54;51;42;2
54;52;42;2
54;53;0;2
54;54;0;2
54;55;0;2
54;56;0;2
54;57;0;2
54;58;0;2
54;59;0;2
54;60;0;2
54;61;0;2
54;62;0;2
54;63;0;2
54;64;0;2
54;65;0;2
54;66;0;2
54;67;0;2
54;68;0;2
54;69;0;2
54;70;0;2
54;71;0;2
54;72;0;2
54;73;0;2
54;74;0;2
54;75;0;2
54;76;0;2
54;77;0;2
54;78;0;2
54;79;0;2
55;0;0;2
55;1;0;2
55;2;42;2
55;3;42;2
55;4;42;2
55;5;42;2
55;6;42;2
55;7;42;2
55;8;15;2
55;9;15;2
55;10;15;2
55;11;15;2
55;12;15;2
55;13;15;2
55;14;15;2
55;15;15;0
55;16;15;2
55;17;15;2
55;18;9703;2
55;19;7;2
55;20;7;2
55;21;6631;2
55;22;15;2
55;23;2535;2
55;24;11751;2
55;25;15;2
55;26;15;2
55;27;26093;2
55;28;10733;2
55;29;10733;2
55;30;3565;2
55;31;13;2
55;32;13;2
55;33;13;2
55;34;6637;2
55;35;15;2
55;36;15;2
55;37;15;2
55;38;15;2
55;39;15;2
55;40;15;2
55;41;42;2
55;42;42;2
55;43;42;2
55;44;42;2
55;45;42;2
55;46;42;2
55;47;42;2
55;48;42;2
55;49;42;2
55;50;42;2
55;51;42;2
55;52;42;2
55;53;0;2
55;54;0;2
55;55;0;2
55;56;0;2
55;57;0;2
55;58;0;2
55;59;0;2
55;60;0;2
55;61;0;2
55;62;0;2
55;63;0;2
55;64;0;2
55;65;0;2
55;66;0;2
55;67;0;2
55;68;0;2
55;69;0;2
55;70;0;2
55;71;0;2
55;72;0;2
55;73;0;2
55;74;0;2
55;75;0;2
55;76;0;2
55;77;0;2
55;78;0;2
55;79;0;2
56;0;0;2
56;1;0;2
56;2;42;2
56;3;42;2
56;4;42;2
56;5;42;2
56;6;42;2
56;7;42;2
56;8;15;2
56;9;19949;2
56;10;10733;2
56;11;28141;2
56;12;15;2
56;13;15;2
56;14;15;2
56;15;15;0
56;16;15;2
56;17;15;2
56;18;27111;2
56;19;12775;2
56;20;12775;2
56;21;29159;2
56;22;15;2
56;23;9703;2
56;24;11751;2
56;25;15;2
56;26;15;2
56;27;1517;2
56;28;13;2
56;29;13;2
56;30;13;2
56;31;13;2
56;32;13;2
56;33;13;2
56;34;21997;2
56;35;15;2
56;36;15;2
56;37;15;2
56;38;15;2
56;39;15;2
56;40;15;2
56;41;42;2
56;42;42;2
56;43;42;2
56;44;42;2
56;45;42;2
56;46;42;2
56;47;42;2
56;48;42;2
56;49;42;2
56;50;42;2
56;51;0;2
56;52;0;2
56;53;0;2
56;54;0;2
56;55;0;2
56;56;0;2
56;57;0;2
56;58;0;2
56;59;0;2
56;60;0;2
56;61;0;2
56;62;0;2
56;63;0;2
56;64;0;2
56;65;0;2
56;66;0;2
56;67;0;2
56;68;0;2
56;69;0;2
56;70;0;2
56;71;0;2
56;72;0;2
56;73;0;2
56;74;0;2
56;75;0;2
56;76;0;2
56;77;0;2
56;78;0;2
56;79;0;2
57;0;0;2
57;1;0;2
57;2;42;2
57;3;42;2
57;4;42;2
57;5;42;2
57;6;42;2
57;7;42;2
57;8;13;2
57;9;13;2
57;10;13;2
57;11;11757;2
57;12;15;2
57;13;15;2
57;14;15;2
57;15;15;2
57;16;15;2
57;17;15;2
57;18;15;2
57;19;15;2
57;20;15;2
57;21;15;2
57;22;15;2
57;23;1511;2
57;24;11751;2
57;25;15;2
57;26;17901;2
57;27;13;2
57;28;13;2
57;29;13;2
57;30;13;2
57;31;13;2
57;32;13;2
57;33;6637;2
57;34;15;2
57;35;15;2
57;36;15;2
57;37;15;2
57;38;15;2
57;39;15;2
57;40;15;2
57;41;42;2
57;42;42;2
57;43;42;2
57;44;42;2
57;45;0;2
57;46;0;2
57;47;0;2
57;48;0;2
57;49;0;2
57;50;0;2
57;51;0;2
57;52;0;2
57;53;0;2
57;54;0;2
57;55;0;2
57;56;0;2
57;57;0;2
57;58;0;2
57;59;0;2
57;60;0;2
57;61;0;2
57;62;0;2
57;63;0;2
57;64;0;2
57;65;0;2
57;66;0;2
57;67;0;2
57;68;0;2
57;69;0;2
57;70;0;2
57;71;0;2
57;72;0;2
57;73;0;2
57;74;0;2
57;75;0;2
57;76;0;2
57;77;0;2
57;78;0;2
57;79;0;2
58;0;0;2
58;1;0;2
58;2;42;2
58;3;42;2
58;4;42;2
58;5;42;2
58;6;42;2
58;7;42;2
58;8;13;2
58;9;13;2
58;10;13;2
58;11;11757;2
58;12;15;2
58;13;26087;2
58;14;10727;2
58;15;10727;2
58;16;10727;2
58;17;10727;2
58;18;10727;2
58;19;10727;2
58;20;10727;2
58;21;10727;2
58;22;3559;2
58;23;7;2
58;24;11751;2
58;25;15;2
58;26;9709;2
58;27;13;2
58;28;13;2
58;29;13;2
58;30;8685;2
58;31;12781;2
58;32;12781;2
58;33;29165;2
58;34;15;2
58;35;15;2
58;36;15;2
58;37;15;2
58;38;15;2
58;39;15;2
58;40;15;2
58;41;42;2
58;42;42;2
58;43;42;2
58;44;42;2
58;45;42;2
58;46;0;2
58;47;0;2
58;48;0;2
58;49;0;2
58;50;0;2
58;51;0;2
58;52;0;2
58;53;0;2
58;54;0;2
58;55;0;2
58;56;0;2
58;57;0;2
58;58;0;2
58;59;0;2
58;60;0;2
58;61;0;2
58;62;0;2
58;63;0;2
58;64;0;2
58;65;0;2
58;66;0;2
58;67;0;2
58;68;0;2
58;69;0;2
58;70;0;2
58;71;0;2
58;72;0;2
58;73;0;2
58;74;0;2
58;75;0;2
58;76;0;2
58;77;0;2
58;78;0;2
58;79;0;2
59;0;0;2
59;1;0;2
59;2;0;2
59;3;42;2
59;4;42;2
59;5;42;2
59;6;42;2
59;7;42;2
59;8;13;2
59;9;13;2
59;10;13;2
59;11;21997;2
59;12;15;2
59;13;9703;2
59;14;7;2
59;15;8679;2
59;16;12775;2
59;17;12775;2
59;18;12775;2
59;19;12775;2
59;20;12775;2
59;21;7655;2
59;22;7;2
59;23;7;2
59;24;21991;2
59;25;15;2
59;26;27117;2
59;27;7661;2
59;28;13;2
59;29;13;2
59;30;15;2
59;31;15;2
59;32;15;2
59;33;15;2
59;34;15;2
59;35;15;2
59;36;15;2
59;37;15;2
59;38;15;2
59;39;15;2
59;40;15;2
59;41;42;2
59;42;42;2
59;43;42;2
59;44;42;2
59;45;42;2
59;46;0;2
59;47;0;2
59;48;0;2
59;49;0;2
59;50;0;2
59;51;0;2
59;52;0;2
59;53;0;2
59;54;0;2
59;55;0;2
59;56;0;2
59;57;0;2
59;58;0;2
59;59;0;2
59;60;0;2
59;61;0;2
59;62;0;2
59;63;0;2
59;64;0;2
59;65;0;2
59;66;0;2
59;67;0;2
59;68;0;2
59;69;0;2
59;70;0;2
59;71;0;2
59;72;0;2
59;73;0;2
59;74;0;2
59;75;0;2
59;76;0;2
59;77;0;2
59;78;0;2
59;79;0;2
60;0;0;2
60;1;0;2
60;2;0;2
60;3;42;2
60;4;42;2
60;5;42;2
60;6;42;2
60;7;42;2
60;8;8685;2
60;9;12781;2
60;10;25069;2
60;11;15;2
60;12;15;2
60;13;9703;2
60;14;6631;2
60;15;15;2
60;16;15;2
60;17;15;2
60;18;15;2
60;19;15;2
60;20;15;2
60;21;15;2
60;22;2535;2
60;23;6631;2
60;24;15;2
60;25;15;2
60;26;15;2
60;27;15;2
60;28;42;2
60;29;42;2
60;30;42;2
60;31;42;2
60;32;42;2
60;33;42;2
60;34;42;2
60;35;42;2
60;36;42;2
60;37;42;2
60;38;42;2
60;39;42;2
60;40;42;2
60;41;42;2
60;42;42;2
60;43;42;2
60;44;42;2
60;45;42;2
60;46;0;2
60;47;0;2
60;48;0;2
60;49;0;2
60;50;0;2
60;51;0;2
60;52;0;2
60;53;0;2
60;54;0;2
60;55;0;2
60;56;0;2
60;57;0;2
60;58;0;2
60;59;0;2
60;60;0;2
60;61;0;2
60;62;0;2
60;63;0;2
60;64;0;2
60;65;0;2
60;66;0;2
60;67;0;2
60;68;0;2
60;69;0;2
60;70;0;2
60;71;0;2
60;72;0;2
60;73;0;2
60;74;0;2
60;75;0;2
60;76;0;2
60;77;0;2
60;78;0;2
60;79;0;2
61;0;0;2
61;1;0;2
61;2;0;2
61;3;42;2
61;4;42;2
61;5;42;2
61;6;42;2
61;7;42;2
61;8;15;2
61;9;15;2
61;10;15;2
61;11;15;2
61;12;15;2
61;13;9703;2
61;14;11751;2
61;15;15;2
61;16;15;2
61;17;15;2
61;18;15;2
61;19;15;2
61;20;15;2
61;21;15;2
61;22;9703;2
61;23;11751;2
61;24;15;2
61;25;15;2
61;26;15;2
61;27;15;2
61;28;42;2
61;29;42;2
61;30;42;2
61;31;42;2
61;32;42;2
61;33;42;2
61;34;42;2
61;35;42;2
61;36;42;2
61;37;42;2
61;38;42;2
61;39;42;2
61;40;42;2
61;41;42;2
61;42;42;2
61;43;42;2
61;44;0;2
61;45;0;2
61;46;0;2
61;47;0;2
61;48;0;2
61;49;0;2
61;50;0;2
61;51;0;2
61;52;0;2
61;53;0;2
61;54;0;2
61;55;0;2
61;56;0;2
61;57;0;2
61;58;0;2
61;59;0;2
61;60;0;2
61;61;0;2
61;62;0;2
61;63;0;2
61;64;0;2
61;65;0;2
61;66;0;2
61;67;0;2
61;68;0;2
61;69;0;2
61;70;0;2
61;71;0;2
61;72;0;2
61;73;0;2
61;74;0;2
61;75;0;2
61;76;0;2
61;77;0;2
61;78;0;2
61;79;0;2
62;0;0;2
62;1;0;2
62;2;0;2
62;3;0;2
62;4;42;2
62;5;42;2
62;6;42;2
62;7;42;2
62;8;15;2
62;9;15;2
62;10;15;2
62;11;15;2
62;12;15;2
62;13;1511;2
62;14;11751;2
62;15;15;2
62;16;15;2
62;17;15;2
62;18;15;2
62;19;15;2
62;20;15;2
62;21;15;2
62;22;27111;2
62;23;29159;2
62;24;15;2
62;25;15;2
62;26;15;2
62;27;15;2
62;28;42;2
62;29;42;2
62;30;42;2
62;31;42;2
62;32;42;2
62;33;42;2
62;34;42;2
62;35;42;2
62;36;42;2
62;37;42;2
62;38;42;2
62;39;42;2
62;40;42;2
62;41;42;2
62;42;42;2
62;43;42;2
62;44;0;2
62;45;0;2
62;46;0;2
62;47;0;2
62;48;0;2
62;49;0;2
62;50;0;2
62;51;0;2
62;52;0;2
62;53;0;2
62;54;0;2
62;55;0;2
62;56;0;2
62;57;0;2
62;58;0;2
62;59;0;2
62;60;0;2
62;61;0;2
62;62;0;2
62;63;0;2
62;64;0;2
62;65;0;2
62;66;0;2
62;67;0;2
62;68;0;2
62;69;0;2
62;70;0;2
62;71;0;2
62;72;0;2
62;73;0;2
62;74;0;2
62;75;0;2
62;76;0;2
62;77;0;2
62;78;0;2
62;79;0;2
63;0;0;2
63;1;0;2
63;2;0;2
63;3;0;2
63;4;42;2
63;5;42;2
63;6;42;2
63;7;42;2
63;8;15;2
63;9;15;2
63;10;15;2
63;11;26087;2
63;12;3559;2
63;13;7;2
63;14;11751;2
63;15;15;2
63;16;15;2
63;17;15;2
63;18;15;2
63;19;15;2
63;20;15;2
63;21;15;2
63;22;15;2
63;23;15;2
63;24;15;2
63;25;15;2
63;26;15;2
63;27;42;2
63;28;42;2
63;29;42;2
63;30;42;2
63;31;42;2
63;32;42;2
63;33;42;2
63;34;42;2
63;35;42;2
63;36;42;2
63;37;42;2
63;38;42;2
63;39;42;2
63;40;42;2
63;41;42;2
63;42;42;2
63;43;0;2
63;44;0;2
63;45;0;2
63;46;0;2
63;47;0;2
63;48;0;2
63;49;0;2
63;50;0;2
63;51;0;2
63;52;0;2
63;53;0;2
63;54;0;2
63;55;0;2
63;56;0;2
63;57;0;2
63;58;0;2
63;59;0;2
63;60;0;2
63;61;0;2
63;62;0;2
63;63;0;2
63;64;0;2
63;65;0;2
63;66;0;2
63;67;0;2
63;68;0;2
63;69;0;2
63;70;0;2
63;71;0;2
63;72;0;2
63;73;0;2
63;74;0;2
63;75;0;2
63;76;0;2
63;77;0;2
63;78;0;2
63;79;0;2
64;0;0;2
64;1;0;2
64;2;0;2
64;3;0;2
64;4;42;2
64;5;42;2
64;6;42;2
64;7;42;2
64;8;15;2
64;9;15;2
64;10;15;2
64;11;1511;2
64;12;7;2
64;13;8679;2
64;14;29159;2
64;15;15;2
64;16;15;2
64;17;15;2
64;18;15;2
64;19;15;2
64;20;19949;2
64;21;10733;2
64;22;28141;2
64;23;15;2
64;24;15;2
64;25;15;2
64;26;15;2
64;27;42;2
64;28;42;2
64;29;42;2
64;30;42;2
64;31;42;2
64;32;42;2
64;33;42;2
64;34;42;2
64;35;42;2
64;36;42;2
64;37;42;2
64;38;42;2
64;39;0;2
64;40;0;2
64;41;0;2
64;42;0;2
64;43;0;2
64;44;0;2
64;45;0;2
64;46;0;2
64;47;0;2
64;48;0;2
64;49;0;2
64;50;0;2
64;51;0;2
64;52;0;2
64;53;0;2
64;54;0;2
64;55;0;2
64;56;0;2
64;57;0;2
64;58;0;2
64;59;0;2
64;60;0;2
64;61;0;2
64;62;0;2
64;63;0;2
64;64;0;2
64;65;0;2
64;66;0;2
64;67;0;2
64;68;0;2
64;69;0;2
64;70;0;2
64;71;0;2
64;72;0;2
64;73;0;2
64;74;0;2
64;75;0;2
64;76;0;2
64;77;0;2
64;78;0;2
64;79;0;2
65;0;0;2
65;1;0;2
65;2;0;2
65;3;0;2
65;4;42;2
65;5;42;2
65;6;42;2
65;7;42;2
65;8;4577;2
65;9;10721;2
65;10;3553;2
65;11;23591;2
65;12;6631;2
65;13;15;2
65;14;15;2
65;15;15;2
65;16;15;2
65;17;15;2
65;18;15;2
65;19;17901;2
65;20;13;2
65;21;13;2
65;22;11757;2
65;23;15;2
65;24;15;2
65;25;15;2
65;26;15;2
65;27;42;2
65;28;42;2
65;29;42;2
65;30;42;2
65;31;42;2
65;32;42;2
65;33;42;2
65;34;42;2
65;35;42;2
65;36;42;2
65;37;42;2
65;38;42;2
65;39;0;2
65;40;0;2
65;41;0;2
65;42;0;2
65;43;0;2
65;44;0;2
65;45;0;2
65;46;0;2
65;47;0;2
65;48;0;2
65;49;0;2
65;50;0;2
65;51;0;2
65;52;0;2
65;53;0;2
65;54;0;2
65;55;0;2
65;56;0;2
65;57;0;2
65;58;0;2
65;59;0;2
65;60;0;2
65;61;0;2
65;62;0;2
65;63;0;2
65;64;0;2
65;65;0;2
65;66;0;2
65;67;0;2
65;68;0;2
65;69;0;2
65;70;0;2
65;71;0;2
65;72;0;2
65;73;0;2
65;74;0;2
65;75;0;2
65;76;0;2
65;77;0;2
65;78;0;2
65;79;0;2
66;0;0;2
66;1;0;2
66;2;0;2
66;3;0;2
66;4;42;2
66;5;42;2
66;6;42;2
66;7;42;2
66;8;1;2
66;9;1;2
66;10;1;2
66;11;1;2
66;12;5601;2
66;13;15;2
66;14;15;2
66;15;15;2
66;16;15;2
66;17;15;2
66;18;15;2
66;19;9709;2
66;20;13;2
66;21;13;2
66;22;11757;2
66;23;15;2
66;24;15;2
66;25;15;2
66;26;15;2
66;27;42;2
66;28;42;2
66;29;42;2
66;30;42;2
66;31;42;2
66;32;42;2
66;33;42;2
66;34;42;2
66;35;42;2
66;36;42;2
66;37;42;2
66;38;42;2
66;39;0;2
66;40;0;2
66;41;0;2
66;42;0;2
66;43;0;2
66;44;0;2
66;45;0;2
66;46;0;2
66;47;0;2
66;48;0;2
66;49;0;2
66;50;0;2
66;51;0;2
66;52;0;2
66;53;0;2
66;54;0;2
66;55;0;2
66;56;0;2
66;57;0;2
66;58;0;2
66;59;0;2
66;60;0;2
66;61;0;2
66;62;0;2
66;63;0;2
66;64;0;2
66;65;0;2
66;66;0;2
66;67;0;2
66;68;0;2
66;69;0;2
66;70;0;2
66;71;0;2
66;72;0;2
66;73;0;2
66;74;0;2
66;75;0;2
66;76;0;2
66;77;0;2
66;78;0;2
66;79;0;2
67;0;0;2
67;1;0;2
67;2;0;2
67;3;0;2
67;4;42;2
67;5;42;2
67;6;42;2
67;7;42;2
67;8;1;2
67;9;1;2
67;10;1;2
67;11;1;2
67;12;1;2
67;13;4577;2
67;14;10721;2
67;15;10721;2
67;16;28129;2
67;17;15;2
67;18;15;2
67;19;9709;2
67;20;13;2
67;21;13;2
67;22;21997;2
67;23;15;2
67;24;15;2
67;25;15;2
67;26;15;2
67;27;42;2
67;28;42;2
67;29;42;2
67;30;42;2
67;31;42;2
67;32;42;2
67;33;42;2
67;34;42;2
67;35;42;2
67;36;42;2
67;37;42;2
67;38;42;2
67;39;0;2
67;40;0;2
67;41;0;2
67;42;0;2
67;43;0;2
67;44;0;2
67;45;0;2
67;46;0;2
67;47;0;2
67;48;0;2
67;49;0;2
67;50;0;2
67;51;0;2
67;52;0;2
67;53;0;2
67;54;0;2
67;55;0;2
67;56;0;2
67;57;0;2
67;58;0;2
67;59;0;2
67;60;0;2
67;61;0;2
67;62;0;2
67;63;0;2
67;64;0;2
67;65;0;2
67;66;0;2
67;67;0;2
67;68;0;2
67;69;0;2
67;70;0;2
67;71;0;2
67;72;0;2
67;73;0;2
67;74;0;2
67;75;0;2
67;76;0;2
67;77;0;2
67;78;0;2
67;79;0;2
68;0;0;2
68;1;0;2
68;2;0;2
68;3;0;2
68;4;42;2
68;5;42;2
68;6;42;2
68;7;42;2
68;8;8673;2
68;9;7649;2
68;10;1;2
68;11;1;2
68;12;1;2
68;13;1;2
68;14;1;2
68;15;1;2
68;16;11745;2
68;17;15;2
68;18;15;2
68;19;18925;2
68;20;13;2
68;21;13;2
68;22;15;2
68;23;15;2
68;24;15;2
68;25;15;2
68;26;15;2
68;27;42;2
68;28;42;2
68;29;42;2
68;30;42;2
68;31;42;2
68;32;42;2
68;33;42;2
68;34;42;2
68;35;42;2
68;36;42;2
68;37;42;2
68;38;42;2
68;39;0;2
68;40;0;2
68;41;0;2
68;42;0;2
68;43;0;2
68;44;0;2
68;45;0;2
68;46;0;2
68;47;0;2
68;48;0;2
68;49;0;2
68;50;0;2
68;51;0;2
68;52;0;2
68;53;0;2
68;54;0;2
68;55;0;2
68;56;0;2
68;57;0;2
68;58;0;2
68;59;0;2
68;60;0;2
68;61;0;2
68;62;0;2
68;63;0;2
68;64;0;2
68;65;0;2
68;66;0;2
68;67;0;2
68;68;0;2
68;69;0;2
68;70;0;2
68;71;0;2
68;72;0;2
68;73;0;2
68;74;0;2
68;75;0;2
68;76;0;2
68;77;0;2
68;78;0;2
68;79;0;2
69;0;0;2
69;1;0;2
69;2;0;2
69;3;0;2
69;4;42;2
69;5;42;2
69;6;42;2
69;7;42;2
69;8;15;2
69;9;15;2
69;10;1;2
69;11;1;2
69;12;1;2
69;13;1;2
69;14;1;2
69;15;1;2
69;16;5601;2
69;17;15;2
69;18;15;2
69;19;15;2
69;20;42;2
69;21;42;2
69;22;42;2
69;23;42;2
69;24;42;2
69;25;42;2
69;26;42;2
69;27;42;2
69;28;42;2
69;29;42;2
69;30;0;2
69;31;0;2
69;32;0;2
69;33;0;2
69;34;0;2
69;35;0;2
69;36;0;2
69;37;0;2
69;38;0;2
69;39;0;2
69;40;0;2
69;41;0;2
69;42;0;2
69;43;0;2
69;44;0;2
69;45;0;2
69;46;0;2
69;47;0;2
69;48;0;2
69;49;0;2
69;50;0;2
69;51;0;2
69;52;0;2
69;53;0;2
69;54;0;2
69;55;0;2
69;56;0;2
69;57;0;2
69;58;0;2
69;59;0;2
69;60;0;2
69;61;0;2
69;62;0;2
69;63;0;2
69;64;0;2
69;65;0;2
69;66;0;2
69;67;0;2
69;68;0;2
69;69;0;2
69;70;0;2
69;71;0;2
69;72;0;2
69;73;0;2
69;74;0;2
69;75;0;2
69;76;0;2
69;77;0;2
69;78;0;2
69;79;0;2
70;0;0;2
70;1;0;2
70;2;0;2
70;3;0;2
70;4;42;2
70;5;42;2
70;6;42;2
70;7;42;2
70;8;42;2
70;9;42;2
70;10;42;2
70;11;42;2
70;12;42;2
70;13;42;2
70;14;42;2
70;15;42;2
70;16;42;2
70;17;42;2
70;18;42;2
70;19;42;2
70;20;42;2
70;21;42;2
70;22;42;2
70;23;42;2
70;24;42;2
70;25;42;2
70;26;42;2
70;27;42;2
70;28;0;2
70;29;0;2
70;30;0;2
70;31;0;2
70;32;0;2
70;33;0;2
70;34;0;2
70;35;0;2
70;36;0;2
70;37;0;2
70;38;0;2
70;39;0;2
70;40;0;2
70;41;0;2
70;42;0;2
70;43;0;2
70;44;0;2
70;45;0;2
70;46;0;2
70;47;0;2
70;48;0;2
70;49;0;2
70;50;0;2
70;51;0;2
70;52;0;2
70;53;0;2
70;54;0;2
70;55;0;2
70;56;0;2
70;57;0;2
70;58;0;2
70;59;0;2
70;60;0;2
70;61;0;2
70;62;0;2
70;63;0;2
70;64;0;2
70;65;0;2
70;66;0;2
70;67;0;2
70;68;0;2
70;69;0;2
70;70;0;2
70;71;0;2
70;72;0;2
70;73;0;2
70;74;0;2
70;75;0;2
70;76;0;2
70;77;0;2
70;78;0;2
70;79;0;2
71;0;0;2
71;1;0;2
71;2;0;2
71;3;0;2
71;4;42;2
71;5;42;2
71;6;42;2
71;7;42;2
71;8;42;2
71;9;42;2
71;10;42;2
71;11;42;2
71;12;42;2
71;13;42;2
71;14;42;2
71;15;42;2
71;16;42;2
71;17;42;2
71;18;42;2
71;19;42;2
71;20;42;2
71;21;42;2
71;22;42;2
71;23;42;2
71;24;42;2
71;25;42;2
71;26;42;2
71;27;42;2
71;28;0;2
71;29;0;2
71;30;0;2
71;31;0;2
71;32;0;2
71;33;0;2
71;34;0;2
71;35;0;2
71;36;0;2
71;37;0;2
71;38;0;2
71;39;0;2
71;40;0;2
71;41;0;2
71;42;0;2
71;43;0;2
71;44;0;2
71;45;0;2
71;46;0;2
71;47;0;2
71;48;0;2
71;49;0;2
71;50;0;2
71;51;0;2
71;52;0;2
71;53;0;2
71;54;0;2
71;55;0;2
71;56;0;2
71;57;0;2
71;58;0;2
71;59;0;2
71;60;0;2
71;61;0;2
71;62;0;2
71;63;0;2
71;64;0;2
71;65;0;2
71;66;0;2
71;67;0;2
71;68;0;2
71;69;0;2
71;70;0;2
71;71;0;2
71;72;0;2
71;73;0;2
71;74;0;2
71;75;0;2
71;76;0;2
71;77;0;2
71;78;0;2
71;79;0;2
72;0;0;2
72;1;0;2
72;2;0;2
72;3;0;2
72;4;42;2
72;5;42;2
72;6;42;2
72;7;42;2
72;8;42;2
72;9;42;2
72;10;42;2
72;11;42;2
72;12;42;2
72;13;42;2
72;14;42;2
72;15;42;2
72;16;42;2
72;17;42;2
72;18;42;2
72;19;42;2
72;20;42;2
72;21;42;2
72;22;42;2
72;23;42;2
72;24;0;2
72;25;42;2
72;26;42;2
72;27;42;2
72;28;0;2
72;29;0;2
72;30;0;2
72;31;0;2
72;32;0;2
72;33;0;2
72;34;0;2
72;35;0;2
72;36;0;2
72;37;0;2
72;38;0;2
72;39;0;2
72;40;0;2
72;41;0;2
72;42;0;2
72;43;0;2
72;44;0;2
72;45;0;2
72;46;0;2
72;47;0;2
72;48;0;2
72;49;0;2
72;50;0;2
72;51;0;2
72;52;0;2
72;53;0;2
72;54;0;2
72;55;0;2
72;56;0;2
72;57;0;2
72;58;0;2
72;59;0;2
72;60;0;2
72;61;0;2
72;62;0;2
72;63;0;2
72;64;0;2
72;65;0;2
72;66;0;2
72;67;0;2
72;68;0;2
72;69;0;2
72;70;0;2
72;71;0;2
72;72;0;2
72;73;0;2
72;74;0;2
72;75;0;2
72;76;0;2
72;77;0;2
72;78;0;2
72;79;0;2
73;0;0;2
73;1;0;2
73;2;0;2
73;3;0;2
73;4;42;2
73;5;42;2
73;6;42;2
73;7;42;2
73;8;42;2
73;9;42;2
73;10;42;2
73;11;42;2
73;12;42;2
73;13;42;2
73;14;42;2
73;15;42;2
73;16;0;2
73;17;42;2
73;18;42;2
73;19;42;2
73;20;42;2
73;21;42;2
73;22;42;2
73;23;42;2
73;24;0;2
73;25;0;2
73;26;0;2
73;27;0;2
73;28;0;2
73;29;0;2
73;30;0;2
73;31;0;2
73;32;0;2
73;33;0;2
73;34;0;2
73;35;0;2
73;36;0;2
73;37;0;2
73;38;0;2
73;39;0;2
73;40;0;2
73;41;0;2
73;42;0;2
73;43;0;2
73;44;0;2
73;45;0;2
73;46;0;2
73;47;0;2
73;48;0;2
73;49;0;2
73;50;0;2
73;51;0;2
73;52;0;2
73;53;0;2
73;54;0;2
73;55;0;2
73;56;0;2
73;57;0;2
73;58;0;2
73;59;0;2
73;60;0;2
73;61;0;2
73;62;0;2
73;63;0;2
73;64;0;2
73;65;0;2
73;66;0;2
73;67;0;2
73;68;0;2
73;69;0;2
73;70;0;2
73;71;0;2
73;72;0;2
73;73;0;2
73;74;0;2
73;75;0;2
73;76;0;2
73;77;0;2
73;78;0;2
73;79;0;2
74;0;0;2
74;1;0;2
74;2;0;2
74;3;0;2
74;4;0;2
74;5;0;2
74;6;0;2
74;7;0;2
74;8;0;2
74;9;0;2
74;10;0;2
74;11;0;2
74;12;0;2
74;13;0;2
74;14;0;2
74;15;0;2
74;16;0;2
74;17;0;2
74;18;0;2
74;19;0;2
74;20;0;2
74;21;0;2
74;22;0;2
74;23;0;2
74;24;0;2
74;25;0;2
74;26;0;2
74;27;0;2
74;28;0;2
74;29;0;2
74;30;0;2
74;31;0;2
74;32;0;2
74;33;0;2
74;34;0;2
74;35;0;2
74;36;0;2
74;37;0;2
74;38;0;2
74;39;0;2
74;40;0;2
74;41;0;2
74;42;0;2
74;43;0;2
74;44;0;2
74;45;0;2
74;46;0;2
74;47;0;2
74;48;0;2
74;49;0;2
74;50;0;2
74;51;0;2
74;52;0;2
74;53;0;2
74;54;0;2
74;55;0;2
74;56;0;2
74;57;0;2
74;58;0;2
74;59;0;2
74;60;0;2
74;61;0;2
74;62;0;2
74;63;0;2
74;64;0;2
74;65;0;2
74;66;0;2
74;67;0;2
74;68;0;2
74;69;0;2
74;70;0;2
74;71;0;2
74;72;0;2
74;73;0;2
74;74;0;2
74;75;0;2
74;76;0;2
74;77;0;2
74;78;0;2
74;79;0;2
75;0;0;2
75;1;0;2
75;2;0;2
75;3;0;2
75;4;0;2
75;5;0;2
75;6;0;2
75;7;0;2
75;8;0;2
75;9;0;2
75;10;0;2
75;11;0;2
75;12;0;2
75;13;0;2
75;14;0;2
75;15;0;2
75;16;0;2
75;17;0;2
75;18;0;2
75;19;0;2
75;20;0;2
75;21;0;2
75;22;0;2
75;23;0;2
75;24;0;2
75;25;0;2
75;26;0;2
75;27;0;2
75;28;0;2
75;29;0;2
75;30;0;2
75;31;0;2
75;32;0;2
75;33;0;2
75;34;0;2
75;35;0;2
75;36;0;2
75;37;0;2
75;38;0;2
75;39;0;2
75;40;0;2
75;41;0;2
75;42;0;2
75;43;0;2
75;44;0;2
75;45;0;2
75;46;0;2
75;47;0;2
75;48;0;2
75;49;0;2
75;50;0;2
75;51;0;2
75;52;0;2
75;53;0;2
75;54;0;2
75;55;0;2
75;56;0;2
75;57;0;2
75;58;0;2
75;59;0;2
75;60;0;2
75;61;0;2
75;62;0;2
75;63;0;2
75;64;0;2
75;65;0;2
75;66;0;2
75;67;0;2
75;68;0;2
75;69;0;2
75;70;0;2
75;71;0;2
75;72;0;2
75;73;0;2
75;74;0;2
75;75;0;2
75;76;0;2
75;77;0;2
75;78;0;2
75;79;0;2
76;0;0;2
76;1;0;2
76;2;0;2
76;3;0;2
76;4;0;2
76;5;0;2
76;6;0;2
76;7;0;2
76;8;0;2
76;9;0;2
76;10;0;2
76;11;0;2
76;12;0;2
76;13;0;2
76;14;0;2
76;15;0;2
76;16;0;2
76;17;0;2
76;18;0;2
76;19;0;2
76;20;0;2
76;21;0;2
76;22;0;2
76;23;0;2
76;24;0;2
76;25;0;2
76;26;0;2
76;27;0;2
76;28;0;2
76;29;0;2
76;30;0;2
76;31;0;2
76;32;0;2
76;33;0;2
76;34;0;2
76;35;0;2
76;36;0;2
76;37;0;2
76;38;0;2
76;39;0;2
76;40;0;2
76;41;0;2
76;42;0;2
76;43;0;2
76;44;0;2
76;45;0;2
76;46;0;2
76;47;0;2
76;48;0;2
76;49;0;2
76;50;0;2
76;51;0;2
76;52;0;2
76;53;0;2
76;54;0;2
76;55;0;2
76;56;0;2
76;57;0;2
76;58;0;2
76;59;0;2
76;60;0;2
76;61;0;2
76;62;0;2
76;63;0;2
76;64;0;2
76;65;0;2
76;66;0;2
76;67;0;2
76;68;0;2
76;69;0;2
76;70;0;2
76;71;0;2
76;72;0;2
76;73;0;2
76;74;0;2
76;75;0;2
76;76;0;2
76;77;0;2
76;78;0;2
76;79;0;2
77;0;0;2
77;1;0;2
77;2;0;2
77;3;0;2
77;4;0;2
77;5;0;2
77;6;0;2
77;7;0;2
77;8;0;2
77;9;0;2
77;10;0;2
77;11;0;2
77;12;0;2
77;13;0;2
77;14;0;2
77;15;0;2
77;16;0;2
77;17;0;2
77;18;0;2
77;19;0;2
77;20;0;2
77;21;0;2
77;22;0;2
77;23;0;2
77;24;0;2
77;25;0;2
77;26;0;2
77;27;0;2
77;28;0;2
77;29;0;2
77;30;0;2
77;31;0;2
77;32;0;2
77;33;0;2
77;34;0;2
77;35;0;2
77;36;0;2
77;37;0;2
77;38;0;2
77;39;0;2
77;40;0;2
77;41;0;2
77;42;0;2
77;43;0;2
77;44;0;2
77;45;0;2
77;46;0;2
77;47;0;2
77;48;0;2
77;49;0;2
77;50;0;2
77;51;0;2
77;52;0;2
77;53;0;2
77;54;0;2
77;55;0;2
77;56;0;2
77;57;0;2
77;58;0;2
77;59;0;2
77;60;0;2
77;61;0;2
77;62;0;2
77;63;0;2
77;64;0;2
77;65;0;2
77;66;0;2
77;67;0;2
77;68;0;2
77;69;0;2
77;70;0;2
77;71;0;2
77;72;0;2
77;73;0;2
77;74;0;2
77;75;0;2
77;76;0;2
77;77;0;2
77;78;0;2
77;79;0;2
78;0;0;2
78;1;0;2
78;2;0;2
78;3;0;2
78;4;0;2
78;5;0;2
78;6;0;2
78;7;0;2
78;8;0;2
78;9;0;2
78;10;0;2
78;11;0;2
78;12;0;2
78;13;0;2
78;14;0;2
78;15;0;2
78;16;0;2
78;17;0;2
78;18;0;2
78;19;0;2
78;20;0;2
78;21;0;2
78;22;0;2
78;23;0;2
78;24;0;2
78;25;0;2
78;26;0;2
78;27;0;2
78;28;0;2
78;29;0;2
78;30;0;2
78;31;0;2
78;32;0;2
78;33;0;2
78;34;0;2
78;35;0;2
78;36;0;2
78;37;0;2
78;38;0;2
78;39;0;2
78;40;0;2
78;41;0;2
78;42;0;2
78;43;0;2
78;44;0;2
78;45;0;2
78;46;0;2
78;47;0;2
78;48;0;2
78;49;0;2
78;50;0;2
78;51;0;2
78;52;0;2
78;53;0;2
78;54;0;2
78;55;0;2
78;56;0;2
78;57;0;2
78;58;0;2
78;59;0;2
78;60;0;2
78;61;0;2
78;62;0;2
78;63;0;2
78;64;0;2
78;65;0;2
78;66;0;2
78;67;0;2
78;68;0;2
78;69;0;2
78;70;0;2
78;71;0;2
78;72;0;2
78;73;0;2
78;74;0;2
78;75;0;2
78;76;0;2
78;77;0;2
78;78;0;2
78;79;0;2
79;0;0;2
79;1;0;2
79;2;0;2
79;3;0;2
79;4;0;2
79;5;0;2
79;6;0;2
79;7;0;2
79;8;0;2
79;9;0;2
79;10;0;2
79;11;0;2
79;12;0;2
79;13;0;2
79;14;0;2
79;15;0;2
79;16;0;2
79;17;0;2
79;18;0;2
79;19;0;2
79;20;0;2
79;21;0;2
79;22;0;2
79;23;0;2
79;24;0;2
79;25;0;2
79;26;0;2
79;27;0;2
79;28;0;2
79;29;0;2
79;30;0;2
79;31;0;2
79;32;0;2
79;33;0;2
79;34;0;2
79;35;0;2
79;36;0;2
79;37;0;2
79;38;0;2
79;39;0;2
79;40;0;2
79;41;0;2
79;42;0;2
79;43;0;2
79;44;0;2
79;45;0;2
79;46;0;2
79;47;0;2
79;48;0;2
79;49;0;2
79;50;0;2
79;51;0;2
79;52;0;2
79;53;0;2
79;54;0;2
79;55;0;2
79;56;0;2
79;57;0;2
79;58;0;2
79;59;0;2
79;60;0;2
79;61;0;2
79;62;0;2
79;63;0;2
79;64;0;2
79;65;0;2
79;66;0;2
79;67;0;2
79;68;0;2
79;69;0;2
79;70;0;2
79;71;0;2
79;72;0;2
79;73;0;2
79;74;0;2
79;75;0;2
79;76;0;2
79;77;0;2
79;78;0;2
79;79;0;2
