0;1;1245;333
0;2;620;333
0;3;620;333
0;8;3098;333
0;9;1245;333
1;1;627;333
1;2;618;333
1;3;618;333
2;1;629;333
2;4;1251;333
3;1;628;333
4;4;1250;333
4;34;915;333
4;35;1245;333
4;37;627;333
4;38;629;333
4;43;1250;333
4;47;1246;333
5;1;1273;333
5;4;1273;333
5;37;626;333
5;38;628;333
5;47;1247;333
6;1;3098;333
6;4;1251;333
6;6;1251;333
6;47;1246;333
7;1;3098;333
7;28;3098;333
7;29;3100;333
7;30;915;333
7;32;1246;333
7;48;627;333
7;49;629;333
7;50;675;333
8;6;1273;333
8;28;1250;333
8;29;915;333
8;48;626;333
8;49;628;333
8;51;672;333
9;1;621;333
9;4;3098;333
9;20;627;333
9;21;3098;333
9;22;1276;333
9;23;3100;333
9;24;1250;333
9;26;232;333
9;50;675;333
9;51;672;333
10;1;620;333
10;3;3100;333
10;4;915;333
10;20;626;333
10;22;1245;333
10;24;1245;333
10;26;1246;333
10;41;675;333
10;42;675;333
10;43;675;333
10;50;672;333
11;1;619;333
11;2;1245;333
11;36;675;333
11;37;675;333
11;38;675;333
11;39;675;333
11;40;675;333
11;41;672;333
11;44;675;333
11;44;672;333
11;45;675;333
11;46;675;333
11;47;675;333
11;48;675;333
11;49;675;333
11;50;672;333
12;1;619;333
12;18;1250;333
12;32;675;333
12;33;675;333
12;34;675;333
12;35;675;333
12;36;672;333
13;1;619;333
13;18;232;333
13;32;672;333
14;1;619;333
14;15;232;333
14;16;3098;333
14;27;675;333
14;28;675;333
14;30;675;333
14;31;675;333
14;32;672;333
15;1;619;333
15;14;3100;333
15;15;629;333
15;27;672;333
15;29;675;333
15;29;672;333
15;30;672;333
16;1;619;333
16;10;3100;333
16;11;1276;333
16;12;1276;333
16;15;628;333
16;21;675;333
16;22;675;333
16;23;675;333
16;24;675;333
16;25;675;333
16;26;675;333
16;27;672;333
17;1;619;333
17;10;1254;333
17;21;672;333
18;1;619;333
18;16;675;333
18;17;675;333
18;18;675;333
18;19;675;333
18;20;675;333
18;21;672;333
19;1;619;333
19;5;1273;333
19;6;3100;333
19;7;3098;333
19;8;627;333
19;16;672;333
20;1;620;333
20;3;1251;333
20;7;233;333
20;8;626;333
20;16;672;333
21;0;232;333
21;1;618;333
21;4;1254;333
21;12;675;333
21;13;675;333
21;14;675;333
21;15;675;333
21;16;672;333
22;0;1245;333
22;12;672;333
23;0;915;333
23;12;672;333
24;0;1254;333
24;8;675;333
24;9;675;333
24;10;675;333
24;11;675;333
24;12;672;333
25;0;914;333
25;1;1250;333
25;8;672;333
26;0;233;333
26;8;672;333
27;0;1251;333
27;4;675;333
27;5;675;333
27;6;675;333
27;7;675;333
27;8;672;333
28;0;1250;333
28;1;1276;333
28;4;672;333
29;0;3100;333
29;1;1278;333
29;4;672;333
30;0;3100;333
30;1;1276;333
30;4;672;333
31;0;1257;333
31;4;672;333
31;48;675;333
31;49;675;333
31;50;675;333
31;51;675;333
31;52;675;333
32;0;1278;333
32;4;672;333
32;48;672;333
32;52;3097;333
33;0;1245;333
33;4;672;333
33;48;672;333
33;52;3097;333
34;0;1254;333
34;4;672;333
34;4;675;333
34;5;675;333
34;6;675;333
34;7;675;333
34;8;675;333
34;44;675;333
34;45;675;333
34;46;675;333
34;47;675;333
34;48;672;333
34;52;1251;333
35;0;1250;333
35;9;672;333
35;44;672;333
36;0;1254;333
36;9;672;333
36;44;672;333
36;52;3099;333
37;0;914;333
37;8;675;333
37;9;672;333
37;44;672;333
37;51;3099;333
38;0;3100;333
38;8;672;333
38;41;675;333
38;42;675;333
38;43;675;333
38;44;672;333
38;50;1251;333
38;51;3099;333
39;0;3100;333
39;1;915;333
39;8;672;333
39;41;672;333
39;50;627;333
39;51;233;333
40;0;232;333
40;1;1276;333
40;4;675;333
40;5;675;333
40;6;675;333
40;7;675;333
40;8;672;333
40;37;675;333
40;38;675;333
40;39;675;333
40;40;675;333
40;41;672;333
40;47;3099;333
40;48;3099;333
40;49;3099;333
40;50;626;333
40;51;628;333
41;0;1273;333
41;1;1251;333
41;4;672;333
41;37;672;333
41;47;3097;333
42;0;915;333
42;4;672;333
42;37;672;333
42;46;233;333
42;47;3097;333
43;0;914;333
43;4;672;333
43;35;675;333
43;36;675;333
43;37;672;333
43;42;1254;333
43;44;3097;333
43;45;1257;333
43;46;3099;333
43;47;1254;333
44;0;1254;333
44;4;672;333
44;4;675;333
44;5;675;333
44;35;672;333
44;42;627;333
44;43;629;333
45;0;232;333
45;1;1273;333
45;6;672;333
45;33;675;333
45;34;675;333
45;35;672;333
45;43;628;333
46;0;232;333
46;6;672;333
46;33;672;333
47;0;1254;333
47;4;675;333
47;5;675;333
47;6;672;333
47;33;672;333
47;38;1257;333
48;0;233;333
48;1;233;333
48;4;672;333
48;33;672;333
48;40;3097;333
49;0;915;333
49;1;1251;333
49;4;672;333
49;29;675;333
49;30;675;333
49;31;675;333
49;32;675;333
49;33;672;333
49;39;1254;333
49;40;1254;333
50;0;3100;333
50;4;672;333
50;29;672;333
51;0;914;333
51;4;672;333
51;29;672;333
52;0;233;333
52;1;1278;333
52;4;672;333
52;29;672;333
53;0;1251;333
53;1;1250;333
53;4;672;333
53;4;675;333
53;5;675;333
53;6;675;333
53;7;675;333
53;26;675;333
53;27;675;333
53;28;675;333
53;29;672;333
54;0;1273;333
54;1;1273;333
54;8;672;333
54;26;672;333
55;0;1250;333
55;8;672;333
55;26;672;333
55;37;1257;333
56;0;1245;333
56;8;672;333
56;8;675;333
56;9;675;333
56;10;675;333
56;26;672;333
56;35;627;333
56;36;629;333
56;37;3098;333
57;0;1250;333
57;1;1273;333
57;11;672;333
57;11;675;333
57;12;675;333
57;23;675;333
57;24;675;333
57;25;675;333
57;26;672;333
57;35;626;333
57;36;628;333
58;0;232;333
58;13;672;333
58;22;677;333
58;33;1254;333
58;36;1257;333
58;54;1273;333
58;55;1273;333
58;56;3097;333
59;0;233;333
59;13;672;333
59;13;675;333
59;14;675;333
59;15;675;333
59;16;675;333
59;18;675;333
59;19;675;333
59;20;675;333
59;21;675;333
59;22;672;333
59;32;1257;333
59;33;3098;333
59;54;1254;333
59;59;1276;333
60;0;1276;333
60;2;1276;333
60;17;672;333
60;17;675;333
60;18;672;333
60;32;3099;333
60;33;3098;333
60;54;1276;333
60;59;3097;333
61;0;1250;333
61;1;1254;333
61;31;3099;333
61;54;1254;333
61;59;3099;333
62;0;233;333
62;4;1251;333
62;31;233;333
62;44;1276;333
62;45;3097;333
62;48;3099;333
62;51;1254;333
62;52;915;333
62;53;1254;333
62;59;1245;333
63;0;914;333
63;1;1251;333
63;42;1254;333
63;43;3099;333
63;58;3099;333
63;59;915;333
64;0;1246;333
64;3;1273;333
64;25;1276;333
64;29;614;333
64;30;616;333
64;31;615;333
64;32;615;333
64;33;615;333
64;34;615;333
64;35;615;333
64;36;615;333
64;37;615;333
64;38;615;333
64;39;615;333
64;40;615;333
64;41;615;333
64;42;3099;333
64;42;615;333
64;43;616;333
64;44;617;333
64;50;3099;333
64;51;3097;333
64;57;3097;333
64;58;1246;333
65;0;1245;333
65;2;1245;333
65;22;914;333
65;28;914;333
65;29;915;333
65;30;914;333
65;31;1254;333
65;42;1250;333
65;43;1245;333
65;44;1250;333
65;45;914;333
65;46;232;333
65;47;1273;333
65;47;3097;333
65;48;914;333
65;49;1276;333
65;50;1245;333
65;51;1246;333
65;52;1276;333
65;52;3099;333
65;53;1273;333
65;54;1276;333
65;55;1273;333
65;56;1246;333
65;57;1247;333
65;58;232;333
66;0;1246;333
66;1;3099;333
66;2;915;333
66;4;1254;333
66;7;1276;333
66;8;3098;333
66;12;914;333
66;15;3098;333
66;20;3099;333
66;22;1273;333
66;24;1257;333
66;26;1251;333
67;0;3098;333
67;2;1254;333
67;2;3098;333
67;5;1250;333
67;6;3098;333
67;8;1278;333
67;10;1250;333
67;14;914;333
67;16;1250;333
67;18;1276;333
67;19;1245;333
67;20;1257;333
67;24;3098;333
67;25;1254;333
67;26;1257;333
67;27;1251;333
68;0;3098;333
68;1;3099;333
68;2;1245;333
68;3;1276;333
68;4;1276;333
68;5;1273;333
68;6;1246;333
68;7;1276;333
68;8;1276;333
68;9;914;333
68;10;1273;333
68;10;3099;333
68;11;1273;333
68;12;1278;333
68;13;1245;333
68;14;1257;333
68;14;3099;333
68;15;1245;333
68;16;915;333
68;17;1257;333
68;17;3099;333
68;18;1251;333
68;19;1254;333
68;20;233;333
68;21;1246;333
68;21;3098;333
68;22;1254;333
68;23;1251;333
68;23;3099;333
