1;31;287;333
1;32;287;333
1;33;287;333
1;34;287;333
1;35;287;333
1;36;287;333
1;37;287;333
1;38;287;333
1;39;287;333
1;40;287;333
1;41;287;333
1;42;287;333
1;43;287;333
1;44;287;333
1;45;287;333
1;45;287;333
1;46;287;333
1;47;287;333
1;48;287;333
1;49;287;333
1;50;287;333
1;51;287;333
1;52;287;333
1;53;287;333
1;54;287;333
1;55;287;333
1;56;287;333
1;57;287;333
1;58;287;333
1;65;287;333
2;31;287;333
2;32;287;333
2;45;287;333
2;46;287;333
2;47;287;333
2;48;287;333
2;49;287;333
2;50;287;333
2;51;287;333
2;52;287;333
2;53;287;333
2;54;287;333
2;55;287;333
2;56;287;333
2;57;287;333
2;58;287;333
2;65;626;333
2;65;425;333
2;66;3099;333
2;66;3094;333
2;66;3095;333
2;66;3101;333
2;66;420;333
2;66;425;333
2;67;3097;333
2;67;3094;333
2;67;3096;333
3;9;287;333
3;10;287;333
3;11;287;333
3;12;287;333
3;13;287;333
3;14;287;333
3;15;287;333
3;16;287;333
3;17;287;333
3;18;287;333
3;19;287;333
3;20;287;333
3;31;287;333
3;32;622;333
3;33;3097;333
3;34;3094;333
3;35;3098;333
3;36;3101;333
3;37;3099;333
3;37;3094;333
3;39;915;333
3;45;3097;333
3;45;3096;333
3;58;287;333
3;65;627;333
3;66;3100;333
3;66;3095;333
3;66;3101;333
3;66;425;333
3;67;3096;333
3;67;3101;333
4;9;287;333
4;10;626;333
4;11;1278;333
4;20;287;333
4;31;287;333
4;32;628;333
4;34;3101;333
4;37;1266;333
4;37;1272;333
4;41;1266;333
4;41;3101;333
4;56;3094;333
4;58;287;333
4;65;628;333
4;65;425;333
4;66;3098;333
4;66;3095;333
4;66;2038;333
4;66;425;333
4;67;1266;333
4;67;3096;333
4;67;3101;333
4;67;3101;333
5;9;287;333
5;10;622;333
5;12;2832;333
5;16;66;333
5;18;1245;333
5;20;287;333
5;31;287;333
5;32;629;333
5;33;3101;333
5;33;425;333
5;34;3101;333
5;34;1245;333
5;35;627;333
5;36;623;333
5;37;635;333
5;37;629;333
5;37;628;333
5;37;407;333
5;38;635;333
5;38;403;333
5;38;3093;333
5;38;425;333
5;39;635;333
5;39;391;333
5;39;3093;333
5;40;680;333
5;41;682;333
5;42;403;333
5;42;3093;333
5;43;1278;333
5;44;3101;333
5;44;426;333
5;45;1245;333
5;46;2038;333
5;48;3098;333
5;50;3097;333
5;51;3101;333
5;51;424;333
5;52;232;333
5;52;424;333
5;53;424;333
5;54;1266;333
5;58;287;333
5;65;626;333
6;4;287;333
6;5;287;333
6;6;287;333
6;7;287;333
6;8;287;333
6;9;287;333
6;10;627;333
6;11;1272;333
6;11;3101;333
6;11;3093;333
6;13;1250;333
6;13;3101;333
6;15;3093;333
6;20;287;333
6;31;287;333
6;32;622;333
6;33;425;333
6;36;287;333
6;37;287;333
6;38;287;333
6;39;287;333
6;40;287;333
6;41;690;333
6;42;634;333
6;43;682;333
6;44;635;333
6;44;403;333
6;44;391;333
6;44;3093;333
6;45;635;333
6;45;627;333
6;46;623;333
6;47;626;333
6;48;627;333
6;49;597;333
6;49;3101;333
6;49;3095;333
6;50;598;333
6;51;627;333
6;52;629;333
6;53;627;333
6;54;629;333
6;58;287;333
6;65;622;333
6;66;425;333
6;67;232;333
6;67;2038;333
6;67;3101;333
7;4;287;333
7;5;287;333
7;9;287;333
7;10;629;333
7;11;628;333
7;12;600;333
7;12;627;333
7;13;623;333
7;14;628;333
7;15;629;333
7;16;629;333
7;17;3101;333
7;20;287;333
7;31;287;333
7;32;629;333
7;33;425;333
7;36;287;333
7;37;287;333
7;38;287;333
7;39;287;333
7;40;287;333
7;41;287;333
7;42;287;333
7;43;287;333
7;44;287;333
7;45;287;333
7;46;287;333
7;47;287;333
7;48;287;333
7;49;287;333
7;50;287;333
7;51;287;333
7;52;287;333
7;53;287;333
7;54;599;333
7;55;2856;333
7;58;287;333
7;59;287;333
7;60;287;333
7;61;287;333
7;62;287;333
7;63;287;333
7;64;287;333
7;65;627;333
7;66;425;333
7;67;3101;333
8;4;287;333
8;5;628;333
8;6;3098;333
8;7;2856;333
8;8;3100;333
8;8;3096;333
8;9;287;333
8;10;287;333
8;11;287;333
8;12;287;333
8;13;287;333
8;14;287;333
8;15;287;333
8;16;627;333
8;18;1266;333
8;20;287;333
8;31;287;333
8;32;628;333
8;33;66;333
8;34;1272;333
8;53;287;333
8;54;596;333
8;55;66;333
8;58;287;333
8;59;287;333
8;60;287;333
8;64;287;333
8;65;629;333
9;4;287;333
9;5;622;333
9;6;426;333
9;7;28;333
9;9;287;333
9;15;287;333
9;16;622;333
9;17;914;333
9;17;1265;333
9;17;1272;333
9;20;287;333
9;21;287;333
9;22;287;333
9;23;287;333
9;24;287;333
9;25;287;333
9;26;287;333
9;27;287;333
9;28;287;333
9;29;287;333
9;30;287;333
9;31;287;333
9;32;627;333
9;33;3095;333
9;53;287;333
9;54;627;333
9;58;287;333
9;59;287;333
9;60;287;333
9;61;628;333
9;64;3099;333
9;65;682;333
9;66;3095;333
9;67;3098;333
10;4;287;333
10;5;622;333
10;9;287;333
10;15;287;333
10;16;622;333
10;16;624;333
10;32;628;333
10;33;425;333
10;34;1272;333
10;53;287;333
10;54;622;333
10;56;426;333
10;58;287;333
10;59;287;333
10;60;287;333
10;61;627;333
10;62;1266;333
10;63;2832;333
10;65;632;333
11;4;287;333
11;5;629;333
11;6;66;333
11;6;3101;333
11;9;287;333
11;15;287;333
11;16;622;333
11;17;1266;333
11;19;3101;333
11;20;3101;333
11;21;1272;333
11;21;3101;333
11;22;1278;333
11;23;1272;333
11;24;1246;333
11;25;1266;333
11;26;1265;333
11;27;426;333
11;29;232;333
11;29;1272;333
11;29;3101;333
11;30;3101;333
11;31;1265;333
11;53;287;333
11;54;628;333
11;55;425;333
11;56;3099;333
11;56;3093;333
11;58;287;333
11;59;287;333
11;60;287;333
11;61;628;333
11;62;1266;333
11;63;2937;333
11;63;3101;333
11;63;59;333
11;65;632;333
11;66;3095;333
11;67;1272;333
12;4;287;333
12;5;599;333
12;9;287;333
12;15;287;333
12;16;628;333
12;17;3098;333
12;17;3095;333
12;17;3093;333
12;19;3101;333
12;20;376;333
12;20;420;333
12;20;3101;333
12;20;2038;333
12;21;3101;333
12;21;3101;333
12;27;1265;333
12;27;1272;333
12;32;66;333
12;34;3100;333
12;34;3093;333
12;34;3096;333
12;34;422;333
12;53;287;333
12;54;626;333
12;55;425;333
12;56;627;333
12;57;287;333
12;58;287;333
12;59;287;333
12;60;287;333
12;61;629;333
12;62;626;333
12;63;3095;333
12;63;3101;333
12;63;67;333
12;64;3101;333
12;65;632;333
12;66;1265;333
12;66;401;333
13;4;287;333
13;5;596;333
13;5;2286;333
13;5;3093;333
13;6;3101;333
13;7;1245;333
13;9;287;333
13;15;287;333
13;16;629;333
13;17;627;333
13;18;626;333
13;19;1266;333
13;19;3101;333
13;19;3093;333
13;20;3101;333
13;21;3101;333
13;24;1246;333
13;24;1272;333
13;25;1265;333
13;25;1266;333
13;25;3093;333
13;27;1245;333
13;28;3099;333
13;29;623;333
13;30;628;333
13;31;627;333
13;32;629;333
13;33;626;333
13;34;627;333
13;35;287;333
13;53;287;333
13;54;622;333
13;55;425;333
13;56;629;333
13;57;287;333
13;58;287;333
13;59;287;333
13;60;287;333
13;61;287;333
13;62;622;333
13;63;914;333
13;65;632;333
13;66;1265;333
13;66;3095;333
13;67;1266;333
13;67;1272;333
14;4;287;333
14;5;629;333
14;7;3101;333
14;9;287;333
14;15;287;333
14;16;287;333
14;17;287;333
14;18;628;333
14;19;627;333
14;20;629;333
14;21;628;333
14;22;627;333
14;23;597;333
14;24;598;333
14;25;623;333
14;26;627;333
14;27;629;333
14;28;628;333
14;29;287;333
14;30;287;333
14;31;287;333
14;32;287;333
14;33;287;333
14;34;287;333
14;35;287;333
14;36;287;333
14;37;287;333
14;38;287;333
14;39;287;333
14;40;287;333
14;41;287;333
14;42;287;333
14;43;287;333
14;44;287;333
14;45;287;333
14;46;287;333
14;47;287;333
14;48;287;333
14;49;287;333
14;50;287;333
14;51;287;333
14;52;287;333
14;53;628;333
14;54;3101;333
14;56;3094;333
14;58;287;333
14;59;287;333
14;60;287;333
14;61;287;333
14;62;622;333
14;65;632;333
14;66;3097;333
14;67;1272;333
14;67;3096;333
15;4;287;333
15;5;633;333
15;5;628;333
15;9;287;333
15;15;287;333
15;16;287;333
15;17;287;333
15;18;287;333
15;19;287;333
15;20;287;333
15;21;287;333
15;22;287;333
15;23;287;333
15;24;287;333
15;25;287;333
15;26;287;333
15;27;287;333
15;28;287;333
15;29;287;333
15;44;287;333
15;45;287;333
15;46;689;333
15;46;287;333
15;47;287;333
15;48;287;333
15;49;287;333
15;50;287;333
15;51;287;333
15;52;287;333
15;53;629;333
15;55;35;333
15;56;1265;333
15;58;287;333
15;59;287;333
15;60;287;333
15;61;287;333
15;62;628;333
15;64;3101;333
15;64;189;333
15;65;680;333
15;65;690;333
15;66;66;333
16;4;287;333
16;5;633;333
16;7;1265;333
16;13;287;333
16;14;287;333
16;15;287;333
16;16;287;333
16;17;287;333
16;18;287;333
16;19;287;333
16;20;287;333
16;21;287;333
16;22;287;333
16;23;287;333
16;24;287;333
16;25;287;333
16;26;622;333
16;28;3101;333
16;29;1246;333
16;29;3101;333
16;30;3101;333
16;32;915;333
16;34;3101;333
16;38;233;333
16;38;3101;333
16;38;225;333
16;38;422;333
16;39;3101;333
16;40;1266;333
16;44;3101;333
16;45;1266;333
16;46;633;333
16;46;287;333
16;47;287;333
16;48;287;333
16;49;287;333
16;50;287;333
16;51;287;333
16;52;287;333
16;53;628;333
16;54;3099;333
16;56;3093;333
16;58;287;333
16;59;287;333
16;60;287;333
16;61;287;333
16;62;629;333
16;63;3101;333
16;64;233;333
16;65;633;333
16;65;401;333
16;65;391;333
16;65;3095;333
16;67;1265;333
17;4;287;333
17;5;633;333
17;5;66;333
17;5;401;333
17;23;287;333
17;24;287;333
17;25;287;333
17;26;633;333
17;26;628;333
17;28;1245;333
17;28;422;333
17;30;66;333
17;30;914;333
17;33;1265;333
17;33;2290;333
17;34;164;333
17;35;2038;333
17;36;66;333
17;36;1272;333
17;37;3101;333
17;41;3101;333
17;41;3101;333
17;43;3101;333
17;44;1278;333
17;44;3101;333
17;44;422;333
17;46;633;333
17;46;634;333
17;47;634;333
17;47;690;333
17;52;287;333
17;53;626;333
17;54;627;333
17;55;628;333
17;56;627;333
17;57;287;333
17;58;287;333
17;59;287;333
17;60;287;333
17;61;287;333
17;62;599;333
17;63;1266;333
17;63;3101;333
17;64;1272;333
17;64;3096;333
17;65;633;333
17;65;3093;333
18;4;287;333
18;5;633;333
18;5;1246;333
18;10;1265;333
18;10;3101;333
18;19;3101;333
18;21;1246;333
18;21;3101;333
18;25;287;333
18;26;633;333
18;27;1266;333
18;27;2937;333
18;29;2937;333
18;30;1246;333
18;30;3101;333
18;32;1265;333
18;33;3101;333
18;41;66;333
18;42;3101;333
18;44;1266;333
18;44;3101;333
18;45;3101;333
18;46;652;333
18;46;634;333
18;52;1266;333
18;52;3096;333
18;53;287;333
18;54;287;333
18;55;287;333
18;56;287;333
18;57;287;333
18;58;287;333
18;59;287;333
18;60;287;333
18;61;287;333
18;62;596;333
18;64;1265;333
18;65;633;333
18;65;629;333
18;66;3095;333
19;4;287;333
19;5;633;333
19;5;627;333
19;6;626;333
19;6;422;333
19;9;66;333
19;10;1266;333
19;13;375;333
19;13;3093;333
19;16;1265;333
19;16;3101;333
19;21;426;333
19;25;287;333
19;26;633;333
19;26;401;333
19;28;3101;333
19;28;1250;333
19;28;915;333
19;29;1265;333
19;32;66;333
19;32;3101;333
19;32;3101;333
19;33;1266;333
19;34;1278;333
19;35;1265;333
19;38;1266;333
19;39;1278;333
19;39;3101;333
19;39;3101;333
19;40;914;333
19;42;1278;333
19;46;668;333
19;47;3101;333
19;50;3100;333
19;53;287;333
19;54;287;333
19;55;287;333
19;56;287;333
19;57;287;333
19;58;287;333
19;59;287;333
19;60;287;333
19;61;287;333
19;62;630;333
19;64;66;333
19;65;633;333
19;65;622;333
19;66;66;333
19;66;1246;333
19;67;3101;333
20;4;287;333
20;5;681;333
20;5;629;333
20;6;635;333
20;6;628;333
20;7;635;333
20;7;3101;333
20;7;3095;333
20;8;635;333
20;9;635;333
20;9;403;333
20;9;3093;333
20;10;635;333
20;11;635;333
20;12;635;333
20;12;627;333
20;13;635;333
20;13;623;333
20;14;635;333
20;14;628;333
20;15;635;333
20;15;3093;333
20;16;635;333
20;16;403;333
20;16;3093;333
20;17;635;333
20;18;635;333
20;18;627;333
20;19;629;333
20;21;3101;333
20;25;287;333
20;26;633;333
20;31;66;333
20;31;2287;333
20;32;3101;333
20;32;3101;333
20;33;3101;333
20;34;3101;333
20;37;1265;333
20;39;2937;333
20;39;2172;333
20;40;3101;333
20;40;3101;333
20;41;1250;333
20;46;633;333
20;46;634;333
20;46;690;333
20;47;623;333
20;48;626;333
20;49;627;333
20;50;629;333
20;52;1266;333
20;62;628;333
20;63;3101;333
20;64;3101;333
20;65;633;333
20;65;622;333
20;67;1272;333
21;4;287;333
21;5;287;333
21;6;287;333
21;7;287;333
21;8;287;333
21;9;287;333
21;10;287;333
21;11;287;333
21;12;287;333
21;13;287;333
21;14;287;333
21;15;287;333
21;16;287;333
21;17;287;333
21;18;287;333
21;19;628;333
21;25;287;333
21;26;633;333
21;26;629;333
21;27;3101;333
21;27;2038;333
21;28;232;333
21;30;3101;333
21;32;915;333
21;32;3101;333
21;34;1246;333
21;34;1272;333
21;36;2038;333
21;38;66;333
21;39;3101;333
21;40;3101;333
21;40;3101;333
21;40;59;333
21;42;3101;333
21;46;633;333
21;47;287;333
21;48;287;333
21;49;287;333
21;50;622;333
21;52;1250;333
21;56;1266;333
21;59;66;333
21;60;1266;333
21;62;3101;333
21;64;914;333
21;64;1266;333
21;65;633;333
21;65;628;333
21;66;3101;333
21;66;3095;333
21;67;3099;333
22;4;287;333
22;5;287;333
22;6;287;333
22;7;287;333
22;8;287;333
22;9;287;333
22;10;287;333
22;11;287;333
22;12;287;333
22;13;287;333
22;14;287;333
22;15;287;333
22;16;287;333
22;17;287;333
22;18;287;333
22;19;622;333
22;25;287;333
22;26;633;333
22;26;622;333
22;27;325;333
22;27;3101;333
22;29;3101;333
22;29;66;333
22;29;233;333
22;30;1266;333
22;30;3101;333
22;31;1245;333
22;34;3101;333
22;35;3101;333
22;35;3101;333
22;38;232;333
22;39;66;333
22;39;2038;333
22;40;3101;333
22;40;184;333
22;41;66;333
22;42;1246;333
22;44;1265;333
22;44;3101;333
22;45;1272;333
22;45;3101;333
22;46;287;333
22;47;287;333
22;48;287;333
22;49;287;333
22;50;628;333
22;51;3095;333
22;51;2723;333
22;51;3101;333
22;56;3101;333
22;62;1245;333
22;64;3101;333
22;64;3099;333
22;65;633;333
22;66;1272;333
22;67;1266;333
23;4;287;333
23;5;287;333
23;6;287;333
23;7;287;333
23;8;287;333
23;9;287;333
23;10;287;333
23;11;287;333
23;12;287;333
23;13;287;333
23;14;287;333
23;15;287;333
23;16;287;333
23;17;287;333
23;18;287;333
23;19;622;333
23;20;1246;333
23;25;287;333
23;26;633;333
23;26;622;333
23;31;3101;333
23;32;1266;333
23;34;66;333
23;35;1265;333
23;35;3101;333
23;41;66;333
23;41;233;333
23;41;3101;333
23;46;287;333
23;47;287;333
23;48;287;333
23;49;287;333
23;50;627;333
23;51;628;333
23;52;623;333
23;53;3099;333
23;54;1272;333
23;54;424;333
23;55;66;333
23;55;1246;333
23;55;1266;333
23;55;3093;333
23;56;2284;333
23;56;3101;333
23;57;3099;333
23;58;424;333
23;58;426;333
23;58;405;333
23;59;424;333
23;60;1278;333
23;60;424;333
23;61;3093;333
23;62;627;333
23;63;629;333
23;64;627;333
23;65;633;333
23;65;401;333
23;65;2444;333
23;65;3095;333
24;4;287;333
24;5;287;333
24;6;287;333
24;7;287;333
24;8;287;333
24;9;287;333
24;10;287;333
24;11;287;333
24;12;287;333
24;13;287;333
24;14;287;333
24;15;287;333
24;16;287;333
24;19;628;333
24;20;3095;333
24;25;287;333
24;26;633;333
24;26;628;333
24;27;233;333
24;27;3101;333
24;28;1265;333
24;28;3101;333
24;29;2038;333
24;37;1246;333
24;37;1265;333
24;37;7;333
24;39;1266;333
24;40;3101;333
24;42;184;333
24;43;3101;333
24;44;915;333
24;44;3101;333
24;44;422;333
24;45;3101;333
24;45;3101;333
24;46;287;333
24;47;287;333
24;48;287;333
24;49;287;333
24;50;287;333
24;51;287;333
24;52;287;333
24;53;622;333
24;54;628;333
24;55;627;333
24;56;623;333
24;57;628;333
24;58;629;333
24;59;629;333
24;60;623;333
24;61;623;333
24;62;287;333
24;63;287;333
24;64;287;333
24;65;622;333
25;0;287;333
25;1;287;333
25;2;287;333
25;3;287;333
25;4;287;333
25;5;287;333
25;6;628;333
25;18;3099;333
25;18;3101;333
25;18;2038;333
25;21;915;333
25;25;287;333
25;26;633;333
25;27;1246;333
25;27;1265;333
25;29;1265;333
25;30;1245;333
25;30;3101;333
25;30;422;333
25;33;233;333
25;33;1266;333
25;36;3101;333
25;38;3101;333
25;38;3101;333
25;41;66;333
25;41;3101;333
25;44;66;333
25;44;1265;333
25;45;3101;333
25;46;287;333
25;47;287;333
25;49;287;333
25;50;287;333
25;51;287;333
25;52;287;333
25;53;287;333
25;54;287;333
25;55;287;333
25;56;287;333
25;57;287;333
25;58;287;333
25;59;287;333
25;60;287;333
25;61;287;333
25;62;287;333
25;65;628;333
25;66;66;333
25;66;1272;333
25;67;3096;333
26;0;287;333
26;1;287;333
26;2;287;333
26;3;287;333
26;4;287;333
26;5;287;333
26;6;622;333
26;7;3094;333
26;8;3101;333
26;9;3094;333
26;11;915;333
26;13;1246;333
26;16;3101;333
26;25;287;333
26;26;633;333
26;26;401;333
26;27;3101;333
26;28;232;333
26;30;3101;333
26;31;1246;333
26;31;3101;333
26;32;3101;333
26;32;3101;333
26;33;3101;333
26;33;3101;333
26;35;2038;333
26;36;1278;333
26;36;233;333
26;36;1266;333
26;36;3101;333
26;37;66;333
26;37;1266;333
26;41;3101;333
26;42;3101;333
26;44;1272;333
26;46;287;333
26;47;628;333
26;48;66;333
26;48;3095;333
26;50;3094;333
26;52;287;333
26;53;287;333
26;54;287;333
26;55;287;333
26;56;287;333
26;57;287;333
26;58;287;333
26;59;287;333
26;60;627;333
26;61;3098;333
26;62;3094;333
27;0;287;333
27;1;287;333
27;2;287;333
27;3;287;333
27;4;287;333
27;5;287;333
27;6;622;333
27;7;3101;333
27;7;2856;333
27;7;425;333
27;8;2832;333
27;9;3101;333
27;12;3101;333
27;17;3101;333
27;18;1272;333
27;20;66;333
27;20;1278;333
27;21;3097;333
27;21;420;333
27;25;287;333
27;26;633;333
27;29;164;333
27;30;66;333
27;32;3101;333
27;35;1266;333
27;35;1272;333
27;35;1317;333
27;36;1246;333
27;36;1272;333
27;36;3101;333
27;37;3101;333
27;38;1246;333
27;40;1278;333
27;40;915;333
27;45;1265;333
27;45;1272;333
27;46;287;333
27;47;627;333
27;49;2832;333
27;52;287;333
27;53;287;333
27;54;287;333
27;55;287;333
27;56;287;333
27;57;287;333
27;58;287;333
27;59;287;333
27;60;628;333
27;64;915;333
27;64;1272;333
27;66;3101;333
27;66;3093;333
27;67;233;333
28;0;287;333
28;5;287;333
28;6;628;333
28;7;3093;333
28;7;425;333
28;7;426;333
28;8;3101;333
28;8;2696;333
28;8;3101;333
28;8;426;333
28;9;3093;333
28;9;424;333
28;10;627;333
28;11;596;333
28;11;3097;333
28;11;424;333
28;11;3093;333
28;12;596;333
28;12;3100;333
28;12;424;333
28;13;596;333
28;13;424;333
28;13;3093;333
28;14;596;333
28;14;424;333
28;14;3093;333
28;15;596;333
28;15;424;333
28;15;3093;333
28;16;596;333
28;16;1254;333
28;17;622;333
28;18;627;333
28;19;628;333
28;20;627;333
28;21;629;333
28;25;287;333
28;26;633;333
28;26;627;333
28;33;66;333
28;33;915;333
28;34;66;333
28;36;3101;333
28;37;1245;333
28;37;1272;333
28;38;3101;333
28;39;164;333
28;40;3101;333
28;40;3101;333
28;41;66;333
28;42;1246;333
28;43;3101;333
28;46;287;333
28;47;627;333
28;48;1246;333
28;48;3101;333
28;49;3101;333
28;50;3096;333
28;52;287;333
28;53;287;333
28;54;287;333
28;55;287;333
28;56;287;333
28;57;287;333
28;58;287;333
28;59;287;333
28;60;629;333
28;62;1246;333
28;63;627;333
28;64;623;333
28;65;628;333
28;66;627;333
28;67;627;333
28;68;287;333
29;0;287;333
29;1;3097;333
29;4;66;333
29;4;1250;333
29;5;287;333
29;6;627;333
29;7;597;333
29;7;2038;333
29;8;598;333
29;9;627;333
29;10;287;333
29;11;287;333
29;12;287;333
29;13;627;333
29;14;3100;333
29;16;3094;333
29;17;287;333
29;18;287;333
29;19;287;333
29;20;287;333
29;21;287;333
29;22;287;333
29;25;287;333
29;26;633;333
29;26;622;333
29;28;28;333
29;31;2937;333
29;31;3101;333
29;31;3077;333
29;31;3101;333
29;32;3101;333
29;34;3101;333
29;34;66;333
29;35;2172;333
29;38;1265;333
29;41;3101;333
29;43;16;333
29;45;3101;333
29;45;2937;333
29;45;61;333
29;45;3101;333
29;46;287;333
29;47;628;333
29;50;627;333
29;51;287;333
29;52;287;333
29;53;287;333
29;54;287;333
29;59;600;333
29;60;599;333
29;62;1266;333
29;62;2038;333
29;64;287;333
29;65;287;333
29;66;287;333
29;67;287;333
29;68;287;333
30;0;287;333
30;2;1272;333
30;5;287;333
30;6;287;333
30;7;287;333
30;7;410;333
30;8;287;333
30;9;287;333
30;10;287;333
30;11;287;333
30;12;287;333
30;13;622;333
30;15;28;333
30;18;287;333
30;19;287;333
30;20;287;333
30;21;287;333
30;22;287;333
30;25;287;333
30;26;633;333
30;26;628;333
30;27;424;333
30;27;425;333
30;28;424;333
30;29;3101;333
30;30;66;333
30;30;1265;333
30;31;3101;333
30;33;66;333
30;33;3101;333
30;33;424;333
30;34;3101;333
30;34;424;333
30;35;3101;333
30;36;1266;333
30;37;1245;333
30;40;1266;333
30;40;1272;333
30;40;2038;333
30;40;424;333
30;41;2832;333
30;42;3035;333
30;42;3101;333
30;44;3101;333
30;44;420;333
30;44;2402;333
30;44;3101;333
30;45;3101;333
30;46;287;333
30;47;626;333
30;51;287;333
30;52;287;333
30;53;287;333
30;54;629;333
30;55;3095;333
30;56;3101;333
30;57;66;333
30;57;1265;333
30;59;600;333
30;60;596;333
30;64;287;333
30;65;287;333
30;66;287;333
31;0;287;333
31;1;1266;333
31;2;2832;333
31;3;1265;333
31;3;1272;333
31;4;3101;333
31;5;287;333
31;12;287;333
31;13;628;333
31;15;1266;333
31;18;287;333
31;19;287;333
31;20;287;333
31;21;287;333
31;22;287;333
31;25;287;333
31;26;681;333
31;26;626;333
31;26;629;333
31;27;635;333
31;27;627;333
31;28;635;333
31;28;623;333
31;29;635;333
31;29;628;333
31;30;635;333
31;30;403;333
31;31;635;333
31;32;635;333
31;32;627;333
31;33;635;333
31;33;623;333
31;34;635;333
31;34;623;333
31;35;635;333
31;35;629;333
31;36;635;333
31;37;635;333
31;37;403;333
31;38;635;333
31;39;635;333
31;39;627;333
31;40;635;333
31;40;629;333
31;41;635;333
31;41;626;333
31;42;635;333
31;42;403;333
31;43;635;333
31;44;635;333
31;45;635;333
31;45;627;333
31;46;287;333
31;47;628;333
31;48;1245;333
31;51;287;333
31;52;287;333
31;53;287;333
31;54;3098;333
31;56;2832;333
31;59;287;333
31;60;622;333
31;62;3101;333
31;64;287;333
31;65;287;333
31;66;628;333
31;67;3101;333
31;69;3097;333
32;0;287;333
32;1;1266;333
32;1;3101;333
32;2;1265;333
32;5;287;333
32;12;287;333
32;13;627;333
32;14;629;333
32;15;1265;333
32;16;66;333
32;16;1250;333
32;18;287;333
32;19;287;333
32;20;287;333
32;21;287;333
32;22;287;333
32;25;287;333
32;26;287;333
32;27;287;333
32;28;287;333
32;29;287;333
32;30;287;333
32;31;287;333
32;32;287;333
32;33;287;333
32;34;287;333
32;35;287;333
32;36;287;333
32;37;287;333
32;38;287;333
32;39;287;333
32;40;287;333
32;41;287;333
32;42;287;333
32;43;287;333
32;44;287;333
32;45;287;333
32;46;287;333
32;47;622;333
32;51;287;333
32;52;287;333
32;53;287;333
32;54;628;333
32;55;1265;333
32;55;3097;333
32;59;287;333
32;60;628;333
32;61;1245;333
32;61;3101;333
32;61;3095;333
32;64;287;333
32;65;287;333
32;66;627;333
32;67;914;333
32;67;3095;333
32;68;28;333
33;0;287;333
33;1;1278;333
33;5;287;333
33;12;287;333
33;13;287;333
33;14;629;333
33;15;425;333
33;18;287;333
33;46;287;333
33;47;626;333
33;51;287;333
33;52;287;333
33;53;287;333
33;54;629;333
33;55;626;333
33;56;391;333
33;56;3095;333
33;59;287;333
33;60;627;333
33;64;287;333
33;65;287;333
33;66;629;333
33;69;3101;333
34;0;287;333
34;1;2856;333
34;3;3101;333
34;5;287;333
34;12;287;333
34;13;287;333
34;14;628;333
34;15;3095;333
34;15;425;333
34;18;287;333
34;46;287;333
34;47;630;333
34;49;1245;333
34;51;287;333
34;52;287;333
34;53;287;333
34;54;287;333
34;55;628;333
34;56;1246;333
34;59;287;333
34;60;622;333
34;61;1266;333
34;62;1250;333
34;62;3101;333
34;64;287;333
34;65;287;333
34;66;287;333
34;67;622;333
35;0;287;333
35;1;1265;333
35;5;287;333
35;12;287;333
35;13;287;333
35;14;627;333
35;15;1265;333
35;15;425;333
35;18;287;333
35;46;287;333
35;47;600;333
35;47;628;333
35;51;287;333
35;52;287;333
35;53;287;333
35;54;287;333
35;55;626;333
35;57;3101;333
35;60;628;333
35;64;287;333
35;65;287;333
35;66;287;333
35;67;622;333
36;0;287;333
36;1;1265;333
36;2;3101;333
36;3;1250;333
36;5;287;333
36;6;287;333
36;7;287;333
36;8;287;333
36;9;287;333
36;10;287;333
36;11;287;333
36;12;287;333
36;13;287;333
36;14;622;333
36;16;66;333
36;16;1250;333
36;16;1266;333
36;16;3101;333
36;18;287;333
36;35;287;333
36;36;287;333
36;37;287;333
36;38;287;333
36;39;287;333
36;40;287;333
36;41;287;333
36;42;287;333
36;43;287;333
36;44;287;333
36;45;287;333
36;46;287;333
36;47;622;333
36;48;3101;333
36;49;66;333
36;49;1265;333
36;49;3101;333
36;51;287;333
36;52;287;333
36;53;287;333
36;54;287;333
36;55;622;333
36;56;1266;333
36;58;1245;333
36;60;1272;333
36;64;287;333
36;65;287;333
36;66;628;333
36;67;3101;333
36;67;2038;333
37;0;287;333
37;1;3101;333
37;14;628;333
37;18;287;333
37;19;287;333
37;20;287;333
37;21;287;333
37;22;287;333
37;23;287;333
37;24;287;333
37;25;287;333
37;26;287;333
37;27;287;333
37;28;287;333
37;29;287;333
37;30;287;333
37;31;287;333
37;32;287;333
37;33;287;333
37;34;287;333
37;35;287;333
37;36;628;333
37;37;3098;333
37;41;1272;333
37;43;3101;333
37;47;66;333
37;47;1250;333
37;49;3097;333
37;51;287;333
37;52;287;333
37;53;287;333
37;54;287;333
37;55;627;333
37;56;233;333
37;57;426;333
37;61;1266;333
37;61;3093;333
37;62;3099;333
37;64;287;333
37;65;287;333
37;66;626;333
37;68;1265;333
37;70;287;333
38;0;287;333
38;4;66;333
38;10;3101;333
38;13;66;333
38;13;1266;333
38;13;3101;333
38;14;914;333
38;15;3101;333
38;16;914;333
38;35;287;333
38;36;629;333
38;37;1266;333
38;37;3095;333
38;40;1266;333
38;40;1272;333
38;41;66;333
38;41;1265;333
38;41;3101;333
38;44;1266;333
38;46;1272;333
38;47;426;333
38;48;1266;333
38;49;3100;333
38;49;3096;333
38;49;3093;333
38;50;287;333
38;51;287;333
38;52;287;333
38;53;287;333
38;54;287;333
38;55;628;333
38;58;627;333
38;59;623;333
38;60;625;333
38;61;623;333
38;62;287;333
38;63;287;333
38;64;287;333
38;65;287;333
38;66;622;333
39;0;287;333
39;1;3101;333
39;2;1278;333
39;2;914;333
39;2;424;333
39;3;3093;333
39;3;424;333
39;4;424;333
39;5;3101;333
39;5;3093;333
39;7;3093;333
39;8;3101;333
39;9;3093;333
39;11;1278;333
39;13;3101;333
39;14;1245;333
39;18;3101;333
39;19;1245;333
39;19;1272;333
39;20;66;333
39;20;1272;333
39;24;1246;333
39;24;3101;333
39;25;914;333
39;25;3101;333
39;27;3096;333
39;35;287;333
39;36;627;333
39;39;623;333
39;40;627;333
39;41;628;333
39;42;629;333
39;43;626;333
39;45;625;333
39;46;623;333
39;47;600;333
39;47;598;333
39;48;623;333
39;49;627;333
39;50;287;333
39;51;287;333
39;52;287;333
39;53;287;333
39;54;287;333
39;55;627;333
39;57;3097;333
39;59;287;333
39;60;287;333
39;61;287;333
39;62;287;333
39;63;287;333
39;64;287;333
39;65;287;333
39;66;627;333
39;67;232;333
39;67;3095;333
39;67;3101;333
40;0;287;333
40;1;626;333
40;1;627;333
40;2;628;333
40;3;627;333
40;4;629;333
40;5;623;333
40;6;3097;333
40;7;623;333
40;8;3099;333
40;9;623;333
40;10;628;333
40;11;629;333
40;14;1245;333
40;15;3101;333
40;15;3099;333
40;15;3095;333
40;16;1265;333
40;20;1265;333
40;21;1266;333
40;26;3101;333
40;27;1245;333
40;28;3094;333
40;30;1265;333
40;31;1265;333
40;32;915;333
40;33;1266;333
40;34;405;333
40;34;3097;333
40;34;2038;333
40;34;3101;333
40;35;287;333
40;36;622;333
40;37;1278;333
40;39;287;333
40;40;287;333
40;41;287;333
40;42;287;333
40;43;287;333
40;44;287;333
40;45;287;333
40;46;287;333
40;47;287;333
40;48;287;333
40;49;287;333
40;50;287;333
40;51;287;333
40;52;287;333
40;53;287;333
40;54;287;333
40;55;622;333
40;57;1266;333
40;59;287;333
40;60;287;333
40;61;287;333
40;62;287;333
40;63;287;333
40;64;287;333
40;65;287;333
40;66;628;333
41;0;287;333
41;1;287;333
41;2;287;333
41;3;287;333
41;4;287;333
41;5;287;333
41;6;287;333
41;7;287;333
41;8;287;333
41;9;287;333
41;10;287;333
41;11;622;333
41;12;915;333
41;14;3098;333
41;15;3100;333
41;15;426;333
41;15;405;333
41;16;627;333
41;17;629;333
41;18;629;333
41;19;623;333
41;20;627;333
41;21;626;333
41;22;629;333
41;23;3100;333
41;23;3095;333
41;27;3101;333
41;33;914;333
41;34;3101;333
41;35;287;333
41;36;3099;333
41;36;2038;333
41;36;3095;333
41;39;287;333
41;40;287;333
41;41;287;333
41;55;628;333
41;59;287;333
41;60;287;333
41;61;287;333
41;62;287;333
41;63;287;333
41;64;287;333
41;65;287;333
41;66;599;333
41;69;3097;333
41;69;3096;333
42;0;287;333
42;1;287;333
42;2;287;333
42;3;287;333
42;4;287;333
42;5;287;333
42;6;287;333
42;7;287;333
42;8;287;333
42;9;287;333
42;10;287;333
42;11;628;333
42;12;398;333
42;12;3101;333
42;12;3095;333
42;14;1272;333
42;14;3101;333
42;15;627;333
42;16;287;333
42;17;287;333
42;18;287;333
42;19;287;333
42;20;287;333
42;21;287;333
42;22;627;333
42;23;626;333
42;24;623;333
42;25;597;333
42;26;598;333
42;27;629;333
42;28;3095;333
42;29;1265;333
42;30;1246;333
42;31;1266;333
42;32;3101;333
42;35;287;333
42;36;622;333
42;38;1246;333
42;39;287;333
42;40;287;333
42;41;627;333
42;42;1272;333
42;42;3098;333
42;43;66;333
42;43;1265;333
42;45;915;333
42;45;3094;333
42;48;3101;333
42;53;1245;333
42;53;3101;333
42;53;3094;333
42;55;1246;333
42;55;914;333
42;55;1272;333
42;57;1266;333
42;59;287;333
42;60;287;333
42;61;287;333
42;62;287;333
42;63;287;333
42;64;287;333
42;65;287;333
42;66;596;333
42;66;3099;333
42;66;425;333
42;66;407;333
42;67;1266;333
43;0;287;333
43;1;287;333
43;2;287;333
43;3;287;333
43;4;287;333
43;5;287;333
43;6;287;333
43;7;287;333
43;8;287;333
43;9;287;333
43;10;287;333
43;11;629;333
43;12;66;333
43;12;1272;333
43;12;3093;333
43;13;2937;333
43;16;287;333
43;19;287;333
43;20;287;333
43;21;287;333
43;22;287;333
43;23;287;333
43;24;287;333
43;25;287;333
43;26;287;333
43;27;628;333
43;28;66;333
43;28;3097;333
43;29;424;333
43;30;424;333
43;31;1266;333
43;34;3096;333
43;35;287;333
43;36;3100;333
43;36;3093;333
43;37;3101;333
43;39;287;333
43;40;287;333
43;41;628;333
43;42;1266;333
43;47;233;333
43;47;3093;333
43;49;3101;333
43;54;1266;333
43;54;3093;333
43;57;1265;333
43;57;3098;333
43;59;287;333
43;60;287;333
43;61;287;333
43;62;287;333
43;63;287;333
43;64;287;333
43;65;287;333
43;66;622;333
43;68;1250;333
43;68;3101;333
43;69;3101;333
44;0;287;333
44;10;287;333
44;11;287;333
44;12;629;333
44;16;287;333
44;19;287;333
44;20;287;333
44;21;287;333
44;22;287;333
44;23;287;333
44;24;287;333
44;25;287;333
44;26;287;333
44;27;627;333
44;28;629;333
44;29;627;333
44;30;623;333
44;31;628;333
44;32;629;333
44;34;3101;333
44;35;287;333
44;36;622;333
44;39;287;333
44;40;287;333
44;41;626;333
44;42;1266;333
44;44;627;333
44;45;622;333
44;46;627;333
44;47;623;333
44;48;623;333
44;49;635;333
44;49;628;333
44;50;635;333
44;50;403;333
44;51;635;333
44;52;635;333
44;53;680;333
44;54;682;333
44;59;287;333
44;60;287;333
44;61;287;333
44;62;287;333
44;63;287;333
44;64;287;333
44;65;287;333
44;66;629;333
44;67;3099;333
45;0;287;333
45;1;628;333
45;2;3101;333
45;9;66;333
45;10;3099;333
45;12;628;333
45;13;375;333
45;14;375;333
45;14;3096;333
45;16;287;333
45;19;287;333
45;20;287;333
45;21;287;333
45;22;287;333
45;23;287;333
45;24;287;333
45;24;632;333
45;24;628;333
45;25;3101;333
45;25;1245;333
45;25;3095;333
45;26;3099;333
45;27;287;333
45;28;287;333
45;29;287;333
45;30;287;333
45;31;287;333
45;32;597;333
45;33;1272;333
45;34;1266;333
45;35;287;333
45;36;628;333
45;37;1272;333
45;38;3096;333
45;39;287;333
45;40;287;333
45;41;622;333
45;43;426;333
45;45;287;333
45;46;287;333
45;47;287;333
45;48;287;333
45;49;287;333
45;50;287;333
45;51;287;333
45;52;287;333
45;53;287;333
45;54;683;333
45;55;3095;333
45;57;66;333
45;59;287;333
45;60;287;333
45;61;287;333
45;66;628;333
45;67;3100;333
45;69;3096;333
46;0;287;333
46;1;629;333
46;6;1278;333
46;6;233;333
46;6;1266;333
46;7;3101;333
46;8;3101;333
46;9;3101;333
46;9;2937;333
46;10;2584;333
46;12;1266;333
46;12;1272;333
46;16;287;333
46;19;287;333
46;24;632;333
46;24;287;333
46;24;632;333
46;26;1266;333
46;28;287;333
46;29;287;333
46;30;287;333
46;31;287;333
46;32;597;333
46;35;287;333
46;36;627;333
46;39;287;333
46;40;287;333
46;41;628;333
46;42;3101;333
46;46;915;333
46;48;66;333
46;48;1278;333
46;48;232;333
46;51;3096;333
46;53;287;333
46;54;633;333
46;54;627;333
46;55;1272;333
46;56;2584;333
46;56;3101;333
46;57;233;333
46;59;287;333
46;60;287;333
46;61;627;333
46;62;3099;333
46;62;3094;333
46;62;425;333
46;64;66;333
46;64;1278;333
46;67;3094;333
46;69;915;333
47;0;287;333
47;1;633;333
47;2;66;333
47;3;1272;333
47;3;3101;333
47;4;627;333
47;5;623;333
47;6;626;333
47;7;3098;333
47;9;3101;333
47;9;3093;333
47;12;3101;333
47;14;1266;333
47;14;3100;333
47;16;287;333
47;19;287;333
47;20;629;333
47;21;3098;333
47;23;3096;333
47;24;632;333
47;25;401;333
47;28;287;333
47;29;287;333
47;30;287;333
47;31;287;333
47;32;597;333
47;34;1265;333
47;35;287;333
47;36;599;333
47;39;287;333
47;40;287;333
47;41;627;333
47;42;3098;333
47;42;3095;333
47;47;3101;333
47;51;3101;333
47;53;287;333
47;54;633;333
47;54;629;333
47;55;3095;333
47;56;426;333
47;59;287;333
47;60;287;333
47;61;628;333
47;62;425;333
47;64;375;333
47;66;3101;333
47;69;3098;333
48;0;287;333
48;1;633;333
48;1;401;333
48;5;287;333
48;6;627;333
48;7;628;333
48;8;627;333
48;9;623;333
48;10;623;333
48;11;629;333
48;12;600;333
48;12;628;333
48;13;627;333
48;14;629;333
48;15;287;333
48;16;287;333
48;19;287;333
48;20;629;333
48;21;66;333
48;21;1266;333
48;22;28;333
48;24;632;333
48;26;3101;333
48;28;287;333
48;29;287;333
48;30;287;333
48;31;287;333
48;32;597;333
48;34;1246;333
48;34;3096;333
48;35;600;333
48;36;596;333
48;36;422;333
48;37;914;333
48;37;2856;333
48;39;287;333
48;40;287;333
48;41;287;333
48;42;287;333
48;43;287;333
48;43;625;333
48;44;287;333
48;44;629;333
48;45;600;333
48;45;628;333
48;46;600;333
48;46;627;333
48;47;629;333
48;48;629;333
48;49;3101;333
48;51;1278;333
48;53;287;333
48;54;628;333
48;55;3101;333
48;56;426;333
48;57;3101;333
48;59;287;333
48;60;287;333
48;61;622;333
48;63;1266;333
48;65;627;333
48;66;628;333
48;67;630;333
48;68;629;333
48;69;627;333
48;70;287;333
49;0;287;333
49;1;682;333
49;3;1272;333
49;5;287;333
49;6;287;333
49;7;287;333
49;8;287;333
49;9;287;333
49;10;287;333
49;11;287;333
49;12;287;333
49;13;287;333
49;14;287;333
49;15;287;333
49;16;287;333
49;19;287;333
49;20;628;333
49;21;1266;333
49;23;2856;333
49;23;691;333
49;24;683;333
49;26;1246;333
49;28;287;333
49;29;287;333
49;30;287;333
49;31;287;333
49;32;628;333
49;35;630;333
49;36;622;333
49;39;287;333
49;40;599;333
49;41;1265;333
49;41;3097;333
49;43;3094;333
49;45;1245;333
49;45;1266;333
49;45;1272;333
49;46;3099;333
49;47;287;333
49;48;626;333
49;51;3097;333
49;51;2038;333
49;51;3096;333
49;52;287;333
49;53;287;333
49;54;629;333
49;55;3101;333
49;56;3101;333
49;57;3096;333
49;57;3101;333
49;59;287;333
49;60;287;333
49;61;2038;333
49;61;3095;333
49;64;627;333
49;65;623;333
49;66;287;333
49;67;287;333
49;68;287;333
49;69;287;333
49;70;287;333
50;0;287;333
50;1;632;333
50;5;287;333
50;6;287;333
50;19;287;333
50;20;622;333
50;23;680;333
50;24;688;333
50;28;287;333
50;29;287;333
50;30;287;333
50;31;287;333
50;32;629;333
50;35;682;333
50;36;628;333
50;39;287;333
50;40;596;333
50;41;3101;333
50;42;3101;333
50;46;3101;333
50;47;287;333
50;48;628;333
50;49;66;333
50;49;1246;333
50;49;915;333
50;49;3101;333
50;52;287;333
50;53;287;333
50;54;622;333
50;55;3101;333
50;55;2856;333
50;56;376;333
50;56;2937;333
50;56;3101;333
50;56;198;333
50;57;3101;333
50;59;287;333
50;60;287;333
50;61;622;333
50;62;425;333
50;63;3101;333
50;63;1272;333
50;65;287;333
50;66;287;333
50;67;287;333
50;68;287;333
50;69;287;333
50;70;287;333
51;0;287;333
51;1;632;333
51;2;401;333
51;3;1266;333
51;5;287;333
51;6;287;333
51;19;287;333
51;20;628;333
51;21;3095;333
51;23;633;333
51;23;401;333
51;23;1245;333
51;26;1272;333
51;28;287;333
51;29;287;333
51;30;287;333
51;31;287;333
51;32;622;333
51;34;914;333
51;35;632;333
51;37;1250;333
51;38;3099;333
51;39;287;333
51;40;622;333
51;41;66;333
51;41;1278;333
51;43;680;333
51;43;627;333
51;44;688;333
51;44;622;333
51;44;623;333
51;44;626;333
51;45;1272;333
51;45;3101;333
51;47;287;333
51;48;600;333
51;48;623;333
51;50;1266;333
51;52;287;333
51;53;287;333
51;54;626;333
51;55;3101;333
51;55;3100;333
51;55;3101;333
51;55;3093;333
51;55;3095;333
51;56;3101;333
51;56;3093;333
51;56;414;333
51;57;3098;333
51;57;3101;333
51;57;3093;333
51;57;3096;333
51;58;287;333
51;59;287;333
51;60;287;333
51;61;3095;333
51;61;425;333
51;61;424;333
51;63;66;333
51;63;232;333
51;71;287;333
51;72;287;333
52;0;287;333
52;1;683;333
52;2;3101;333
52;2;16;333
52;4;3096;333
52;4;3097;333
52;5;287;333
52;6;287;333
52;7;287;333
52;8;287;333
52;9;287;333
52;10;287;333
52;11;287;333
52;12;287;333
52;13;287;333
52;14;287;333
52;15;287;333
52;16;287;333
52;17;287;333
52;18;287;333
52;19;287;333
52;20;627;333
52;23;633;333
52;23;689;333
52;23;3093;333
52;23;391;333
52;25;1272;333
52;25;3101;333
52;26;1245;333
52;28;287;333
52;29;287;333
52;30;287;333
52;31;628;333
52;32;2856;333
52;32;425;333
52;34;3101;333
52;35;632;333
52;38;287;333
52;39;287;333
52;40;629;333
52;43;681;333
52;44;683;333
52;44;690;333
52;44;628;333
52;45;1265;333
52;45;1266;333
52;46;3096;333
52;47;287;333
52;48;600;333
52;48;629;333
52;49;1265;333
52;50;3101;333
52;53;630;333
52;54;623;333
52;55;287;333
52;56;600;333
52;56;596;333
52;57;600;333
52;57;598;333
52;58;287;333
52;61;628;333
52;62;425;333
52;64;3101;333
52;64;1266;333
52;66;3094;333
52;67;3101;333
52;69;1266;333
52;70;3094;333
52;71;3098;333
52;71;422;333
52;72;287;333
53;0;287;333
53;1;1265;333
53;1;633;333
53;20;628;333
53;22;66;333
53;22;914;333
53;23;682;333
53;24;1257;333
53;24;3095;333
53;28;287;333
53;29;287;333
53;30;287;333
53;31;627;333
53;32;425;333
53;33;2832;333
53;35;632;333
53;38;287;333
53;39;628;333
53;40;1272;333
53;40;3097;333
53;41;66;333
53;43;426;333
53;44;3100;333
53;45;233;333
53;47;287;333
53;48;628;333
53;49;1272;333
53;49;3101;333
53;50;914;333
53;51;3098;333
53;51;3094;333
53;52;3099;333
53;52;3101;333
53;52;3094;333
53;52;1265;333
53;53;3101;333
53;55;3101;333
53;56;3101;333
53;57;1266;333
53;60;66;333
53;60;3101;333
53;62;1250;333
53;64;3101;333
53;66;1266;333
53;67;1272;333
53;69;1278;333
53;70;3101;333
53;71;232;333
53;72;287;333
54;0;287;333
54;0;632;333
54;1;688;333
54;2;3101;333
54;3;3101;333
54;7;233;333
54;9;3101;333
54;10;915;333
54;10;1265;333
54;10;1272;333
54;15;3101;333
54;15;3097;333
54;19;1245;333
54;19;421;333
54;20;3098;333
54;23;287;333
54;23;690;333
54;24;633;333
54;24;688;333
54;28;287;333
54;29;287;333
54;30;287;333
54;31;626;333
54;32;3098;333
54;32;424;333
54;32;425;333
54;32;426;333
54;32;427;333
54;33;3101;333
54;33;424;333
54;33;426;333
54;34;3093;333
54;35;683;333
54;37;1250;333
54;37;914;333
54;38;287;333
54;39;627;333
54;40;3101;333
54;40;1272;333
54;42;28;333
54;44;3098;333
54;45;1265;333
54;47;287;333
54;48;622;333
54;49;3095;333
54;51;3097;333
54;51;3093;333
54;51;420;333
54;52;3100;333
54;52;3093;333
54;53;1272;333
54;55;1266;333
54;56;1250;333
54;56;1266;333
54;58;1272;333
54;60;424;333
54;61;424;333
54;64;627;333
54;65;628;333
54;66;623;333
54;67;623;333
54;68;628;333
54;69;597;333
54;70;598;333
54;71;628;333
54;72;287;333
55;0;287;333
55;0;632;333
55;1;3095;333
55;1;401;333
55;2;375;333
55;2;421;333
55;2;2038;333
55;3;1272;333
55;5;1265;333
55;5;1272;333
55;6;424;333
55;7;424;333
55;8;3093;333
55;8;424;333
55;11;3101;333
55;11;3093;333
55;12;1246;333
55;17;232;333
55;18;3101;333
55;19;1265;333
55;19;3096;333
55;19;2038;333
55;20;3100;333
55;21;1265;333
55;23;287;333
55;24;633;333
55;24;1254;333
55;31;287;333
55;32;287;333
55;33;287;333
55;34;629;333
55;35;633;333
55;35;629;333
55;38;287;333
55;39;628;333
55;40;232;333
55;40;3101;333
55;40;3095;333
55;42;1265;333
55;43;2856;333
55;44;3097;333
55;45;1250;333
55;46;3101;333
55;47;287;333
55;48;622;333
55;49;232;333
55;51;3099;333
55;52;627;333
55;53;623;333
55;54;629;333
55;56;1272;333
55;57;627;333
55;58;623;333
55;59;1246;333
55;59;405;333
55;59;424;333
55;60;623;333
55;61;629;333
55;62;425;333
55;63;1272;333
55;65;287;333
55;66;287;333
55;67;287;333
55;68;287;333
55;69;287;333
55;70;287;333
55;71;287;333
55;72;287;333
56;0;287;333
56;0;632;333
56;1;3101;333
56;3;3101;333
56;5;627;333
56;6;629;333
56;7;627;333
56;8;623;333
56;9;628;333
56;10;623;333
56;11;623;333
56;11;625;333
56;11;406;333
56;12;623;333
56;13;627;333
56;14;623;333
56;15;628;333
56;16;600;333
56;16;627;333
56;17;629;333
56;18;627;333
56;19;627;333
56;20;629;333
56;22;2926;333
56;23;287;333
56;24;633;333
56;24;401;333
56;24;2038;333
56;25;3101;333
56;27;3101;333
56;27;3097;333
56;27;3101;333
56;27;3094;333
56;27;426;333
56;31;232;333
56;32;3099;333
56;32;3101;333
56;32;3094;333
56;32;3096;333
56;33;287;333
56;34;287;333
56;35;627;333
56;38;287;333
56;39;627;333
56;40;623;333
56;41;626;333
56;42;627;333
56;43;629;333
56;44;623;333
56;45;3101;333
56;47;287;333
56;48;624;333
56;51;3096;333
56;51;2856;333
56;53;287;333
56;54;627;333
56;55;3098;333
56;55;3095;333
56;56;3096;333
56;58;287;333
56;59;287;333
56;60;287;333
56;61;622;333
56;62;425;333
56;65;287;333
56;66;287;333
56;67;287;333
56;67;287;333
56;68;287;333
56;69;287;333
56;70;287;333
56;71;287;333
56;72;287;333
57;0;287;333
57;0;632;333
57;0;627;333
57;4;3101;333
57;6;287;333
57;7;287;333
57;8;287;333
57;9;287;333
57;10;287;333
57;11;287;333
57;12;287;333
57;13;287;333
57;14;287;333
57;15;287;333
57;16;287;333
57;17;287;333
57;18;287;333
57;19;287;333
57;20;622;333
57;22;915;333
57;23;287;333
57;24;633;333
57;24;914;333
57;24;3093;333
57;26;1266;333
57;28;1272;333
57;29;915;333
57;32;233;333
57;33;287;333
57;34;622;333
57;35;628;333
57;36;232;333
57;38;287;333
57;39;287;333
57;40;287;333
57;41;287;333
57;42;287;333
57;43;287;333
57;44;597;333
57;47;287;333
57;49;426;333
57;51;3101;333
57;53;287;333
57;54;622;333
57;58;287;333
57;59;287;333
57;60;287;333
57;61;622;333
57;62;915;333
57;65;287;333
57;66;287;333
57;67;287;333
57;68;287;333
57;69;287;333
57;70;287;333
57;71;287;333
57;72;287;333
58;0;287;333
58;1;3093;333
58;1;405;333
58;1;3100;333
58;2;914;333
58;6;287;333
58;7;287;333
58;8;628;333
58;9;1265;333
58;10;1246;333
58;10;1266;333
58;11;1265;333
58;12;287;333
58;20;628;333
58;23;287;333
58;23;287;333
58;24;633;333
58;24;627;333
58;28;3101;333
58;29;1266;333
58;29;2937;333
58;30;1272;333
58;31;421;333
58;33;287;333
58;34;622;333
58;35;1272;333
58;37;391;333
58;38;287;333
58;39;287;333
58;40;287;333
58;41;287;333
58;42;287;333
58;43;287;333
58;44;597;333
58;44;1276;333
58;45;914;333
58;46;426;333
58;47;287;333
58;48;628;333
58;49;426;333
58;53;287;333
58;54;622;333
58;58;287;333
58;59;287;333
58;60;628;333
58;61;3101;333
58;61;43;333
58;61;3094;333
58;71;287;333
58;72;287;333
59;0;287;333
59;1;627;333
59;2;630;333
59;3;3095;333
59;4;3101;333
59;6;287;333
59;7;600;333
59;8;627;333
59;9;1266;333
59;9;2856;333
59;10;28;333
59;12;287;333
59;13;629;333
59;14;3099;333
59;15;1266;333
59;16;3101;333
59;20;1272;333
59;22;3101;333
59;22;3096;333
59;23;287;333
59;24;622;333
59;29;3101;333
59;30;39;333
59;30;3101;333
59;31;232;333
59;33;287;333
59;34;628;333
59;36;28;333
59;38;287;333
59;39;287;333
59;40;287;333
59;41;287;333
59;42;287;333
59;43;287;333
59;44;629;333
59;46;3096;333
59;47;287;333
59;48;627;333
59;51;1246;333
59;53;287;333
59;54;633;333
59;54;628;333
59;58;287;333
59;59;287;333
59;60;622;333
59;61;425;333
59;62;375;333
59;62;3101;333
59;62;391;333
59;63;3101;333
59;65;1265;333
59;68;233;333
59;68;3101;333
59;70;3094;333
59;71;287;333
59;72;287;333
60;0;287;333
60;1;287;333
60;2;628;333
60;3;233;333
60;6;287;333
60;7;600;333
60;8;628;333
60;9;1250;333
60;11;3096;333
60;12;287;333
60;13;599;333
60;14;3095;333
60;17;3101;333
60;19;1266;333
60;20;3101;333
60;22;3100;333
60;23;287;333
60;24;627;333
60;27;3098;333
60;27;3101;333
60;27;3093;333
60;29;2303;333
60;30;2856;333
60;32;3100;333
60;32;3101;333
60;32;3093;333
60;32;3096;333
60;33;287;333
60;34;629;333
60;37;1266;333
60;37;3101;333
60;37;3093;333
60;38;287;333
60;39;287;333
60;40;287;333
60;44;628;333
60;46;1266;333
60;47;287;333
60;48;287;333
60;49;3100;333
60;53;287;333
60;54;682;333
60;58;287;333
60;59;287;333
60;60;628;333
60;61;2856;333
60;61;3095;333
60;61;425;333
60;61;424;333
60;62;1272;333
60;62;3100;333
60;62;2038;333
60;62;3101;333
60;62;415;333
60;63;424;333
60;64;1266;333
60;65;232;333
60;70;1265;333
60;71;287;333
60;72;287;333
61;0;287;333
61;1;287;333
61;2;597;333
61;2;3095;333
61;2;425;333
61;6;287;333
61;7;287;333
61;8;626;333
61;9;629;333
61;11;233;333
61;11;1265;333
61;12;287;333
61;13;596;333
61;14;1250;333
61;16;1265;333
61;17;629;333
61;18;3099;333
61;18;3095;333
61;19;3098;333
61;20;376;333
61;20;3101;333
61;20;2937;333
61;20;549;333
61;21;3097;333
61;22;3100;333
61;22;3096;333
61;23;287;333
61;24;622;333
61;25;233;333
61;26;1272;333
61;27;627;333
61;28;628;333
61;29;627;333
61;30;1796;333
61;31;1794;333
61;32;1792;333
61;33;287;333
61;34;287;333
61;35;287;333
61;36;287;333
61;37;287;333
61;38;622;333
61;39;1266;333
61;39;3100;333
61;42;1272;333
61;43;3101;333
61;44;1272;333
61;44;3099;333
61;45;1272;333
61;47;287;333
61;48;287;333
61;49;626;333
61;50;3095;333
61;53;287;333
61;54;632;333
61;55;1250;333
61;55;232;333
61;55;3095;333
61;58;287;333
61;59;287;333
61;60;626;333
61;61;627;333
61;62;623;333
61;63;628;333
61;64;600;333
61;64;597;333
61;65;635;333
61;65;622;333
61;66;635;333
61;66;3093;333
61;67;689;333
61;69;233;333
61;71;287;333
61;72;287;333
62;0;287;333
62;1;287;333
62;2;597;333
62;2;3095;333
62;2;425;333
62;2;628;333
62;4;3101;333
62;4;3096;333
62;6;287;333
62;7;287;333
62;8;287;333
62;9;622;333
62;11;3101;333
62;12;287;333
62;13;599;333
62;14;3097;333
62;17;622;333
62;17;627;333
62;18;3101;333
62;20;3101;333
62;23;287;333
62;24;628;333
62;28;287;333
62;29;630;333
62;30;1266;333
62;30;3095;333
62;30;3101;333
62;34;1265;333
62;37;914;333
62;41;1266;333
62;42;3101;333
62;45;1250;333
62;45;3101;333
62;48;287;333
62;49;622;333
62;53;287;333
62;54;632;333
62;55;401;333
62;56;1272;333
62;58;287;333
62;59;287;333
62;60;287;333
62;61;287;333
62;62;287;333
62;63;287;333
62;64;287;333
62;65;287;333
62;66;287;333
62;67;633;333
62;70;1266;333
62;71;287;333
62;72;287;333
63;0;287;333
63;1;287;333
63;2;597;333
63;2;3095;333
63;3;915;333
63;6;287;333
63;7;287;333
63;8;287;333
63;11;3101;333
63;11;1265;333
63;12;287;333
63;13;596;333
63;15;3101;333
63;16;232;333
63;17;622;333
63;18;61;333
63;18;3101;333
63;18;425;333
63;19;3077;333
63;20;3077;333
63;21;3101;333
63;22;61;333
63;23;287;333
63;24;599;333
63;25;426;333
63;28;287;333
63;29;629;333
63;33;3100;333
63;35;391;333
63;35;3093;333
63;36;403;333
63;38;1266;333
63;38;424;333
63;39;3101;333
63;39;424;333
63;40;2038;333
63;40;424;333
63;41;3093;333
63;42;627;333
63;43;629;333
63;44;3093;333
63;44;424;333
63;46;3101;333
63;48;287;333
63;49;628;333
63;50;3101;333
63;51;1272;333
63;53;287;333
63;54;632;333
63;55;1272;333
63;58;287;333
63;66;287;333
63;67;633;333
63;67;401;333
63;67;391;333
63;67;3095;333
63;69;1272;333
63;71;287;333
63;72;287;333
64;0;287;333
64;1;287;333
64;2;627;333
64;2;425;333
64;3;425;333
64;6;287;333
64;7;287;333
64;8;287;333
64;9;622;333
64;10;1265;333
64;10;3095;333
64;11;1250;333
64;11;3101;333
64;12;287;333
64;13;630;333
64;14;3101;333
64;14;1272;333
64;15;1245;333
64;16;3098;333
64;16;2038;333
64;17;622;333
64;17;627;333
64;18;3077;333
64;18;425;333
64;19;3101;333
64;20;337;333
64;20;2640;333
64;21;3108;333
64;21;2038;333
64;22;3077;333
64;22;3101;333
64;23;287;333
64;24;596;333
64;25;1265;333
64;28;287;333
64;29;628;333
64;30;1246;333
64;32;627;333
64;33;635;333
64;33;629;333
64;34;680;333
64;35;634;333
64;36;634;333
64;37;634;333
64;38;600;333
64;38;629;333
64;38;407;333
64;39;627;333
64;40;628;333
64;41;627;333
64;41;407;333
64;42;287;333
64;43;287;333
64;44;626;333
64;45;627;333
64;46;627;333
64;47;287;333
64;48;287;333
64;49;629;333
64;53;287;333
64;54;683;333
64;55;3100;333
64;55;405;333
64;56;3101;333
64;58;287;333
64;66;287;333
64;67;633;333
64;67;3101;333
64;67;2038;333
64;67;3095;333
64;68;1265;333
64;69;3101;333
64;71;287;333
64;72;287;333
65;0;287;333
65;1;287;333
65;2;622;333
65;3;3101;333
65;3;3095;333
65;9;628;333
65;12;287;333
65;13;683;333
65;13;690;333
65;16;623;333
65;17;628;333
65;18;693;333
65;18;3093;333
65;19;3101;333
65;21;225;333
65;22;693;333
65;22;3093;333
65;23;287;333
65;24;622;333
65;25;914;333
65;25;3095;333
65;28;287;333
65;29;627;333
65;33;287;333
65;34;287;333
65;35;287;333
65;36;287;333
65;37;287;333
65;38;287;333
65;39;287;333
65;40;287;333
65;41;287;333
65;42;287;333
65;43;287;333
65;44;287;333
65;45;287;333
65;46;287;333
65;47;287;333
65;48;287;333
65;49;622;333
65;49;624;333
65;50;3095;333
65;51;1250;333
65;53;287;333
65;54;633;333
65;54;401;333
65;58;287;333
65;66;287;333
65;67;633;333
65;67;627;333
65;68;1246;333
65;70;1272;333
65;71;287;333
65;72;287;333
66;0;287;333
66;1;287;333
66;2;629;333
66;3;3101;333
66;3;1265;333
66;7;915;333
66;7;1265;333
66;7;1266;333
66;11;1250;333
66;12;287;333
66;12;287;333
66;13;633;333
66;13;688;333
66;16;287;333
66;17;627;333
66;18;405;333
66;18;2805;333
66;19;61;333
66;19;3095;333
66;20;1367;333
66;21;3077;333
66;21;3096;333
66;22;405;333
66;22;2805;333
66;23;287;333
66;24;622;333
66;28;287;333
66;29;622;333
66;31;3096;333
66;33;287;333
66;34;287;333
66;35;287;333
66;36;287;333
66;37;287;333
66;38;287;333
66;39;287;333
66;40;287;333
66;41;287;333
66;42;287;333
66;43;287;333
66;44;287;333
66;45;287;333
66;46;287;333
66;47;287;333
66;48;287;333
66;49;622;333
66;53;287;333
66;54;633;333
66;54;627;333
66;58;287;333
66;66;287;333
66;67;628;333
66;68;3099;333
66;68;2038;333
66;68;3093;333
66;69;914;333
66;71;287;333
66;72;287;333
67;0;287;333
67;1;287;333
67;2;628;333
67;3;3101;333
67;3;3099;333
67;4;3093;333
67;7;3101;333
67;7;3093;333
67;8;424;333
67;9;424;333
67;10;3093;333
67;10;424;333
67;11;3101;333
67;11;3100;333
67;12;287;333
67;13;633;333
67;13;401;333
67;15;1272;333
67;16;287;333
67;17;629;333
67;18;628;333
67;19;597;333
67;19;66;333
67;19;425;333
67;20;598;333
67;21;626;333
67;22;627;333
67;23;287;333
67;24;629;333
67;29;628;333
67;30;1245;333
67;31;1265;333
67;49;628;333
67;50;1266;333
67;51;426;333
67;53;287;333
67;54;622;333
67;55;1246;333
67;55;3095;333
67;56;3096;333
67;58;287;333
67;66;287;333
67;67;627;333
67;68;629;333
67;70;1265;333
67;70;1266;333
67;71;287;333
67;72;287;333
68;0;287;333
68;1;287;333
68;2;627;333
68;3;626;333
68;5;625;333
68;5;2038;333
68;7;627;333
68;8;626;333
68;9;628;333
68;10;629;333
68;11;627;333
68;12;628;333
68;12;287;333
68;13;633;333
68;13;627;333
68;15;3096;333
68;16;287;333
68;17;287;333
68;18;287;333
68;19;287;333
68;20;287;333
68;21;287;333
68;22;622;333
68;23;3100;333
68;24;232;333
68;28;1265;333
68;28;3101;333
68;29;1266;333
68;32;1250;333
68;34;1272;333
68;37;3101;333
68;38;3101;333
68;38;1278;333
68;42;3098;333
68;43;232;333
68;44;1272;333
68;45;3101;333
68;46;3094;333
68;48;3098;333
68;48;3094;333
68;48;420;333
68;49;3094;333
68;53;287;333
68;54;627;333
68;55;629;333
68;56;627;333
68;57;287;333
68;58;287;333
68;66;287;333
68;67;287;333
68;68;622;333
68;70;3101;333
68;71;287;333
68;72;287;333
69;0;287;333
69;1;287;333
69;2;287;333
69;3;287;333
69;4;287;333
69;5;287;333
69;6;287;333
69;7;287;333
69;8;287;333
69;9;287;333
69;10;287;333
69;11;287;333
69;11;627;333
69;12;287;333
69;12;287;333
69;13;627;333
69;16;1246;333
69;19;1250;333
69;19;1265;333
69;20;1265;333
69;21;1265;333
69;22;3101;333
69;22;1265;333
69;23;1266;333
69;26;1265;333
69;28;424;333
69;29;1266;333
69;29;424;333
69;30;424;333
69;33;3093;333
69;35;233;333
69;38;1272;333
69;39;1265;333
69;39;426;333
69;42;3093;333
69;45;1246;333
69;46;3100;333
69;46;3093;333
69;47;1266;333
69;48;3097;333
69;48;2038;333
69;48;3101;333
69;48;3093;333
69;49;1266;333
69;50;2832;333
69;51;3101;333
69;53;287;333
69;54;287;333
69;55;287;333
69;56;287;333
69;66;287;333
69;67;287;333
69;68;622;333
69;69;3101;333
69;70;613;333
69;71;287;333
69;72;287;333
70;12;287;333
70;13;628;333
70;14;3097;333
70;14;425;333
70;14;424;333
70;15;424;333
70;18;424;333
70;19;424;333
70;23;1278;333
70;25;3101;333
70;26;627;333
70;27;628;333
70;28;629;333
70;29;627;333
70;30;628;333
70;31;623;333
70;32;3099;333
70;33;623;333
70;34;3099;333
70;34;3098;333
70;35;623;333
70;36;3100;333
70;37;623;333
70;38;623;333
70;39;629;333
70;40;627;333
70;41;629;333
70;42;629;333
70;43;626;333
70;44;627;333
70;45;623;333
70;46;628;333
70;47;626;333
70;48;628;333
70;49;426;333
70;51;3099;333
70;51;3093;333
70;53;287;333
70;54;287;333
70;55;287;333
70;56;287;333
70;66;287;333
70;67;622;333
70;67;624;333
70;68;3101;333
70;68;3095;333
70;69;1272;333
70;70;1265;333
70;71;287;333
70;72;287;333
71;12;287;333
71;13;626;333
71;14;627;333
71;15;629;333
71;16;600;333
71;16;597;333
71;17;598;333
71;18;623;333
71;19;628;333
71;20;627;333
71;21;629;333
71;22;628;333
71;23;596;333
71;23;3093;333
71;24;596;333
71;24;3093;333
71;24;2038;333
71;25;596;333
71;25;3093;333
71;26;627;333
71;27;287;333
71;28;287;333
71;29;287;333
71;30;287;333
71;31;287;333
71;32;287;333
71;33;287;333
71;34;287;333
71;35;287;333
71;36;287;333
71;37;287;333
71;38;287;333
71;39;287;333
71;40;287;333
71;41;287;333
71;42;287;333
71;43;287;333
71;44;287;333
71;45;287;333
71;46;287;333
71;47;287;333
71;48;420;333
71;49;625;333
71;51;627;333
71;52;629;333
71;53;287;333
71;54;287;333
71;55;287;333
71;56;287;333
71;66;287;333
71;67;622;333
71;69;2832;333
71;71;287;333
71;72;287;333
72;12;287;333
72;13;287;333
72;14;287;333
72;15;287;333
72;16;287;333
72;17;287;333
72;18;287;333
72;19;287;333
72;20;287;333
72;21;287;333
72;22;287;333
72;23;287;333
72;24;287;333
72;25;287;333
72;26;287;333
72;27;287;333
72;28;287;333
72;29;287;333
72;30;287;333
72;31;287;333
72;32;287;333
72;33;287;333
72;34;287;333
72;35;287;333
72;36;287;333
72;37;287;333
72;38;287;333
72;39;287;333
72;40;287;333
72;41;287;333
72;42;287;333
72;43;287;333
72;44;287;333
72;45;287;333
72;46;287;333
72;47;287;333
72;48;287;333
72;49;287;333
72;50;287;333
72;51;287;333
72;52;287;333
72;53;287;333
72;54;287;333
72;55;287;333
72;56;287;333
72;66;287;333
72;67;628;333
72;68;2856;333
72;70;3093;333
72;70;3097;333
72;71;287;333
72;72;287;333
73;66;287;333
73;67;626;333
73;68;627;333
73;69;597;333
73;70;598;333
73;71;287;333
73;72;287;333
