V: 2
L: -3
X: 358
Y: 185
W: 20
H: 20
0;0;57;2
0;1;57;2
0;2;57;2
0;3;57;2
0;4;57;2
0;5;57;2
0;6;57;2
0;7;57;2
0;8;57;2
0;9;57;2
0;10;57;2
0;11;57;2
0;12;57;2
0;13;57;2
0;14;57;2
0;15;57;2
0;16;57;2
0;17;57;2
0;18;57;2
0;19;57;2
1;0;57;2
1;1;57;2
1;2;57;2
1;3;57;2
1;4;57;2
1;5;57;2
1;6;57;2
1;7;57;2
1;8;57;2
1;9;57;2
1;10;57;2
1;11;57;2
1;12;57;2
1;13;57;2
1;14;57;2
1;15;57;2
1;16;57;2
1;17;57;2
1;18;57;2
1;19;57;2
2;0;57;2
2;1;57;2
2;2;57;2
2;3;57;2
2;4;57;2
2;5;57;2
2;6;57;2
2;7;57;2
2;8;57;2
2;9;57;2
2;10;57;2
2;11;57;2
2;12;57;2
2;13;57;2
2;14;57;2
2;15;57;2
2;16;57;2
2;17;57;2
2;18;57;2
2;19;57;2
3;0;45;2
3;1;48;2
3;2;48;2
3;3;48;2
3;4;48;2
3;5;48;2
3;6;48;2
3;7;48;2
3;8;48;2
3;9;48;2
3;10;51;2
3;11;57;2
3;12;57;2
3;13;57;2
3;14;57;2
3;15;57;2
3;16;57;2
3;17;57;2
3;18;57;2
3;19;57;2
4;0;46;2
4;1;49;2
4;2;49;2
4;3;49;2
4;4;49;2
4;5;49;2
4;6;49;2
4;7;49;2
4;8;49;2
4;9;49;2
4;10;52;2
4;11;57;2
4;12;57;2
4;13;57;2
4;14;57;2
4;15;57;2
4;16;57;2
4;17;57;2
4;18;57;2
4;19;57;2
5;0;47;2
5;1;50;2
5;2;50;2
5;3;50;2
5;4;50;2
5;5;50;2
5;6;50;2
5;7;49;2
5;8;49;2
5;9;49;2
5;10;52;2
5;11;57;2
5;12;57;2
5;13;57;2
5;14;57;2
5;15;57;2
5;16;57;2
5;17;57;2
5;18;57;2
5;19;57;2
6;0;57;2
6;1;57;2
6;2;57;2
6;3;57;2
6;4;57;2
6;5;57;2
6;6;57;2
6;7;46;2
6;8;49;2
6;9;49;2
6;10;52;2
6;11;57;2
6;12;57;2
6;13;57;2
6;14;57;2
6;15;57;2
6;16;57;2
6;17;57;2
6;18;57;2
6;19;57;2
7;0;57;2
7;1;57;2
7;2;57;2
7;3;57;2
7;4;57;2
7;5;57;2
7;6;57;2
7;7;46;2
7;8;49;2
7;9;49;2
7;10;52;2
7;11;57;2
7;12;57;2
7;13;57;2
7;14;57;2
7;15;57;2
7;16;57;2
7;17;57;2
7;18;57;2
7;19;57;2
8;0;57;2
8;1;57;2
8;2;57;2
8;3;57;2
8;4;57;2
8;5;57;2
8;6;57;2
8;7;46;2
8;8;49;2
8;9;49;2
8;10;52;2
8;11;57;2
8;12;57;2
8;13;57;2
8;14;57;2
8;15;57;2
8;16;57;2
8;17;57;2
8;18;57;2
8;19;57;2
9;0;57;2
9;1;57;2
9;2;57;2
9;3;57;2
9;4;57;2
9;5;57;2
9;6;57;2
9;7;49;2
9;8;49;2
9;9;49;2
9;10;49;2
9;11;57;2
9;12;57;2
9;13;57;2
9;14;57;2
9;15;57;2
9;16;57;2
9;17;57;2
9;18;57;2
9;19;57;2
10;0;57;2
10;1;57;2
10;2;57;2
10;3;57;2
10;4;57;2
10;5;57;2
10;6;49;2
10;7;49;2
10;8;49;2
10;9;49;2
10;10;49;2
10;11;57;2
10;12;57;2
10;13;57;2
10;14;57;2
10;15;57;2
10;16;57;2
10;17;57;2
10;18;57;2
10;19;57;2
11;0;57;2
11;1;57;2
11;2;57;2
11;3;57;2
11;4;57;2
11;5;57;2
11;6;49;2
11;7;49;2
11;8;49;2
11;9;49;2
11;10;49;2
11;11;57;2
11;12;57;2
11;13;57;2
11;14;57;2
11;15;57;2
11;16;57;2
11;17;57;2
11;18;57;2
11;19;57;2
12;0;57;2
12;1;57;2
12;2;57;2
12;3;57;2
12;4;57;2
12;5;57;2
12;6;49;2
12;7;49;2
12;8;49;2
12;9;49;2
12;10;49;2
12;11;57;2
12;12;57;2
12;13;57;2
12;14;57;2
12;15;57;2
12;16;57;2
12;17;57;2
12;18;57;2
12;19;57;2
13;0;57;2
13;1;57;2
13;2;57;2
13;3;57;2
13;4;57;2
13;5;57;2
13;6;49;2
13;7;49;2
13;8;49;2
13;9;49;2
13;10;49;2
13;11;57;2
13;12;57;2
13;13;57;2
13;14;57;2
13;15;57;2
13;16;57;2
13;17;57;2
13;18;57;2
13;19;57;2
14;0;57;2
14;1;57;2
14;2;57;2
14;3;57;2
14;4;57;2
14;5;57;2
14;6;57;2
14;7;57;2
14;8;57;2
14;9;57;2
14;10;57;2
14;11;57;2
14;12;57;2
14;13;57;2
14;14;57;2
14;15;57;2
14;16;57;2
14;17;57;2
14;18;57;2
14;19;57;2
15;0;57;2
15;1;57;2
15;2;57;2
15;3;57;2
15;4;57;2
15;5;57;2
15;6;57;2
15;7;57;2
15;8;57;2
15;9;57;2
15;10;57;2
15;11;57;2
15;12;57;2
15;13;57;2
15;14;57;2
15;15;57;2
15;16;57;2
15;17;57;2
15;18;57;2
15;19;57;2
16;0;57;2
16;1;57;2
16;2;57;2
16;3;57;2
16;4;57;2
16;5;57;2
16;6;57;2
16;7;57;2
16;8;57;2
16;9;57;2
16;10;57;2
16;11;57;2
16;12;57;2
16;13;57;2
16;14;57;2
16;15;57;2
16;16;57;2
16;17;57;2
16;18;57;2
16;19;57;2
17;0;57;2
17;1;57;2
17;2;57;2
17;3;57;2
17;4;57;2
17;5;57;2
17;6;57;2
17;7;57;2
17;8;57;2
17;9;57;2
17;10;57;2
17;11;57;2
17;12;57;2
17;13;57;2
17;14;57;2
17;15;57;2
17;16;57;2
17;17;57;2
17;18;57;2
17;19;57;2
18;0;57;2
18;1;57;2
18;2;57;2
18;3;57;2
18;4;57;2
18;5;57;2
18;6;57;2
18;7;57;2
18;8;57;2
18;9;57;2
18;10;57;2
18;11;57;2
18;12;57;2
18;13;57;2
18;14;57;2
18;15;57;2
18;16;57;2
18;17;57;2
18;18;57;2
18;19;57;2
19;0;57;2
19;1;57;2
19;2;57;2
19;3;57;2
19;4;57;2
19;5;57;2
19;6;57;2
19;7;57;2
19;8;57;2
19;9;57;2
19;10;57;2
19;11;57;2
19;12;57;2
19;13;57;2
19;14;57;2
19;15;57;2
19;16;57;2
19;17;57;2
19;18;57;2
19;19;57;2
