0;1;613;333
0;2;613;333
0;3;613;333
0;4;613;333
0;5;613;333
0;5;625;333
0;6;613;333
0;7;613;333
0;8;613;333
0;26;613;333
0;27;613;333
0;28;613;333
0;29;613;333
1;1;613;333
1;5;613;333
1;8;613;333
1;26;613;333
1;29;613;333
2;1;613;333
2;5;613;333
2;8;613;333
2;17;613;333
2;18;613;333
2;19;613;333
2;20;613;333
2;21;613;333
2;22;613;333
2;23;613;333
2;23;625;333
2;24;613;333
2;25;613;333
2;26;613;333
2;27;425;333
2;29;613;333
3;1;613;333
3;2;425;333
3;4;3102;333
3;5;613;333
3;5;425;333
3;6;425;333
3;6;425;333
3;7;3102;333
3;8;613;333
3;17;613;333
3;22;613;333
3;25;3098;333
3;25;3102;333
3;26;613;333
3;26;3102;333
3;29;613;333
4;1;613;333
4;2;425;333
4;3;3102;333
4;3;425;333
4;6;3102;333
4;6;3101;333
4;8;613;333
4;8;3097;333
4;9;613;333
4;10;613;333
4;11;613;333
4;12;613;333
4;17;613;333
4;22;613;333
4;24;3098;333
4;25;3098;333
4;27;3102;333
4;29;613;333
4;34;613;333
4;35;613;333
4;36;613;333
4;37;613;333
4;37;625;333
4;38;613;333
4;39;613;333
4;42;613;333
4;43;613;333
4;44;613;333
4;45;613;333
5;0;613;333
5;1;613;333
5;1;613;333
5;1;613;333
5;2;1862;333
5;2;722;333
5;2;723;333
5;2;720;333
5;2;721;333
5;3;295;333
5;6;3102;333
5;6;3101;333
5;12;613;333
5;17;613;333
5;21;3098;333
5;24;3097;333
5;24;3098;333
5;29;613;333
5;29;624;333
5;33;613;333
5;34;613;333
5;39;613;333
5;39;3101;333
5;40;613;333
5;41;613;333
5;42;613;333
5;44;3101;333
5;45;613;333
6;0;613;333
6;2;337;333
6;4;3102;333
6;10;3097;333
6;12;613;333
6;13;613;333
6;14;613;333
6;15;613;333
6;16;613;333
6;17;613;333
6;18;613;333
6;25;3101;333
6;27;613;333
6;28;613;333
6;29;613;333
6;33;613;333
6;33;3101;333
6;37;3097;333
6;40;3102;333
6;45;613;333
6;45;613;333
6;46;613;333
7;0;613;333
7;1;2905;333
7;2;337;333
7;2;3102;333
7;4;2937;333
7;4;3098;333
7;5;3101;333
7;6;3102;333
7;8;3098;333
7;8;3101;333
7;11;3097;333
7;14;613;333
7;21;3102;333
7;22;2937;333
7;26;3102;333
7;27;3102;333
7;29;613;333
7;32;613;333
7;33;613;333
7;37;3102;333
7;41;3097;333
7;46;613;333
8;0;613;333
8;1;2905;333
8;2;337;333
8;7;3102;333
8;12;2937;333
8;14;613;333
8;15;295;333
8;16;3102;333
8;18;3097;333
8;20;613;333
8;24;3098;333
8;27;3102;333
8;29;613;333
8;32;613;333
8;33;520;333
8;34;2937;333
8;36;3102;333
8;37;2805;333
8;39;1879;333
8;40;2805;333
8;41;3101;333
8;41;3095;333
8;42;2937;333
8;44;3101;333
8;46;613;333
9;1;613;333
9;1;613;333
9;2;1862;333
9;2;721;333
9;2;721;333
9;2;720;333
9;2;723;333
9;2;722;333
9;3;295;333
9;3;3101;333
9;7;3093;333
9;10;3102;333
9;13;3097;333
9;14;613;333
9;15;402;333
9;15;42;333
9;17;3102;333
9;20;613;333
9;21;221;333
9;21;425;333
9;22;404;333
9;22;42;333
9;25;404;333
9;25;42;333
9;26;221;333
9;29;613;333
9;32;613;333
9;33;3097;333
9;34;2855;333
9;35;3101;333
9;37;3102;333
9;37;3094;333
9;38;498;333
9;38;3101;333
9;38;3101;333
9;39;498;333
9;40;3094;333
9;42;3101;333
9;43;520;333
9;45;613;333
9;46;613;333
10;1;613;333
10;1;624;333
10;6;3101;333
10;6;3101;333
10;7;613;333
10;13;3097;333
10;14;652;333
10;16;2937;333
10;19;613;333
10;20;613;333
10;21;613;333
10;22;613;333
10;23;654;333
10;24;658;333
10;25;613;333
10;26;613;333
10;27;613;333
10;28;613;333
10;29;613;333
10;29;613;333
10;32;613;333
10;33;613;333
10;34;613;333
10;35;519;333
10;37;3097;333
10;37;3101;333
10;43;3101;333
10;44;613;333
10;45;613;333
11;1;613;333
11;2;3093;333
11;4;3098;333
11;5;3101;333
11;7;613;333
11;8;3102;333
11;8;3095;333
11;8;425;333
11;14;656;333
11;20;613;333
11;21;613;333
11;26;613;333
11;34;613;333
11;35;613;333
11;36;3102;333
11;36;3095;333
11;38;3101;333
11;40;3101;333
11;42;3101;333
11;42;3102;333
11;43;3101;333
11;44;613;333
12;1;613;333
12;2;613;333
12;3;613;333
12;4;613;333
12;5;425;333
12;5;425;333
12;7;613;333
12;8;295;333
12;9;2937;333
12;10;3098;333
12;14;613;333
12;15;402;333
12;15;42;333
12;19;613;333
12;19;3097;333
12;20;613;333
12;26;613;333
12;35;613;333
12;36;3098;333
12;38;3097;333
12;38;3102;333
12;44;613;333
13;4;613;333
13;5;425;333
13;5;425;333
13;5;425;333
13;7;613;333
13;8;402;333
13;8;42;333
13;10;3101;333
13;14;613;333
13;14;295;333
13;15;295;333
13;16;3098;333
13;19;613;333
13;21;3097;333
13;23;3101;333
13;26;613;333
13;35;613;333
13;36;520;333
13;36;3102;333
13;38;2937;333
13;38;3102;333
13;44;613;333
14;4;613;333
14;5;425;333
14;7;613;333
14;8;295;333
14;8;3093;333
14;9;3097;333
14;10;3097;333
14;10;3102;333
14;14;613;333
14;15;3093;333
14;15;424;333
14;15;394;333
14;16;424;333
14;19;613;333
14;20;3095;333
14;23;3097;333
14;24;613;333
14;25;613;333
14;26;613;333
14;34;613;333
14;35;613;333
14;36;3094;333
14;39;3097;333
14;41;3097;333
14;42;404;333
14;42;42;333
14;43;2906;333
14;44;613;333
15;4;613;333
15;5;613;333
15;6;613;333
15;7;613;333
15;8;613;333
15;9;613;333
15;10;613;333
15;14;613;333
15;15;613;333
15;16;613;333
15;17;613;333
15;18;613;333
15;19;613;333
15;24;613;333
15;34;613;333
15;35;3097;333
15;36;2906;333
15;36;3093;333
15;37;404;333
15;37;42;333
15;40;519;333
15;42;613;333
15;43;613;333
15;44;613;333
15;45;613;333
15;46;613;333
16;10;613;333
16;11;3095;333
16;11;425;333
16;14;613;333
16;17;3101;333
16;24;613;333
16;34;613;333
16;35;613;333
16;36;613;333
16;37;613;333
16;38;654;333
16;39;658;333
16;40;613;333
16;41;613;333
16;42;613;333
16;46;613;333
17;10;613;333
17;11;425;333
17;14;613;333
17;15;295;333
17;18;3101;333
17;19;3102;333
17;22;613;333
17;23;613;333
17;24;613;333
17;33;613;333
17;34;613;333
17;39;3101;333
17;43;3101;333
17;46;613;333
18;10;613;333
18;11;425;333
18;14;613;333
18;15;402;333
18;15;42;333
18;15;42;333
18;22;613;333
18;33;613;333
18;39;3101;333
18;46;613;333
18;46;624;333
19;7;613;333
19;10;613;333
19;11;613;333
19;12;613;333
19;13;613;333
19;13;3101;333
19;14;613;333
19;15;295;333
19;16;2937;333
19;18;3101;333
19;22;613;333
19;33;613;333
19;38;613;333
19;46;613;333
20;7;613;333
20;10;613;333
20;14;3097;333
20;15;3102;333
20;17;3098;333
20;18;424;333
20;19;3102;333
20;19;3093;333
20;22;613;333
20;33;613;333
20;34;3095;333
20;38;613;333
20;39;425;333
20;40;3102;333
20;45;613;333
20;46;613;333
21;7;613;333
21;8;613;333
21;9;613;333
21;10;613;333
21;17;613;333
21;18;613;333
21;19;613;333
21;20;613;333
21;21;613;333
21;22;613;333
21;23;613;333
21;24;613;333
21;25;613;333
21;26;613;333
21;27;613;333
21;27;625;333
21;28;613;333
21;29;613;333
21;30;613;333
21;31;613;333
21;32;613;333
21;33;613;333
21;34;3097;333
21;34;3101;333
21;38;613;333
21;39;2905;333
21;39;3095;333
21;43;613;333
21;43;3101;333
21;44;613;333
21;45;613;333
22;7;613;333
22;9;3102;333
22;13;3101;333
22;15;3101;333
22;17;613;333
22;24;613;333
22;31;3102;333
22;33;3098;333
22;33;3101;333
22;38;613;333
22;39;402;333
22;39;3101;333
22;40;3101;333
22;43;613;333
23;7;613;333
23;8;3098;333
23;14;3098;333
23;15;3098;333
23;17;613;333
23;24;613;333
23;26;3101;333
23;34;2937;333
23;38;613;333
23;39;2905;333
23;43;613;333
24;4;613;333
24;7;613;333
24;8;3095;333
24;13;3097;333
24;14;613;333
24;15;613;333
24;16;613;333
24;17;613;333
24;24;613;333
24;25;2905;333
24;25;3095;333
24;26;2937;333
24;28;3101;333
24;32;3093;333
24;35;3101;333
24;36;3097;333
24;38;613;333
24;39;3093;333
24;43;613;333
25;4;613;333
25;5;613;333
25;6;613;333
25;7;613;333
25;8;425;333
25;9;3102;333
25;14;613;333
25;14;3102;333
25;24;613;333
25;25;402;333
25;25;42;333
25;26;3097;333
25;28;613;333
25;30;3098;333
25;30;3102;333
25;31;3101;333
25;32;613;333
25;33;3101;333
25;33;3095;333
25;37;613;333
25;38;613;333
25;39;613;333
25;43;613;333
25;43;624;333
26;4;613;333
26;7;394;333
26;9;3098;333
26;10;3102;333
26;11;3101;333
26;13;3102;333
26;14;613;333
26;24;613;333
26;25;2905;333
26;26;3098;333
26;28;613;333
26;29;2906;333
26;29;498;333
26;30;404;333
26;30;42;333
26;31;2906;333
26;32;613;333
26;33;3097;333
26;34;394;333
26;37;613;333
26;43;613;333
27;4;613;333
27;8;3102;333
27;9;613;333
27;10;3097;333
27;10;424;333
27;11;424;333
27;14;613;333
27;24;613;333
27;25;613;333
27;26;613;333
27;27;613;333
27;28;613;333
27;29;613;333
27;30;613;333
27;31;613;333
27;32;613;333
27;33;613;333
27;34;613;333
27;37;613;333
27;43;613;333
28;4;613;333
28;5;295;333
28;6;2937;333
28;6;3101;333
28;9;613;333
28;10;613;333
28;11;613;333
28;12;613;333
28;13;613;333
28;14;613;333
28;15;613;333
28;16;613;333
28;17;613;333
28;18;613;333
28;18;625;333
28;19;613;333
28;20;613;333
28;24;613;333
28;28;3102;333
28;31;613;333
28;34;613;333
28;35;613;333
28;36;613;333
28;37;613;333
28;38;2937;333
28;38;425;333
28;40;498;333
28;43;613;333
29;4;613;333
29;5;402;333
29;5;42;333
29;8;3102;333
29;8;3101;333
29;9;613;333
29;11;3101;333
29;16;3101;333
29;20;613;333
29;21;613;333
29;22;613;333
29;23;613;333
29;24;613;333
29;25;3102;333
29;31;613;333
29;38;2906;333
29;38;3093;333
29;39;404;333
29;39;42;333
29;40;2906;333
29;43;613;333
30;4;613;333
30;5;295;333
30;5;3095;333
30;7;3101;333
30;8;3101;333
30;9;613;333
30;12;3101;333
30;25;3102;333
30;29;3101;333
30;31;652;333
30;36;613;333
30;37;613;333
30;38;613;333
30;39;613;333
30;40;613;333
30;41;613;333
30;42;613;333
30;43;613;333
30;44;613;333
30;45;613;333
31;4;613;333
31;5;3097;333
31;6;3101;333
31;6;3098;333
31;9;613;333
31;9;3101;333
31;10;2905;333
31;10;3095;333
31;11;3101;333
31;13;3101;333
31;17;3101;333
31;23;424;333
31;24;3093;333
31;25;3102;333
31;25;424;333
31;26;3093;333
31;27;424;333
31;31;656;333
31;41;3102;333
31;45;613;333
32;3;613;333
32;4;613;333
32;5;613;333
32;6;613;333
32;8;3102;333
32;9;613;333
32;10;402;333
32;10;42;333
32;13;3101;333
32;22;3097;333
32;23;613;333
32;24;613;333
32;25;613;333
32;26;613;333
32;27;613;333
32;29;424;333
32;31;613;333
32;32;402;333
32;32;42;333
32;36;613;333
32;37;613;333
32;38;613;333
32;39;613;333
32;45;613;333
33;6;613;333
33;8;3101;333
33;9;613;333
33;10;2905;333
33;11;2937;333
33;12;613;333
33;13;3097;333
33;14;3093;333
33;15;3098;333
33;16;2906;333
33;16;2855;333
33;16;42;333
33;17;404;333
33;17;3101;333
33;18;2906;333
33;18;3101;333
33;19;3093;333
33;21;3098;333
33;23;613;333
33;27;613;333
33;28;613;333
33;29;613;333
33;30;613;333
33;31;613;333
33;32;613;333
33;33;613;333
33;34;613;333
33;35;613;333
33;36;613;333
33;39;613;333
33;40;3101;333
33;42;3101;333
33;45;613;333
34;6;613;333
34;7;3095;333
34;7;3095;333
34;9;613;333
34;10;3097;333
34;12;613;333
34;13;613;333
34;14;613;333
34;15;613;333
34;16;613;333
34;17;613;333
34;18;613;333
34;19;613;333
34;20;613;333
34;21;613;333
34;22;613;333
34;23;613;333
34;39;613;333
34;40;425;333
34;41;2937;333
34;41;3102;333
34;42;3101;333
34;45;613;333
35;6;613;333
35;7;295;333
35;9;613;333
35;12;613;333
35;39;613;333
35;40;694;333
35;41;3095;333
35;45;613;333
36;6;613;333
36;7;402;333
36;7;42;333
36;9;613;333
36;10;425;333
36;12;613;333
36;39;613;333
36;40;402;333
36;40;42;333
36;45;613;333
36;46;613;333
37;6;613;333
37;6;3101;333
37;7;295;333
37;9;613;333
37;10;425;333
37;12;613;333
37;39;613;333
37;40;694;333
37;40;3095;333
37;46;613;333
38;6;613;333
38;6;3098;333
38;7;3098;333
38;12;613;333
38;33;613;333
38;34;613;333
38;35;613;333
38;36;613;333
38;37;613;333
38;38;613;333
38;39;613;333
38;40;425;333
38;42;3097;333
38;46;613;333
39;4;613;333
39;5;613;333
39;6;613;333
39;7;613;333
39;11;613;333
39;12;613;333
39;12;3101;333
39;13;613;333
39;14;613;333
39;15;613;333
39;16;613;333
39;33;613;333
39;42;2937;333
39;46;613;333
40;7;613;333
40;8;3097;333
40;10;3101;333
40;11;613;333
40;33;613;333
40;34;425;333
40;44;613;333
40;45;613;333
40;46;613;333
41;7;613;333
41;7;624;333
41;8;3102;333
41;8;425;333
41;11;613;333
41;33;613;333
41;34;425;333
41;36;3097;333
41;36;3101;333
41;38;3101;333
41;39;3098;333
41;41;3101;333
41;44;613;333
42;7;613;333
42;8;3095;333
42;9;3101;333
42;11;613;333
42;11;3102;333
42;33;613;333
42;34;425;333
42;37;3098;333
42;39;2937;333
42;39;3101;333
42;44;613;333
43;7;613;333
43;11;613;333
43;29;613;333
43;30;613;333
43;31;613;333
43;31;625;333
43;32;613;333
43;33;613;333
43;34;425;333
43;36;3101;333
43;40;424;333
43;41;424;333
43;42;424;333
43;44;613;333
44;7;613;333
44;8;654;333
44;9;658;333
44;10;613;333
44;11;613;333
44;12;613;333
44;13;613;333
44;14;613;333
44;29;613;333
44;35;2937;333
44;40;613;333
44;41;613;333
44;42;613;333
44;43;613;333
44;44;613;333
45;7;613;333
45;10;613;333
45;29;613;333
45;30;694;333
45;32;3101;333
45;34;3102;333
45;36;3098;333
45;40;613;333
46;7;613;333
46;10;613;333
46;11;613;333
46;12;613;333
46;12;3101;333
46;29;613;333
46;30;402;333
46;30;42;333
46;31;2937;333
46;32;424;333
46;33;3093;333
46;36;695;333
46;37;404;333
46;37;42;333
46;38;695;333
46;40;613;333
47;7;613;333
47;8;402;333
47;8;42;333
47;12;613;333
47;29;613;333
47;30;694;333
47;32;613;333
47;33;613;333
47;34;654;333
47;35;658;333
47;36;613;333
47;37;613;333
47;38;613;333
47;39;613;333
47;40;613;333
48;1;613;333
48;2;613;333
48;3;613;333
48;4;613;333
48;5;613;333
48;6;613;333
48;7;613;333
48;7;3095;333
48;9;2937;333
48;12;613;333
48;29;613;333
48;30;613;333
48;31;613;333
48;32;613;333
48;36;613;333
49;1;613;333
49;5;613;333
49;6;425;333
49;12;613;333
49;32;613;333
49;36;613;333
50;1;613;333
50;5;613;333
50;5;613;333
50;6;3100;333
50;6;425;333
50;10;3093;333
50;12;613;333
50;30;613;333
50;31;613;333
50;32;613;333
50;36;613;333
51;1;613;333
51;2;2907;333
51;2;1360;333
51;2;1360;333
51;3;1360;333
51;5;613;333
51;6;425;333
51;9;3097;333
51;10;613;333
51;11;613;333
51;11;3102;333
51;12;613;333
51;30;613;333
51;36;613;333
51;36;613;333
52;1;613;333
52;2;3095;333
52;6;3101;333
52;9;3102;333
52;11;3101;333
52;12;613;333
52;29;613;333
52;29;613;333
52;30;613;333
52;30;3097;333
52;32;2937;333
52;32;3101;333
52;36;613;333
53;1;613;333
53;2;3099;333
53;5;394;333
53;5;42;333
53;6;3102;333
53;9;3101;333
53;12;613;333
53;12;3101;333
53;13;613;333
53;14;613;333
53;15;613;333
53;26;613;333
53;27;613;333
53;28;613;333
53;28;3097;333
53;29;613;333
53;29;613;333
53;29;613;333
53;29;3101;333
53;36;613;333
53;37;613;333
53;38;613;333
53;39;613;333
53;40;613;333
53;41;613;333
53;42;613;333
54;1;613;333
54;2;613;333
54;3;613;333
54;4;3100;333
54;5;3093;333
54;6;2038;333
54;6;424;333
54;15;613;333
54;26;613;333
54;28;3097;333
54;35;3101;333
54;42;613;333
54;43;613;333
54;44;613;333
54;45;613;333
54;46;613;333
55;3;613;333
55;4;613;333
55;5;613;333
55;6;613;333
55;7;3100;333
55;7;402;333
55;15;613;333
55;15;624;333
55;26;613;333
55;26;613;333
55;27;613;333
55;33;3098;333
55;40;3097;333
55;42;3102;333
55;43;3101;333
55;46;613;333
55;47;613;333
56;3;613;333
56;6;3097;333
56;15;613;333
56;27;613;333
56;27;624;333
56;35;3101;333
56;35;3093;333
56;36;3102;333
56;39;3101;333
56;47;613;333
57;1;613;333
57;2;613;333
57;3;613;333
57;6;3101;333
57;7;3102;333
57;10;3100;333
57;11;3099;333
57;12;3102;333
57;13;2908;333
57;15;613;333
57;27;613;333
57;28;3095;333
57;30;3101;333
57;33;3097;333
57;35;396;333
57;35;707;333
57;35;706;333
57;35;704;333
57;35;705;333
57;35;706;333
57;36;3097;333
57;37;3097;333
57;37;3101;333
57;38;2937;333
57;38;3098;333
57;40;396;333
57;40;707;333
57;40;706;333
57;40;704;333
57;40;705;333
57;40;706;333
57;40;3097;333
57;41;3095;333
57;42;3097;333
57;47;613;333
58;1;613;333
58;10;3096;333
58;11;613;333
58;12;613;333
58;13;613;333
58;13;3102;333
58;14;613;333
58;15;613;333
58;27;613;333
58;28;3097;333
58;29;2937;333
58;31;3102;333
58;34;3102;333
58;34;3102;333
58;36;75;333
58;39;3098;333
58;40;3097;333
58;47;613;333
59;1;613;333
59;2;3100;333
59;5;2937;333
59;12;613;333
59;27;613;333
59;28;2907;333
59;29;3098;333
59;33;3098;333
59;36;3101;333
59;38;337;333
59;42;2937;333
59;47;613;333
59;47;624;333
60;1;613;333
60;2;28;333
60;6;3093;333
60;12;613;333
60;27;613;333
60;31;3101;333
60;34;3098;333
60;34;3102;333
60;35;3093;333
60;36;75;333
60;40;3101;333
60;40;424;333
60;41;3101;333
60;41;3101;333
60;45;3097;333
60;45;3101;333
60;47;613;333
61;1;613;333
61;2;3098;333
61;3;424;333
61;3;2855;333
61;4;3102;333
61;6;613;333
61;9;3102;333
61;12;613;333
61;27;613;333
61;28;425;333
61;28;2855;333
61;28;42;333
61;29;3098;333
61;32;2937;333
61;35;396;333
61;35;706;333
61;35;707;333
61;35;704;333
61;35;705;333
61;35;706;333
61;38;3097;333
61;40;396;333
61;40;707;333
61;40;706;333
61;40;704;333
61;40;705;333
61;40;706;333
61;41;3102;333
61;41;3095;333
61;43;3101;333
61;45;3102;333
61;47;613;333
62;1;613;333
62;2;613;333
62;3;613;333
62;4;3099;333
62;5;3098;333
62;6;613;333
62;7;402;333
62;9;613;333
62;10;613;333
62;11;613;333
62;12;613;333
62;27;613;333
62;28;424;333
62;29;424;333
62;30;2906;333
62;30;3093;333
62;31;3101;333
62;33;2937;333
62;35;3101;333
62;36;3101;333
62;40;3098;333
62;43;3097;333
62;47;613;333
63;3;613;333
63;6;613;333
63;7;3099;333
63;9;613;333
63;27;613;333
63;28;613;333
63;29;613;333
63;30;613;333
63;31;613;333
63;39;2937;333
63;46;613;333
63;47;613;333
64;3;613;333
64;4;613;333
64;5;613;333
64;6;613;333
64;7;613;333
64;8;613;333
64;9;613;333
64;31;613;333
64;31;613;333
64;32;3097;333
64;34;2906;333
64;34;3102;333
64;36;3102;333
64;38;2855;333
64;39;2906;333
64;39;3093;333
64;40;424;333
64;41;2906;333
64;45;613;333
64;46;613;333
64;46;3097;333
65;31;613;333
65;32;613;333
65;33;613;333
65;33;625;333
65;34;613;333
65;35;613;333
65;36;3093;333
65;38;613;333
65;39;613;333
65;40;613;333
65;41;613;333
65;41;613;333
65;42;613;333
65;43;3098;333
65;44;613;333
65;45;613;333
66;35;613;333
66;36;613;333
66;37;613;333
66;38;613;333
66;42;613;333
66;43;613;333
66;44;613;333
