V: 2
L: 1
X: 735
Y: 685
W: 70
H: 45
0;0;0;0
0;1;0;0
0;2;0;0
0;3;0;0
0;4;0;0
0;5;0;0
0;6;0;0
0;7;0;0
0;8;0;0
0;9;0;0
0;10;0;0
0;11;0;0
0;12;0;0
0;13;0;0
0;14;0;0
0;15;0;0
0;16;0;0
0;17;0;0
0;18;0;0
0;19;0;0
0;20;0;0
0;21;0;0
0;22;0;0
0;23;0;0
0;24;0;0
0;25;0;0
0;26;0;0
0;27;0;0
0;28;0;0
0;29;0;0
0;30;0;0
0;31;0;0
0;32;0;0
0;33;0;0
0;34;0;0
0;35;0;0
0;36;0;0
0;37;0;0
0;38;0;0
0;39;0;0
0;40;0;0
0;41;0;0
0;42;0;0
0;43;0;0
0;44;0;0
1;0;0;0
1;1;0;0
1;2;0;0
1;3;0;0
1;4;0;0
1;5;0;0
1;6;0;0
1;7;0;0
1;8;0;0
1;9;0;0
1;10;0;0
1;11;0;0
1;12;0;0
1;13;0;0
1;14;0;0
1;15;0;0
1;16;0;0
1;17;0;0
1;18;0;0
1;19;0;0
1;20;0;0
1;21;0;0
1;22;0;0
1;23;0;0
1;24;0;0
1;25;0;0
1;26;0;0
1;27;0;0
1;28;0;0
1;29;0;0
1;30;0;0
1;31;0;0
1;32;0;0
1;33;0;0
1;34;0;0
1;35;0;0
1;36;0;0
1;37;0;0
1;38;0;0
1;39;0;0
1;40;0;0
1;41;0;0
1;42;0;0
1;43;0;0
1;44;0;0
2;0;0;0
2;1;0;0
2;2;0;0
2;3;0;0
2;4;0;0
2;5;0;0
2;6;0;0
2;7;0;0
2;8;0;0
2;9;0;0
2;10;0;0
2;11;0;0
2;12;0;0
2;13;0;0
2;14;0;0
2;15;0;0
2;16;0;0
2;17;0;0
2;18;0;0
2;19;0;0
2;20;0;0
2;21;0;0
2;22;0;0
2;23;0;0
2;24;0;0
2;25;0;0
2;26;0;0
2;27;0;0
2;28;0;0
2;29;0;0
2;30;0;0
2;31;0;0
2;32;0;0
2;33;0;0
2;34;0;0
2;35;0;0
2;36;0;0
2;37;0;0
2;38;0;0
2;39;0;0
2;40;0;0
2;41;0;0
2;42;0;0
2;43;0;0
2;44;0;0
3;0;0;0
3;1;0;0
3;2;0;0
3;3;0;0
3;4;0;0
3;5;0;0
3;6;0;0
3;7;0;0
3;8;0;0
3;9;0;0
3;10;0;0
3;11;0;0
3;12;0;0
3;13;0;0
3;14;0;0
3;15;0;0
3;16;0;0
3;17;0;0
3;18;0;0
3;19;0;0
3;20;0;0
3;21;0;0
3;22;0;0
3;23;0;0
3;24;0;0
3;25;0;0
3;26;0;0
3;27;0;0
3;28;0;0
3;29;0;0
3;30;0;0
3;31;0;0
3;32;0;0
3;33;0;0
3;34;0;0
3;35;0;0
3;36;0;0
3;37;0;0
3;38;0;0
3;39;0;0
3;40;0;0
3;41;0;0
3;42;0;0
3;43;0;0
3;44;0;0
4;0;0;0
4;1;0;0
4;2;0;0
4;3;0;0
4;4;0;0
4;5;0;0
4;6;0;0
4;7;0;0
4;8;0;0
4;9;0;0
4;10;0;0
4;11;2;0
4;12;2;0
4;13;2;0
4;14;2;0
4;15;0;0
4;16;0;0
4;17;0;0
4;18;0;0
4;19;0;0
4;20;0;0
4;21;0;0
4;22;0;0
4;23;0;0
4;24;0;0
4;25;0;0
4;26;0;0
4;27;0;0
4;28;0;0
4;29;0;0
4;30;0;0
4;31;0;0
4;32;0;0
4;33;0;0
4;34;0;0
4;35;0;0
4;36;0;0
4;37;0;0
4;38;0;0
4;39;0;0
4;40;0;0
4;41;0;0
4;42;0;0
4;43;0;0
4;44;0;0
5;0;0;0
5;1;0;0
5;2;0;0
5;3;0;0
5;4;0;0
5;5;0;0
5;6;0;0
5;7;0;0
5;8;2;0
5;9;2;0
5;10;2;0
5;11;2;0
5;12;2;0
5;13;2;0
5;14;2;0
5;15;2;0
5;16;2;0
5;17;2;0
5;18;0;0
5;19;0;0
5;20;0;0
5;21;0;0
5;22;0;0
5;23;0;0
5;24;0;0
5;25;0;0
5;26;0;0
5;27;0;0
5;28;0;0
5;29;0;0
5;30;0;0
5;31;0;0
5;32;0;0
5;33;0;0
5;34;0;0
5;35;0;0
5;36;0;0
5;37;0;0
5;38;0;0
5;39;0;0
5;40;0;0
5;41;0;0
5;42;0;0
5;43;0;0
5;44;0;0
6;0;0;0
6;1;0;0
6;2;0;0
6;3;0;0
6;4;0;0
6;5;0;0
6;6;0;0
6;7;0;0
6;8;2;0
6;9;2;0
6;10;2;0
6;11;2;0
6;12;2;0
6;13;2;0
6;14;2;0
6;15;2;0
6;16;2;0
6;17;2;0
6;18;8450;0
6;19;0;0
6;20;0;0
6;21;0;0
6;22;2;0
6;23;0;0
6;24;0;0
6;25;0;0
6;26;0;0
6;27;0;0
6;28;0;0
6;29;0;0
6;30;0;0
6;31;0;0
6;32;0;0
6;33;0;0
6;34;0;0
6;35;0;0
6;36;0;0
6;37;0;0
6;38;0;0
6;39;0;0
6;40;0;0
6;41;0;0
6;42;0;0
6;43;0;0
6;44;0;0
7;0;0;0
7;1;0;0
7;2;0;0
7;3;0;0
7;4;0;0
7;5;0;0
7;6;0;0
7;7;2;0
7;8;2;0
7;9;2;0
7;10;2;0
7;11;2;0
7;12;2;0
7;13;2;0
7;14;2;0
7;15;2;0
7;16;2;0
7;17;6402;0
7;18;8;0
7;19;8;0
7;20;8;0
7;21;8;0
7;22;2;0
7;23;0;0
7;24;0;0
7;25;0;0
7;26;0;0
7;27;0;0
7;28;0;0
7;29;0;0
7;30;0;0
7;31;0;0
7;32;0;0
7;33;0;0
7;34;0;0
7;35;0;0
7;36;0;0
7;37;0;0
7;38;0;0
7;39;0;0
7;40;0;0
7;41;0;0
7;42;0;0
7;43;0;0
7;44;0;0
8;0;0;0
8;1;0;0
8;2;0;0
8;3;0;0
8;4;0;0
8;5;2;0
8;6;2;0
8;7;2;0
8;8;2;0
8;9;2;0
8;10;16674;0
8;11;9;0
8;12;2338;0
8;13;2;0
8;14;2;0
8;15;2;0
8;16;8450;0
8;17;28930;0
8;18;8;0
8;19;8;0
8;20;8;0
8;21;17666;0
8;22;2;0
8;23;2;0
8;24;0;0
8;25;0;0
8;26;0;0
8;27;0;0
8;28;0;0
8;29;0;0
8;30;0;0
8;31;0;0
8;32;0;0
8;33;0;0
8;34;0;0
8;35;0;0
8;36;0;0
8;37;0;0
8;38;0;0
8;39;0;0
8;40;0;0
8;41;0;0
8;42;0;0
8;43;0;0
8;44;0;0
9;0;0;0
9;1;0;0
9;2;0;0
9;3;0;0
9;4;2;0
9;5;2;0
9;6;2;0
9;7;2;0
9;8;2;0
9;9;6434;0
9;10;9;0
9;11;9;0
9;12;9506;0
9;13;2;0
9;14;2;0
9;15;6402;0
9;16;8;0
9;17;8;0
9;18;8;0
9;19;8;0
9;20;8;0
9;21;1282;0
9;22;2;0
9;23;2;0
9;24;0;0
9;25;0;0
9;26;0;0
9;27;0;0
9;28;0;0
9;29;0;0
9;30;0;0
9;31;0;0
9;32;0;0
9;33;0;0
9;34;0;0
9;35;0;0
9;36;0;0
9;37;0;0
9;38;0;0
9;39;0;0
9;40;0;0
9;41;0;0
9;42;0;0
9;43;0;0
9;44;0;0
10;0;0;0
10;1;0;0
10;2;0;0
10;3;0;0
10;4;2;0
10;5;2;0
10;6;2;0
10;7;2;0
10;8;2;0
10;9;11554;0
10;10;9;0
10;11;9;0
10;12;9506;0
10;13;2;0
10;14;2;0
10;15;5378;0
10;16;8;0
10;17;8;0
10;18;19714;0
10;19;10498;0
10;20;3330;0
10;21;2;0
10;22;2;0
10;23;2;0
10;24;0;0
10;25;0;0
10;26;0;0
10;27;0;0
10;28;0;0
10;29;0;0
10;30;0;0
10;31;0;0
10;32;0;0
10;33;0;0
10;34;0;0
10;35;0;0
10;36;0;0
10;37;0;0
10;38;0;0
10;39;0;0
10;40;0;0
10;41;0;0
10;42;0;0
10;43;0;0
10;44;0;0
11;0;0;0
11;1;0;0
11;2;0;0
11;3;0;0
11;4;2;0
11;5;2;0
11;6;2;0
11;7;2;0
11;8;2;0
11;9;5410;0
11;10;9;0
11;11;9;0
11;12;18722;0
11;13;2;0
11;14;2;0
11;15;2;0
11;16;4354;0
11;17;3330;0
11;18;2;0
11;19;2;0
11;20;2;0
11;21;2;0
11;22;2;0
11;23;2;0
11;24;0;0
11;25;0;0
11;26;0;0
11;27;0;0
11;28;0;0
11;29;0;0
11;30;0;0
11;31;0;0
11;32;0;0
11;33;0;0
11;34;0;0
11;35;0;0
11;36;0;0
11;37;0;0
11;38;0;0
11;39;0;0
11;40;0;0
11;41;0;0
11;42;0;0
11;43;0;0
11;44;0;0
12;0;0;0
12;1;0;0
12;2;2;0
12;3;2;0
12;4;2;0
12;5;2;0
12;6;2;0
12;7;2;0
12;8;2;0
12;9;2;0
12;10;22818;0
12;11;9;0
12;12;9;0
12;13;14626;0
12;14;2;0
12;15;2;0
12;16;2;0
12;17;2;0
12;18;8674;0
12;19;7650;0
12;20;2;0
12;21;2;0
12;22;2;0
12;23;2;0
12;24;0;0
12;25;0;0
12;26;0;0
12;27;0;0
12;28;0;0
12;29;0;0
12;30;0;0
12;31;0;0
12;32;0;0
12;33;0;0
12;34;0;0
12;35;0;0
12;36;0;0
12;37;0;0
12;38;0;0
12;39;0;0
12;40;0;0
12;41;0;0
12;42;0;0
12;43;0;0
12;44;0;0
13;0;0;0
13;1;0;0
13;2;8674;0
13;3;25058;0
13;4;15;0
13;5;2530;0
13;6;2;0
13;7;2;0
13;8;2;0
13;9;2;0
13;10;11554;0
13;11;9;0
13;12;9;0
13;13;9;0
13;14;2;0
13;15;2;0
13;16;2;0
13;17;16866;0
13;18;15;0
13;19;15;0
13;20;2;0
13;21;2;0
13;22;2;0
13;23;2;0
13;24;0;0
13;25;0;0
13;26;0;0
13;27;0;0
13;28;0;0
13;29;0;0
13;30;0;0
13;31;0;0
13;32;0;0
13;33;0;0
13;34;0;0
13;35;0;0
13;36;0;0
13;37;0;0
13;38;0;0
13;39;0;0
13;40;0;0
13;41;0;0
13;42;0;0
13;43;0;0
13;44;0;0
14;0;0;0
14;1;0;0
14;2;15;0
14;3;15;0
14;4;15;0
14;5;9698;0
14;6;2;0
14;7;2;0
14;8;2;0
14;9;2;0
14;10;21794;0
14;11;9;0
14;12;9;0
14;13;13602;0
14;14;2;0
14;15;2;0
14;16;16866;0
14;17;15;0
14;18;15;0
14;19;13794;0
14;20;2;0
14;21;8450;0
14;22;7426;0
14;23;2;0
14;24;0;0
14;25;0;0
14;26;0;0
14;27;0;0
14;28;0;0
14;29;0;0
14;30;0;0
14;31;0;0
14;32;0;0
14;33;0;0
14;34;0;0
14;35;0;0
14;36;0;0
14;37;0;0
14;38;0;0
14;39;0;0
14;40;0;0
14;41;0;0
14;42;0;0
14;43;0;0
14;44;0;0
15;0;0;0
15;1;0;0
15;2;15842;0
15;3;15;0
15;4;15;0
15;5;1506;0
15;6;2;0
15;7;2;0
15;8;2;0
15;9;6434;0
15;10;9;0
15;11;9;0
15;12;13602;0
15;13;2;0
15;14;2;0
15;15;16866;0
15;16;15;0
15;17;15;0
15;18;13794;0
15;19;2;0
15;20;16642;0
15;21;8;0
15;22;8;0
15;23;2;0
15;24;0;0
15;25;0;0
15;26;0;0
15;27;0;0
15;28;0;0
15;29;0;0
15;30;0;0
15;31;0;0
15;32;0;0
15;33;0;0
15;34;0;0
15;35;0;0
15;36;0;0
15;37;0;0
15;38;0;0
15;39;0;0
15;40;0;0
15;41;0;0
15;42;0;0
15;43;0;0
15;44;0;0
16;0;0;0
16;1;0;0
16;2;2;0
16;3;4578;0
16;4;3554;0
16;5;2;0
16;6;2;0
16;7;2;0
16;8;2;0
16;9;11554;0
16;10;9;0
16;11;17698;0
16;12;2;0
16;13;2;0
16;14;6626;0
16;15;15;0
16;16;15;0
16;17;17890;0
16;18;2;0
16;19;16642;0
16;20;8;0
16;21;8;0
16;22;17666;0
16;23;2;0
16;24;0;0
16;25;0;0
16;26;0;0
16;27;0;0
16;28;0;0
16;29;0;0
16;30;0;0
16;31;0;0
16;32;0;0
16;33;0;0
16;34;0;0
16;35;0;0
16;36;0;0
16;37;0;0
16;38;0;0
16;39;0;0
16;40;0;0
16;41;0;0
16;42;0;0
16;43;0;0
16;44;0;0
17;0;0;0
17;1;0;0
17;2;2;0
17;3;2;0
17;4;2;0
17;5;2;0
17;6;2;0
17;7;2;0
17;8;2;0
17;9;21794;0
17;10;9;0
17;11;9506;0
17;12;2;0
17;13;2;0
17;14;5602;0
17;15;15;0
17;16;15;0
17;17;1506;0
17;18;6402;0
17;19;8;0
17;20;8;0
17;21;8;0
17;22;18690;0
17;23;2;0
17;24;0;0
17;25;0;0
17;26;0;0
17;27;0;0
17;28;0;0
17;29;0;0
17;30;0;0
17;31;0;0
17;32;0;0
17;33;0;0
17;34;0;0
17;35;0;0
17;36;0;0
17;37;0;0
17;38;0;0
17;39;0;0
17;40;0;0
17;41;0;0
17;42;0;0
17;43;0;0
17;44;0;0
18;0;0;0
18;1;0;0
18;2;0;0
18;3;0;0
18;4;2;0
18;5;2;0
18;6;2;0
18;7;8482;0
18;8;24866;0
18;9;9;0
18;10;9;0
18;11;1314;0
18;12;2;0
18;13;2;0
18;14;2;0
18;15;4578;0
18;16;3554;0
18;17;2;0
18;18;5378;0
18;19;8;0
18;20;8;0
18;21;8;0
18;22;8;0
18;23;2306;0
18;24;2;0
18;25;2;0
18;26;2;0
18;27;0;0
18;28;0;0
18;29;0;0
18;30;0;0
18;31;0;0
18;32;2;0
18;33;2;0
18;34;2;0
18;35;2;0
18;36;2;0
18;37;0;0
18;38;0;0
18;39;0;0
18;40;0;0
18;41;0;0
18;42;0;0
18;43;0;0
18;44;0;0
19;0;0;0
19;1;0;0
19;2;0;0
19;3;0;0
19;4;0;0
19;5;2;0
19;6;6434;0
19;7;9;0
19;8;9;0
19;9;9;0
19;10;13602;0
19;11;2;0
19;12;2;0
19;13;2;0
19;14;2;0
19;15;2;0
19;16;2;0
19;17;2;0
19;18;2;0
19;19;4354;0
19;20;10498;0
19;21;20738;0
19;22;8;0
19;23;1282;0
19;24;2;0
19;25;2;0
19;26;2;0
19;27;0;0
19;28;0;0
19;29;2;0
19;30;2;0
19;31;2;0
19;32;2;0
19;33;2;0
19;34;2;0
19;35;2;0
19;36;2;0
19;37;2;0
19;38;0;0
19;39;0;0
19;40;0;0
19;41;0;0
19;42;0;0
19;43;0;0
19;44;0;0
20;0;0;0
20;1;0;0
20;2;0;0
20;3;0;0
20;4;0;0
20;5;0;0
20;6;5410;0
20;7;9;0
20;8;19746;0
20;9;3362;0
20;10;2;0
20;11;2;0
20;12;2;0
20;13;2;0
20;14;2;0
20;15;2;0
20;16;2;0
20;17;2;0
20;18;2;0
20;19;19526;0
20;20;20550;0
20;21;2;0
20;22;2;0
20;23;2;0
20;24;2;0
20;25;2;0
20;26;2;0
20;27;2;0
20;28;2;0
20;29;2;0
20;30;2;0
20;31;2;0
20;32;2;0
20;33;2;0
20;34;2;0
20;35;2;0
20;36;2;0
20;37;2;0
20;38;0;0
20;39;0;0
20;40;0;0
20;41;0;0
20;42;0;0
20;43;0;0
20;44;0;0
21;0;0;0
21;1;0;0
21;2;0;0
21;3;0;0
21;4;0;0
21;5;0;0
21;6;2;0
21;7;2;0
21;8;2;0
21;9;2;0
21;10;2;0
21;11;2;0
21;12;2;0
21;13;2;0
21;14;2;0
21;15;2;0
21;16;2;0
21;17;25670;0
21;18;3142;0
21;19;6;0
21;20;6;0
21;21;22598;0
21;22;2;0
21;23;2;0
21;24;2;0
21;25;2;0
21;26;2;0
21;27;2;0
21;28;8450;0
21;29;7426;0
21;30;2;0
21;31;2;0
21;32;2;0
21;33;2;0
21;34;2;0
21;35;2;0
21;36;2;0
21;37;2;0
21;38;2;0
21;39;2;0
21;40;2;0
21;41;0;0
21;42;0;0
21;43;0;0
21;44;0;0
22;0;0;0
22;1;0;0
22;2;0;0
22;3;0;0
22;4;0;0
22;5;0;0
22;6;0;0
22;7;0;0
22;8;2;0
22;9;2;0
22;10;2;0
22;11;2;0
22;12;2;0
22;13;2;0
22;14;2;0
22;15;2;0
22;16;2;0
22;17;1094;0
22;18;6;0
22;19;6;0
22;20;6;0
22;21;21574;0
22;22;2;0
22;23;2;0
22;24;2;0
22;25;2;0
22;26;2;0
22;27;2;0
22;28;8;0
22;29;8;0
22;30;2306;0
22;31;2;0
22;32;2;0
22;33;2;0
22;34;2;0
22;35;2;0
22;36;2;0
22;37;2;0
22;38;2;0
22;39;2;0
22;40;2;0
22;41;2;0
22;42;0;0
22;43;0;0
22;44;0;0
23;0;0;0
23;1;0;0
23;2;0;0
23;3;0;0
23;4;0;0
23;5;0;0
23;6;0;0
23;7;0;0
23;8;2;0
23;9;2;0
23;10;2;0
23;11;2;0
23;12;2;0
23;13;2;0
23;14;2;0
23;15;2;0
23;16;13382;0
23;17;6;0
23;18;6;0
23;19;6;0
23;20;6214;0
23;21;2;0
23;22;2;0
23;23;2;0
23;24;2;0
23;25;2;0
23;26;2;0
23;27;2;0
23;28;22786;0
23;29;8;0
23;30;18690;0
23;31;2;0
23;32;2;0
23;33;2;0
23;34;2;0
23;35;2;0
23;36;2;0
23;37;2;0
23;38;2;0
23;39;2;0
23;40;2;0
23;41;2;0
23;42;0;0
23;43;0;0
23;44;0;0
24;0;0;0
24;1;0;0
24;2;0;0
24;3;0;0
24;4;0;0
24;5;0;0
24;6;0;0
24;7;0;0
24;8;0;0
24;9;0;0
24;10;0;0
24;11;0;0
24;12;0;0
24;13;0;0
24;14;2;0
24;15;13382;0
24;16;6;0
24;17;6;0
24;18;6;0
24;19;6;0
24;20;11334;0
24;21;2;0
24;22;2;0
24;23;16674;0
24;24;9;0
24;25;2338;0
24;26;2;0
24;27;2;0
24;28;11522;0
24;29;8;0
24;30;8;0
24;31;2306;0
24;32;2;0
24;33;2;0
24;34;8482;0
24;35;7458;0
24;36;2;0
24;37;2;0
24;38;2;0
24;39;2;0
24;40;2;0
24;41;0;0
24;42;0;0
24;43;0;0
24;44;0;0
25;0;0;0
25;1;0;0
25;2;0;0
25;3;0;0
25;4;0;0
25;5;0;0
25;6;0;0
25;7;0;0
25;8;0;0
25;9;0;0
25;10;0;0
25;11;0;0
25;12;0;0
25;13;0;0
25;14;0;0
25;15;6;0
25;16;6;0
25;17;6;0
25;18;8262;0
25;19;12358;0
25;20;28742;0
25;21;2;0
25;22;6434;0
25;23;9;0
25;24;9;0
25;25;1314;0
25;26;2;0
25;27;2;0
25;28;21762;0
25;29;8;0
25;30;8;0
25;31;1282;0
25;32;2;0
25;33;16674;0
25;34;9;0
25;35;9;0
25;36;2;0
25;37;2;0
25;38;2;0
25;39;2;0
25;40;2;0
25;41;0;0
25;42;0;0
25;43;0;0
25;44;0;0
26;0;0;0
26;1;0;0
26;2;0;0
26;3;0;0
26;4;0;0
26;5;0;0
26;6;0;0
26;7;0;0
26;8;0;0
26;9;0;0
26;10;0;0
26;11;0;0
26;12;0;0
26;13;0;0
26;14;0;0
26;15;6;0
26;16;6;0
26;17;16454;0
26;18;2;0
26;19;2;0
26;20;2;0
26;21;8482;0
26;22;28962;0
26;23;9;0
26;24;17698;0
26;25;2;0
26;26;2;0
26;27;16642;0
26;28;8;0
26;29;8;0
26;30;13570;0
26;31;2;0
26;32;6434;0
26;33;9;0
26;34;9;0
26;35;17698;0
26;36;2;0
26;37;2;0
26;38;2;0
26;39;2;0
26;40;2;0
26;41;0;0
26;42;0;0
26;43;0;0
26;44;0;0
27;0;0;0
27;1;0;0
27;2;0;0
27;3;0;0
27;4;0;0
27;5;0;0
27;6;0;0
27;7;0;0
27;8;0;0
27;9;0;0
27;10;0;0
27;11;0;0
27;12;0;0
27;13;0;0
27;14;0;0
27;15;8262;0
27;16;24646;0
27;17;2;0
27;18;2;0
27;19;8482;0
27;20;24866;0
27;21;9;0
27;22;9;0
27;23;9;0
27;24;1314;0
27;25;2;0
27;26;16642;0
27;27;8;0
27;28;8;0
27;29;17666;0
27;30;2;0
27;31;2;0
27;32;21794;0
27;33;9;0
27;34;9;0
27;35;1314;0
27;36;2;0
27;37;2;0
27;38;2;0
27;39;2;0
27;40;2;0
27;41;0;0
27;42;0;0
27;43;0;0
27;44;0;0
28;0;0;0
28;1;0;0
28;2;0;0
28;3;0;0
28;4;0;0
28;5;0;0
28;6;0;0
28;7;0;0
28;8;0;0
28;9;0;0
28;10;0;0
28;11;0;0
28;12;0;0
28;13;0;0
28;14;0;0
28;15;2;0
28;16;2;0
28;17;2;0
28;18;6434;0
28;19;9;0
28;20;9;0
28;21;9;0
28;22;9;0
28;23;13602;0
28;24;2;0
28;25;16642;0
28;26;8;0
28;27;8;0
28;28;8;0
28;29;9474;0
28;30;2;0
28;31;2;0
28;32;9;0
28;33;9;0
28;34;13602;0
28;35;2;0
28;36;2;0
28;37;2;0
28;38;2;0
28;39;2;0
28;40;2;0
28;41;0;0
28;42;0;0
28;43;0;0
28;44;0;0
29;0;0;0
29;1;0;0
29;2;0;0
29;3;0;0
29;4;0;0
29;5;0;0
29;6;0;0
29;7;0;0
29;8;0;0
29;9;0;0
29;10;0;0
29;11;0;0
29;12;0;0
29;13;0;0
29;14;0;0
29;15;0;0
29;16;2;0
29;17;2;0
29;18;5410;0
29;19;9;0
29;20;9;0
29;21;19746;0
29;22;3362;0
29;23;2;0
29;24;6402;0
29;25;8;0
29;26;8;0
29;27;8;0
29;28;8;0
29;29;9474;0
29;30;2;0
29;31;2;0
29;32;4386;0
29;33;3362;0
29;34;2;0
29;35;2;0
29;36;6498;0
29;37;11;0
29;38;2402;0
29;39;2;0
29;40;2;0
29;41;0;0
29;42;0;0
29;43;0;0
29;44;0;0
30;0;0;0
30;1;0;0
30;2;0;0
30;3;0;0
30;4;0;0
30;5;0;0
30;6;0;0
30;7;0;0
30;8;0;0
30;9;0;0
30;10;0;0
30;11;0;0
30;12;0;0
30;13;0;0
30;14;0;0
30;15;0;0
30;16;0;0
30;17;2;0
30;18;2;0
30;19;4386;0
30;20;3362;0
30;21;2;0
30;22;2;0
30;23;2;0
30;24;5378;0
30;25;8;0
30;26;8;0
30;27;8;0
30;28;8;0
30;29;1282;0
30;30;2;0
30;31;2;0
30;32;2;0
30;33;2;0
30;34;2;0
30;35;8546;0
30;36;29026;0
30;37;11;0
30;38;9570;0
30;39;2;0
30;40;2;0
30;41;0;0
30;42;0;0
30;43;0;0
30;44;0;0
31;0;0;0
31;1;0;0
31;2;0;0
31;3;0;0
31;4;0;0
31;5;0;0
31;6;0;0
31;7;0;0
31;8;0;0
31;9;0;0
31;10;0;0
31;11;0;0
31;12;0;0
31;13;0;0
31;14;0;0
31;15;0;0
31;16;0;0
31;17;0;0
31;18;2;0
31;19;2;0
31;20;2;0
31;21;8546;0
31;22;7522;0
31;23;2;0
31;24;2;0
31;25;4354;0
31;26;10498;0
31;27;10498;0
31;28;3330;0
31;29;2;0
31;30;2;0
31;31;2;0
31;32;2;0
31;33;8546;0
31;34;24930;0
31;35;11;0
31;36;11;0
31;37;11;0
31;38;1378;0
31;39;2;0
31;40;0;0
31;41;0;0
31;42;0;0
31;43;0;0
31;44;0;0
32;0;0;0
32;1;0;0
32;2;0;0
32;3;0;0
32;4;0;0
32;5;0;0
32;6;0;0
32;7;0;0
32;8;0;0
32;9;0;0
32;10;0;0
32;11;0;0
32;12;0;0
32;13;0;0
32;14;0;0
32;15;0;0
32;16;0;0
32;17;2;0
32;18;2;0
32;19;2;0
32;20;6498;0
32;21;11;0
32;22;11;0
32;23;2402;0
32;24;2;0
32;25;2;0
32;26;2;0
32;27;2;0
32;28;2;0
32;29;2;0
32;30;2;0
32;31;2;0
32;32;6498;0
32;33;11;0
32;34;11;0
32;35;11;0
32;36;11;0
32;37;17762;0
32;38;2;0
32;39;2;0
32;40;0;0
32;41;0;0
32;42;0;0
32;43;0;0
32;44;0;0
33;0;0;0
33;1;0;0
33;2;0;0
33;3;0;0
33;4;0;0
33;5;0;0
33;6;0;0
33;7;0;0
33;8;0;0
33;9;0;0
33;10;0;0
33;11;0;0
33;12;0;0
33;13;0;0
33;14;0;0
33;15;0;0
33;16;0;0
33;17;2;0
33;18;2;0
33;19;2;0
33;20;21858;0
33;21;11;0
33;22;11;0
33;23;1378;0
33;24;2;0
33;25;2;0
33;26;2;0
33;27;2;0
33;28;2;0
33;29;2;0
33;30;2;0
33;31;2;0
33;32;21858;0
33;33;11;0
33;34;11;0
33;35;11;0
33;36;11;0
33;37;9570;0
33;38;2;0
33;39;2;0
33;40;2;0
33;41;0;0
33;42;0;0
33;43;0;0
33;44;0;0
34;0;0;0
34;1;0;0
34;2;0;0
34;3;0;0
34;4;0;0
34;5;0;0
34;6;0;0
34;7;0;0
34;8;0;0
34;9;0;0
34;10;0;0
34;11;0;0
34;12;0;0
34;13;0;0
34;14;0;0
34;15;0;0
34;16;2;0
34;17;2;0
34;18;2;0
34;19;16738;0
34;20;11;0
34;21;11;0
34;22;13666;0
34;23;2;0
34;24;2;0
34;25;2;0
34;26;8482;0
34;27;24866;0
34;28;9;0
34;29;2338;0
34;30;2;0
34;31;16738;0
34;32;11;0
34;33;11;0
34;34;11;0
34;35;11;0
34;36;11;0
34;37;9570;0
34;38;2;0
34;39;2;0
34;40;2;0
34;41;0;0
34;42;0;0
34;43;0;0
34;44;0;0
35;0;0;0
35;1;0;0
35;2;0;0
35;3;0;0
35;4;0;0
35;5;0;0
35;6;0;0
35;7;0;0
35;8;0;0
35;9;0;0
35;10;0;0
35;11;0;0
35;12;0;0
35;13;0;0
35;14;0;0
35;15;2;0
35;16;2;0
35;17;2;0
35;18;16738;0
35;19;11;0
35;20;11;0
35;21;13666;0
35;22;2;0
35;23;2;0
35;24;8482;0
35;25;24866;0
35;26;9;0
35;27;9;0
35;28;9;0
35;29;1314;0
35;30;16738;0
35;31;11;0
35;32;11;0
35;33;11;0
35;34;19810;0
35;35;20834;0
35;36;11;0
35;37;1378;0
35;38;2;0
35;39;2;0
35;40;2;0
35;41;2;0
35;42;0;0
35;43;0;0
35;44;0;0
36;0;0;0
36;1;0;0
36;2;0;0
36;3;0;0
36;4;0;0
36;5;0;0
36;6;0;0
36;7;0;0
36;8;0;0
36;9;0;0
36;10;0;0
36;11;0;0
36;12;0;0
36;13;0;0
36;14;0;0
36;15;2;0
36;16;2;0
36;17;6498;0
36;18;11;0
36;19;11;0
36;20;13666;0
36;21;2;0
36;22;2;0
36;23;6434;0
36;24;9;0
36;25;9;0
36;26;9;0
36;27;9;0
36;28;13602;0
36;29;2;0
36;30;11;0
36;31;11;0
36;32;11;0
36;33;13666;0
36;34;2;0
36;35;2;0
36;36;2;0
36;37;2;0
36;38;2;0
36;39;2;0
36;40;2;0
36;41;0;0
36;42;0;0
36;43;0;0
36;44;0;0
37;0;0;0
37;1;0;0
37;2;0;0
37;3;0;0
37;4;0;0
37;5;0;0
37;6;0;0
37;7;0;0
37;8;0;0
37;9;0;0
37;10;0;0
37;11;0;0
37;12;0;0
37;13;0;0
37;14;0;0
37;15;2;0
37;16;2;0
37;17;11618;0
37;18;11;0
37;19;17762;0
37;20;2;0
37;21;2;0
37;22;8482;0
37;23;28962;0
37;24;9;0
37;25;25890;0
37;26;10530;0
37;27;3362;0
37;28;2;0
37;29;2;0
37;30;4450;0
37;31;0;0
37;32;3426;0
37;33;2;0
37;34;2;0
37;35;2;0
37;36;2;0
37;37;2;0
37;38;2;0
37;39;2;0
37;40;2;0
37;41;0;0
37;42;0;0
37;43;0;0
37;44;0;0
38;0;0;0
38;1;0;0
38;2;0;0
38;3;0;0
38;4;0;0
38;5;0;0
38;6;0;0
38;7;0;0
38;8;0;0
38;9;0;0
38;10;0;0
38;11;0;0
38;12;0;0
38;13;0;0
38;14;0;0
38;15;0;0
38;16;2;0
38;17;5474;0
38;18;11;0
38;19;1378;0
38;20;2;0
38;21;6434;0
38;22;9;0
38;23;9;0
38;24;9;0
38;25;1314;0
38;26;2;0
38;27;2;0
38;28;2;0
38;29;2;0
38;30;0;0
38;31;0;0
38;32;0;0
38;33;2;0
38;34;2;0
38;35;2;0
38;36;2;0
38;37;2;0
38;38;2;0
38;39;2;0
38;40;2;0
38;41;2;0
38;42;0;0
38;43;0;0
38;44;0;0
39;0;0;0
39;1;0;0
39;2;0;0
39;3;0;0
39;4;0;0
39;5;0;0
39;6;0;0
39;7;0;0
39;8;0;0
39;9;0;0
39;10;0;0
39;11;0;0
39;12;0;0
39;13;0;0
39;14;0;0
39;15;0;0
39;16;0;0
39;17;2;0
39;18;2;0
39;19;2;0
39;20;2;0
39;21;5410;0
39;22;9;0
39;23;19746;0
39;24;3362;0
39;25;2;0
39;26;2;0
39;27;2;0
39;28;0;0
39;29;0;0
39;30;0;0
39;31;0;0
39;32;0;0
39;33;2;0
39;34;2;0
39;35;2;0
39;36;2;0
39;37;2;0
39;38;2;0
39;39;2;0
39;40;2;0
39;41;2;0
39;42;0;0
39;43;0;0
39;44;0;0
40;0;0;0
40;1;0;0
40;2;0;0
40;3;0;0
40;4;0;0
40;5;0;0
40;6;0;0
40;7;0;0
40;8;0;0
40;9;0;0
40;10;0;0
40;11;0;0
40;12;0;0
40;13;0;0
40;14;0;0
40;15;0;0
40;16;2;0
40;17;2;0
40;18;2;0
40;19;2;0
40;20;2;0
40;21;2;0
40;22;2;0
40;23;2;0
40;24;2;0
40;25;2;0
40;26;2;0
40;27;2;0
40;28;0;0
40;29;0;0
40;30;0;0
40;31;0;0
40;32;0;0
40;33;2;0
40;34;2;0
40;35;2;0
40;36;16674;0
40;37;9;0
40;38;2338;0
40;39;2;0
40;40;2;0
40;41;2;0
40;42;0;0
40;43;0;0
40;44;0;0
41;0;0;0
41;1;0;0
41;2;0;0
41;3;0;0
41;4;0;0
41;5;0;0
41;6;0;0
41;7;0;0
41;8;0;0
41;9;0;0
41;10;0;0
41;11;0;0
41;12;0;0
41;13;0;0
41;14;0;0
41;15;2;0
41;16;2;0
41;17;2;0
41;18;2;0
41;19;2;0
41;20;2;0
41;21;2;0
41;22;2;0
41;23;2;0
41;24;2;0
41;25;2;0
41;26;2;0
41;27;2;0
41;28;0;0
41;29;0;0
41;30;0;0
41;31;0;0
41;32;0;0
41;33;0;0
41;34;2;0
41;35;2;0
41;36;9;0
41;37;9;0
41;38;1314;0
41;39;2;0
41;40;2;0
41;41;0;0
41;42;0;0
41;43;0;0
41;44;0;0
42;0;0;0
42;1;0;0
42;2;0;0
42;3;0;0
42;4;0;0
42;5;0;0
42;6;0;0
42;7;0;0
42;8;0;0
42;9;0;0
42;10;0;0
42;11;0;0
42;12;0;0
42;13;0;0
42;14;2;0
42;15;2;0
42;16;2;0
42;17;2;0
42;18;2;0
42;19;2;0
42;20;2;0
42;21;2;0
42;22;2;0
42;23;2;0
42;24;2;0
42;25;2;0
42;26;2;0
42;27;2;0
42;28;2;0
42;29;2;0
42;30;0;0
42;31;0;0
42;32;0;0
42;33;0;0
42;34;0;0
42;35;2;0
42;36;4386;0
42;37;3362;0
42;38;2;0
42;39;2;0
42;40;2;0
42;41;0;0
42;42;0;0
42;43;0;0
42;44;0;0
43;0;0;0
43;1;0;0
43;2;0;0
43;3;0;0
43;4;0;0
43;5;0;0
43;6;0;0
43;7;0;0
43;8;0;0
43;9;0;0
43;10;0;0
43;11;0;0
43;12;0;0
43;13;0;0
43;14;2;0
43;15;2;0
43;16;2;0
43;17;2;0
43;18;2;0
43;19;2;0
43;20;2;0
43;21;8482;0
43;22;7458;0
43;23;2;0
43;24;2;0
43;25;2;0
43;26;2;0
43;27;2;0
43;28;2;0
43;29;0;0
43;30;0;0
43;31;0;0
43;32;0;0
43;33;0;0
43;34;0;0
43;35;0;0
43;36;2;0
43;37;2;0
43;38;2;0
43;39;2;0
43;40;0;0
43;41;0;0
43;42;0;0
43;43;0;0
43;44;0;0
44;0;0;0
44;1;0;0
44;2;0;0
44;3;0;0
44;4;0;0
44;5;0;0
44;6;0;0
44;7;0;0
44;8;0;0
44;9;0;0
44;10;0;0
44;11;0;0
44;12;0;0
44;13;0;0
44;14;2;0
44;15;6434;0
44;16;9;0
44;17;14626;0
44;18;2;0
44;19;2;0
44;20;16674;0
44;21;9;0
44;22;9;0
44;23;2;0
44;24;2;0
44;25;2;0
44;26;2;0
44;27;2;0
44;28;0;0
44;29;0;0
44;30;0;0
44;31;0;0
44;32;0;0
44;33;0;0
44;34;0;0
44;35;0;0
44;36;0;0
44;37;0;0
44;38;0;0
44;39;0;0
44;40;0;0
44;41;0;0
44;42;0;0
44;43;0;0
44;44;0;0
45;0;0;0
45;1;0;0
45;2;0;0
45;3;0;0
45;4;0;0
45;5;0;0
45;6;0;0
45;7;0;0
45;8;0;0
45;9;0;0
45;10;0;0
45;11;0;0
45;12;0;0
45;13;0;0
45;14;2;0
45;15;5410;0
45;16;9;0
45;17;9;0
45;18;23842;0
45;19;24866;0
45;20;9;0
45;21;9;0
45;22;13602;0
45;23;2;0
45;24;2;0
45;25;2;0
45;26;0;0
45;27;0;0
45;28;0;0
45;29;0;0
45;30;0;0
45;31;0;0
45;32;0;0
45;33;0;0
45;34;0;0
45;35;0;0
45;36;0;0
45;37;0;0
45;38;0;0
45;39;0;0
45;40;0;0
45;41;0;0
45;42;0;0
45;43;0;0
45;44;0;0
46;0;0;0
46;1;0;0
46;2;0;0
46;3;0;0
46;4;0;0
46;5;0;0
46;6;0;0
46;7;0;0
46;8;0;0
46;9;0;0
46;10;0;0
46;11;0;0
46;12;0;0
46;13;0;0
46;14;0;0
46;15;2;0
46;16;15650;0
46;17;9;0
46;18;9;0
46;19;9;0
46;20;9;0
46;21;13602;0
46;22;2;0
46;23;2;0
46;24;2;0
46;25;2;0
46;26;0;0
46;27;0;0
46;28;0;0
46;29;0;0
46;30;0;0
46;31;0;0
46;32;0;0
46;33;0;0
46;34;0;0
46;35;0;0
46;36;0;0
46;37;0;0
46;38;0;0
46;39;0;0
46;40;0;0
46;41;0;0
46;42;0;0
46;43;0;0
46;44;0;0
47;0;0;0
47;1;0;0
47;2;0;0
47;3;0;0
47;4;0;0
47;5;0;0
47;6;0;0
47;7;0;0
47;8;0;0
47;9;0;0
47;10;0;0
47;11;0;0
47;12;0;0
47;13;0;0
47;14;0;0
47;15;2;0
47;16;2;0
47;17;4386;0
47;18;10530;0
47;19;10530;0
47;20;3362;0
47;21;2;0
47;22;2;0
47;23;2;0
47;24;0;0
47;25;0;0
47;26;0;0
47;27;0;0
47;28;0;0
47;29;0;0
47;30;0;0
47;31;0;0
47;32;0;0
47;33;0;0
47;34;0;0
47;35;0;0
47;36;0;0
47;37;0;0
47;38;0;0
47;39;0;0
47;40;0;0
47;41;0;0
47;42;0;0
47;43;0;0
47;44;0;0
48;0;0;0
48;1;0;0
48;2;0;0
48;3;0;0
48;4;0;0
48;5;0;0
48;6;0;0
48;7;0;0
48;8;0;0
48;9;0;0
48;10;0;0
48;11;0;0
48;12;0;0
48;13;0;0
48;14;0;0
48;15;2;0
48;16;2;0
48;17;2;0
48;18;2;0
48;19;2;0
48;20;2;0
48;21;2;0
48;22;2;0
48;23;2;0
48;24;0;0
48;25;0;0
48;26;0;0
48;27;0;0
48;28;0;0
48;29;0;0
48;30;0;0
48;31;0;0
48;32;0;0
48;33;0;0
48;34;0;0
48;35;0;0
48;36;0;0
48;37;0;0
48;38;0;0
48;39;0;0
48;40;0;0
48;41;0;0
48;42;0;0
48;43;0;0
48;44;0;0
49;0;0;0
49;1;0;0
49;2;0;0
49;3;0;0
49;4;0;0
49;5;0;0
49;6;0;0
49;7;0;0
49;8;0;0
49;9;0;0
49;10;0;0
49;11;0;0
49;12;0;0
49;13;0;0
49;14;0;0
49;15;2;0
49;16;2;0
49;17;2;0
49;18;2;0
49;19;2;0
49;20;2;0
49;21;2;0
49;22;2;0
49;23;2;0
49;24;0;0
49;25;0;0
49;26;0;0
49;27;0;0
49;28;0;0
49;29;0;0
49;30;0;0
49;31;0;0
49;32;0;0
49;33;0;0
49;34;0;0
49;35;0;0
49;36;0;0
49;37;0;0
49;38;0;0
49;39;0;0
49;40;0;0
49;41;0;0
49;42;0;0
49;43;0;0
49;44;0;0
50;0;0;0
50;1;0;0
50;2;0;0
50;3;0;0
50;4;0;0
50;5;0;0
50;6;0;0
50;7;0;0
50;8;0;0
50;9;0;0
50;10;0;0
50;11;0;0
50;12;0;0
50;13;0;0
50;14;2;0
50;15;2;0
50;16;2;0
50;17;2;0
50;18;19526;0
50;19;10310;0
50;20;27718;0
50;21;2;0
50;22;2;0
50;23;2;0
50;24;2;0
50;25;2;0
50;26;0;0
50;27;0;0
50;28;0;0
50;29;0;0
50;30;0;0
50;31;0;0
50;32;0;0
50;33;0;0
50;34;0;0
50;35;0;0
50;36;0;0
50;37;0;0
50;38;0;0
50;39;0;0
50;40;0;0
50;41;0;0
50;42;0;0
50;43;0;0
50;44;0;0
51;0;0;0
51;1;0;0
51;2;0;0
51;3;0;0
51;4;0;0
51;5;0;0
51;6;0;0
51;7;0;0
51;8;0;0
51;9;0;0
51;10;0;0
51;11;0;0
51;12;0;0
51;13;0;0
51;14;2;0
51;15;2;0
51;16;2;0
51;17;17478;0
51;18;6;0
51;19;6;0
51;20;11334;0
51;21;2;0
51;22;2;0
51;23;2;0
51;24;2;0
51;25;2;0
51;26;2;0
51;27;0;0
51;28;0;0
51;29;0;0
51;30;0;0
51;31;0;0
51;32;0;0
51;33;0;0
51;34;0;0
51;35;0;0
51;36;0;0
51;37;0;0
51;38;0;0
51;39;0;0
51;40;0;0
51;41;0;0
51;42;0;0
51;43;0;0
51;44;0;0
52;0;0;0
52;1;0;0
52;2;0;0
52;3;0;0
52;4;0;0
52;5;0;0
52;6;0;0
52;7;0;0
52;8;0;0
52;9;0;0
52;10;0;0
52;11;0;0
52;12;0;0
52;13;2;0
52;14;2;0
52;15;2;0
52;16;2;0
52;17;1094;0
52;18;6;0
52;19;6;0
52;20;11334;0
52;21;2;0
52;22;2;0
52;23;2;0
52;24;2;0
52;25;2;0
52;26;2;0
52;27;2;0
52;28;2;0
52;29;0;0
52;30;0;0
52;31;0;0
52;32;0;0
52;33;0;0
52;34;0;0
52;35;0;0
52;36;0;0
52;37;0;0
52;38;0;0
52;39;0;0
52;40;0;0
52;41;0;0
52;42;0;0
52;43;0;0
52;44;0;0
53;0;0;0
53;1;0;0
53;2;0;0
53;3;0;0
53;4;0;0
53;5;0;0
53;6;0;0
53;7;0;0
53;8;0;0
53;9;0;0
53;10;0;0
53;11;2;0
53;12;2;0
53;13;2;0
53;14;2;0
53;15;2;0
53;16;17478;0
53;17;6;0
53;18;6;0
53;19;6;0
53;20;21574;0
53;21;2;0
53;22;2;0
53;23;2;0
53;24;2;0
53;25;2;0
53;26;2;0
53;27;2;0
53;28;2;0
53;29;2;0
53;30;0;0
53;31;0;0
53;32;0;0
53;33;0;0
53;34;0;0
53;35;0;0
53;36;0;0
53;37;0;0
53;38;0;0
53;39;0;0
53;40;0;0
53;41;0;0
53;42;0;0
53;43;0;0
53;44;0;0
54;0;0;0
54;1;0;0
54;2;0;0
54;3;0;0
54;4;0;0
54;5;0;0
54;6;0;0
54;7;0;0
54;8;0;0
54;9;0;0
54;10;0;0
54;11;2;0
54;12;2;0
54;13;2;0
54;14;2;0
54;15;2;0
54;16;9286;0
54;17;6;0
54;18;8262;0
54;19;24646;0
54;20;2;0
54;21;2;0
54;22;2;0
54;23;2;0
54;24;2;0
54;25;2;0
54;26;2;0
54;27;2;0
54;28;2;0
54;29;2;0
54;30;0;0
54;31;0;0
54;32;0;0
54;33;0;0
54;34;0;0
54;35;0;0
54;36;0;0
54;37;0;0
54;38;0;0
54;39;0;0
54;40;0;0
54;41;0;0
54;42;0;0
54;43;0;0
54;44;0;0
55;0;0;0
55;1;0;0
55;2;0;0
55;3;2;0
55;4;2;0
55;5;8674;0
55;6;12770;0
55;7;12770;0
55;8;7650;0
55;9;2;0
55;10;2;0
55;11;2;0
55;12;2;0
55;13;2;0
55;14;2;0
55;15;2;0
55;16;26694;0
55;17;24646;0
55;18;2;0
55;19;2;0
55;20;2;0
55;21;2;0
55;22;2;0
55;23;2;0
55;24;2;0
55;25;2;0
55;26;2;0
55;27;2;0
55;28;2;0
55;29;2;0
55;30;0;0
55;31;0;0
55;32;0;0
55;33;0;0
55;34;0;0
55;35;0;0
55;36;0;0
55;37;0;0
55;38;0;0
55;39;0;0
55;40;0;0
55;41;0;0
55;42;0;0
55;43;0;0
55;44;0;0
56;0;0;0
56;1;0;0
56;2;0;0
56;3;2;0
56;4;6626;0
56;5;15;0
56;6;15;0
56;7;15;0
56;8;15;0
56;9;12578;0
56;10;7458;0
56;11;2;0
56;12;2;0
56;13;2;0
56;14;2;0
56;15;2;0
56;16;2;0
56;17;2;0
56;18;2;0
56;19;2;0
56;20;2;0
56;21;8482;0
56;22;12578;0
56;23;7458;0
56;24;2;0
56;25;2;0
56;26;2;0
56;27;2;0
56;28;2;0
56;29;2;0
56;30;0;0
56;31;0;0
56;32;0;0
56;33;0;0
56;34;0;0
56;35;0;0
56;36;0;0
56;37;0;0
56;38;0;0
56;39;0;0
56;40;0;0
56;41;0;0
56;42;0;0
56;43;0;0
56;44;0;0
57;0;0;0
57;1;0;0
57;2;0;0
57;3;2;0
57;4;21986;0
57;5;15;0
57;6;15;0
57;7;15;0
57;8;17897;0
57;9;9;0
57;10;9;0
57;11;23842;0
57;12;12578;0
57;13;7458;0
57;14;2;0
57;15;2;0
57;16;2;0
57;17;2;0
57;18;2;0
57;19;2;0
57;20;6434;0
57;21;9;0
57;22;9;0
57;23;9;0
57;24;2338;0
57;25;2;0
57;26;2;0
57;27;2;0
57;28;2;0
57;29;2;0
57;30;0;0
57;31;0;0
57;32;0;0
57;33;0;0
57;34;0;0
57;35;0;0
57;36;0;0
57;37;0;0
57;38;0;0
57;39;0;0
57;40;0;0
57;41;0;0
57;42;0;0
57;43;0;0
57;44;0;0
58;0;0;0
58;1;0;0
58;2;0;0
58;3;6626;0
58;4;15;0
58;5;15;0
58;6;15;0
58;7;15;0
58;8;9705;0
58;9;9;0
58;10;9;0
58;11;9;0
58;12;9;0
58;13;9;0
58;14;2338;0
58;15;2;0
58;16;2;0
58;17;2;0
58;18;2;0
58;19;8482;0
58;20;28962;0
58;21;9;0
58;22;9;0
58;23;9;0
58;24;9506;0
58;25;2;0
58;26;2;0
58;27;2;0
58;28;2;0
58;29;2;0
58;30;0;0
58;31;0;0
58;32;0;0
58;33;0;0
58;34;0;0
58;35;0;0
58;36;0;0
58;37;0;0
58;38;0;0
58;39;0;0
58;40;0;0
58;41;0;0
58;42;0;0
58;43;0;0
58;44;0;0
59;0;0;0
59;1;0;0
59;2;0;0
59;3;11746;0
59;4;15;0
59;5;15;0
59;6;15;0
59;7;15;0
59;8;9705;0
59;9;9;0
59;10;9;0
59;11;9;0
59;12;9;0
59;13;9;0
59;14;9506;0
59;15;2;0
59;16;2;0
59;17;2;0
59;18;6434;0
59;19;9;0
59;20;9;0
59;21;9;0
59;22;9;0
59;23;9;0
59;24;9506;0
59;25;2;0
59;26;2;0
59;27;2;0
59;28;2;0
59;29;2;0
59;30;0;0
59;31;0;0
59;32;0;0
59;33;0;0
59;34;0;0
59;35;0;0
59;36;0;0
59;37;0;0
59;38;0;0
59;39;0;0
59;40;0;0
59;41;0;0
59;42;0;0
59;43;0;0
59;44;0;0
60;0;0;0
60;1;0;0
60;2;0;0
60;3;5602;0
60;4;15;0
60;5;15;0
60;6;15;0
60;7;15;0
60;8;1513;0
60;9;9;0
60;10;9;0
60;11;9;0
60;12;9;0
60;13;9;0
60;14;1314;0
60;15;2;0
60;16;2;0
60;17;2;0
60;18;11554;0
60;19;9;0
60;20;9;0
60;21;9;0
60;22;9;0
60;23;9;0
60;24;1314;0
60;25;2;0
60;26;2;0
60;27;2;0
60;28;2;0
60;29;2;0
60;30;0;0
60;31;0;0
60;32;0;0
60;33;0;0
60;34;0;0
60;35;0;0
60;36;0;0
60;37;0;0
60;38;0;0
60;39;0;0
60;40;0;0
60;41;0;0
60;42;0;0
60;43;0;0
60;44;0;0
61;0;0;0
61;1;0;0
61;2;0;0
61;3;2;0
61;4;15842;0
61;5;15;0
61;6;15;0
61;7;13801;0
61;8;9;0
61;9;19746;0
61;10;10530;0
61;11;10530;0
61;12;10530;0
61;13;3362;0
61;14;2;0
61;15;2;0
61;16;2;0
61;17;2;0
61;18;11554;0
61;19;9;0
61;20;9;0
61;21;9;0
61;22;9;0
61;23;13602;0
61;24;2;0
61;25;2;0
61;26;2;0
61;27;2;0
61;28;2;0
61;29;2;0
61;30;0;0
61;31;0;0
61;32;0;0
61;33;0;0
61;34;0;0
61;35;0;0
61;36;0;0
61;37;0;0
61;38;0;0
61;39;0;0
61;40;0;0
61;41;0;0
61;42;0;0
61;43;0;0
61;44;0;0
62;0;0;0
62;1;0;0
62;2;0;0
62;3;2;0
62;4;2;0
62;5;4578;0
62;6;3554;0
62;7;9;0
62;8;13602;0
62;9;2;0
62;10;2;0
62;11;2;0
62;12;2;0
62;13;2;0
62;14;2;0
62;15;2;0
62;16;2;0
62;17;2;0
62;18;5410;0
62;19;9;0
62;20;9;0
62;21;9;0
62;22;13602;0
62;23;2;0
62;24;2;0
62;25;2;0
62;26;2;0
62;27;0;0
62;28;0;0
62;29;0;0
62;30;0;0
62;31;0;0
62;32;0;0
62;33;0;0
62;34;0;0
62;35;0;0
62;36;0;0
62;37;0;0
62;38;0;0
62;39;0;0
62;40;0;0
62;41;0;0
62;42;0;0
62;43;0;0
62;44;0;0
63;0;0;0
63;1;0;0
63;2;0;0
63;3;0;0
63;4;0;0
63;5;0;0
63;6;0;0
63;7;2;0
63;8;2;0
63;9;2;0
63;10;8546;0
63;11;12642;0
63;12;7522;0
63;13;2;0
63;14;2;0
63;15;8546;0
63;16;7522;0
63;17;2;0
63;18;2;0
63;19;4386;0
63;20;10530;0
63;21;3362;0
63;22;2;0
63;23;2;0
63;24;2;0
63;25;2;0
63;26;2;0
63;27;0;0
63;28;0;0
63;29;0;0
63;30;0;0
63;31;0;0
63;32;0;0
63;33;0;0
63;34;0;0
63;35;0;0
63;36;0;0
63;37;0;0
63;38;0;0
63;39;0;0
63;40;0;0
63;41;0;0
63;42;0;0
63;43;0;0
63;44;0;0
64;0;0;0
64;1;0;0
64;2;0;0
64;3;0;0
64;4;0;0
64;5;0;0
64;6;0;0
64;7;2;0
64;8;2;0
64;9;2;0
64;10;11;0
64;11;11;0
64;12;11;0
64;13;23906;0
64;14;24930;0
64;15;11;0
64;16;11;0
64;17;2;0
64;18;2;0
64;19;2;0
64;20;2;0
64;21;2;0
64;22;2;0
64;23;2;0
64;24;2;0
64;25;2;0
64;26;2;0
64;27;0;0
64;28;0;0
64;29;0;0
64;30;0;0
64;31;0;0
64;32;0;0
64;33;0;0
64;34;0;0
64;35;0;0
64;36;0;0
64;37;0;0
64;38;0;0
64;39;0;0
64;40;0;0
64;41;0;0
64;42;0;0
64;43;0;0
64;44;0;0
65;0;0;0
65;1;0;0
65;2;0;0
65;3;0;0
65;4;0;0
65;5;0;0
65;6;0;0
65;7;0;0
65;8;0;0
65;9;2;0
65;10;4450;0
65;11;20834;0
65;12;11;0
65;13;11;0
65;14;11;0
65;15;11;0
65;16;13666;0
65;17;2;0
65;18;2;0
65;19;2;0
65;20;2;0
65;21;2;0
65;22;2;0
65;23;2;0
65;24;2;0
65;25;2;0
65;26;2;0
65;27;0;0
65;28;0;0
65;29;0;0
65;30;0;0
65;31;0;0
65;32;0;0
65;33;0;0
65;34;0;0
65;35;0;0
65;36;0;0
65;37;0;0
65;38;0;0
65;39;0;0
65;40;0;0
65;41;0;0
65;42;0;0
65;43;0;0
65;44;0;0
66;0;0;0
66;1;0;0
66;2;0;0
66;3;0;0
66;4;0;0
66;5;0;0
66;6;0;0
66;7;0;0
66;8;0;0
66;9;2;0
66;10;2;0
66;11;2;0
66;12;4450;0
66;13;10594;0
66;14;10594;0
66;15;3426;0
66;16;2;0
66;17;2;0
66;18;2;0
66;19;2;0
66;20;2;0
66;21;2;0
66;22;2;0
66;23;0;0
66;24;0;0
66;25;0;0
66;26;0;0
66;27;0;0
66;28;0;0
66;29;0;0
66;30;0;0
66;31;0;0
66;32;0;0
66;33;0;0
66;34;0;0
66;35;0;0
66;36;0;0
66;37;0;0
66;38;0;0
66;39;0;0
66;40;0;0
66;41;0;0
66;42;0;0
66;43;0;0
66;44;0;0
67;0;0;0
67;1;0;0
67;2;0;0
67;3;0;0
67;4;0;0
67;5;0;0
67;6;0;0
67;7;0;0
67;8;0;0
67;9;0;0
67;10;0;0
67;11;0;0
67;12;0;0
67;13;2;0
67;14;2;0
67;15;2;0
67;16;2;0
67;17;2;0
67;18;2;0
67;19;2;0
67;20;2;0
67;21;0;0
67;22;0;0
67;23;0;0
67;24;0;0
67;25;0;0
67;26;0;0
67;27;0;0
67;28;0;0
67;29;0;0
67;30;0;0
67;31;0;0
67;32;0;0
67;33;0;0
67;34;0;0
67;35;0;0
67;36;0;0
67;37;0;0
67;38;0;0
67;39;0;0
67;40;0;0
67;41;0;0
67;42;0;0
67;43;0;0
67;44;0;0
68;0;0;0
68;1;0;0
68;2;0;0
68;3;0;0
68;4;0;0
68;5;0;0
68;6;0;0
68;7;0;0
68;8;0;0
68;9;0;0
68;10;0;0
68;11;0;0
68;12;0;0
68;13;0;0
68;14;0;0
68;15;2;0
68;16;2;0
68;17;2;0
68;18;2;0
68;19;2;0
68;20;2;0
68;21;0;0
68;22;0;0
68;23;0;0
68;24;0;0
68;25;0;0
68;26;0;0
68;27;0;0
68;28;0;0
68;29;0;0
68;30;0;0
68;31;0;0
68;32;0;0
68;33;0;0
68;34;0;0
68;35;0;0
68;36;0;0
68;37;0;0
68;38;0;0
68;39;0;0
68;40;0;0
68;41;0;0
68;42;0;0
68;43;0;0
68;44;0;0
69;0;0;0
69;1;0;0
69;2;0;0
69;3;0;0
69;4;0;0
69;5;0;0
69;6;0;0
69;7;0;0
69;8;0;0
69;9;0;0
69;10;0;0
69;11;0;0
69;12;0;0
69;13;0;0
69;14;0;0
69;15;0;0
69;16;2;0
69;17;2;0
69;18;2;0
69;19;2;0
69;20;2;0
69;21;0;0
69;22;0;0
69;23;0;0
69;24;0;0
69;25;0;0
69;26;0;0
69;27;0;0
69;28;0;0
69;29;0;0
69;30;0;0
69;31;0;0
69;32;0;0
69;33;0;0
69;34;0;0
69;35;0;0
69;36;0;0
69;37;0;0
69;38;0;0
69;39;0;0
69;40;0;0
69;41;0;0
69;42;0;0
69;43;0;0
69;44;0;0
