V: 2
L: 2
X: 762
Y: 613
W: 71
H: 64
0;0;0;2
0;1;0;2
0;2;2;2
0;3;2;2
0;4;2;2
0;5;2;2
0;6;2;2
0;7;2;2
0;8;2;2
0;9;2;2
0;10;6658;2
0;11;16;2
0;12;16;2
0;13;0;2
0;14;0;2
0;15;0;2
0;16;0;2
0;17;0;2
0;18;0;2
0;19;0;2
0;20;0;2
0;21;0;2
0;22;0;2
0;23;0;2
0;24;0;2
0;25;0;2
0;26;0;2
0;27;0;2
0;28;0;2
0;29;0;2
0;30;0;2
0;31;0;2
0;32;0;2
0;33;0;2
0;34;0;2
0;35;0;2
0;36;0;2
0;37;0;2
0;38;0;2
0;39;0;2
0;40;0;2
0;41;0;2
0;42;0;2
0;43;0;2
0;44;0;2
0;45;0;2
0;46;0;2
0;47;0;2
0;48;0;2
0;49;0;2
0;50;0;2
0;51;0;2
0;52;0;2
0;53;0;2
0;54;0;2
0;55;0;2
0;56;0;2
0;57;0;2
0;58;0;2
0;59;0;2
0;60;0;2
0;61;0;2
0;62;0;2
0;63;0;2
1;0;0;2
1;1;0;2
1;2;2;2
1;3;2;2
1;4;2;2
1;5;2;2
1;6;2;2
1;7;2;2
1;8;2;2
1;9;2;2
1;10;11778;2
1;11;16;2
1;12;16;2
1;13;0;2
1;14;0;2
1;15;0;2
1;16;0;2
1;17;0;2
1;18;0;2
1;19;0;2
1;20;0;2
1;21;0;2
1;22;0;2
1;23;0;2
1;24;0;2
1;25;0;2
1;26;0;2
1;27;0;2
1;28;0;2
1;29;0;2
1;30;0;2
1;31;0;2
1;32;0;2
1;33;0;2
1;34;0;2
1;35;0;2
1;36;0;2
1;37;0;2
1;38;0;2
1;39;0;2
1;40;2;2
1;41;2;2
1;42;2;2
1;43;2;2
1;44;2;2
1;45;2;2
1;46;2;2
1;47;2;2
1;48;2;2
1;49;2;2
1;50;2;2
1;51;2;2
1;52;0;2
1;53;0;2
1;54;0;2
1;55;0;2
1;56;0;2
1;57;0;2
1;58;0;2
1;59;0;2
1;60;0;2
1;61;0;2
1;62;0;2
1;63;0;2
2;0;0;2
2;1;0;2
2;2;2;2
2;3;2;2
2;4;2;2
2;5;2;2
2;6;2;2
2;7;2;2
2;8;2;2
2;9;2;2
2;10;5634;2
2;11;16;2
2;12;16;2
2;13;0;2
2;14;0;2
2;15;0;2
2;16;0;2
2;17;0;2
2;18;0;2
2;19;0;2
2;20;0;2
2;21;0;2
2;22;0;2
2;23;0;2
2;24;0;2
2;25;0;2
2;26;0;2
2;27;0;2
2;28;0;2
2;29;0;2
2;30;0;2
2;31;0;2
2;32;0;2
2;33;0;2
2;34;0;2
2;35;0;2
2;36;0;2
2;37;0;2
2;38;0;2
2;39;0;2
2;40;2;2
2;41;2;2
2;42;2;2
2;43;2;2
2;44;2;2
2;45;2;2
2;46;2;2
2;47;2;2
2;48;2;2
2;49;2;2
2;50;2;2
2;51;2;2
2;52;0;2
2;53;0;2
2;54;0;2
2;55;0;2
2;56;0;2
2;57;0;2
2;58;0;2
2;59;0;2
2;60;0;2
2;61;0;2
2;62;0;2
2;63;0;2
3;0;0;2
3;1;0;2
3;2;2;2
3;3;2;2
3;4;2;2
3;5;2;2
3;6;2;2
3;7;2;2
3;8;2;2
3;9;2;2
3;10;2;2
3;11;4610;2
3;12;3586;2
3;13;0;2
3;14;0;2
3;15;0;2
3;16;0;2
3;17;0;2
3;18;0;2
3;19;0;2
3;20;0;2
3;21;0;2
3;22;0;2
3;23;0;2
3;24;0;2
3;25;0;2
3;26;0;2
3;27;0;2
3;28;0;2
3;29;0;2
3;30;2;2
3;31;2;2
3;32;2;2
3;33;2;2
3;34;2;2
3;35;2;2
3;36;2;2
3;37;8450;2
3;38;12546;2
3;39;7426;2
3;40;2;2
3;41;25669;2
3;42;10309;2
3;43;20549;2
3;44;2;2
3;45;8674;2
3;46;12770;2
3;47;7650;2
3;48;2;2
3;49;2;2
3;50;2;2
3;51;6658;2
3;52;16;2
3;53;16;2
3;54;16;2
3;55;0;2
3;56;0;2
3;57;0;2
3;58;0;2
3;59;0;2
3;60;0;2
3;61;0;2
3;62;0;2
3;63;0;2
4;0;0;2
4;1;0;2
4;2;2;2
4;3;2;2
4;4;2;2
4;5;2;2
4;6;2;2
4;7;2;2
4;8;2;2
4;9;2;2
4;10;2;2
4;11;2;2
4;12;2;2
4;13;0;2
4;14;0;2
4;15;0;2
4;16;0;2
4;17;0;2
4;18;0;2
4;19;0;2
4;20;0;2
4;21;0;2
4;22;0;2
4;23;0;2
4;24;0;2
4;25;0;2
4;26;0;2
4;27;0;2
4;28;0;2
4;29;0;2
4;30;2;2
4;31;2;2
4;32;2;2
4;33;2;2
4;34;2;2
4;35;2;2
4;36;6402;2
4;37;8;2
4;38;8;2
4;39;8;2
4;40;2;2
4;41;1093;2
4;42;5;2
4;43;5;2
4;44;6629;2
4;45;15;2
4;46;15;2
4;47;15;2
4;48;2530;2
4;49;2;2
4;50;2;2
4;51;5634;2
4;52;16;2
4;53;16;2
4;54;16;2
4;55;0;2
4;56;0;2
4;57;0;2
4;58;0;2
4;59;0;2
4;60;0;2
4;61;0;2
4;62;0;2
4;63;0;2
5;0;0;2
5;1;0;2
5;2;2;2
5;3;2;2
5;4;2;2
5;5;2;2
5;6;2;2
5;7;2;2
5;8;8706;2
5;9;7682;2
5;10;2;2
5;11;2;2
5;12;2;2
5;13;0;2
5;14;0;2
5;15;0;2
5;16;0;2
5;17;0;2
5;18;0;2
5;19;0;2
5;20;0;2
5;21;0;2
5;22;0;2
5;23;0;2
5;24;0;2
5;25;0;2
5;26;0;2
5;27;0;2
5;28;0;2
5;29;0;2
5;30;2;2
5;31;2;2
5;32;2;2
5;33;2;2
5;34;2;2
5;35;2;2
5;36;5378;2
5;37;8;2
5;38;19717;2
5;39;3333;2
5;40;5;2
5;41;5;2
5;42;5;2
5;43;5;2
5;44;11749;2
5;45;15;2
5;46;15;2
5;47;15;2
5;48;9698;2
5;49;2;2
5;50;2;2
5;51;2;2
5;52;4610;2
5;53;10754;2
5;54;3586;2
5;55;0;2
5;56;0;2
5;57;0;2
5;58;0;2
5;59;0;2
5;60;0;2
5;61;0;2
5;62;0;2
5;63;0;2
6;0;0;2
6;1;0;2
6;2;2;2
6;3;2;2
6;4;2;2
6;5;2;2
6;6;2;2
6;7;6658;2
6;8;16;2
6;9;16;2
6;10;2562;2
6;11;2;2
6;12;0;2
6;13;0;2
6;14;0;2
6;15;0;2
6;16;0;2
6;17;0;2
6;18;0;2
6;19;0;2
6;20;0;2
6;21;0;2
6;22;0;2
6;23;0;2
6;24;2;2
6;25;2;2
6;26;2;2
6;27;2;2
6;28;2;2
6;29;2;2
6;30;2;2
6;31;2;2
6;32;2;2
6;33;2;2
6;34;2;2
6;35;2;2
6;36;2;2
6;37;26693;2
6;38;12357;2
6;39;12357;2
6;40;12357;2
6;41;12357;2
6;42;12357;2
6;43;24645;2
6;44;5602;2
6;45;15;2
6;46;15;2
6;47;15;2
6;48;1506;2
6;49;2;2
6;50;2;2
6;51;2;2
6;52;2;2
6;53;2;2
6;54;2;2
6;55;0;2
6;56;0;2
6;57;0;2
6;58;0;2
6;59;0;2
6;60;0;2
6;61;0;2
6;62;0;2
6;63;0;2
7;0;0;2
7;1;0;2
7;2;2;2
7;3;2;2
7;4;2;2
7;5;2;2
7;6;2;2
7;7;5634;2
7;8;16;2
7;9;16;2
7;10;1538;2
7;11;0;2
7;12;0;2
7;13;0;2
7;14;0;2
7;15;0;2
7;16;0;2
7;17;0;2
7;18;0;2
7;19;0;2
7;20;0;2
7;21;0;2
7;22;0;2
7;23;2;2
7;24;2;2
7;25;8674;2
7;26;12770;2
7;27;7650;2
7;28;2;2
7;29;2;2
7;30;2;2
7;31;2;2
7;32;2;2
7;33;2;2
7;34;2;2
7;35;2;2
7;36;2;2
7;37;2;2
7;38;2;2
7;39;2;2
7;40;2;2
7;41;2;2
7;42;2;2
7;43;2;2
7;44;2;2
7;45;4578;2
7;46;10722;2
7;47;3554;2
7;48;2;2
7;49;2;2
7;50;2;2
7;51;2;2
7;52;2;2
7;53;2;2
7;54;2;2
7;55;0;2
7;56;0;2
7;57;0;2
7;58;0;2
7;59;0;2
7;60;0;2
7;61;0;2
7;62;0;2
7;63;0;2
8;0;0;2
8;1;0;2
8;2;2;2
8;3;2;2
8;4;2;2
8;5;2;2
8;6;2;2
8;7;2;2
8;8;4610;2
8;9;3586;2
8;10;2;2
8;11;0;2
8;12;0;2
8;13;0;2
8;14;0;2
8;15;0;2
8;16;0;2
8;17;0;2
8;18;0;2
8;19;0;2
8;20;0;2
8;21;0;2
8;22;0;2
8;23;2;2
8;24;6626;2
8;25;15;2
8;26;15;2
8;27;15;2
8;28;2530;2
8;29;2;2
8;30;2;2
8;31;2;2
8;32;2;2
8;33;2;2
8;34;2;2
8;35;2;2
8;36;2;2
8;37;2;2
8;38;2;2
8;39;2;2
8;40;2;2
8;41;2;2
8;42;2;2
8;43;2;2
8;44;2;2
8;45;2;2
8;46;2;2
8;47;2;2
8;48;2;2
8;49;2;2
8;50;2;2
8;51;2;2
8;52;2;2
8;53;2;2
8;54;2;2
8;55;0;2
8;56;0;2
8;57;0;2
8;58;0;2
8;59;0;2
8;60;0;2
8;61;0;2
8;62;0;2
8;63;0;2
9;0;0;2
9;1;0;2
9;2;2;2
9;3;2;2
9;4;2;2
9;5;2;2
9;6;2;2
9;7;2;2
9;8;2;2
9;9;2;2
9;10;2;2
9;11;0;2
9;12;0;2
9;13;0;2
9;14;0;2
9;15;0;2
9;16;0;2
9;17;0;2
9;18;0;2
9;19;0;2
9;20;0;2
9;21;0;2
9;22;2;0
9;23;2;2
9;24;5602;2
9;25;15;2
9;26;15;2
9;27;15;2
9;28;1506;2
9;29;2;2
9;30;2;2
9;31;2;2
9;32;2;2
9;33;2;2
9;34;2;2
9;35;2;2
9;36;2;2
9;37;8674;2
9;38;12770;2
9;39;12770;2
9;40;12770;2
9;41;12770;2
9;42;12770;2
9;43;12770;2
9;44;12770;2
9;45;7650;2
9;46;2;2
9;47;2;2
9;48;2;2
9;49;2;2
9;50;2;2
9;51;2;2
9;52;2;2
9;53;2;2
9;54;0;2
9;55;0;2
9;56;0;2
9;57;0;2
9;58;0;2
9;59;0;2
9;60;0;2
9;61;0;2
9;62;0;2
9;63;0;2
10;0;0;2
10;1;0;2
10;2;2;2
10;3;2;2
10;4;2;2
10;5;2;2
10;6;2;2
10;7;2;2
10;8;8674;2
10;9;7650;2
10;10;2;2
10;11;2;2
10;12;2;2
10;13;2;2
10;14;2;2
10;15;0;2
10;16;0;2
10;17;0;2
10;18;0;2
10;19;0;2
10;20;0;2
10;21;0;2
10;22;2;0
10;23;2;2
10;24;2;2
10;25;4578;2
10;26;10722;2
10;27;3554;2
10;28;2;2
10;29;2;2
10;30;2;2
10;31;2;2
10;32;2;2
10;33;2;2
10;34;2;2
10;35;2;2
10;36;6626;2
10;37;15;2
10;38;15;2
10;39;15;2
10;40;15;2
10;41;15;2
10;42;15;2
10;43;15;2
10;44;15;2
10;45;15;2
10;46;24034;2
10;47;12770;2
10;48;12770;2
10;49;12770;2
10;50;12770;2
10;51;7650;2
10;52;2;2
10;53;0;2
10;54;0;2
10;55;0;2
10;56;0;2
10;57;0;2
10;58;0;2
10;59;0;2
10;60;0;2
10;61;0;2
10;62;0;2
10;63;0;2
11;0;0;2
11;1;0;2
11;2;2;2
11;3;2;2
11;4;2;2
11;5;2;2
11;6;2;2
11;7;6626;2
11;8;15;2
11;9;15;2
11;10;2530;2
11;11;2;2
11;12;2;2
11;13;2;2
11;14;0;2
11;15;0;2
11;16;0;2
11;17;0;2
11;18;0;2
11;19;0;0
11;20;0;2
11;21;0;2
11;22;2;2
11;23;2;2
11;24;2;2
11;25;2;2
11;26;2;2
11;27;2;2
11;28;2;2
11;29;2;2
11;30;2;2
11;31;2;2
11;32;8674;2
11;33;12770;2
11;34;12770;2
11;35;12770;2
11;36;29154;2
11;37;15;2
11;38;15;2
11;39;15;2
11;40;15;2
11;41;15;2
11;42;15;2
11;43;15;2
11;44;15;2
11;45;15;2
11;46;15;2
11;47;15;2
11;48;15;2
11;49;15;2
11;50;15;2
11;51;15;2
11;52;2530;2
11;53;0;2
11;54;0;2
11;55;0;2
11;56;0;2
11;57;0;2
11;58;0;2
11;59;0;2
11;60;0;2
11;61;0;2
11;62;0;2
11;63;0;2
12;0;0;2
12;1;0;2
12;2;2;2
12;3;2;2
12;4;2;2
12;5;2;2
12;6;2;2
12;7;5602;2
12;8;15;2
12;9;15;2
12;10;1506;2
12;11;2;2
12;12;2;2
12;13;2;2
12;14;0;2
12;15;0;2
12;16;0;2
12;17;0;2
12;18;0;2
12;19;0;0
12;20;0;0
12;21;0;0
12;22;2;2
12;23;2;2
12;24;2;2
12;25;2;2
12;26;2;2
12;27;2;2
12;28;2;2
12;29;2;2
12;30;2;2
12;31;6626;2
12;32;15;2
12;33;15;2
12;34;15;2
12;35;15;2
12;36;15;2
12;37;15;2
12;38;15;2
12;39;15;2
12;40;15;2
12;41;15;2
12;42;15;2
12;43;15;2
12;44;15;2
12;45;15;2
12;46;15;2
12;47;15;2
12;48;15;2
12;49;15;2
12;50;15;2
12;51;15;2
12;52;0;2
12;53;0;2
12;54;0;2
12;55;0;2
12;56;0;2
12;57;0;2
12;58;0;2
12;59;0;2
12;60;0;2
12;61;0;2
12;62;0;2
12;63;0;2
13;0;0;2
13;1;0;2
13;2;2;2
13;3;2;2
13;4;2;2
13;5;2;2
13;6;2;2
13;7;2;2
13;8;4578;2
13;9;3554;2
13;10;2;2
13;11;2;2
13;12;2;2
13;13;2;2
13;14;0;2
13;15;0;2
13;16;0;2
13;17;0;2
13;18;0;0
13;19;0;0
13;20;0;0
13;21;2;2
13;22;2;2
13;23;2;2
13;24;2;2
13;25;2;2
13;26;2;2
13;27;2;2
13;28;8674;2
13;29;12770;2
13;30;12770;2
13;31;29154;2
13;32;15;2
13;33;15;2
13;34;15;2
13;35;15;2
13;36;15;2
13;37;15;2
13;38;15;2
13;39;15;2
13;40;15;2
13;41;15;2
13;42;15;2
13;43;15;2
13;44;15;2
13;45;15;2
13;46;15;2
13;47;15;2
13;48;15;2
13;49;15;2
13;50;15;2
13;51;15;2
13;52;0;2
13;53;0;2
13;54;0;2
13;55;0;2
13;56;0;2
13;57;0;2
13;58;0;2
13;59;0;2
13;60;0;2
13;61;0;2
13;62;0;2
13;63;0;2
14;0;0;2
14;1;0;2
14;2;2;2
14;3;2;2
14;4;2;2
14;5;2;2
14;6;2;2
14;7;2;2
14;8;2;2
14;9;2;2
14;10;2;2
14;11;8450;2
14;12;7426;2
14;13;2;2
14;14;2;2
14;15;0;2
14;16;0;2
14;17;0;2
14;18;2;2
14;19;2;2
14;20;2;2
14;21;2;2
14;22;2;2
14;23;8674;2
14;24;12770;2
14;25;12770;2
14;26;12770;2
14;27;25058;2
14;28;15;2
14;29;15;2
14;30;15;2
14;31;15;2
14;32;15;2
14;33;15;2
14;34;15;2
14;35;15;2
14;36;15;2
14;37;15;2
14;38;15;2
14;39;15;2
14;40;15;2
14;41;15;2
14;42;15;2
14;43;15;2
14;44;15;2
14;45;15;2
14;46;15;2
14;47;15;2
14;48;15;2
14;49;15;2
14;50;15;2
14;51;15;2
14;52;0;2
14;53;0;2
14;54;0;2
14;55;0;2
14;56;0;2
14;57;0;2
14;58;0;2
14;59;0;2
14;60;0;2
14;61;0;2
14;62;0;2
14;63;0;2
15;0;0;2
15;1;2;2
15;2;2;2
15;3;2;2
15;4;2;2
15;5;2;2
15;6;8450;2
15;7;12546;2
15;8;7426;2
15;9;2;2
15;10;6402;2
15;11;8;2
15;12;8;2
15;13;2306;2
15;14;2;2
15;15;2;2
15;16;2;2
15;17;2;2
15;18;2;2
15;19;2;2
15;20;2;2
15;21;2;2
15;22;6626;2
15;23;15;2
15;24;15;2
15;25;15;2
15;26;15;2
15;27;15;2
15;28;15;2
15;29;15;2
15;30;15;2
15;31;15;2
15;32;15;2
15;33;15;2
15;34;15;2
15;35;15;2
15;36;15;2
15;37;15;2
15;38;15;2
15;39;15;2
15;40;15;2
15;41;15;2
15;42;15;2
15;43;15;2
15;44;15;2
15;45;15;2
15;46;15;2
15;47;15;2
15;48;15;2
15;49;15;2
15;50;15;2
15;51;15;2
15;52;0;2
15;53;0;2
15;54;0;2
15;55;0;2
15;56;0;2
15;57;0;2
15;58;0;2
15;59;0;2
15;60;0;2
15;61;0;2
15;62;0;2
15;63;0;2
16;0;0;2
16;1;2;2
16;2;2;2
16;3;2;2
16;4;2;2
16;5;6402;2
16;6;8;2
16;7;8;2
16;8;8;2
16;9;2306;2
16;10;5378;2
16;11;8;2
16;12;8;2
16;13;1282;2
16;14;2;2
16;15;2;2
16;16;2;2
16;17;2;2
16;18;2;2
16;19;2;2
16;20;2;2
16;21;8674;2
16;22;29154;2
16;23;15;2
16;24;15;2
16;25;15;2
16;26;15;2
16;27;15;2
16;28;15;2
16;29;15;2
16;30;15;2
16;31;15;2
16;32;15;2
16;33;15;2
16;34;0;2
16;35;0;2
16;36;0;2
16;37;0;2
16;38;0;2
16;39;0;2
16;40;0;2
16;41;0;2
16;42;0;2
16;43;0;2
16;44;0;2
16;45;0;2
16;46;0;2
16;47;0;2
16;48;0;2
16;49;0;2
16;50;0;2
16;51;0;2
16;52;0;2
16;53;0;2
16;54;0;2
16;55;0;2
16;56;0;2
16;57;0;2
16;58;0;2
16;59;0;2
16;60;0;2
16;61;0;2
16;62;0;2
16;63;0;2
17;0;0;2
17;1;2;2
17;2;2;2
17;3;2;2
17;4;2;2
17;5;11522;2
17;6;8;2
17;7;8;2
17;8;8;2
17;9;9474;2
17;10;2;2
17;11;4354;2
17;12;3330;2
17;13;2;2
17;14;2;2
17;15;2;2
17;16;2;2
17;17;2;2
17;18;2;2
17;19;8674;2
17;20;25058;2
17;21;15;2
17;22;15;2
17;23;15;2
17;24;15;2
17;25;15;2
17;26;15;2
17;27;15;2
17;28;15;2
17;29;15;2
17;30;15;2
17;31;15;2
17;32;15;2
17;33;15;2
17;34;0;2
17;35;0;2
17;36;0;2
17;37;0;2
17;38;0;2
17;39;0;2
17;40;0;2
17;41;0;2
17;42;0;2
17;43;0;2
17;44;0;2
17;45;0;2
17;46;0;2
17;47;0;2
17;48;0;2
17;49;0;2
17;50;0;2
17;51;0;2
17;52;0;2
17;53;0;2
17;54;0;2
17;55;0;2
17;56;0;2
17;57;0;2
17;58;0;2
17;59;0;2
17;60;0;2
17;61;0;2
17;62;0;2
17;63;0;2
18;0;0;2
18;1;2;2
18;2;2;2
18;3;2;2
18;4;2;2
18;5;5378;2
18;6;8;2
18;7;8;2
18;8;8;2
18;9;1282;2
18;10;2;2
18;11;2;2
18;12;2;2
18;13;2;2
18;14;2;2
18;15;8674;2
18;16;12770;2
18;17;12770;2
18;18;25058;2
18;19;15;2
18;20;15;2
18;21;15;2
18;22;15;2
18;23;15;2
18;24;15;2
18;25;15;2
18;26;15;2
18;27;15;2
18;28;15;2
18;29;0;2
18;30;0;2
18;31;0;2
18;32;0;2
18;33;0;2
18;34;0;2
18;35;0;2
18;36;0;2
18;37;0;2
18;38;0;2
18;39;0;2
18;40;0;2
18;41;0;2
18;42;0;2
18;43;0;2
18;44;0;2
18;45;0;2
18;46;0;2
18;47;0;2
18;48;0;2
18;49;0;2
18;50;0;2
18;51;0;2
18;52;0;2
18;53;0;2
18;54;0;2
18;55;0;2
18;56;0;2
18;57;0;2
18;58;0;2
18;59;0;2
18;60;0;2
18;61;0;2
18;62;0;2
18;63;0;2
19;0;0;2
19;1;2;2
19;2;2;2
19;3;2;2
19;4;2;2
19;5;2;2
19;6;4354;2
19;7;10498;2
19;8;3330;2
19;9;2;2
19;10;2;2
19;11;2;2
19;12;2;2
19;13;2;2
19;14;6626;2
19;15;15;2
19;16;15;2
19;17;15;2
19;18;15;2
19;19;15;2
19;20;15;2
19;21;15;2
19;22;15;2
19;23;15;2
19;24;15;2
19;25;15;2
19;26;15;2
19;27;15;2
19;28;15;2
19;29;0;2
19;30;0;2
19;31;0;2
19;32;0;2
19;33;0;2
19;34;0;2
19;35;0;2
19;36;0;2
19;37;0;2
19;38;0;2
19;39;0;2
19;40;0;2
19;41;0;2
19;42;0;2
19;43;0;2
19;44;0;2
19;45;0;2
19;46;0;2
19;47;0;2
19;48;0;2
19;49;0;2
19;50;0;2
19;51;15;2
19;52;0;2
19;53;0;2
19;54;0;2
19;55;0;2
19;56;0;2
19;57;0;2
19;58;0;2
19;59;0;2
19;60;0;2
19;61;0;2
19;62;0;2
19;63;0;2
20;0;0;2
20;1;2;2
20;2;2;2
20;3;2;2
20;4;2;2
20;5;2;2
20;6;2;2
20;7;2;2
20;8;2;2
20;9;2;2
20;10;2;2
20;11;2;2
20;12;2;2
20;13;2;2
20;14;21986;2
20;15;15;2
20;16;15;2
20;17;15;2
20;18;15;2
20;19;15;2
20;20;15;2
20;21;15;2
20;22;15;2
20;23;15;2
20;24;15;2
20;25;15;2
20;26;15;2
20;27;15;2
20;28;0;2
20;29;0;2
20;30;0;2
20;31;0;2
20;32;0;2
20;33;0;2
20;34;0;2
20;35;0;2
20;36;0;2
20;37;0;2
20;38;0;2
20;39;0;2
20;40;0;2
20;41;0;2
20;42;0;2
20;43;0;2
20;44;0;2
20;45;0;2
20;46;0;2
20;47;0;2
20;48;0;2
20;49;0;2
20;50;0;2
20;51;0;2
20;52;0;2
20;53;0;2
20;54;0;2
20;55;0;2
20;56;0;2
20;57;0;2
20;58;0;2
20;59;0;2
20;60;0;2
20;61;0;2
20;62;0;2
20;63;0;2
21;0;0;2
21;1;2;2
21;2;2;2
21;3;2;2
21;4;2;2
21;5;2;2
21;6;2;2
21;7;2;2
21;8;2;2
21;9;2;2
21;10;2;2
21;11;2;2
21;12;8674;2
21;13;25058;2
21;14;15;2
21;15;15;2
21;16;15;2
21;17;15;2
21;18;15;2
21;19;15;2
21;20;15;2
21;21;15;2
21;22;0;2
21;23;0;2
21;24;0;2
21;25;0;2
21;26;0;2
21;27;0;2
21;28;0;2
21;29;0;2
21;30;0;2
21;31;0;2
21;32;0;2
21;33;0;2
21;34;0;2
21;35;0;2
21;36;0;2
21;37;0;2
21;38;0;2
21;39;0;2
21;40;0;2
21;41;0;2
21;42;0;2
21;43;0;2
21;44;0;2
21;45;0;2
21;46;0;2
21;47;0;2
21;48;0;2
21;49;0;2
21;50;0;2
21;51;0;2
21;52;0;2
21;53;0;2
21;54;0;2
21;55;0;2
21;56;0;2
21;57;0;2
21;58;0;2
21;59;0;2
21;60;0;2
21;61;0;2
21;62;0;2
21;63;0;2
22;0;0;2
22;1;2;2
22;2;2;2
22;3;2;2
22;4;2;2
22;5;2;2
22;6;2;2
22;7;2;2
22;8;2;2
22;9;8674;2
22;10;12770;2
22;11;25058;2
22;12;15;2
22;13;15;2
22;14;15;2
22;15;15;2
22;16;15;2
22;17;15;2
22;18;0;2
22;19;0;2
22;20;0;2
22;21;0;2
22;22;0;2
22;23;0;2
22;24;0;2
22;25;0;2
22;26;0;2
22;27;0;2
22;28;0;2
22;29;0;2
22;30;0;2
22;31;0;2
22;32;0;2
22;33;0;2
22;34;0;2
22;35;0;2
22;36;0;2
22;37;0;2
22;38;0;2
22;39;0;2
22;40;0;2
22;41;0;2
22;42;0;2
22;43;0;2
22;44;0;2
22;45;0;2
22;46;0;2
22;47;0;2
22;48;0;2
22;49;0;2
22;50;0;2
22;51;0;2
22;52;0;2
22;53;0;2
22;54;0;2
22;55;0;2
22;56;0;2
22;57;0;2
22;58;0;2
22;59;0;2
22;60;0;2
22;61;0;2
22;62;0;2
22;63;0;2
23;0;0;2
23;1;2;2
23;2;2;2
23;3;2;2
23;4;2;2
23;5;2;2
23;6;2;2
23;7;2;2
23;8;6626;2
23;9;15;2
23;10;15;2
23;11;15;2
23;12;15;2
23;13;15;2
23;14;15;2
23;15;15;2
23;16;15;2
23;17;15;2
23;18;0;2
23;19;0;2
23;20;0;2
23;21;0;2
23;22;0;2
23;23;0;2
23;24;0;2
23;25;0;2
23;26;0;2
23;27;0;2
23;28;0;2
23;29;0;2
23;30;0;2
23;31;0;2
23;32;0;2
23;33;0;2
23;34;0;2
23;35;0;2
23;36;0;2
23;37;0;2
23;38;0;2
23;39;0;2
23;40;0;2
23;41;0;2
23;42;0;2
23;43;0;2
23;44;0;2
23;45;0;2
23;46;2;2
23;47;0;2
23;48;0;2
23;49;0;2
23;50;0;2
23;51;0;2
23;52;0;2
23;53;0;2
23;54;0;2
23;55;0;2
23;56;0;2
23;57;0;2
23;58;0;2
23;59;0;2
23;60;0;2
23;61;0;2
23;62;0;2
23;63;0;2
24;0;0;2
24;1;2;2
24;2;2;2
24;3;8674;2
24;4;12770;2
24;5;12770;2
24;6;12770;2
24;7;12770;2
24;8;29154;2
24;9;15;2
24;10;15;2
24;11;15;2
24;12;15;2
24;13;15;2
24;14;15;2
24;15;15;2
24;16;15;2
24;17;15;2
24;18;0;2
24;19;0;2
24;20;0;2
24;21;0;2
24;22;0;2
24;23;0;2
24;24;0;2
24;25;0;2
24;26;0;2
24;27;0;2
24;28;0;2
24;29;0;2
24;30;0;2
24;31;0;2
24;32;0;2
24;33;0;2
24;34;0;2
24;35;0;2
24;36;0;2
24;37;0;2
24;38;0;2
24;39;0;2
24;40;0;2
24;41;0;2
24;42;0;2
24;43;0;2
24;44;0;2
24;45;0;2
24;46;0;2
24;47;0;2
24;48;0;2
24;49;0;2
24;50;0;2
24;51;0;2
24;52;0;2
24;53;0;2
24;54;0;2
24;55;0;2
24;56;0;2
24;57;0;2
24;58;0;2
24;59;0;2
24;60;0;2
24;61;0;2
24;62;0;2
24;63;0;2
25;0;0;2
25;1;2;2
25;2;6626;2
25;3;15;2
25;4;15;2
25;5;15;2
25;6;15;2
25;7;15;2
25;8;15;2
25;9;15;2
25;10;15;2
25;11;15;2
25;12;15;2
25;13;15;2
25;14;0;2
25;15;0;2
25;16;0;2
25;17;0;2
25;18;0;2
25;19;0;2
25;20;0;2
25;21;0;2
25;22;0;2
25;23;0;2
25;24;0;2
25;25;0;2
25;26;0;2
25;27;0;2
25;28;0;2
25;29;0;2
25;30;0;2
25;31;0;2
25;32;0;2
25;33;0;2
25;34;0;2
25;35;0;2
25;36;0;2
25;37;0;2
25;38;0;2
25;39;0;2
25;40;0;2
25;41;0;2
25;42;0;2
25;43;0;2
25;44;0;2
25;45;0;2
25;46;0;2
25;47;0;2
25;48;0;2
25;49;0;2
25;50;0;2
25;51;0;2
25;52;0;2
25;53;0;2
25;54;0;2
25;55;0;2
25;56;0;2
25;57;0;2
25;58;0;2
25;59;0;2
25;60;0;2
25;61;0;2
25;62;0;2
25;63;0;2
26;0;0;2
26;1;2;2
26;2;11746;2
26;3;15;2
26;4;15;2
26;5;15;2
26;6;15;2
26;7;15;2
26;8;15;2
26;9;15;2
26;10;15;2
26;11;15;2
26;12;15;2
26;13;15;2
26;14;0;2
26;15;0;2
26;16;0;2
26;17;0;2
26;18;0;2
26;19;0;2
26;20;0;2
26;21;0;2
26;22;0;2
26;23;0;2
26;24;0;2
26;25;0;2
26;26;0;2
26;27;0;2
26;28;0;2
26;29;0;2
26;30;0;2
26;31;0;2
26;32;0;2
26;33;0;2
26;34;0;2
26;35;0;2
26;36;0;2
26;37;0;2
26;38;0;2
26;39;0;2
26;40;0;2
26;41;0;2
26;42;0;2
26;43;0;2
26;44;0;2
26;45;0;2
26;46;0;2
26;47;0;2
26;48;0;2
26;49;0;2
26;50;0;2
26;51;2;2
26;52;0;2
26;53;0;2
26;54;0;2
26;55;0;2
26;56;0;2
26;57;0;2
26;58;0;2
26;59;0;2
26;60;0;2
26;61;0;2
26;62;0;2
26;63;0;2
27;0;0;2
27;1;2;2
27;2;11746;2
27;3;15;2
27;4;15;2
27;5;15;2
27;6;15;2
27;7;15;2
27;8;15;2
27;9;15;2
27;10;15;2
27;11;15;2
27;12;15;2
27;13;15;2
27;14;0;2
27;15;0;2
27;16;0;2
27;17;0;2
27;18;0;2
27;19;0;2
27;20;0;2
27;21;0;2
27;22;0;2
27;23;0;2
27;24;0;2
27;25;0;2
27;26;0;2
27;27;0;2
27;28;0;2
27;29;0;2
27;30;0;2
27;31;0;2
27;32;0;2
27;33;0;2
27;34;0;2
27;35;0;2
27;36;0;2
27;37;0;2
27;38;0;2
27;39;0;2
27;40;0;2
27;41;0;2
27;42;0;2
27;43;0;2
27;44;0;2
27;45;0;2
27;46;0;2
27;47;0;2
27;48;0;2
27;49;0;2
27;50;0;2
27;51;2;2
27;52;0;2
27;53;0;2
27;54;0;2
27;55;0;2
27;56;0;2
27;57;0;2
27;58;0;2
27;59;0;2
27;60;0;2
27;61;0;2
27;62;0;2
27;63;0;2
28;0;0;2
28;1;2;2
28;2;11746;2
28;3;15;2
28;4;15;2
28;5;15;2
28;6;15;2
28;7;15;2
28;8;15;2
28;9;15;2
28;10;15;2
28;11;0;2
28;12;0;2
28;13;0;2
28;14;0;2
28;15;0;2
28;16;0;2
28;17;0;2
28;18;0;2
28;19;0;2
28;20;0;2
28;21;0;2
28;22;0;2
28;23;0;2
28;24;0;2
28;25;0;2
28;26;0;2
28;27;0;2
28;28;0;2
28;29;0;2
28;30;0;2
28;31;0;2
28;32;0;2
28;33;0;2
28;34;0;2
28;35;0;2
28;36;0;2
28;37;0;2
28;38;0;2
28;39;0;2
28;40;0;2
28;41;0;2
28;42;0;2
28;43;0;2
28;44;0;2
28;45;0;2
28;46;0;2
28;47;0;2
28;48;0;2
28;49;0;2
28;50;0;2
28;51;2;2
28;52;0;2
28;53;0;2
28;54;0;2
28;55;0;2
28;56;0;2
28;57;0;2
28;58;0;2
28;59;0;2
28;60;0;2
28;61;0;2
28;62;0;2
28;63;0;2
29;0;0;2
29;1;2;2
29;2;11746;2
29;3;15;2
29;4;15;2
29;5;15;2
29;6;15;2
29;7;15;2
29;8;15;2
29;9;15;2
29;10;15;2
29;11;0;2
29;12;0;2
29;13;0;2
29;14;0;2
29;15;0;2
29;16;0;2
29;17;0;2
29;18;0;2
29;19;0;2
29;20;0;2
29;21;0;2
29;22;0;2
29;23;0;2
29;24;0;2
29;25;0;2
29;26;0;2
29;27;0;2
29;28;0;2
29;29;0;2
29;30;0;2
29;31;0;2
29;32;0;2
29;33;0;2
29;34;0;2
29;35;0;2
29;36;0;2
29;37;0;2
29;38;0;2
29;39;0;2
29;40;0;2
29;41;0;2
29;42;0;2
29;43;0;2
29;44;0;2
29;45;0;2
29;46;0;2
29;47;0;2
29;48;0;2
29;49;0;2
29;50;0;2
29;51;0;2
29;52;0;2
29;53;0;2
29;54;0;2
29;55;0;2
29;56;0;2
29;57;0;2
29;58;0;2
29;59;0;2
29;60;0;2
29;61;0;2
29;62;0;2
29;63;0;2
30;0;0;2
30;1;2;2
30;2;11746;2
30;3;15;2
30;4;15;2
30;5;15;2
30;6;15;2
30;7;15;2
30;8;15;2
30;9;0;2
30;10;0;2
30;11;0;2
30;12;0;2
30;13;0;2
30;14;0;2
30;15;0;2
30;16;0;2
30;17;0;2
30;18;0;2
30;19;0;2
30;20;0;2
30;21;0;2
30;22;0;2
30;23;0;2
30;24;0;2
30;25;0;2
30;26;0;2
30;27;0;2
30;28;0;2
30;29;0;2
30;30;0;2
30;31;0;2
30;32;0;2
30;33;0;2
30;34;0;2
30;35;0;2
30;36;0;2
30;37;0;2
30;38;0;2
30;39;0;2
30;40;0;2
30;41;0;2
30;42;0;2
30;43;0;2
30;44;0;2
30;45;0;2
30;46;0;2
30;47;0;2
30;48;0;2
30;49;0;2
30;50;0;2
30;51;0;2
30;52;0;2
30;53;0;2
30;54;0;2
30;55;0;2
30;56;0;2
30;57;0;2
30;58;0;2
30;59;0;2
30;60;0;2
30;61;0;2
30;62;0;2
30;63;0;2
31;0;0;2
31;1;2;2
31;2;11746;2
31;3;15;2
31;4;15;2
31;5;15;2
31;6;0;2
31;7;0;2
31;8;0;2
31;9;0;2
31;10;0;2
31;11;0;2
31;12;0;2
31;13;0;2
31;14;0;2
31;15;0;2
31;16;0;2
31;17;0;2
31;18;0;2
31;19;0;2
31;20;0;2
31;21;0;2
31;22;0;2
31;23;0;2
31;24;0;2
31;25;0;2
31;26;0;2
31;27;0;2
31;28;0;2
31;29;0;2
31;30;0;2
31;31;0;2
31;32;0;2
31;33;0;2
31;34;0;2
31;35;0;2
31;36;0;2
31;37;0;2
31;38;0;2
31;39;0;2
31;40;0;2
31;41;0;2
31;42;0;2
31;43;0;2
31;44;0;2
31;45;0;2
31;46;0;2
31;47;0;2
31;48;0;2
31;49;0;2
31;50;0;2
31;51;0;2
31;52;0;2
31;53;0;2
31;54;0;2
31;55;0;2
31;56;0;2
31;57;0;2
31;58;0;2
31;59;0;2
31;60;0;2
31;61;0;2
31;62;0;2
31;63;0;2
32;0;0;2
32;1;2;2
32;2;11746;2
32;3;15;2
32;4;15;2
32;5;15;2
32;6;0;2
32;7;0;2
32;8;0;2
32;9;0;2
32;10;0;2
32;11;0;2
32;12;0;2
32;13;0;2
32;14;0;2
32;15;0;2
32;16;0;2
32;17;0;2
32;18;0;2
32;19;0;2
32;20;0;2
32;21;0;2
32;22;0;2
32;23;0;2
32;24;0;2
32;25;0;2
32;26;0;2
32;27;0;2
32;28;0;2
32;29;0;2
32;30;0;2
32;31;0;2
32;32;0;2
32;33;0;2
32;34;0;2
32;35;0;2
32;36;0;2
32;37;0;2
32;38;0;2
32;39;0;2
32;40;0;2
32;41;0;2
32;42;0;2
32;43;0;2
32;44;0;2
32;45;0;2
32;46;0;2
32;47;0;2
32;48;0;2
32;49;0;2
32;50;0;2
32;51;0;2
32;52;0;2
32;53;0;2
32;54;0;2
32;55;0;2
32;56;0;2
32;57;0;2
32;58;0;2
32;59;0;2
32;60;0;2
32;61;0;2
32;62;0;2
32;63;0;2
33;0;0;2
33;1;2;2
33;2;11746;2
33;3;15;2
33;4;15;2
33;5;15;2
33;6;0;2
33;7;0;2
33;8;0;2
33;9;0;2
33;10;0;2
33;11;0;2
33;12;0;2
33;13;0;2
33;14;0;2
33;15;0;2
33;16;0;2
33;17;0;2
33;18;0;2
33;19;0;2
33;20;0;2
33;21;0;2
33;22;0;2
33;23;0;2
33;24;0;2
33;25;0;2
33;26;0;2
33;27;0;2
33;28;0;2
33;29;0;2
33;30;0;2
33;31;0;2
33;32;0;2
33;33;0;2
33;34;0;2
33;35;0;2
33;36;0;2
33;37;0;2
33;38;0;2
33;39;0;2
33;40;0;2
33;41;0;2
33;42;0;2
33;43;0;2
33;44;0;2
33;45;0;2
33;46;0;2
33;47;15;2
33;48;15;2
33;49;15;2
33;50;15;2
33;51;15;2
33;52;15;2
33;53;2;2
33;54;12770;2
33;55;7650;2
33;56;2;2
33;57;0;2
33;58;0;2
33;59;0;2
33;60;0;2
33;61;0;2
33;62;0;2
33;63;0;2
34;0;0;2
34;1;2;2
34;2;11746;2
34;3;15;2
34;4;15;2
34;5;15;2
34;6;0;2
34;7;0;2
34;8;0;2
34;9;0;2
34;10;0;2
34;11;0;2
34;12;0;2
34;13;0;2
34;14;0;2
34;15;0;2
34;16;0;2
34;17;0;2
34;18;0;2
34;19;0;2
34;20;0;2
34;21;0;2
34;22;0;2
34;23;0;2
34;24;0;2
34;25;0;2
34;26;0;2
34;27;0;2
34;28;0;2
34;29;0;2
34;30;0;2
34;31;0;2
34;32;0;2
34;33;0;2
34;34;0;2
34;35;0;2
34;36;0;2
34;37;0;2
34;38;0;2
34;39;0;2
34;40;0;2
34;41;0;2
34;42;0;2
34;43;0;2
34;44;0;2
34;45;0;2
34;46;0;2
34;47;15;2
34;48;15;2
34;49;15;2
34;50;15;2
34;51;15;2
34;52;2;2
34;53;15;2
34;54;15;2
34;55;15;2
34;56;2530;2
34;57;0;2
34;58;0;2
34;59;0;2
34;60;0;2
34;61;0;2
34;62;0;2
34;63;0;2
35;0;0;2
35;1;2;2
35;2;11746;2
35;3;15;2
35;4;15;2
35;5;15;2
35;6;15;2
35;7;15;2
35;8;15;2
35;9;15;2
35;10;15;2
35;11;15;2
35;12;0;2
35;13;0;2
35;14;0;2
35;15;0;2
35;16;0;2
35;17;0;2
35;18;0;2
35;19;0;2
35;20;0;2
35;21;0;2
35;22;0;2
35;23;0;2
35;24;0;2
35;25;0;2
35;26;0;2
35;27;0;2
35;28;0;2
35;29;0;2
35;30;0;2
35;31;0;2
35;32;0;2
35;33;0;2
35;34;0;2
35;35;0;2
35;36;0;2
35;37;0;2
35;38;0;2
35;39;0;2
35;40;0;2
35;41;0;2
35;42;0;2
35;43;0;2
35;44;0;2
35;45;0;2
35;46;0;2
35;47;15;2
35;48;15;2
35;49;15;2
35;50;15;2
35;51;15;2
35;52;2;2
35;53;15;2
35;54;15;2
35;55;15;2
35;56;1506;2
35;57;0;2
35;58;0;2
35;59;0;2
35;60;0;2
35;61;0;2
35;62;0;2
35;63;0;2
36;0;0;2
36;1;2;2
36;2;11746;2
36;3;15;2
36;4;15;2
36;5;15;2
36;6;15;2
36;7;15;2
36;8;15;2
36;9;15;2
36;10;15;2
36;11;15;2
36;12;0;2
36;13;0;2
36;14;0;2
36;15;0;2
36;16;0;2
36;17;0;2
36;18;0;2
36;19;0;2
36;20;0;2
36;21;0;2
36;22;0;2
36;23;0;2
36;24;0;2
36;25;0;2
36;26;0;2
36;27;0;2
36;28;0;2
36;29;0;2
36;30;0;2
36;31;0;2
36;32;0;2
36;33;0;2
36;34;0;2
36;35;0;2
36;36;0;2
36;37;0;2
36;38;0;2
36;39;0;2
36;40;0;2
36;41;0;2
36;42;0;2
36;43;15;2
36;44;15;2
36;45;15;2
36;46;15;2
36;47;15;2
36;48;15;2
36;49;15;2
36;50;15;2
36;51;15;2
36;52;2;2
36;53;4578;2
36;54;10722;2
36;55;3554;2
36;56;2;2
36;57;0;2
36;58;0;2
36;59;0;2
36;60;0;2
36;61;0;2
36;62;0;2
36;63;0;2
37;0;0;2
37;1;2;2
37;2;11746;2
37;3;15;2
37;4;15;2
37;5;15;2
37;6;15;2
37;7;15;2
37;8;15;2
37;9;15;2
37;10;15;2
37;11;15;2
37;12;0;2
37;13;0;2
37;14;0;2
37;15;0;2
37;16;0;2
37;17;0;2
37;18;0;2
37;19;0;2
37;20;0;2
37;21;0;2
37;22;0;2
37;23;0;2
37;24;0;2
37;25;0;2
37;26;0;2
37;27;0;2
37;28;0;2
37;29;0;2
37;30;0;2
37;31;0;2
37;32;0;2
37;33;0;2
37;34;0;2
37;35;0;2
37;36;0;2
37;37;0;2
37;38;0;2
37;39;0;2
37;40;0;2
37;41;0;2
37;42;0;2
37;43;15;2
37;44;15;2
37;45;15;2
37;46;15;2
37;47;15;2
37;48;15;2
37;49;15;2
37;50;15;2
37;51;15;2
37;52;1506;2
37;53;2;2
37;54;2;2
37;55;2;2
37;56;2;2
37;57;0;2
37;58;0;2
37;59;0;2
37;60;0;2
37;61;0;2
37;62;0;2
37;63;0;2
38;0;0;2
38;1;2;2
38;2;11746;2
38;3;15;2
38;4;15;2
38;5;15;2
38;6;15;2
38;7;15;2
38;8;15;2
38;9;15;2
38;10;15;2
38;11;15;2
38;12;0;2
38;13;0;2
38;14;0;2
38;15;0;2
38;16;0;2
38;17;0;2
38;18;0;2
38;19;0;2
38;20;0;2
38;21;0;2
38;22;0;2
38;23;0;2
38;24;0;2
38;25;0;2
38;26;0;2
38;27;0;2
38;28;0;2
38;29;0;2
38;30;0;2
38;31;0;2
38;32;0;2
38;33;0;2
38;34;0;2
38;35;0;2
38;36;0;2
38;37;0;2
38;38;0;2
38;39;0;2
38;40;0;2
38;41;0;2
38;42;0;2
38;43;15;2
38;44;15;2
38;45;15;2
38;46;15;2
38;47;15;2
38;48;15;2
38;49;15;2
38;50;26082;2
38;51;3554;2
38;52;2;2
38;53;2;2
38;54;2;2
38;55;2;2
38;56;2;2
38;57;0;2
38;58;0;2
38;59;0;2
38;60;0;2
38;61;0;2
38;62;0;2
38;63;0;2
39;0;0;2
39;1;2;2
39;2;11746;2
39;3;15;2
39;4;15;2
39;5;15;2
39;6;15;2
39;7;15;2
39;8;15;2
39;9;15;2
39;10;15;2
39;11;15;2
39;12;0;2
39;13;0;2
39;14;0;2
39;15;0;2
39;16;0;2
39;17;0;2
39;18;0;2
39;19;0;2
39;20;0;2
39;21;0;2
39;22;0;2
39;23;0;2
39;24;0;2
39;25;0;2
39;26;0;2
39;27;0;2
39;28;0;2
39;29;0;2
39;30;0;2
39;31;0;2
39;32;0;2
39;33;0;2
39;34;0;2
39;35;0;2
39;36;0;2
39;37;0;2
39;38;0;2
39;39;0;2
39;40;15;2
39;41;15;2
39;42;15;2
39;43;15;2
39;44;15;2
39;45;15;2
39;46;15;2
39;47;15;2
39;48;15;2
39;49;15;2
39;50;1506;2
39;51;2;2
39;52;2;2
39;53;2;2
39;54;2;2
39;55;2;2
39;56;2;2
39;57;0;2
39;58;0;2
39;59;0;2
39;60;0;2
39;61;0;2
39;62;0;2
39;63;0;2
40;0;0;2
40;1;2;2
40;2;11746;2
40;3;15;2
40;4;15;2
40;5;15;2
40;6;15;2
40;7;15;2
40;8;15;2
40;9;15;2
40;10;15;2
40;11;15;2
40;12;0;2
40;13;0;2
40;14;0;2
40;15;0;2
40;16;0;2
40;17;0;2
40;18;0;2
40;19;0;2
40;20;0;2
40;21;0;2
40;22;0;2
40;23;0;2
40;24;0;2
40;25;0;2
40;26;0;2
40;27;0;2
40;28;0;2
40;29;0;2
40;30;0;2
40;31;0;2
40;32;0;2
40;33;0;2
40;34;0;2
40;35;0;2
40;36;0;2
40;37;0;2
40;38;0;2
40;39;0;2
40;40;15;2
40;41;15;2
40;42;15;2
40;43;15;2
40;44;15;2
40;45;15;2
40;46;15;2
40;47;15;2
40;48;15;2
40;49;17890;2
40;50;2;2
40;51;2;2
40;52;2;2
40;53;8450;2
40;54;7426;2
40;55;2;2
40;56;2;2
40;57;0;2
40;58;0;2
40;59;0;2
40;60;0;2
40;61;0;2
40;62;0;2
40;63;0;2
41;0;0;2
41;1;2;2
41;2;11746;2
41;3;15;2
41;4;15;2
41;5;15;2
41;6;15;2
41;7;15;2
41;8;15;2
41;9;15;2
41;10;15;2
41;11;0;2
41;12;0;2
41;13;0;2
41;14;0;2
41;15;0;2
41;16;0;2
41;17;0;2
41;18;0;2
41;19;0;2
41;20;0;2
41;21;0;2
41;22;0;2
41;23;0;2
41;24;0;2
41;25;0;2
41;26;0;2
41;27;0;2
41;28;0;2
41;29;0;2
41;30;0;2
41;31;0;2
41;32;0;2
41;33;0;2
41;34;0;2
41;35;0;2
41;36;0;2
41;37;15;2
41;38;15;2
41;39;15;2
41;40;15;2
41;41;15;2
41;42;15;2
41;43;15;2
41;44;15;2
41;45;15;2
41;46;15;2
41;47;15;2
41;48;15;2
41;49;1506;2
41;50;2;2
41;51;2;2
41;52;6402;2
41;53;8;2
41;54;8;2
41;55;2306;2
41;56;0;2
41;57;0;2
41;58;0;2
41;59;0;2
41;60;0;2
41;61;0;2
41;62;0;2
41;63;0;2
42;0;0;2
42;1;2;2
42;2;11746;2
42;3;15;2
42;4;15;2
42;5;15;2
42;6;15;2
42;7;15;2
42;8;15;2
42;9;15;2
42;10;15;2
42;11;0;2
42;12;0;2
42;13;0;2
42;14;0;2
42;15;0;2
42;16;0;2
42;17;0;2
42;18;0;2
42;19;0;2
42;20;0;2
42;21;0;2
42;22;0;2
42;23;0;2
42;24;0;2
42;25;0;2
42;26;0;2
42;27;0;2
42;28;0;2
42;29;0;2
42;30;0;2
42;31;0;2
42;32;0;2
42;33;0;2
42;34;0;2
42;35;0;2
42;36;0;2
42;37;15;2
42;38;15;2
42;39;15;2
42;40;15;2
42;41;15;2
42;42;15;2
42;43;15;2
42;44;15;2
42;45;26082;2
42;46;10722;2
42;47;10722;2
42;48;3554;2
42;49;2;2
42;50;2;2
42;51;2;2
42;52;11522;2
42;53;8;2
42;54;8;2
42;55;9474;2
42;56;0;2
42;57;0;2
42;58;0;2
42;59;0;2
42;60;0;2
42;61;0;2
42;62;0;2
42;63;0;2
43;0;0;2
43;1;2;2
43;2;11746;2
43;3;15;2
43;4;15;2
43;5;15;2
43;6;15;2
43;7;15;2
43;8;15;2
43;9;15;2
43;10;15;2
43;11;0;2
43;12;0;2
43;13;0;2
43;14;0;2
43;15;0;2
43;16;0;2
43;17;0;2
43;18;0;2
43;19;0;2
43;20;0;2
43;21;0;2
43;22;0;2
43;23;0;2
43;24;0;2
43;25;0;2
43;26;0;2
43;27;0;2
43;28;0;2
43;29;0;2
43;30;0;2
43;31;0;2
43;32;0;2
43;33;0;2
43;34;0;2
43;35;15;2
43;36;15;2
43;37;15;2
43;38;15;2
43;39;15;2
43;40;15;2
43;41;15;2
43;42;15;2
43;43;15;2
43;44;15;2
43;45;1506;2
43;46;2;2
43;47;2;2
43;48;2;2
43;49;2;2
43;50;2;2
43;51;2;2
43;52;5378;2
43;53;8;2
43;54;8;2
43;55;1282;2
43;56;0;2
43;57;0;2
43;58;0;2
43;59;0;2
43;60;0;2
43;61;0;2
43;62;0;2
43;63;0;2
44;0;0;2
44;1;2;2
44;2;11746;2
44;3;15;2
44;4;15;2
44;5;15;2
44;6;15;2
44;7;15;2
44;8;15;2
44;9;0;2
44;10;0;2
44;11;0;2
44;12;0;2
44;13;0;2
44;14;0;2
44;15;0;2
44;16;0;2
44;17;0;2
44;18;0;2
44;19;0;2
44;20;0;2
44;21;0;2
44;22;0;2
44;23;0;2
44;24;0;2
44;25;0;2
44;26;0;2
44;27;0;2
44;28;0;2
44;29;0;2
44;30;0;2
44;31;0;2
44;32;0;2
44;33;0;2
44;34;0;2
44;35;15;2
44;36;15;2
44;37;15;2
44;38;15;2
44;39;15;2
44;40;15;2
44;41;15;2
44;42;26082;2
44;43;10722;2
44;44;3554;2
44;45;2;2
44;46;2;2
44;47;2;2
44;48;2;2
44;49;2;2
44;50;2;2
44;51;2;2
44;52;2;2
44;53;4354;2
44;54;3330;2
44;55;2;2
44;56;0;2
44;57;0;2
44;58;0;2
44;59;0;2
44;60;0;2
44;61;0;2
44;62;0;2
44;63;0;2
45;0;0;2
45;1;2;2
45;2;11746;2
45;3;15;2
45;4;15;2
45;5;15;2
45;6;15;2
45;7;15;2
45;8;15;2
45;9;0;2
45;10;0;2
45;11;0;2
45;12;0;2
45;13;0;2
45;14;0;2
45;15;0;2
45;16;0;2
45;17;0;2
45;18;0;2
45;19;0;2
45;20;0;2
45;21;0;2
45;22;0;2
45;23;0;2
45;24;0;2
45;25;0;2
45;26;0;2
45;27;0;2
45;28;0;2
45;29;0;2
45;30;0;2
45;31;0;2
45;32;0;2
45;33;15;2
45;34;15;2
45;35;15;2
45;36;15;2
45;37;15;2
45;38;15;2
45;39;15;2
45;40;15;2
45;41;15;2
45;42;1506;2
45;43;2;2
45;44;2;2
45;45;2;2
45;46;2;2
45;47;2;2
45;48;2;2
45;49;2;2
45;50;2;2
45;51;2;2
45;52;0;2
45;53;0;2
45;54;0;2
45;55;0;2
45;56;0;2
45;57;0;2
45;58;0;2
45;59;0;2
45;60;0;2
45;61;0;2
45;62;0;2
45;63;0;2
46;0;0;2
46;1;2;2
46;2;11746;2
46;3;15;2
46;4;15;2
46;5;15;2
46;6;15;2
46;7;15;2
46;8;15;2
46;9;0;2
46;10;0;2
46;11;0;2
46;12;0;2
46;13;0;2
46;14;0;2
46;15;0;2
46;16;0;2
46;17;0;2
46;18;0;2
46;19;0;2
46;20;0;2
46;21;0;2
46;22;0;2
46;23;0;2
46;24;0;2
46;25;0;2
46;26;0;2
46;27;0;2
46;28;0;2
46;29;0;2
46;30;0;2
46;31;0;2
46;32;0;2
46;33;15;2
46;34;15;2
46;35;15;2
46;36;15;2
46;37;15;2
46;38;15;2
46;39;15;2
46;40;26082;2
46;41;3554;2
46;42;2;2
46;43;2;2
46;44;2;2
46;45;2;2
46;46;2;2
46;47;2;2
46;48;2;2
46;49;2;2
46;50;2;2
46;51;2;2
46;52;0;2
46;53;0;2
46;54;0;2
46;55;0;2
46;56;0;2
46;57;0;2
46;58;0;2
46;59;0;2
46;60;0;2
46;61;0;2
46;62;0;2
46;63;0;2
47;0;0;2
47;1;2;2
47;2;11746;2
47;3;15;2
47;4;15;2
47;5;15;2
47;6;15;2
47;7;15;2
47;8;15;2
47;9;0;2
47;10;0;2
47;11;0;2
47;12;0;2
47;13;0;2
47;14;0;2
47;15;0;2
47;16;0;2
47;17;0;2
47;18;0;2
47;19;0;2
47;20;0;2
47;21;0;2
47;22;0;2
47;23;0;2
47;24;0;2
47;25;0;2
47;26;0;2
47;27;0;2
47;28;0;2
47;29;0;2
47;30;0;2
47;31;0;2
47;32;0;2
47;33;15;2
47;34;15;2
47;35;15;2
47;36;15;2
47;37;15;2
47;38;15;2
47;39;15;2
47;40;1506;2
47;41;2;2
47;42;2;2
47;43;2;2
47;44;2;2
47;45;2;2
47;46;2;2
47;47;2;2
47;48;2;2
47;49;2;2
47;50;2;2
47;51;2;2
47;52;0;2
47;53;0;2
47;54;0;2
47;55;0;2
47;56;0;2
47;57;0;2
47;58;0;2
47;59;0;2
47;60;0;2
47;61;0;2
47;62;0;2
47;63;0;2
48;0;0;2
48;1;2;2
48;2;11746;2
48;3;15;2
48;4;15;2
48;5;15;2
48;6;15;2
48;7;15;2
48;8;15;2
48;9;0;2
48;10;0;2
48;11;0;2
48;12;0;2
48;13;0;2
48;14;0;2
48;15;0;2
48;16;0;2
48;17;0;2
48;18;0;2
48;19;0;2
48;20;0;2
48;21;0;2
48;22;0;2
48;23;0;2
48;24;0;2
48;25;0;2
48;26;0;2
48;27;0;2
48;28;0;2
48;29;0;2
48;30;0;2
48;31;0;2
48;32;0;2
48;33;15;2
48;34;15;2
48;35;15;2
48;36;15;2
48;37;15;2
48;38;15;2
48;39;17890;2
48;40;2;2
48;41;2;2
48;42;2;2
48;43;2;2
48;44;2;2
48;45;2;2
48;46;2;2
48;47;2;2
48;48;2;2
48;49;2;2
48;50;2;2
48;51;2;2
48;52;0;2
48;53;0;2
48;54;0;2
48;55;0;2
48;56;0;2
48;57;0;2
48;58;0;2
48;59;0;2
48;60;0;2
48;61;0;2
48;62;0;2
48;63;0;2
49;0;0;2
49;1;2;2
49;2;11746;2
49;3;15;2
49;4;15;2
49;5;15;2
49;6;15;2
49;7;15;2
49;8;15;2
49;9;0;2
49;10;0;2
49;11;0;2
49;12;0;2
49;13;0;2
49;14;0;2
49;15;0;2
49;16;0;2
49;17;0;2
49;18;0;2
49;19;0;2
49;20;0;2
49;21;0;2
49;22;0;2
49;23;0;2
49;24;0;2
49;25;0;2
49;26;0;2
49;27;0;2
49;28;0;2
49;29;0;2
49;30;0;2
49;31;0;2
49;32;0;2
49;33;15;2
49;34;15;2
49;35;15;2
49;36;15;2
49;37;15;2
49;38;15;2
49;39;1506;2
49;40;2;2
49;41;2;2
49;42;2;2
49;43;2;2
49;44;2;2
49;45;2;2
49;46;2;2
49;47;2;2
49;48;0;2
49;49;0;2
49;50;0;2
49;51;0;2
49;52;0;2
49;53;0;2
49;54;0;2
49;55;0;2
49;56;0;2
49;57;0;2
49;58;0;2
49;59;0;2
49;60;0;2
49;61;0;2
49;62;0;2
49;63;0;2
50;0;0;2
50;1;2;2
50;2;11746;2
50;3;15;2
50;4;15;2
50;5;15;2
50;6;15;2
50;7;15;2
50;8;15;2
50;9;0;2
50;10;0;2
50;11;0;2
50;12;0;2
50;13;0;2
50;14;0;2
50;15;0;2
50;16;0;2
50;17;0;2
50;18;0;2
50;19;0;2
50;20;0;2
50;21;0;2
50;22;0;2
50;23;0;2
50;24;0;2
50;25;0;2
50;26;0;2
50;27;0;2
50;28;15;2
50;29;15;2
50;30;15;2
50;31;15;2
50;32;15;2
50;33;15;2
50;34;15;2
50;35;15;2
50;36;15;2
50;37;26082;2
50;38;3554;2
50;39;2;2
50;40;2;2
50;41;2;2
50;42;2;2
50;43;2;2
50;44;2;2
50;45;2;2
50;46;2;2
50;47;2;2
50;48;0;2
50;49;0;2
50;50;0;2
50;51;0;2
50;52;0;2
50;53;0;2
50;54;0;2
50;55;0;2
50;56;0;2
50;57;0;2
50;58;0;2
50;59;0;2
50;60;0;2
50;61;0;2
50;62;0;2
50;63;0;2
51;0;0;2
51;1;2;2
51;2;11746;2
51;3;15;2
51;4;15;2
51;5;15;2
51;6;15;2
51;7;0;2
51;8;0;2
51;9;0;2
51;10;0;2
51;11;0;2
51;12;0;2
51;13;0;2
51;14;0;2
51;15;0;2
51;16;0;2
51;17;0;2
51;18;0;2
51;19;0;2
51;20;0;2
51;21;0;2
51;22;0;2
51;23;0;2
51;24;0;2
51;25;0;2
51;26;0;2
51;27;0;2
51;28;15;2
51;29;15;2
51;30;15;2
51;31;15;2
51;32;15;2
51;33;15;2
51;34;15;2
51;35;15;2
51;36;15;2
51;37;9698;2
51;38;2;2
51;39;2;2
51;40;2;2
51;41;2;2
51;42;8706;2
51;43;7682;2
51;44;2;2
51;45;2;2
51;46;2;2
51;47;2;2
51;48;0;2
51;49;0;2
51;50;0;2
51;51;0;2
51;52;0;2
51;53;0;2
51;54;0;2
51;55;0;2
51;56;0;2
51;57;0;2
51;58;0;2
51;59;0;2
51;60;0;2
51;61;0;2
51;62;0;2
51;63;0;2
52;0;0;2
52;1;2;2
52;2;11746;2
52;3;15;2
52;4;15;2
52;5;15;2
52;6;15;2
52;7;0;2
52;8;0;2
52;9;0;2
52;10;0;2
52;11;0;2
52;12;0;2
52;13;0;2
52;14;0;2
52;15;0;2
52;16;0;2
52;17;0;2
52;18;0;2
52;19;0;2
52;20;0;2
52;21;0;2
52;22;0;2
52;23;0;2
52;24;0;2
52;25;0;2
52;26;0;2
52;27;0;2
52;28;15;2
52;29;15;2
52;30;15;2
52;31;15;2
52;32;15;2
52;33;15;2
52;34;15;2
52;35;15;2
52;36;15;2
52;37;1506;2
52;38;2;2
52;39;2;2
52;40;2;2
52;41;6658;2
52;42;16;2
52;43;16;2
52;44;2562;2
52;45;2;2
52;46;2;2
52;47;2;2
52;48;0;2
52;49;0;2
52;50;0;2
52;51;0;2
52;52;0;2
52;53;0;2
52;54;0;2
52;55;0;2
52;56;0;2
52;57;0;2
52;58;0;2
52;59;2;2
52;60;2;2
52;61;8674;2
52;62;7650;2
52;63;2;2
53;0;0;2
53;1;2;2
53;2;11746;2
53;3;15;2
53;4;15;2
53;5;15;2
53;6;15;2
53;7;0;2
53;8;0;2
53;9;0;2
53;10;0;2
53;11;0;2
53;12;0;2
53;13;0;2
53;14;0;2
53;15;0;2
53;16;0;2
53;17;0;2
53;18;0;2
53;19;0;2
53;20;0;2
53;21;0;2
53;22;0;2
53;23;0;2
53;24;0;2
53;25;0;2
53;26;0;2
53;27;0;2
53;28;15;2
53;29;15;2
53;30;15;2
53;31;15;2
53;32;15;2
53;33;15;2
53;34;26082;2
53;35;10722;2
53;36;3554;2
53;37;2;2
53;38;2;2
53;39;2;2
53;40;2;2
53;41;5634;2
53;42;16;2
53;43;16;2
53;44;1538;2
53;45;0;2
53;46;0;2
53;47;0;2
53;48;0;2
53;49;0;2
53;50;0;2
53;51;0;2
53;52;0;2
53;53;0;2
53;54;0;2
53;55;0;2
53;56;0;2
53;57;0;2
53;58;0;2
53;59;2;2
53;60;6626;2
53;61;15;2
53;62;15;2
53;63;2530;2
54;0;0;2
54;1;2;2
54;2;11746;2
54;3;15;2
54;4;15;2
54;5;15;2
54;6;15;2
54;7;15;2
54;8;15;2
54;9;15;2
54;10;15;2
54;11;0;2
54;12;0;2
54;13;0;2
54;14;0;2
54;15;0;2
54;16;0;2
54;17;0;2
54;18;0;2
54;19;0;2
54;20;0;2
54;21;0;2
54;22;0;2
54;23;0;2
54;24;0;2
54;25;15;2
54;26;15;2
54;27;15;2
54;28;15;2
54;29;15;2
54;30;15;2
54;31;15;2
54;32;15;2
54;33;15;2
54;34;9698;2
54;35;2;2
54;36;2;2
54;37;2;2
54;38;2;2
54;39;8674;2
54;40;7650;2
54;41;2;2
54;42;4610;2
54;43;3586;2
54;44;2;2
54;45;0;2
54;46;0;2
54;47;0;2
54;48;0;2
54;49;0;2
54;50;0;2
54;51;0;2
54;52;0;2
54;53;0;2
54;54;0;2
54;55;0;2
54;56;0;2
54;57;0;2
54;58;2;2
54;59;2;2
54;60;5602;2
54;61;15;2
54;62;15;2
54;63;1506;2
55;0;0;2
55;1;2;2
55;2;11746;2
55;3;15;2
55;4;15;2
55;5;15;2
55;6;15;2
55;7;15;2
55;8;15;2
55;9;15;2
55;10;15;2
55;11;0;2
55;12;0;2
55;13;0;2
55;14;0;2
55;15;0;2
55;16;0;2
55;17;0;2
55;18;0;2
55;19;0;2
55;20;0;2
55;21;0;2
55;22;0;2
55;23;0;2
55;24;0;2
55;25;15;2
55;26;15;2
55;27;15;2
55;28;15;2
55;29;15;2
55;30;15;2
55;31;15;2
55;32;15;2
55;33;15;2
55;34;9698;2
55;35;2;2
55;36;2;2
55;37;2;2
55;38;6626;2
55;39;15;2
55;40;15;2
55;41;2530;2
55;42;2;2
55;43;2;2
55;44;2;2
55;45;0;2
55;46;0;2
55;47;0;2
55;48;0;2
55;49;0;2
55;50;0;2
55;51;0;2
55;52;0;2
55;53;0;2
55;54;0;2
55;55;0;2
55;56;0;2
55;57;0;2
55;58;2;2
55;59;2;2
55;60;2;2
55;61;4578;2
55;62;3554;2
55;63;2;2
56;0;0;2
56;1;2;2
56;2;11746;2
56;3;15;2
56;4;15;2
56;5;15;2
56;6;15;2
56;7;15;2
56;8;15;2
56;9;15;2
56;10;15;2
56;11;0;2
56;12;0;2
56;13;0;2
56;14;0;2
56;15;0;2
56;16;0;2
56;17;0;2
56;18;0;2
56;19;0;2
56;20;0;2
56;21;0;2
56;22;0;2
56;23;0;2
56;24;0;2
56;25;15;2
56;26;15;2
56;27;15;2
56;28;15;2
56;29;15;2
56;30;15;2
56;31;15;2
56;32;15;2
56;33;15;2
56;34;1506;2
56;35;2;2
56;36;2;2
56;37;2;2
56;38;5602;2
56;39;15;2
56;40;15;2
56;41;1506;2
56;42;2;2
56;43;2;2
56;44;2;2
56;45;0;2
56;46;0;2
56;47;0;2
56;48;0;2
56;49;0;2
56;50;0;2
56;51;0;2
56;52;0;2
56;53;0;2
56;54;2;2
56;55;2;2
56;56;8674;2
56;57;7650;2
56;58;2;2
56;59;2;2
56;60;2;2
56;61;2;2
56;62;2;2
56;63;2;2
57;0;0;2
57;1;2;2
57;2;5602;2
57;3;15;2
57;4;15;2
57;5;15;2
57;6;15;2
57;7;15;2
57;8;15;2
57;9;15;2
57;10;15;2
57;11;0;2
57;12;0;2
57;13;0;2
57;14;0;2
57;15;0;2
57;16;0;2
57;17;0;2
57;18;0;2
57;19;0;2
57;20;0;2
57;21;0;2
57;22;0;2
57;23;0;2
57;24;0;2
57;25;15;2
57;26;15;2
57;27;15;2
57;28;15;2
57;29;15;2
57;30;26082;2
57;31;10722;2
57;32;10722;2
57;33;3554;2
57;34;2;2
57;35;2;2
57;36;2;2
57;37;2;2
57;38;2;2
57;39;4578;2
57;40;3554;2
57;41;2;2
57;42;2;2
57;43;2;2
57;44;2;2
57;45;0;2
57;46;0;2
57;47;0;2
57;48;0;2
57;49;0;2
57;50;0;2
57;51;0;2
57;52;0;2
57;53;0;2
57;54;2;2
57;55;6626;2
57;56;15;2
57;57;15;2
57;58;2530;2
57;59;2;2
57;60;2;2
57;61;2;2
57;62;2;2
57;63;2;2
58;0;0;2
58;1;2;2
58;2;2;2
58;3;15842;2
58;4;15;2
58;5;15;2
58;6;15;2
58;7;15;2
58;8;15;2
58;9;15;2
58;10;15;2
58;11;15;2
58;12;15;2
58;13;15;2
58;14;15;2
58;15;0;2
58;16;0;2
58;17;0;2
58;18;0;2
58;19;0;2
58;20;0;2
58;21;0;2
58;22;0;2
58;23;15;2
58;24;15;2
58;25;15;2
58;26;15;2
58;27;15;2
58;28;15;2
58;29;15;2
58;30;9698;2
58;31;2;2
58;32;2;2
58;33;2;2
58;34;2;2
58;35;2;2
58;36;2;2
58;37;2;2
58;38;8450;2
58;39;7426;2
58;40;2;2
58;41;0;2
58;42;0;2
58;43;0;2
58;44;0;2
58;45;0;2
58;46;0;2
58;47;0;2
58;48;0;2
58;49;0;2
58;50;0;2
58;51;0;2
58;52;0;2
58;53;0;2
58;54;2;2
58;55;5602;2
58;56;15;2
58;57;15;2
58;58;1506;2
58;59;12802;2
58;60;7682;2
58;61;2;2
58;62;2;2
58;63;2;2
59;0;0;2
59;1;2;2
59;2;2;2
59;3;2;2
59;4;4578;2
59;5;28130;2
59;6;15;2
59;7;15;2
59;8;15;2
59;9;15;2
59;10;15;2
59;11;15;2
59;12;15;2
59;13;15;2
59;14;15;2
59;15;0;2
59;16;0;2
59;17;0;2
59;18;0;2
59;19;0;2
59;20;0;2
59;21;0;2
59;22;15;2
59;23;15;2
59;24;15;2
59;25;15;2
59;26;15;2
59;27;15;2
59;28;15;2
59;29;15;2
59;30;9698;2
59;31;2;2
59;32;2;2
59;33;2;2
59;34;2;2
59;35;2;2
59;36;2;2
59;37;6402;2
59;38;8;2
59;39;8;2
59;40;2306;2
59;41;0;2
59;42;0;2
59;43;0;2
59;44;0;2
59;45;0;2
59;46;0;2
59;47;0;2
59;48;0;2
59;49;0;2
59;50;0;2
59;51;0;2
59;52;0;2
59;53;0;2
59;54;2;2
59;55;2;2
59;56;4578;2
59;57;3554;2
59;58;16;2
59;59;16;2
59;60;16;2
59;61;2562;2
59;62;8450;2
59;63;7426;2
60;0;0;2
60;1;2;2
60;2;2;2
60;3;2;2
60;4;2;2
60;5;5602;2
60;6;15;2
60;7;15;2
60;8;15;2
60;9;15;2
60;10;15;2
60;11;15;2
60;12;15;2
60;13;15;2
60;14;15;2
60;15;15;2
60;16;15;2
60;17;15;2
60;18;15;2
60;19;15;2
60;20;15;2
60;21;15;2
60;22;15;2
60;23;15;2
60;24;15;2
60;25;15;2
60;26;15;2
60;27;15;2
60;28;15;2
60;29;15;2
60;30;9698;2
60;31;2;2
60;32;2;2
60;33;2;2
60;34;2;2
60;35;2;2
60;36;2;2
60;37;5378;2
60;38;8;2
60;39;8;2
60;40;1282;2
60;41;0;2
60;42;0;2
60;43;0;2
60;44;0;2
60;45;0;2
60;46;0;2
60;47;0;2
60;48;0;2
60;49;0;2
60;50;0;2
60;51;0;2
60;52;0;2
60;53;0;2
60;54;2;2
60;55;2;2
60;56;2;2
60;57;5634;2
60;58;16;2
60;59;16;2
60;60;16;2
60;61;1544;2
60;62;8;2
60;63;8;2
61;0;0;2
61;1;2;2
61;2;2;2
61;3;2;2
61;4;2;2
61;5;2;2
61;6;4578;2
61;7;10722;2
61;8;28130;2
61;9;15;2
61;10;15;2
61;11;15;2
61;12;15;2
61;13;15;2
61;14;15;2
61;15;15;2
61;16;15;2
61;17;15;2
61;18;15;2
61;19;15;2
61;20;15;2
61;21;15;2
61;22;15;2
61;23;15;2
61;24;15;2
61;25;15;2
61;26;15;2
61;27;15;2
61;28;15;2
61;29;15;2
61;30;1506;2
61;31;2;2
61;32;2;2
61;33;2;2
61;34;2;2
61;35;2;2
61;36;2;2
61;37;2;2
61;38;4354;2
61;39;3330;2
61;40;2;2
61;41;0;2
61;42;0;2
61;43;0;2
61;44;0;2
61;45;0;2
61;46;0;2
61;47;0;2
61;48;0;2
61;49;0;2
61;50;0;2
61;51;0;2
61;52;0;2
61;53;0;2
61;54;2;2
61;55;2;2
61;56;2;2
61;57;2;2
61;58;4610;2
61;59;10754;2
61;60;3586;2
61;61;8;2
61;62;8;2
61;63;8;2
62;0;0;2
62;1;2;2
62;2;2;2
62;3;2;2
62;4;2;2
62;5;2;2
62;6;2;2
62;7;2;2
62;8;5602;2
62;9;15;2
62;10;15;2
62;11;15;2
62;12;15;2
62;13;15;2
62;14;15;2
62;15;15;2
62;16;15;2
62;17;15;2
62;18;15;2
62;19;15;2
62;20;15;2
62;21;15;2
62;22;15;2
62;23;15;2
62;24;15;2
62;25;15;2
62;26;26082;2
62;27;10722;2
62;28;10722;2
62;29;3554;2
62;30;2;2
62;31;2;2
62;32;2;2
62;33;2;2
62;34;2;2
62;35;2;2
62;36;2;2
62;37;2;2
62;38;2;2
62;39;2;2
62;40;2;2
62;41;0;2
62;42;0;2
62;43;0;2
62;44;0;2
62;45;0;2
62;46;0;2
62;47;0;2
62;48;0;2
62;49;0;2
62;50;0;2
62;51;0;2
62;52;0;2
62;53;0;2
62;54;2;2
62;55;2;2
62;56;2;2
62;57;2;2
62;58;2;2
62;59;2;2
62;60;5378;2
62;61;8;2
62;62;8;2
62;63;8;2
63;0;0;2
63;1;2;2
63;2;2;2
63;3;2;2
63;4;2;2
63;5;2;2
63;6;2;2
63;7;2;2
63;8;2;2
63;9;23010;2
63;10;15;2
63;11;15;2
63;12;15;2
63;13;15;2
63;14;15;2
63;15;15;2
63;16;15;2
63;17;15;2
63;18;15;2
63;19;15;2
63;20;15;2
63;21;15;2
63;22;15;2
63;23;15;2
63;24;15;2
63;25;15;2
63;26;1506;2
63;27;2;2
63;28;2;2
63;29;2;2
63;30;2;2
63;31;2;2
63;32;2;2
63;33;2;2
63;34;2;2
63;35;2;2
63;36;2;2
63;37;2;2
63;38;2;2
63;39;2;2
63;40;2;2
63;41;0;2
63;42;0;2
63;43;0;2
63;44;2;2
63;45;2;2
63;46;2;2
63;47;2;2
63;48;2;2
63;49;2;2
63;50;2;2
63;51;2;2
63;52;2;2
63;53;2;2
63;54;2;2
63;55;2;2
63;56;2;2
63;57;2;2
63;58;2;2
63;59;2;2
63;60;2;2
63;61;6626;2
63;62;15;2
63;63;2530;2
64;0;0;2
64;1;2;2
64;2;2;2
64;3;2;2
64;4;2;2
64;5;2;2
64;6;2;2
64;7;2;2
64;8;2;2
64;9;11746;2
64;10;15;2
64;11;15;2
64;12;15;2
64;13;15;2
64;14;15;2
64;15;15;2
64;16;15;2
64;17;15;2
64;18;15;2
64;19;15;2
64;20;19938;2
64;21;10722;2
64;22;10722;2
64;23;10722;2
64;24;10722;2
64;25;3554;2
64;26;2;2
64;27;2;2
64;28;2;2
64;29;2;2
64;30;2;2
64;31;2;2
64;32;2;2
64;33;2;2
64;34;2;2
64;35;2;2
64;36;2;2
64;37;0;2
64;38;0;2
64;39;0;2
64;40;0;2
64;41;0;2
64;42;0;2
64;43;2;2
64;44;2;2
64;45;2;2
64;46;2;2
64;47;2;2
64;48;2;2
64;49;2;2
64;50;2;2
64;51;2;2
64;52;2;2
64;53;2;2
64;54;2;2
64;55;2;2
64;56;2;2
64;57;2;2
64;58;2;2
64;59;2;2
64;60;2;2
64;61;5602;2
64;62;15;2
64;63;1506;2
65;0;0;2
65;1;2;2
65;2;2;2
65;3;2;2
65;4;2;2
65;5;2;2
65;6;2;2
65;7;2;2
65;8;2;2
65;9;5602;2
65;10;15;2
65;11;15;2
65;12;15;2
65;13;15;2
65;14;15;2
65;15;15;2
65;16;15;2
65;17;15;2
65;18;15;2
65;19;13794;2
65;20;2;2
65;21;2;2
65;22;2;2
65;23;2;2
65;24;2;2
65;25;2;2
65;26;2;2
65;27;2;2
65;28;2;2
65;29;2;2
65;30;2;2
65;31;2;2
65;32;2;2
65;33;8674;2
65;34;7650;2
65;35;2;2
65;36;2;2
65;37;0;2
65;38;0;2
65;39;0;2
65;40;0;2
65;41;0;2
65;42;0;2
65;43;2;2
65;44;2;2
65;45;2;2
65;46;2;2
65;47;2;2
65;48;2;2
65;49;2;2
65;50;2;2
65;51;2;2
65;52;2;2
65;53;2;2
65;54;2;2
65;55;2;2
65;56;2;2
65;57;2;2
65;58;2;2
65;59;2;2
65;60;2;2
65;61;2;2
65;62;2;2
65;63;2;2
66;0;0;2
66;1;2;2
66;2;2;2
66;3;2;2
66;4;2;2
66;5;2;2
66;6;2;2
66;7;2;2
66;8;2;2
66;9;2;2
66;10;4578;2
66;11;10722;2
66;12;10722;2
66;13;10722;2
66;14;10722;2
66;15;10722;2
66;16;10722;2
66;17;10722;2
66;18;3554;2
66;19;2;2
66;20;2;2
66;21;2;2
66;22;2;2
66;23;2;2
66;24;2;2
66;25;2;2
66;26;2;2
66;27;2;2
66;28;2;2
66;29;2;2
66;30;2;2
66;31;2;2
66;32;6626;2
66;33;15;2
66;34;15;2
66;35;2530;2
66;36;2;2
66;37;2;2
66;38;2;2
66;39;2;2
66;40;2;2
66;41;2;2
66;42;0;2
66;43;2;2
66;44;2;2
66;45;2;2
66;46;2;2
66;47;2;2
66;48;2;2
66;49;2;2
66;50;2;2
66;51;2;2
66;52;2;2
66;53;2;2
66;54;2;2
66;55;2;2
66;56;2;2
66;57;2;2
66;58;2;2
66;59;2;2
66;60;2;2
66;61;2;2
66;62;2;2
66;63;2;2
67;0;11346;2
67;1;2;2
67;2;2;2
67;3;2;2
67;4;2;2
67;5;2;2
67;6;2;2
67;7;2;2
67;8;2;2
67;9;2;2
67;10;2;2
67;11;2;2
67;12;2;2
67;13;2;2
67;14;2;2
67;15;2;2
67;16;2;2
67;17;2;2
67;18;2;2
67;19;2;2
67;20;2;2
67;21;2;2
67;22;2;2
67;23;2;2
67;24;2;2
67;25;2;2
67;26;2;2
67;27;2;2
67;28;2;2
67;29;2;2
67;30;2;2
67;31;2;2
67;32;5602;2
67;33;15;2
67;34;15;2
67;35;1506;2
67;36;2;2
67;37;2;2
67;38;2;2
67;39;2;2
67;40;2;2
67;41;2;2
67;42;2;2
67;43;2;2
67;44;2;2
67;45;2;2
67;46;2;2
67;47;2;2
67;48;2;2
67;49;2;2
67;50;2;2
67;51;2;2
67;52;2;2
67;53;2;2
67;54;2;2
67;55;2;2
67;56;2;2
67;57;2;2
67;58;2;2
67;59;2;2
67;60;2;2
67;61;2;2
67;62;2;2
67;63;2;2
68;0;0;2
68;1;2;2
68;2;2;2
68;3;2;2
68;4;2;2
68;5;2;2
68;6;2;2
68;7;2;2
68;8;2;2
68;9;2;2
68;10;2;2
68;11;2;2
68;12;2;2
68;13;2;2
68;14;2;2
68;15;2;2
68;16;2;2
68;17;2;2
68;18;2;2
68;19;2;2
68;20;2;2
68;21;2;2
68;22;2;2
68;23;2;2
68;24;2;2
68;25;2;2
68;26;2;2
68;27;2;2
68;28;2;2
68;29;2;2
68;30;2;2
68;31;2;2
68;32;2;2
68;33;4578;2
68;34;0;2
68;35;0;2
68;36;0;2
68;37;0;2
68;38;0;2
68;39;0;2
68;40;0;2
68;41;0;2
68;42;0;2
68;43;0;2
68;44;0;2
68;45;0;2
68;46;0;2
68;47;0;2
68;48;0;2
68;49;0;2
68;50;0;2
68;51;0;2
68;52;0;2
68;53;0;2
68;54;0;2
68;55;0;2
68;56;0;2
68;57;0;2
68;58;0;2
68;59;0;2
68;60;0;2
68;61;0;2
68;62;0;2
68;63;0;2
69;0;0;2
69;1;2;2
69;2;2;2
69;3;2;2
69;4;2;2
69;5;2;2
69;6;2;2
69;7;2;2
69;8;2;2
69;9;2;2
69;10;2;2
69;11;2;2
69;12;2;2
69;13;2;2
69;14;2;2
69;15;2;2
69;16;2;2
69;17;2;2
69;18;2;2
69;19;2;2
69;20;2;2
69;21;2;2
69;22;2;2
69;23;2;2
69;24;2;2
69;25;2;2
69;26;2;2
69;27;2;2
69;28;2;2
69;29;2;2
69;30;2;2
69;31;2;2
69;32;2;2
69;33;2;2
69;34;0;2
69;35;0;2
69;36;0;2
69;37;0;2
69;38;0;2
69;39;0;2
69;40;0;2
69;41;0;2
69;42;0;2
69;43;0;2
69;44;0;2
69;45;0;2
69;46;0;2
69;47;0;2
69;48;0;2
69;49;0;2
69;50;0;2
69;51;0;2
69;52;0;2
69;53;0;2
69;54;0;2
69;55;0;2
69;56;0;2
69;57;0;2
69;58;0;2
69;59;0;2
69;60;0;2
69;61;0;2
69;62;0;2
69;63;0;2
70;0;0;2
70;1;2;2
70;2;2;2
70;3;2;2
70;4;2;2
70;5;2;2
70;6;2;2
70;7;2;2
70;8;2;2
70;9;2;2
70;10;2;2
70;11;2;2
70;12;2;2
70;13;2;2
70;14;2;2
70;15;2;2
70;16;2;2
70;17;2;2
70;18;2;2
70;19;2;2
70;20;2;2
70;21;2;2
70;22;2;2
70;23;2;2
70;24;2;2
70;25;2;2
70;26;2;2
70;27;2;2
70;28;2;2
70;29;2;2
70;30;2;2
70;31;2;2
70;32;2;2
70;33;2;2
70;34;0;2
70;35;0;2
70;36;0;2
70;37;0;2
70;38;0;2
70;39;0;2
70;40;0;2
70;41;0;2
70;42;0;2
70;43;0;2
70;44;0;2
70;45;0;2
70;46;0;2
70;47;0;2
70;48;0;2
70;49;0;2
70;50;0;2
70;51;0;2
70;52;0;2
70;53;0;2
70;54;0;2
70;55;0;2
70;56;0;2
70;57;0;2
70;58;0;2
70;59;0;2
70;60;0;2
70;61;0;2
70;62;0;2
70;63;0;2
