# Illarion Server
# 
# This program is free software: you can redistribute it and/or modify it under
# the terms of the GNU Affero General Public License as published by the Free
# Software Foundation, either version 3 of the License, or (at your option) any
# later version.
# 
# This program is distributed in the hope that it will be useful, but WITHOUT
# ANY WARRANTY; without even the implied warranty of MERCHANTABILITY or FITNESS
# FOR A PARTICULAR PURPOSE.  See the GNU Affero General Public License for more
# details.
# 
# You should have received a copy of the GNU Affero General Public License along
# with this program.  If not, see <http://www.gnu.org/licenses/>.
66;107;3622;333
67;107;3622;333
68;107;3622;333
69;107;3622;333
70;107;3622;333
71;107;287;333
72;107;287;333
66;108;3622;333
68;108;3624;333
69;108;3624;333
70;108;3624;333
71;108;3624;333
71;108;623;333
72;108;287;333
66;109;3622;333
71;109;623;333
72;109;287;333
37;110;3625;333
37;110;3624;333
37;110;3622;333
37;110;3622;333
37;110;3622;333
38;110;3624;333
38;110;3622;333
38;110;3622;333
39;110;3624;333
39;110;680;333
40;110;3624;333
40;110;3622;333
40;110;681;333
41;110;3624;333
42;110;3624;333
43;110;3624;333
44;110;3624;333
45;110;3624;333
46;110;3624;333
47;110;3624;333
48;110;3624;333
49;110;3624;333
50;110;3624;333
51;110;3624;333
51;110;3626;333
66;110;3622;333
71;110;629;333
72;110;622;333
73;110;630;333
37;111;3625;333
37;111;3622;333
38;111;3622;333
39;111;412;333
39;111;682;333
40;111;683;333
48;111;412;333
50;111;1783;333
50;111;1272;333
51;111;3626;333
66;111;3622;333
73;111;623;333
37;112;3624;333
37;112;3625;333
38;112;3624;333
38;112;3624;333
38;112;3624;333
38;112;3624;333
39;112;3619;333
39;112;412;333
44;112;1383;333
44;112;10;333
51;112;3626;333
66;112;3622;333
71;112;623;333
72;112;287;333
73;112;287;333
37;113;3625;333
45;113;2745;333;descriptionDe=Falls es wieder jemand hier Herunter Schafft, das Portal bringt euch raus!;nameEn=In case someone gets down here again, the portals offers a way out.
51;113;3626;333
66;113;3622;333
71;113;623;333
72;113;287;333
13;114;3622;333
14;114;3622;333
15;114;632;333
16;114;632;333
17;114;632;333
18;114;287;333
19;114;287;333
20;114;287;333
21;114;287;333
22;114;287;333
23;114;287;333
24;114;287;333
25;114;287;333
26;114;287;333
27;114;287;333
28;114;287;333
37;114;3625;333
51;114;3626;333
66;114;3622;333
71;114;623;333
72;114;287;333
12;115;3622;333
13;115;3622;333
14;115;690;333
14;115;3624;333
14;115;3625;333
15;115;690;333
15;115;3619;333
16;115;690;333
17;115;690;333
17;115;629;333
18;115;630;333
19;115;287;333
20;115;287;333
21;115;287;333
22;115;287;333
23;115;599;333
24;115;596;333
25;115;287;333
26;115;287;333
27;115;287;333
28;115;3622;333
28;115;3622;333
28;115;3622;333
28;115;3622;333
29;115;3622;333
29;115;3622;333
37;115;3625;333
49;115;1383;333
51;115;3626;333
66;115;3622;333
71;115;629;333
72;115;287;333
10;116;3622;333
11;116;3622;333
12;116;3622;333
13;116;3624;333
14;116;3619;333
15;116;1266;333
17;116;498;333
18;116;629;333
19;116;622;333
20;116;622;333
21;116;622;333
22;116;622;333
23;116;628;333
24;116;623;333
25;116;287;333
28;116;3622;333
28;116;3622;333
28;116;3622;333
29;116;3622;333
29;116;3622;333
37;116;3625;333
50;116;3622;333
50;116;3622;333
51;116;3622;333
66;116;3622;333
71;116;629;333
71;116;1265;333
72;116;3622;333
73;116;3622;333
4;117;3622;333
5;117;3622;333
6;117;3622;333
7;117;3622;333
8;117;3622;333
9;117;3622;333
10;117;3622;333
11;117;3624;333
12;117;3624;333
12;117;3095;333
13;117;3619;333
21;117;1251;333
24;117;629;333
25;117;622;333
26;117;622;333
27;117;628;333
27;117;3626;333
27;117;3095;333
28;117;3622;333
29;117;3622;333
37;117;680;333
38;117;681;333
41;117;3620;333
42;117;3623;333
43;117;3623;333
44;117;3623;333
45;117;3618;333
47;117;680;333
48;117;681;333
50;117;3622;333
50;117;3622;333
51;117;3622;333
66;117;3622;333
72;117;3626;333
73;117;3622;333
4;118;3622;333
6;118;3624;333
7;118;3624;333
8;118;3624;333
9;118;3624;333
10;118;3624;333
11;118;3619;333
27;118;3626;333
28;118;3622;333
29;118;3622;333
37;118;634;333
38;118;635;333
40;118;3620;333
41;118;3626;333
42;118;3622;333
43;118;3622;333
44;118;3622;333
45;118;3625;333
47;118;634;333
48;118;635;333
49;118;3622;333
50;118;3622;333
50;118;3622;333
50;118;3622;333
51;118;3622;333
66;118;3622;333
72;118;3626;333
73;118;3622;333
4;119;3622;333
9;119;1383;333
12;119;1783;333
25;119;626;333
27;119;3626;333
27;119;1384;333
28;119;3622;333
29;119;3622;333
37;119;634;333
38;119;635;333
41;119;3626;333
42;119;3622;333
43;119;3622;333
44;119;3622;333
45;119;3625;333
47;119;634;333
48;119;635;333
49;119;3622;333
50;119;3622;333
51;119;3622;333
66;119;3622;333
72;119;3626;333
73;119;3622;333
4;120;3622;333
26;120;273;333
27;120;3626;333
28;120;3622;333
29;120;3622;333
37;120;634;333
38;120;635;333
39;120;1383;333
41;120;3626;333
42;120;3622;333
43;120;3622;333
44;120;3622;333
45;120;3625;333
47;120;634;333
48;120;635;333
49;120;3622;333
50;120;3622;333
51;120;3622;333
66;120;3622;333
72;120;3626;333
4;121;3622;333
12;121;3626;333
13;121;3622;333
13;121;3622;333
14;121;3622;333
15;121;3622;333
16;121;3622;333
17;121;3622;333
27;121;3621;333
28;121;3624;333
28;121;3626;333
29;121;3622;333
30;121;3622;333
31;121;3622;333
32;121;3622;333
33;121;3622;333
34;121;3622;333
35;121;3622;333
36;121;3622;333
37;121;682;333
38;121;683;333
40;121;3262;333
41;121;3626;333
42;121;3622;333
43;121;3622;333
43;121;3622;333
43;121;3622;333
43;121;3622;333
44;121;3622;333
45;121;3625;333
47;121;682;333
48;121;683;333
49;121;3622;333
50;121;3622;333
51;121;3622;333
52;121;3622;333
53;121;3622;333
54;121;3622;333
66;121;3622;333
72;121;3626;333
73;121;3622;333
4;122;3622;333
12;122;3622;333
13;122;3622;333
14;122;3622;333
15;122;3622;333
16;122;3622;333
17;122;3622;333
18;122;3622;333
28;122;3621;333
29;122;3626;333
29;122;3624;333
30;122;3622;333
31;122;3622;333
32;122;3622;333
33;122;3622;333
34;122;3622;333
35;122;3622;333
35;122;3622;333
36;122;3622;333
37;122;690;333
37;122;3625;333
40;122;409;333
41;122;3626;333
42;122;3622;333
42;122;3622;333
43;122;3622;333
43;122;3622;333
43;122;3622;333
43;122;3622;333
44;122;3622;333
45;122;3625;333
47;122;690;333
48;122;3621;333
49;122;3624;333
50;122;3624;333
51;122;3624;333
51;122;646;333
52;122;3626;333
52;122;3624;333
53;122;3622;333
54;122;3622;333
66;122;3622;333
70;122;233;333
72;122;3626;333
72;122;1383;333
73;122;3622;333
4;123;3622;333
10;123;3626;333
11;123;3622;333
12;123;3622;333
18;123;3622;333
25;123;1383;333
29;123;3626;333
30;123;3622;333
31;123;3622;333
32;123;3622;333
33;123;3622;333
34;123;3624;333
35;123;3624;333
36;123;3624;333
37;123;3619;333
41;123;3621;333
42;123;3624;333
43;123;3624;333
44;123;3624;333
45;123;3619;333
50;123;1272;333
51;123;1783;333
51;123;1273;333
52;123;3621;333
53;123;3626;333
53;123;3624;333
54;123;3622;333
66;123;3622;333
72;123;3626;333
73;123;3622;333
4;124;3622;333
5;124;3622;333
6;124;3622;333
7;124;3622;333
8;124;3622;333
9;124;3622;333
10;124;3622;333
11;124;3622;333
12;124;3622;333
18;124;3622;333
29;124;3621;333
30;124;3624;333
31;124;3624;333
32;124;3624;333
33;124;3624;333
38;124;1272;333
41;124;688;333
42;124;1385;333
44;124;688;333
52;124;1384;333
52;124;273;333
52;124;409;333
53;124;3626;333
54;124;3622;333
55;124;3622;333
56;124;3622;333
57;124;3622;333
58;124;3622;333
59;124;680;333
60;124;681;333
61;124;632;333
62;124;632;333
63;124;632;333
64;124;632;333
65;124;680;333
66;124;681;333
68;124;1783;333
69;124;1266;333
72;124;3626;333
18;125;3622;333
19;125;3622;333
19;125;3622;333
42;125;689;333
44;125;688;333
45;125;1783;333
53;125;3621;333
54;125;3626;333
54;125;3624;333
55;125;3622;333
56;125;3624;333
57;125;3624;333
58;125;3624;333
59;125;682;333
60;125;683;333
61;125;690;333
61;125;691;333
62;125;690;333
62;125;691;333
62;125;1272;333
63;125;690;333
63;125;691;333
64;125;690;333
64;125;691;333
65;125;682;333
66;125;683;333
71;125;3620;333
72;125;3626;333
18;126;3622;333
19;126;3622;333
20;126;3622;333
53;126;232;333
54;126;3621;333
55;126;3624;333
60;126;3101;333
63;126;1273;333
65;126;3263;333
71;126;3626;333
72;126;3622;333
19;127;3622;333
20;127;3622;333
70;127;3620;333
71;127;3626;333
72;127;3622;333
19;128;3622;333
20;128;3622;333
30;128;3620;333
31;128;3623;333
32;128;3623;333
32;128;3623;333
32;128;3623;333
32;128;3623;333
33;128;3623;333
34;128;3623;333
35;128;3623;333
36;128;3623;333
37;128;3623;333
38;128;3623;333
39;128;3623;333
70;128;3626;333
71;128;3622;333
72;128;3622;333
19;129;3622;333
20;129;3622;333
30;129;3626;333
31;129;3622;333
32;129;3622;333
33;129;3622;333
34;129;3622;333
35;129;3622;333
36;129;3622;333
37;129;3622;333
38;129;3622;333
39;129;3622;333
40;129;3623;333
70;129;3626;333
71;129;3622;333
19;130;3622;333
20;130;3622;333
21;130;3622;333
22;130;3622;333
23;130;3622;333
24;130;3622;333
25;130;3622;333
26;130;3622;333
27;130;3622;333
28;130;3622;333
29;130;3622;333
30;130;3622;333
30;130;3622;333
39;130;3622;333
40;130;3622;333
41;130;3622;333
42;130;3622;333
43;130;3622;333
44;130;3622;333
45;130;3622;333
46;130;3622;333
47;130;3622;333
48;130;3622;333
60;130;3620;333
61;130;3623;333
62;130;3623;333
63;130;3623;333
64;130;3623;333
65;130;3623;333
66;130;3623;333
67;130;3623;333
68;130;3623;333
69;130;3623;333
70;130;3622;333
48;131;3622;333
49;131;3622;333
50;131;3622;333
51;131;3622;333
52;131;3622;333
53;131;3622;333
54;131;3622;333
55;131;3622;333
56;131;3622;333
57;131;3622;333
60;131;3626;333
61;131;3622;333
62;131;3622;333
63;131;3622;333
64;131;3622;333
65;131;3622;333
66;131;3622;333
67;131;3622;333
68;131;3622;333
69;131;3622;333
70;131;3622;333
57;132;3622;333
58;132;3622;333
59;132;3622;333
60;132;3622;333
61;132;3622;333
