# Illarion Server
# 
# This program is free software: you can redistribute it and/or modify it under
# the terms of the GNU Affero General Public License as published by the Free
# Software Foundation, either version 3 of the License, or (at your option) any
# later version.
# 
# This program is distributed in the hope that it will be useful, but WITHOUT
# ANY WARRANTY; without even the implied warranty of MERCHANTABILITY or FITNESS
# FOR A PARTICULAR PURPOSE.  See the GNU Affero General Public License for more
# details.
# 
# You should have received a copy of the GNU Affero General Public License along
# with this program.  If not, see <http://www.gnu.org/licenses/>.
V: 2
L: 2
X: 432
Y: 669
W: 79
H: 116
0;0;15;0
1;0;15;0
2;0;15;0
3;0;15;0
4;0;15;0
5;0;15;0
6;0;15;0
7;0;15;0
8;0;15;0
9;0;15;0
10;0;15;0
11;0;15;0
12;0;15;0
13;0;15;0
14;0;15;0
15;0;15;0
16;0;15;0
17;0;15;0
18;0;15;0
19;0;15;0
20;0;15;0
21;0;15;0
22;0;4578;0
23;0;2;0
24;0;2;0
25;0;2;0
26;0;2;0
27;0;2;0
28;0;2;0
29;0;2;0
30;0;2;0
31;0;2;0
32;0;2;0
33;0;2;0
34;0;2;0
35;0;2;0
36;0;15;0
37;0;15;0
38;0;15;0
39;0;15;0
40;0;15;0
41;0;15;0
42;0;15;0
43;0;15;0
44;0;15;0
45;0;15;0
46;0;15;0
47;0;15;0
48;0;15;0
49;0;15;0
50;0;15;0
51;0;15;0
52;0;15;0
53;0;15;0
54;0;15;0
55;0;15;0
56;0;15;0
57;0;15;0
58;0;15;0
59;0;15;0
60;0;15;0
61;0;15;0
62;0;15;0
63;0;15;0
64;0;15;0
65;0;15;0
66;0;15;0
67;0;15;0
68;0;15;0
69;0;15;0
70;0;15;0
71;0;15;0
72;0;0;0
73;0;0;0
74;0;0;0
75;0;0;0
76;0;0;0
77;0;0;0
78;0;0;0
0;1;0;0
1;1;15;0
2;1;15;0
3;1;15;0
4;1;0;0
5;1;0;0
6;1;15;0
7;1;15;0
8;1;15;0
9;1;15;0
10;1;15;0
11;1;15;0
12;1;15;0
13;1;15;0
14;1;15;0
15;1;15;0
16;1;15;0
17;1;15;0
18;1;15;0
19;1;15;0
20;1;15;0
21;1;15;0
22;1;10722;0
23;1;2;0
24;1;2;0
25;1;2;0
26;1;2;0
27;1;2;0
28;1;2;0
29;1;2;0
30;1;2;0
31;1;2;0
32;1;2;0
33;1;2;0
34;1;2;0
35;1;2;0
36;1;2530;0
37;1;18914;0
38;1;15;0
39;1;15;0
40;1;15;0
41;1;15;0
42;1;15;0
43;1;15;0
44;1;15;0
45;1;15;0
46;1;15;0
47;1;15;0
48;1;15;0
49;1;15;0
50;1;15;0
51;1;15;0
52;1;15;0
53;1;15;0
54;1;15;0
55;1;15;0
56;1;15;0
57;1;15;0
58;1;15;0
59;1;15;0
60;1;15;0
61;1;15;0
62;1;15;0
63;1;15;0
64;1;15;0
65;1;15;0
66;1;15;0
67;1;15;0
68;1;15;0
69;1;15;0
70;1;15;0
71;1;15;0
72;1;15;0
73;1;15;0
74;1;15;0
75;1;15;0
76;1;0;0
77;1;0;0
78;1;0;0
0;2;0;0
1;2;0;0
2;2;0;0
3;2;0;0
4;2;0;0
5;2;0;0
6;2;0;0
7;2;0;0
8;2;0;0
9;2;0;0
10;2;0;0
11;2;15;0
12;2;15;0
13;2;15;0
14;2;15;0
15;2;15;0
16;2;15;0
17;2;15;0
18;2;15;0
19;2;15;0
20;2;15;0
21;2;15;0
22;2;20962;0
23;2;2;0
24;2;2;0
25;2;2;0
26;2;2;0
27;2;2;0
28;2;2;0
29;2;2;0
30;2;2;0
31;2;2;0
32;2;2;0
33;2;2;0
34;2;2;0
35;2;2;0
36;2;2;0
37;2;2;0
38;2;2530;0
39;2;27106;0
40;2;15;0
41;2;15;0
42;2;15;0
43;2;15;0
44;2;15;0
45;2;15;0
46;2;15;0
47;2;15;0
48;2;15;0
49;2;15;0
50;2;15;0
51;2;15;0
52;2;15;0
53;2;15;0
54;2;15;0
55;2;15;0
56;2;15;0
57;2;15;0
58;2;15;0
59;2;15;0
60;2;15;0
61;2;15;0
62;2;15;0
63;2;15;0
64;2;15;0
65;2;15;0
66;2;15;0
67;2;15;0
68;2;15;0
69;2;15;0
70;2;15;0
71;2;15;0
72;2;15;0
73;2;15;0
74;2;15;0
75;2;15;0
76;2;0;0
77;2;0;0
78;2;0;0
0;3;0;0
1;3;0;0
2;3;0;0
3;3;0;0
4;3;0;0
5;3;0;0
6;3;0;0
7;3;0;0
8;3;0;0
9;3;0;0
10;3;0;0
11;3;15;0
12;3;15;0
13;3;15;0
14;3;15;0
15;3;15;0
16;3;15;0
17;3;15;0
18;3;15;0
19;3;15;0
20;3;15;0
21;3;15;0
22;3;15;0
23;3;15842;0
24;3;2;0
25;3;2;0
26;3;2;0
27;3;2;0
28;3;2;0
29;3;2;0
30;3;2;0
31;3;2;0
32;3;2;0
33;3;2;0
34;3;2;0
35;3;2;0
36;3;2;0
37;3;2;0
38;3;2;0
39;3;25058;0
40;3;15;0
41;3;15;0
42;3;15;0
43;3;15;0
44;3;15;0
45;3;15;0
46;3;15;0
47;3;15;0
48;3;15;0
49;3;15;0
50;3;15;0
51;3;15;0
52;3;15;0
53;3;15;0
54;3;15;0
55;3;15;0
56;3;15;0
57;3;15;0
58;3;15;0
59;3;15;0
60;3;15;0
61;3;15;0
62;3;15;0
63;3;15;0
64;3;15;0
65;3;15;0
66;3;15;0
67;3;15;0
68;3;15;0
69;3;15;0
70;3;15;0
71;3;15;0
72;3;15;0
73;3;15;0
74;3;15;0
75;3;15;0
76;3;0;0
77;3;0;0
78;3;0;0
0;4;0;0
1;4;0;0
2;4;0;0
3;4;0;0
4;4;0;0
5;4;0;0
6;4;0;0
7;4;0;0
8;4;0;0
9;4;0;0
10;4;0;0
11;4;15;0
12;4;15;0
13;4;15;0
14;4;15;0
15;4;15;0
16;4;15;0
17;4;15;0
18;4;15;0
19;4;15;0
20;4;15;0
21;4;15;0
22;4;15;0
23;4;15;0
24;4;4578;0
25;4;2;0
26;4;2;0
27;4;2;0
28;4;2;0
29;4;2;0
30;4;2;0
31;4;2;0
32;4;2;0
33;4;2;0
34;4;2;0
35;4;2;0
36;4;2;0
37;4;2;0
38;4;2;0
39;4;15;0
40;4;15;0
41;4;15;0
42;4;15;0
43;4;15;0
44;4;15;0
45;4;15;0
46;4;15;0
47;4;15;0
48;4;15;0
49;4;15;0
50;4;15;0
51;4;15;0
52;4;15;0
53;4;15;0
54;4;15;0
55;4;15;0
56;4;15;0
57;4;15;0
58;4;15;0
59;4;15;0
60;4;15;0
61;4;15;0
62;4;15;0
63;4;15;0
64;4;15;0
65;4;15;0
66;4;15;0
67;4;15;0
68;4;15;0
69;4;15;0
70;4;15;0
71;4;15;0
72;4;15;0
73;4;15;0
74;4;15;0
75;4;15;0
76;4;0;0
77;4;0;0
78;4;0;0
0;5;0;0
1;5;0;0
2;5;0;0
3;5;0;0
4;5;0;0
5;5;0;0
6;5;0;0
7;5;0;0
8;5;0;0
9;5;0;0
10;5;0;0
11;5;15;0
12;5;15;0
13;5;15;0
14;5;15;0
15;5;15;0
16;5;15;0
17;5;15;0
18;5;15;0
19;5;15;0
20;5;15;0
21;5;15;0
22;5;15;0
23;5;15;0
24;5;20962;0
25;5;2;0
26;5;2;0
27;5;2;0
28;5;2;0
29;5;2;0
30;5;2;0
31;5;2;0
32;5;2;0
33;5;2;0
34;5;2;0
35;5;2;0
36;5;2;0
37;5;2;0
38;5;2;0
39;5;2530;0
40;5;18914;0
41;5;15;0
42;5;15;0
43;5;15;0
44;5;15;0
45;5;15;0
46;5;15;0
47;5;15;0
48;5;15;0
49;5;15;0
50;5;15;0
51;5;15;0
52;5;15;0
53;5;15;0
54;5;15;0
55;5;15;0
56;5;15;0
57;5;15;0
58;5;15;0
59;5;15;0
60;5;15;0
61;5;15;0
62;5;15;0
63;5;15;0
64;5;15;0
65;5;15;0
66;5;15;0
67;5;15;0
68;5;15;0
69;5;15;0
70;5;15;0
71;5;15;0
72;5;15;0
73;5;15;0
74;5;15;0
75;5;15;0
76;5;0;0
77;5;0;0
78;5;0;0
0;6;0;0
1;6;0;0
2;6;0;0
3;6;0;0
4;6;0;0
5;6;0;0
6;6;0;0
7;6;0;0
8;6;0;0
9;6;0;0
10;6;0;0
11;6;0;0
12;6;0;0
13;6;0;0
14;6;0;0
15;6;15;0
16;6;15;0
17;6;15;0
18;6;15;0
19;6;15;0
20;6;15;0
21;6;15;0
22;6;15;0
23;6;15;0
24;6;15;0
25;6;23010;0
26;6;5602;0
27;6;2;0
28;6;2;0
29;6;2;0
30;6;2;0
31;6;2;0
32;6;2;0
33;6;2;0
34;6;2;0
35;6;2;0
36;6;2;0
37;6;2;0
38;6;2;0
39;6;2;0
40;6;2;0
41;6;2530;0
42;6;9698;0
43;6;9698;0
44;6;27106;0
45;6;15;0
46;6;15;0
47;6;15;0
48;6;15;0
49;6;15;0
50;6;15;0
51;6;15;0
52;6;15;0
53;6;15;0
54;6;15;0
55;6;15;0
56;6;15;0
57;6;15;0
58;6;15;0
59;6;15;0
60;6;15;0
61;6;15;0
62;6;15;0
63;6;15;0
64;6;15;0
65;6;15;0
66;6;15;0
67;6;15;0
68;6;15;0
69;6;15;0
70;6;15;0
71;6;15;0
72;6;15;0
73;6;15;0
74;6;15;0
75;6;15;0
76;6;0;0
77;6;0;0
78;6;0;0
0;7;0;0
1;7;0;0
2;7;0;0
3;7;0;0
4;7;0;0
5;7;0;0
6;7;0;0
7;7;0;0
8;7;0;0
9;7;0;0
10;7;0;0
11;7;0;0
12;7;0;0
13;7;0;0
14;7;0;0
15;7;15;0
16;7;15;0
17;7;15;0
18;7;15;0
19;7;15;0
20;7;15;0
21;7;15;0
22;7;15;0
23;7;15;0
24;7;15;0
25;7;15;0
26;7;15;0
27;7;15842;0
28;7;2;0
29;7;2;0
30;7;2;0
31;7;2;0
32;7;2;0
33;7;2;0
34;7;2;0
35;7;2;0
36;7;2;0
37;7;2;0
38;7;2;0
39;7;2;0
40;7;2;0
41;7;2;0
42;7;2;0
43;7;2;0
44;7;12770;0
45;7;15;0
46;7;15;0
47;7;15;0
48;7;15;0
49;7;15;0
50;7;15;0
51;7;15;0
52;7;15;0
53;7;15;0
54;7;15;0
55;7;15;0
56;7;15;0
57;7;15;0
58;7;15;0
59;7;15;0
60;7;15;0
61;7;15;0
62;7;15;0
63;7;15;0
64;7;15;0
65;7;15;0
66;7;15;0
67;7;15;0
68;7;15;0
69;7;15;0
70;7;15;0
71;7;15;0
72;7;15;0
73;7;15;0
74;7;15;0
75;7;15;0
76;7;0;0
77;7;0;0
78;7;0;0
0;8;0;0
1;8;0;0
2;8;0;0
3;8;0;0
4;8;0;0
5;8;0;0
6;8;0;0
7;8;0;0
8;8;0;0
9;8;0;0
10;8;0;0
11;8;0;0
12;8;0;0
13;8;0;0
14;8;0;0
15;8;15;0
16;8;15;0
17;8;15;0
18;8;15;0
19;8;15;0
20;8;15;0
21;8;15;0
22;8;15;0
23;8;15;0
24;8;15;0
25;8;15;0
26;8;15;0
27;8;15;0
28;8;15842;0
29;8;2;0
30;8;2;0
31;8;2;0
32;8;2;0
33;8;2;0
34;8;2;0
35;8;2;0
36;8;2;0
37;8;2;0
38;8;2;0
39;8;2;0
40;8;2;0
41;8;2;0
42;8;2;0
43;8;2;0
44;8;7650;0
45;8;15;0
46;8;15;0
47;8;15;0
48;8;15;0
49;8;15;0
50;8;15;0
51;8;15;0
52;8;15;0
53;8;15;0
54;8;15;0
55;8;15;0
56;8;15;0
57;8;15;0
58;8;15;0
59;8;15;0
60;8;15;0
61;8;15;0
62;8;15;0
63;8;15;0
64;8;15;0
65;8;15;0
66;8;15;0
67;8;15;0
68;8;15;0
69;8;15;0
70;8;15;0
71;8;15;0
72;8;15;0
73;8;15;0
74;8;15;0
75;8;15;0
76;8;0;0
77;8;0;0
78;8;0;0
0;9;0;0
1;9;0;0
2;9;0;0
3;9;0;0
4;9;0;0
5;9;0;0
6;9;0;0
7;9;0;0
8;9;0;0
9;9;0;0
10;9;0;0
11;9;0;0
12;9;0;0
13;9;0;0
14;9;0;0
15;9;15;0
16;9;15;0
17;9;15;0
18;9;15;0
19;9;15;0
20;9;15;0
21;9;15;0
22;9;15;0
23;9;15;0
24;9;15;0
25;9;15;0
26;9;15;0
27;9;15;0
28;9;15;0
29;9;15842;0
30;9;2;0
31;9;2;0
32;9;2;0
33;9;2;0
34;9;2;0
35;9;2;0
36;9;2;0
37;9;2;0
38;9;2;0
39;9;2;0
40;9;2;0
41;9;2;0
42;9;2;0
43;9;2;0
44;9;2;0
45;9;14818;0
46;9;15;0
47;9;15;0
48;9;15;0
49;9;15;0
50;9;15;0
51;9;15;0
52;9;15;0
53;9;15;0
54;9;15;0
55;9;15;0
56;9;15;0
57;9;15;0
58;9;15;0
59;9;15;0
60;9;15;0
61;9;15;0
62;9;15;0
63;9;15;0
64;9;15;0
65;9;15;0
66;9;15;0
67;9;15;0
68;9;15;0
69;9;15;0
70;9;15;0
71;9;15;0
72;9;15;0
73;9;15;0
74;9;15;0
75;9;15;0
76;9;0;0
77;9;0;0
78;9;0;0
0;10;0;0
1;10;0;0
2;10;0;0
3;10;0;0
4;10;0;0
5;10;0;0
6;10;0;0
7;10;0;0
8;10;0;0
9;10;0;0
10;10;0;0
11;10;0;0
12;10;0;0
13;10;0;0
14;10;0;0
15;10;15;0
16;10;15;0
17;10;15;0
18;10;15;0
19;10;15;0
20;10;15;0
21;10;15;0
22;10;15;0
23;10;15;0
24;10;15;0
25;10;15;0
26;10;15;0
27;10;15;0
28;10;15;0
29;10;15;0
30;10;4578;0
31;10;2;0
32;10;2;0
33;10;2;0
34;10;2;0
35;10;2;0
36;10;2;0
37;10;2;0
38;10;2;0
39;10;2;0
40;10;2;0
41;10;2;0
42;10;2;0
43;10;2;0
44;10;2;0
45;10;2;0
46;10;14818;0
47;10;15;0
48;10;15;0
49;10;15;0
50;10;15;0
51;10;15;0
52;10;15;0
53;10;15;0
54;10;15;0
55;10;15;0
56;10;15;0
57;10;15;0
58;10;15;0
59;10;15;0
60;10;15;0
61;10;15;0
62;10;15;0
63;10;15;0
64;10;15;0
65;10;15;0
66;10;15;0
67;10;15;0
68;10;15;0
69;10;15;0
70;10;15;0
71;10;15;0
72;10;15;0
73;10;15;0
74;10;15;0
75;10;15;0
76;10;0;0
77;10;0;0
78;10;0;0
0;11;0;0
1;11;0;0
2;11;0;0
3;11;0;0
4;11;0;0
5;11;0;0
6;11;0;0
7;11;0;0
8;11;0;0
9;11;0;0
10;11;0;0
11;11;0;0
12;11;0;0
13;11;0;0
14;11;0;0
15;11;15;0
16;11;15;0
17;11;15;0
18;11;15;0
19;11;15;0
20;11;15;0
21;11;15;0
22;11;15;0
23;11;15;0
24;11;15;0
25;11;15;0
26;11;15;0
27;11;15;0
28;11;15;0
29;11;15;0
30;11;10722;0
31;11;2;0
32;11;2;0
33;11;2;0
34;11;2;0
35;11;2;0
36;11;2;0
37;11;2;0
38;11;2;0
39;11;2;0
40;11;2;0
41;11;2;0
42;11;2;0
43;11;2;0
44;11;2;0
45;11;2;0
46;11;2;0
47;11;14818;0
48;11;15;0
49;11;15;0
50;11;15;0
51;11;15;0
52;11;15;0
53;11;15;0
54;11;15;0
55;11;15;0
56;11;15;0
57;11;15;0
58;11;15;0
59;11;15;0
60;11;15;0
61;11;15;0
62;11;15;0
63;11;15;0
64;11;15;0
65;11;15;0
66;11;15;0
67;11;15;0
68;11;15;0
69;11;15;0
70;11;15;0
71;11;15;0
72;11;15;0
73;11;15;0
74;11;15;0
75;11;15;0
76;11;0;0
77;11;0;0
78;11;0;0
0;12;0;0
1;12;0;0
2;12;0;0
3;12;0;0
4;12;0;0
5;12;0;0
6;12;0;0
7;12;0;0
8;12;0;0
9;12;0;0
10;12;0;0
11;12;0;0
12;12;0;0
13;12;0;0
14;12;0;0
15;12;15;0
16;12;15;0
17;12;15;0
18;12;15;0
19;12;15;0
20;12;15;0
21;12;15;0
22;12;15;0
23;12;15;0
24;12;15;0
25;12;15;0
26;12;15;0
27;12;15;0
28;12;15;0
29;12;15;0
30;12;20962;0
31;12;2;0
32;12;2;0
33;12;2;0
34;12;2;0
35;12;2;0
36;12;2;0
37;12;2;0
38;12;2;0
39;12;2;0
40;12;2;0
41;12;2;0
42;12;2;0
43;12;2;0
44;12;2;0
45;12;2;0
46;12;2;0
47;12;2;0
48;12;14818;0
49;12;15;0
50;12;15;0
51;12;15;0
52;12;15;0
53;12;15;0
54;12;15;0
55;12;15;0
56;12;15;0
57;12;15;0
58;12;15;0
59;12;15;0
60;12;15;0
61;12;15;0
62;12;15;0
63;12;15;0
64;12;15;0
65;12;15;0
66;12;15;0
67;12;15;0
68;12;15;0
69;12;15;0
70;12;15;0
71;12;15;0
72;12;15;0
73;12;15;0
74;12;15;0
75;12;15;0
76;12;0;0
77;12;0;0
78;12;0;0
0;13;0;0
1;13;0;0
2;13;0;0
3;13;0;0
4;13;0;0
5;13;0;0
6;13;0;0
7;13;0;0
8;13;0;0
9;13;0;0
10;13;0;0
11;13;0;0
12;13;0;0
13;13;0;0
14;13;0;0
15;13;15;0
16;13;15;0
17;13;15;0
18;13;15;0
19;13;15;0
20;13;15;0
21;13;15;0
22;13;15;0
23;13;15;0
24;13;15;0
25;13;15;0
26;13;15;0
27;13;15;0
28;13;15;0
29;13;15;0
30;13;15;0
31;13;4578;0
32;13;2;0
33;13;2;0
34;13;2;0
35;13;2;0
36;13;2;0
37;13;2;0
38;13;2;0
39;13;2;0
40;13;2;0
41;13;2;0
42;13;2;0
43;13;2;0
44;13;2;0
45;13;2;0
46;13;2;0
47;13;2;0
48;13;2;0
49;13;24034;0
50;13;15;0
51;13;15;0
52;13;15;0
53;13;15;0
54;13;15;0
55;13;15;0
56;13;15;0
57;13;15;0
58;13;15;0
59;13;15;0
60;13;15;0
61;13;15;0
62;13;15;0
63;13;15;0
64;13;15;0
65;13;15;0
66;13;15;0
67;13;15;0
68;13;15;0
69;13;15;0
70;13;15;0
71;13;15;0
72;13;15;0
73;13;15;0
74;13;15;0
75;13;0;0
76;13;0;0
77;13;0;0
78;13;0;0
0;14;0;0
1;14;0;0
2;14;0;0
3;14;0;0
4;14;0;0
5;14;0;0
6;14;0;0
7;14;0;0
8;14;0;0
9;14;0;0
10;14;0;0
11;14;0;0
12;14;0;0
13;14;0;0
14;14;0;0
15;14;0;0
16;14;15;0
17;14;15;0
18;14;15;0
19;14;15;0
20;14;15;0
21;14;15;0
22;14;15;0
23;14;15;0
24;14;15;0
25;14;15;0
26;14;15;0
27;14;15;0
28;14;15;0
29;14;15;0
30;14;15;0
31;14;20962;0
32;14;2;0
33;14;2;0
34;14;2;0
35;14;2;0
36;14;2;0
37;14;2;0
38;14;2;0
39;14;2;0
40;14;2;0
41;14;2;0
42;14;2;0
43;14;2;0
44;14;2;0
45;14;2;0
46;14;2;0
47;14;2;0
48;14;2;0
49;14;25058;0
50;14;15;0
51;14;15;0
52;14;15;0
53;14;15;0
54;14;15;0
55;14;15;0
56;14;15;0
57;14;15;0
58;14;15;0
59;14;15;0
60;14;15;0
61;14;15;0
62;14;15;0
63;14;15;0
64;14;15;0
65;14;15;0
66;14;15;0
67;14;15;0
68;14;15;0
69;14;15;0
70;14;15;0
71;14;15;0
72;14;15;0
73;14;15;0
74;14;0;0
75;14;0;0
76;14;0;0
77;14;0;0
78;14;0;0
0;15;0;0
1;15;0;0
2;15;0;0
3;15;0;0
4;15;0;0
5;15;0;0
6;15;0;0
7;15;0;0
8;15;0;0
9;15;0;0
10;15;0;0
11;15;0;0
12;15;0;0
13;15;0;0
14;15;0;0
15;15;0;0
16;15;0;0
17;15;0;0
18;15;15;0
19;15;15;0
20;15;15;0
21;15;15;0
22;15;15;0
23;15;15;0
24;15;15;0
25;15;15;0
26;15;15;0
27;15;15;0
28;15;15;0
29;15;15;0
30;15;15;0
31;15;15;0
32;15;23010;0
33;15;11746;0
34;15;11746;0
35;15;5602;0
36;15;2;0
37;15;2;0
38;15;2;0
39;15;2;0
40;15;2;0
41;15;2;0
42;15;2;0
43;15;2;0
44;15;2;0
45;15;2;0
46;15;2;0
47;15;2;0
48;15;2;0
49;15;15;0
50;15;15;0
51;15;15;0
52;15;15;0
53;15;15;0
54;15;15;0
55;15;15;0
56;15;15;0
57;15;15;0
58;15;15;0
59;15;15;0
60;15;15;0
61;15;15;0
62;15;15;0
63;15;15;0
64;15;15;0
65;15;15;0
66;15;15;0
67;15;15;0
68;15;15;0
69;15;15;0
70;15;15;0
71;15;15;0
72;15;15;0
73;15;0;0
74;15;0;0
75;15;0;0
76;15;0;0
77;15;0;0
78;15;0;0
0;16;0;0
1;16;0;0
2;16;0;0
3;16;0;0
4;16;0;0
5;16;0;0
6;16;0;0
7;16;0;0
8;16;0;0
9;16;0;0
10;16;0;0
11;16;0;0
12;16;0;0
13;16;0;0
14;16;0;0
15;16;0;0
16;16;0;0
17;16;0;0
18;16;15;0
19;16;15;0
20;16;15;0
21;16;15;0
22;16;15;0
23;16;15;0
24;16;15;0
25;16;15;0
26;16;15;0
27;16;15;0
28;16;15;0
29;16;15;0
30;16;15;0
31;16;15;0
32;16;15;0
33;16;15;0
34;16;15;0
35;16;15;0
36;16;4578;0
37;16;2;0
38;16;2;0
39;16;2;0
40;16;2;0
41;16;2;0
42;16;2;0
43;16;2;0
44;16;2;0
45;16;2;0
46;16;2;0
47;16;2;0
48;16;2;0
49;16;2530;0
50;16;18914;0
51;16;15;0
52;16;15;0
53;16;15;0
54;16;15;0
55;16;15;0
56;16;15;0
57;16;15;0
58;16;15;0
59;16;15;0
60;16;15;0
61;16;15;0
62;16;15;0
63;16;15;0
64;16;15;0
65;16;15;0
66;16;15;0
67;16;15;0
68;16;15;0
69;16;15;0
70;16;15;0
71;16;15;0
72;16;15;0
73;16;0;0
74;16;0;0
75;16;0;0
76;16;0;0
77;16;0;0
78;16;0;0
0;17;0;0
1;17;0;0
2;17;0;0
3;17;0;0
4;17;0;0
5;17;0;0
6;17;0;0
7;17;0;0
8;17;0;0
9;17;0;0
10;17;0;0
11;17;0;0
12;17;0;0
13;17;0;0
14;17;0;0
15;17;0;0
16;17;0;0
17;17;0;0
18;17;15;0
19;17;15;0
20;17;15;0
21;17;15;0
22;17;15;0
23;17;15;0
24;17;15;0
25;17;15;0
26;17;15;0
27;17;15;0
28;17;15;0
29;17;15;0
30;17;15;0
31;17;15;0
32;17;15;0
33;17;15;0
34;17;15;0
35;17;15;0
36;17;10722;0
37;17;2;0
38;17;2;0
39;17;2;0
40;17;2;0
41;17;2;0
42;17;2;0
43;17;2;0
44;17;2;0
45;17;2;0
46;17;2;0
47;17;2;0
48;17;2;0
49;17;2;0
50;17;2;0
51;17;24034;0
52;17;15;0
53;17;15;0
54;17;15;0
55;17;15;0
56;17;15;0
57;17;15;0
58;17;15;0
59;17;15;0
60;17;15;0
61;17;15;0
62;17;15;0
63;17;15;0
64;17;15;0
65;17;15;0
66;17;15;0
67;17;15;0
68;17;15;0
69;17;15;0
70;17;15;0
71;17;15;0
72;17;0;0
73;17;0;0
74;17;0;0
75;17;0;0
76;17;0;0
77;17;0;0
78;17;0;0
0;18;0;0
1;18;0;0
2;18;0;0
3;18;0;0
4;18;0;0
5;18;0;0
6;18;0;0
7;18;0;0
8;18;0;0
9;18;0;0
10;18;0;0
11;18;0;0
12;18;0;0
13;18;0;0
14;18;0;0
15;18;0;0
16;18;0;0
17;18;0;0
18;18;15;0
19;18;15;0
20;18;15;0
21;18;15;0
22;18;15;0
23;18;15;0
24;18;15;0
25;18;15;0
26;18;15;0
27;18;15;0
28;18;15;0
29;18;15;0
30;18;15;0
31;18;15;0
32;18;15;0
33;18;15;0
34;18;15;0
35;18;15;0
36;18;20962;0
37;18;2;0
38;18;2;0
39;18;2;0
40;18;2;0
41;18;2;0
42;18;2;0
43;18;2;0
44;18;2;0
45;18;2;0
46;18;2;0
47;18;2;0
48;18;2;0
49;18;2;0
50;18;2;0
51;18;7650;0
52;18;15;0
53;18;15;0
54;18;15;0
55;18;15;0
56;18;15;0
57;18;15;0
58;18;15;0
59;18;15;0
60;18;15;0
61;18;15;0
62;18;15;0
63;18;15;0
64;18;15;0
65;18;15;0
66;18;15;0
67;18;15;0
68;18;15;0
69;18;15;0
70;18;15;0
71;18;15;0
72;18;0;0
73;18;0;0
74;18;0;0
75;18;0;0
76;18;0;0
77;18;0;0
78;18;0;0
0;19;0;0
1;19;0;0
2;19;0;0
3;19;0;0
4;19;0;0
5;19;0;0
6;19;0;0
7;19;0;0
8;19;0;0
9;19;0;0
10;19;0;0
11;19;0;0
12;19;0;0
13;19;0;0
14;19;0;0
15;19;0;0
16;19;0;0
17;19;0;0
18;19;0;0
19;19;15;0
20;19;15;0
21;19;15;0
22;19;15;0
23;19;15;0
24;19;15;0
25;19;15;0
26;19;15;0
27;19;15;0
28;19;15;0
29;19;15;0
30;19;15;0
31;19;15;0
32;19;15;0
33;19;15;0
34;19;15;0
35;19;15;0
36;19;15;0
37;19;15842;0
38;19;2;0
39;19;2;0
40;19;2;0
41;19;2;0
42;19;2;0
43;19;2;0
44;19;2;0
45;19;2;0
46;19;2;0
47;19;2;0
48;19;2;0
49;19;2;0
50;19;2;0
51;19;2;0
52;19;24034;0
53;19;15;0
54;19;15;0
55;19;15;0
56;19;15;0
57;19;15;0
58;19;15;0
59;19;15;0
60;19;15;0
61;19;15;0
62;19;15;0
63;19;15;0
64;19;15;0
65;19;15;0
66;19;15;0
67;19;15;0
68;19;15;0
69;19;15;0
70;19;15;0
71;19;15;0
72;19;15;0
73;19;0;0
74;19;0;0
75;19;0;0
76;19;0;0
77;19;0;0
78;19;0;0
0;20;0;0
1;20;0;0
2;20;0;0
3;20;0;0
4;20;0;0
5;20;0;0
6;20;0;0
7;20;0;0
8;20;0;0
9;20;0;0
10;20;0;0
11;20;0;0
12;20;0;0
13;20;0;0
14;20;0;0
15;20;0;0
16;20;0;0
17;20;0;0
18;20;0;0
19;20;0;0
20;20;15;0
21;20;15;0
22;20;15;0
23;20;15;0
24;20;15;0
25;20;15;0
26;20;15;0
27;20;15;0
28;20;15;0
29;20;15;0
30;20;15;0
31;20;15;0
32;20;15;0
33;20;15;0
34;20;15;0
35;20;15;0
36;20;15;0
37;20;15;0
38;20;4578;0
39;20;2;0
40;20;2;0
41;20;2;0
42;20;2;0
43;20;2;0
44;20;2;0
45;20;2;0
46;20;2;0
47;20;2;0
48;20;2;0
49;20;2;0
50;20;2;0
51;20;2;0
52;20;25058;0
53;20;15;0
54;20;15;0
55;20;15;0
56;20;15;0
57;20;15;0
58;20;15;0
59;20;15;0
60;20;15;0
61;20;15;0
62;20;15;0
63;20;15;0
64;20;15;0
65;20;15;0
66;20;15;0
67;20;15;0
68;20;15;0
69;20;15;0
70;20;15;0
71;20;15;0
72;20;15;0
73;20;15;0
74;20;15;0
75;20;15;0
76;20;0;0
77;20;0;0
78;20;0;0
0;21;0;0
1;21;0;0
2;21;0;0
3;21;0;0
4;21;0;0
5;21;0;0
6;21;0;0
7;21;0;0
8;21;0;0
9;21;0;0
10;21;0;0
11;21;0;0
12;21;0;0
13;21;0;0
14;21;0;0
15;21;0;0
16;21;0;0
17;21;0;0
18;21;0;0
19;21;0;0
20;21;15;0
21;21;15;0
22;21;15;0
23;21;15;0
24;21;15;0
25;21;15;0
26;21;15;0
27;21;15;0
28;21;15;0
29;21;15;0
30;21;15;0
31;21;15;0
32;21;15;0
33;21;15;0
34;21;15;0
35;21;15;0
36;21;15;0
37;21;15;0
38;21;10722;0
39;21;2;0
40;21;2;0
41;21;2;0
42;21;2;0
43;21;2;0
44;21;2;0
45;21;2;0
46;21;2;0
47;21;2;0
48;21;2;0
49;21;6626;0
50;21;11746;0
51;21;21986;0
52;21;15;0
53;21;15;0
54;21;15;0
55;21;15;0
56;21;15;0
57;21;15;0
58;21;15;0
59;21;15;0
60;21;15;0
61;21;15;0
62;21;15;0
63;21;15;0
64;21;15;0
65;21;15;0
66;21;15;0
67;21;15;0
68;21;15;0
69;21;15;0
70;21;15;0
71;21;15;0
72;21;15;0
73;21;15;0
74;21;15;0
75;21;15;0
76;21;0;0
77;21;0;0
78;21;0;0
0;22;0;0
1;22;0;0
2;22;0;0
3;22;0;0
4;22;0;0
5;22;0;0
6;22;0;0
7;22;0;0
8;22;0;0
9;22;0;0
10;22;0;0
11;22;0;0
12;22;0;0
13;22;0;0
14;22;0;0
15;22;0;0
16;22;0;0
17;22;0;0
18;22;0;0
19;22;0;0
20;22;15;0
21;22;15;0
22;22;15;0
23;22;15;0
24;22;15;0
25;22;15;0
26;22;15;0
27;22;15;0
28;22;15;0
29;22;15;0
30;22;15;0
31;22;15;0
32;22;15;0
33;22;15;0
34;22;15;0
35;22;15;0
36;22;15;0
37;22;15;0
38;22;10722;0
39;22;2;0
40;22;2;0
41;22;2;0
42;22;2;0
43;22;2;0
44;22;2;0
45;22;2;0
46;22;2;0
47;22;2;0
48;22;8674;0
49;22;15;0
50;22;15;0
51;22;15;0
52;22;15;0
53;22;15;0
54;22;15;0
55;22;15;0
56;22;15;0
57;22;15;0
58;22;15;0
59;22;15;0
60;22;15;0
61;22;15;0
62;22;15;0
63;22;15;0
64;22;15;0
65;22;15;0
66;22;15;0
67;22;15;0
68;22;15;0
69;22;15;0
70;22;15;0
71;22;15;0
72;22;15;0
73;22;15;0
74;22;15;0
75;22;15;0
76;22;0;0
77;22;0;0
78;22;0;0
0;23;0;0
1;23;0;0
2;23;0;0
3;23;0;0
4;23;0;0
5;23;0;0
6;23;0;0
7;23;0;0
8;23;0;0
9;23;0;0
10;23;0;0
11;23;0;0
12;23;0;0
13;23;0;0
14;23;0;0
15;23;0;0
16;23;0;0
17;23;0;0
18;23;0;0
19;23;0;0
20;23;15;0
21;23;15;0
22;23;15;0
23;23;15;0
24;23;15;0
25;23;15;0
26;23;15;0
27;23;15;0
28;23;15;0
29;23;15;0
30;23;15;0
31;23;15;0
32;23;15;0
33;23;15;0
34;23;15;0
35;23;15;0
36;23;15;0
37;23;15;0
38;23;10722;0
39;23;2;0
40;23;2;0
41;23;2;0
42;23;2;0
43;23;2;0
44;23;2;0
45;23;2;0
46;23;2;0
47;23;2;0
48;23;25058;0
49;23;15;0
50;23;15;0
51;23;15;0
52;23;15;0
53;23;15;0
54;23;15;0
55;23;15;0
56;23;15;0
57;23;15;0
58;23;15;0
59;23;15;0
60;23;15;0
61;23;15;0
62;23;15;0
63;23;15;0
64;23;15;0
65;23;15;0
66;23;15;0
67;23;15;0
68;23;15;0
69;23;15;0
70;23;15;0
71;23;15;0
72;23;15;0
73;23;15;0
74;23;15;0
75;23;15;0
76;23;0;0
77;23;0;0
78;23;0;0
0;24;0;0
1;24;0;0
2;24;0;0
3;24;0;0
4;24;0;0
5;24;0;0
6;24;0;0
7;24;0;0
8;24;0;0
9;24;0;0
10;24;0;0
11;24;0;0
12;24;0;0
13;24;0;0
14;24;0;0
15;24;0;0
16;24;0;0
17;24;0;0
18;24;0;0
19;24;0;0
20;24;15;0
21;24;15;0
22;24;15;0
23;24;15;0
24;24;15;0
25;24;15;0
26;24;15;0
27;24;15;0
28;24;15;0
29;24;15;0
30;24;15;0
31;24;15;0
32;24;15;0
33;24;15;0
34;24;15;0
35;24;15;0
36;24;15;0
37;24;15;0
38;24;3554;0
39;24;2;0
40;24;2;0
41;24;2;0
42;24;2;0
43;24;2;0
44;24;2;0
45;24;2;0
46;24;2;0
47;24;2;0
48;24;15;0
49;24;15;0
50;24;15;0
51;24;15;0
52;24;15;0
53;24;15;0
54;24;15;0
55;24;15;0
56;24;15;0
57;24;15;0
58;24;15;0
59;24;15;0
60;24;15;0
61;24;15;0
62;24;15;0
63;24;15;0
64;24;15;0
65;24;15;0
66;24;15;0
67;24;15;0
68;24;15;0
69;24;15;0
70;24;15;0
71;24;15;0
72;24;15;0
73;24;15;0
74;24;15;0
75;24;15;0
76;24;0;0
77;24;0;0
78;24;0;0
0;25;0;0
1;25;0;0
2;25;0;0
3;25;0;0
4;25;0;0
5;25;0;0
6;25;0;0
7;25;0;0
8;25;0;0
9;25;0;0
10;25;0;0
11;25;0;0
12;25;0;0
13;25;0;0
14;25;0;0
15;25;0;0
16;25;0;0
17;25;0;0
18;25;0;0
19;25;0;0
20;25;15;0
21;25;15;0
22;25;15;0
23;25;15;0
24;25;15;0
25;25;15;0
26;25;15;0
27;25;15;0
28;25;15;0
29;25;15;0
30;25;15;0
31;25;15;0
32;25;15;0
33;25;15;0
34;25;15;0
35;25;15;0
36;25;15;0
37;25;13794;0
38;25;2;0
39;25;2;0
40;25;2;0
41;25;2;0
42;25;2;0
43;25;2;0
44;25;2;0
45;25;2;0
46;25;2;0
47;25;2;0
48;25;14818;0
49;25;15;0
50;25;15;0
51;25;15;0
52;25;15;0
53;25;15;0
54;25;15;0
55;25;15;0
56;25;15;0
57;25;15;0
58;25;15;0
59;25;15;0
60;25;15;0
61;25;15;0
62;25;15;0
63;25;15;0
64;25;15;0
65;25;15;0
66;25;15;0
67;25;15;0
68;25;15;0
69;25;15;0
70;25;15;0
71;25;15;0
72;25;15;0
73;25;15;0
74;25;15;0
75;25;15;0
76;25;0;0
77;25;0;0
78;25;0;0
0;26;0;0
1;26;0;0
2;26;0;0
3;26;0;0
4;26;0;0
5;26;0;0
6;26;0;0
7;26;0;0
8;26;0;0
9;26;0;0
10;26;0;0
11;26;0;0
12;26;0;0
13;26;0;0
14;26;0;0
15;26;0;0
16;26;0;0
17;26;0;0
18;26;0;0
19;26;0;0
20;26;15;0
21;26;15;0
22;26;15;0
23;26;15;0
24;26;15;0
25;26;15;0
26;26;15;0
27;26;15;0
28;26;15;0
29;26;15;0
30;26;15;0
31;26;15;0
32;26;15;0
33;26;15;0
34;26;15;0
35;26;17890;0
36;26;1506;0
37;26;2;0
38;26;2;0
39;26;2;0
40;26;2;0
41;26;2;0
42;26;2;0
43;26;2;0
44;26;2;0
45;26;2;0
46;26;2;0
47;26;2;0
48;26;2;0
49;26;24034;0
50;26;15;0
51;26;15;0
52;26;15;0
53;26;15;0
54;26;15;0
55;26;15;0
56;26;15;0
57;26;15;0
58;26;15;0
59;26;15;0
60;26;15;0
61;26;15;0
62;26;15;0
63;26;15;0
64;26;15;0
65;26;15;0
66;26;15;0
67;26;15;0
68;26;15;0
69;26;15;0
70;26;15;0
71;26;15;0
72;26;15;0
73;26;15;0
74;26;15;0
75;26;15;0
76;26;0;0
77;26;0;0
78;26;0;0
0;27;0;0
1;27;0;0
2;27;0;0
3;27;0;0
4;27;0;0
5;27;0;0
6;27;0;0
7;27;0;0
8;27;0;0
9;27;0;0
10;27;0;0
11;27;0;0
12;27;0;0
13;27;0;0
14;27;0;0
15;27;0;0
16;27;0;0
17;27;0;0
18;27;0;0
19;27;0;0
20;27;15;0
21;27;15;0
22;27;15;0
23;27;15;0
24;27;15;0
25;27;15;0
26;27;15;0
27;27;15;0
28;27;15;0
29;27;15;0
30;27;15;0
31;27;15;0
32;27;15;0
33;27;17890;0
34;27;1506;0
35;27;2;0
36;27;2;0
37;27;2;0
38;27;2;0
39;27;2;0
40;27;2;0
41;27;2;0
42;27;2;0
43;27;2;0
44;27;2;0
45;27;2;0
46;27;2;0
47;27;2;0
48;27;2;0
49;27;12770;0
50;27;15;0
51;27;15;0
52;27;15;0
53;27;15;0
54;27;15;0
55;27;15;0
56;27;15;0
57;27;15;0
58;27;15;0
59;27;15;0
60;27;15;0
61;27;15;0
62;27;15;0
63;27;15;0
64;27;15;0
65;27;15;0
66;27;15;0
67;27;15;0
68;27;15;0
69;27;15;0
70;27;15;0
71;27;15;0
72;27;15;0
73;27;15;0
74;27;15;0
75;27;15;0
76;27;0;0
77;27;0;0
78;27;0;0
0;28;0;0
1;28;0;0
2;28;0;0
3;28;0;0
4;28;0;0
5;28;0;0
6;28;0;0
7;28;0;0
8;28;0;0
9;28;0;0
10;28;0;0
11;28;0;0
12;28;0;0
13;28;0;0
14;28;0;0
15;28;0;0
16;28;0;0
17;28;0;0
18;28;0;0
19;28;0;0
20;28;15;0
21;28;15;0
22;28;15;0
23;28;15;0
24;28;15;0
25;28;15;0
26;28;15;0
27;28;15;0
28;28;15;0
29;28;15;0
30;28;15;0
31;28;15;0
32;28;19938;0
33;28;2;0
34;28;2;0
35;28;2;0
36;28;2;0
37;28;2;0
38;28;2;0
39;28;2;0
40;28;2;0
41;28;2;0
42;28;2;0
43;28;2;0
44;28;2;0
45;28;2;0
46;28;2;0
47;28;2;0
48;28;2;0
49;28;12770;0
50;28;15;0
51;28;15;0
52;28;15;0
53;28;15;0
54;28;15;0
55;28;15;0
56;28;15;0
57;28;15;0
58;28;15;0
59;28;15;0
60;28;15;0
61;28;15;0
62;28;15;0
63;28;15;0
64;28;15;0
65;28;15;0
66;28;15;0
67;28;15;0
68;28;15;0
69;28;15;0
70;28;15;0
71;28;15;0
72;28;15;0
73;28;15;0
74;28;15;0
75;28;15;0
76;28;0;0
77;28;0;0
78;28;0;0
0;29;0;0
1;29;0;0
2;29;0;0
3;29;0;0
4;29;0;0
5;29;0;0
6;29;0;0
7;29;0;0
8;29;0;0
9;29;0;0
10;29;0;0
11;29;0;0
12;29;0;0
13;29;0;0
14;29;0;0
15;29;15;0
16;29;15;0
17;29;15;0
18;29;15;0
19;29;15;0
20;29;15;0
21;29;15;0
22;29;15;0
23;29;15;0
24;29;15;0
25;29;15;0
26;29;15;0
27;29;15;0
28;29;15;0
29;29;15;0
30;29;15;0
31;29;15;0
32;29;10722;0
33;29;2;0
34;29;2;0
35;29;2;0
36;29;2;0
37;29;2;0
38;29;2;0
39;29;2;0
40;29;2;0
41;29;2;0
42;29;2;0
43;29;2;0
44;29;2;0
45;29;2;0
46;29;2;0
47;29;2;0
48;29;2;0
49;29;25058;0
50;29;15;0
51;29;15;0
52;29;15;0
53;29;15;0
54;29;15;0
55;29;15;0
56;29;15;0
57;29;15;0
58;29;15;0
59;29;15;0
60;29;15;0
61;29;15;0
62;29;15;0
63;29;15;0
64;29;15;0
65;29;15;0
66;29;15;0
67;29;15;0
68;29;15;0
69;29;15;0
70;29;15;0
71;29;15;0
72;29;15;0
73;29;15;0
74;29;15;0
75;29;15;0
76;29;0;0
77;29;0;0
78;29;0;0
0;30;0;0
1;30;0;0
2;30;0;0
3;30;0;0
4;30;0;0
5;30;0;0
6;30;0;0
7;30;0;0
8;30;0;0
9;30;0;0
10;30;0;0
11;30;0;0
12;30;0;0
13;30;0;0
14;30;0;0
15;30;15;0
16;30;15;0
17;30;15;0
18;30;15;0
19;30;15;0
20;30;15;0
21;30;15;0
22;30;15;0
23;30;15;0
24;30;15;0
25;30;15;0
26;30;15;0
27;30;15;0
28;30;15;0
29;30;15;0
30;30;15;0
31;30;15;0
32;30;20962;0
33;30;2;0
34;30;2;0
35;30;2;0
36;30;2;0
37;30;2;0
38;30;2;0
39;30;2;0
40;30;2;0
41;30;2;0
42;30;2;0
43;30;2;0
44;30;2;0
45;30;2;0
46;30;2;0
47;30;2;0
48;30;8674;0
49;30;15;0
50;30;15;0
51;30;15;0
52;30;15;0
53;30;15;0
54;30;15;0
55;30;15;0
56;30;15;0
57;30;15;0
58;30;15;0
59;30;15;0
60;30;15;0
61;30;15;0
62;30;15;0
63;30;15;0
64;30;15;0
65;30;15;0
66;30;15;0
67;30;15;0
68;30;15;0
69;30;15;0
70;30;15;0
71;30;15;0
72;30;15;0
73;30;15;0
74;30;15;0
75;30;15;0
76;30;0;0
77;30;0;0
78;30;0;0
0;31;0;0
1;31;0;0
2;31;0;0
3;31;0;0
4;31;0;0
5;31;0;0
6;31;0;0
7;31;0;0
8;31;0;0
9;31;0;0
10;31;0;0
11;31;0;0
12;31;0;0
13;31;0;0
14;31;0;0
15;31;15;0
16;31;15;0
17;31;15;0
18;31;15;0
19;31;15;0
20;31;15;0
21;31;15;0
22;31;15;0
23;31;15;0
24;31;15;0
25;31;15;0
26;31;15;0
27;31;15;0
28;31;15;0
29;31;15;0
30;31;15;0
31;31;15;0
32;31;15;0
33;31;15842;0
34;31;2;0
35;31;2;0
36;31;2;0
37;31;2;0
38;31;2;0
39;31;2;0
40;31;2;0
41;31;2;0
42;31;2;0
43;31;2;0
44;31;2;0
45;31;2;0
46;31;2;0
47;31;2;0
48;31;25058;0
49;31;15;0
50;31;15;0
51;31;15;0
52;31;15;0
53;31;15;0
54;31;15;0
55;31;15;0
56;31;15;0
57;31;15;0
58;31;15;0
59;31;15;0
60;31;15;0
61;31;15;0
62;31;15;0
63;31;15;0
64;31;15;0
65;31;15;0
66;31;15;0
67;31;15;0
68;31;15;0
69;31;15;0
70;31;15;0
71;31;15;0
72;31;15;0
73;31;15;0
74;31;15;0
75;31;15;0
76;31;0;0
77;31;0;0
78;31;0;0
0;32;0;0
1;32;0;0
2;32;0;0
3;32;0;0
4;32;0;0
5;32;0;0
6;32;0;0
7;32;0;0
8;32;0;0
9;32;0;0
10;32;0;0
11;32;0;0
12;32;0;0
13;32;0;0
14;32;0;0
15;32;0;0
16;32;15;0
17;32;15;0
18;32;15;0
19;32;15;0
20;32;15;0
21;32;15;0
22;32;15;0
23;32;15;0
24;32;15;0
25;32;15;0
26;32;15;0
27;32;15;0
28;32;15;0
29;32;15;0
30;32;15;0
31;32;15;0
32;32;15;0
33;32;15;0
34;32;15842;0
35;32;2;0
36;32;2;0
37;32;2;0
38;32;2;0
39;32;2;0
40;32;2;0
41;32;2;0
42;32;2;0
43;32;2;0
44;32;2;0
45;32;2;0
46;32;2;0
47;32;16866;0
48;32;15;0
49;32;15;0
50;32;15;0
51;32;15;0
52;32;15;0
53;32;15;0
54;32;15;0
55;32;15;0
56;32;15;0
57;32;15;0
58;32;15;0
59;32;15;0
60;32;15;0
61;32;15;0
62;32;15;0
63;32;15;0
64;32;15;0
65;32;15;0
66;32;15;0
67;32;15;0
68;32;15;0
69;32;15;0
70;32;15;0
71;32;15;0
72;32;15;0
73;32;15;0
74;32;15;0
75;32;15;0
76;32;0;0
77;32;0;0
78;32;0;0
0;33;0;0
1;33;0;0
2;33;0;0
3;33;0;0
4;33;0;0
5;33;0;0
6;33;0;0
7;33;0;0
8;33;0;0
9;33;0;0
10;33;0;0
11;33;0;0
12;33;0;0
13;33;0;0
14;33;0;0
15;33;0;0
16;33;15;0
17;33;15;0
18;33;15;0
19;33;15;0
20;33;15;0
21;33;15;0
22;33;15;0
23;33;15;0
24;33;15;0
25;33;15;0
26;33;15;0
27;33;15;0
28;33;15;0
29;33;15;0
30;33;15;0
31;33;15;0
32;33;15;0
33;33;15;0
34;33;15;0
35;33;15842;0
36;33;2;0
37;33;2;0
38;33;2;0
39;33;2;0
40;33;2;0
41;33;2;0
42;33;2;0
43;33;2;0
44;33;2;0
45;33;2;0
46;33;8674;0
47;33;15;0
48;33;15;0
49;33;15;0
50;33;15;0
51;33;15;0
52;33;15;0
53;33;15;0
54;33;15;0
55;33;15;0
56;33;15;0
57;33;15;0
58;33;15;0
59;33;15;0
60;33;15;0
61;33;15;0
62;33;15;0
63;33;15;0
64;33;15;0
65;33;15;0
66;33;15;0
67;33;15;0
68;33;15;0
69;33;15;0
70;33;15;0
71;33;15;0
72;33;15;0
73;33;15;0
74;33;15;0
75;33;15;0
76;33;0;0
77;33;0;0
78;33;0;0
0;34;0;0
1;34;0;0
2;34;0;0
3;34;0;0
4;34;0;0
5;34;0;0
6;34;0;0
7;34;0;0
8;34;0;0
9;34;0;0
10;34;0;0
11;34;0;0
12;34;0;0
13;34;0;0
14;34;0;0
15;34;0;0
16;34;0;0
17;34;15;0
18;34;15;0
19;34;15;0
20;34;15;0
21;34;15;0
22;34;15;0
23;34;15;0
24;34;15;0
25;34;15;0
26;34;15;0
27;34;15;0
28;34;15;0
29;34;15;0
30;34;15;0
31;34;15;0
32;34;15;0
33;34;15;0
34;34;15;0
35;34;15;0
36;34;15842;0
37;34;2;0
38;34;2;0
39;34;2;0
40;34;2;0
41;34;2;0
42;34;2;0
43;34;2;0
44;34;2;0
45;34;2;0
46;34;12770;0
47;34;15;0
48;34;15;0
49;34;15;0
50;34;15;0
51;34;15;0
52;34;15;0
53;34;15;0
54;34;15;0
55;34;15;0
56;34;15;0
57;34;15;0
58;34;15;0
59;34;15;0
60;34;15;0
61;34;15;0
62;34;15;0
63;34;15;0
64;34;15;0
65;34;15;0
66;34;15;0
67;34;15;0
68;34;15;0
69;34;15;0
70;34;15;0
71;34;15;0
72;34;15;0
73;34;15;0
74;34;15;0
75;34;15;0
76;34;0;0
77;34;0;0
78;34;0;0
0;35;0;0
1;35;0;0
2;35;0;0
3;35;0;0
4;35;0;0
5;35;0;0
6;35;0;0
7;35;0;0
8;35;0;0
9;35;0;0
10;35;0;0
11;35;0;0
12;35;0;0
13;35;0;0
14;35;0;0
15;35;0;0
16;35;15;0
17;35;15;0
18;35;15;0
19;35;15;0
20;35;15;0
21;35;15;0
22;35;15;0
23;35;15;0
24;35;15;0
25;35;15;0
26;35;15;0
27;35;15;0
28;35;15;0
29;35;15;0
30;35;15;0
31;35;15;0
32;35;15;0
33;35;15;0
34;35;15;0
35;35;15;0
36;35;15;0
37;35;15842;0
38;35;2;0
39;35;2;0
40;35;2;0
41;35;2;0
42;35;2;0
43;35;2;0
44;35;2;0
45;35;2;0
46;35;12770;0
47;35;15;0
48;35;15;0
49;35;15;0
50;35;15;0
51;35;15;0
52;35;15;0
53;35;15;0
54;35;15;0
55;35;15;0
56;35;15;0
57;35;15;0
58;35;15;0
59;35;15;0
60;35;15;0
61;35;15;0
62;35;15;0
63;35;15;0
64;35;15;0
65;35;15;0
66;35;15;0
67;35;15;0
68;35;15;0
69;35;15;0
70;35;15;0
71;35;15;0
72;35;15;0
73;35;15;0
74;35;15;0
75;35;15;0
76;35;0;0
77;35;0;0
78;35;0;0
0;36;0;0
1;36;0;0
2;36;0;0
3;36;0;0
4;36;0;0
5;36;0;0
6;36;0;0
7;36;0;0
8;36;0;0
9;36;0;0
10;36;0;0
11;36;0;0
12;36;0;0
13;36;0;0
14;36;0;0
15;36;0;0
16;36;15;0
17;36;15;0
18;36;15;0
19;36;15;0
20;36;15;0
21;36;15;0
22;36;15;0
23;36;15;0
24;36;15;0
25;36;15;0
26;36;15;0
27;36;15;0
28;36;15;0
29;36;15;0
30;36;15;0
31;36;15;0
32;36;15;0
33;36;15;0
34;36;15;0
35;36;15;0
36;36;15;0
37;36;15;0
38;36;4578;0
39;36;2;0
40;36;2;0
41;36;2;0
42;36;2;0
43;36;2;0
44;36;2;0
45;36;2;0
46;36;12770;0
47;36;15;0
48;36;15;0
49;36;15;0
50;36;15;0
51;36;15;0
52;36;15;0
53;36;15;0
54;36;15;0
55;36;15;0
56;36;15;0
57;36;15;0
58;36;15;0
59;36;15;0
60;36;15;0
61;36;15;0
62;36;15;0
63;36;15;0
64;36;15;0
65;36;15;0
66;36;15;0
67;36;15;0
68;36;15;0
69;36;15;0
70;36;15;0
71;36;15;0
72;36;15;0
73;36;15;0
74;36;15;0
75;36;15;0
76;36;15;0
77;36;0;0
78;36;0;0
0;37;0;0
1;37;0;0
2;37;0;0
3;37;0;0
4;37;0;0
5;37;0;0
6;37;0;0
7;37;0;0
8;37;0;0
9;37;0;0
10;37;0;0
11;37;0;0
12;37;0;0
13;37;0;0
14;37;0;0
15;37;15;0
16;37;15;0
17;37;15;0
18;37;15;0
19;37;15;0
20;37;15;0
21;37;15;0
22;37;15;0
23;37;15;0
24;37;15;0
25;37;15;0
26;37;15;0
27;37;15;0
28;37;15;0
29;37;15;0
30;37;15;0
31;37;15;0
32;37;15;0
33;37;15;0
34;37;15;0
35;37;15;0
36;37;15;0
37;37;15;0
38;37;10722;0
39;37;2;0
40;37;2;0
41;37;2;0
42;37;2;0
43;37;2;0
44;37;2;0
45;37;2;0
46;37;12770;0
47;37;15;0
48;37;15;0
49;37;15;0
50;37;15;0
51;37;15;0
52;37;15;0
53;37;15;0
54;37;15;0
55;37;15;0
56;37;15;0
57;37;15;0
58;37;15;0
59;37;15;0
60;37;15;0
61;37;15;0
62;37;15;0
63;37;15;0
64;37;15;0
65;37;15;0
66;37;15;0
67;37;15;0
68;37;15;0
69;37;15;0
70;37;15;0
71;37;15;0
72;37;15;0
73;37;15;0
74;37;15;0
75;37;15;0
76;37;15;0
77;37;0;0
78;37;0;0
0;38;0;0
1;38;0;0
2;38;0;0
3;38;0;0
4;38;0;0
5;38;0;0
6;38;0;0
7;38;0;0
8;38;0;0
9;38;0;0
10;38;0;0
11;38;0;0
12;38;0;0
13;38;0;0
14;38;0;0
15;38;15;0
16;38;15;0
17;38;15;0
18;38;15;0
19;38;15;0
20;38;15;0
21;38;15;0
22;38;15;0
23;38;15;0
24;38;15;0
25;38;15;0
26;38;15;0
27;38;15;0
28;38;15;0
29;38;15;0
30;38;15;0
31;38;15;0
32;38;15;0
33;38;15;0
34;38;15;0
35;38;15;0
36;38;15;0
37;38;15;0
38;38;10722;0
39;38;2;0
40;38;2;0
41;38;2;0
42;38;2;0
43;38;2;0
44;38;2;0
45;38;2;0
46;38;12770;0
47;38;15;0
48;38;15;0
49;38;15;0
50;38;15;0
51;38;15;0
52;38;15;0
53;38;15;0
54;38;15;0
55;38;15;0
56;38;15;0
57;38;15;0
58;38;15;0
59;38;15;0
60;38;15;0
61;38;15;0
62;38;15;0
63;38;15;0
64;38;15;0
65;38;15;0
66;38;15;0
67;38;15;0
68;38;15;0
69;38;15;0
70;38;15;0
71;38;15;0
72;38;15;0
73;38;15;0
74;38;15;0
75;38;15;0
76;38;15;0
77;38;0;0
78;38;0;0
0;39;0;0
1;39;0;0
2;39;0;0
3;39;0;0
4;39;0;0
5;39;0;0
6;39;0;0
7;39;0;0
8;39;0;0
9;39;0;0
10;39;0;0
11;39;0;0
12;39;0;0
13;39;15;0
14;39;15;0
15;39;15;0
16;39;15;0
17;39;15;0
18;39;15;0
19;39;15;0
20;39;15;0
21;39;15;0
22;39;15;0
23;39;15;0
24;39;15;0
25;39;15;0
26;39;15;0
27;39;15;0
28;39;15;0
29;39;15;0
30;39;15;0
31;39;15;0
32;39;15;0
33;39;15;0
34;39;15;0
35;39;15;0
36;39;15;0
37;39;15;0
38;39;10722;0
39;39;2;0
40;39;2;0
41;39;2;0
42;39;2;0
43;39;2;0
44;39;2;0
45;39;2;0
46;39;12770;0
47;39;15;0
48;39;15;0
49;39;15;0
50;39;15;0
51;39;15;0
52;39;15;0
53;39;15;0
54;39;15;0
55;39;15;0
56;39;15;0
57;39;15;0
58;39;15;0
59;39;15;0
60;39;15;0
61;39;15;0
62;39;15;0
63;39;15;0
64;39;15;0
65;39;15;0
66;39;15;0
67;39;15;0
68;39;15;0
69;39;15;0
70;39;15;0
71;39;15;0
72;39;15;0
73;39;15;0
74;39;15;0
75;39;15;0
76;39;15;0
77;39;0;0
78;39;0;0
0;40;0;0
1;40;0;0
2;40;0;0
3;40;0;0
4;40;0;0
5;40;0;0
6;40;0;0
7;40;0;0
8;40;0;0
9;40;0;0
10;40;0;0
11;40;15;0
12;40;15;0
13;40;15;0
14;40;15;0
15;40;15;0
16;40;15;0
17;40;15;0
18;40;15;0
19;40;15;0
20;40;15;0
21;40;15;0
22;40;15;0
23;40;15;0
24;40;15;0
25;40;15;0
26;40;15;0
27;40;15;0
28;40;15;0
29;40;15;0
30;40;15;0
31;40;15;0
32;40;15;0
33;40;15;0
34;40;15;0
35;40;15;0
36;40;15;0
37;40;15;0
38;40;10722;0
39;40;2;0
40;40;2;0
41;40;2;0
42;40;2;0
43;40;2;0
44;40;2;0
45;40;2;0
46;40;12770;0
47;40;15;0
48;40;15;0
49;40;15;0
50;40;15;0
51;40;15;0
52;40;15;0
53;40;15;0
54;40;15;0
55;40;15;0
56;40;15;0
57;40;15;0
58;40;15;0
59;40;15;0
60;40;15;0
61;40;15;0
62;40;15;0
63;40;15;0
64;40;15;0
65;40;15;0
66;40;15;0
67;40;15;0
68;40;15;0
69;40;15;0
70;40;15;0
71;40;15;0
72;40;15;0
73;40;15;0
74;40;15;0
75;40;15;0
76;40;15;0
77;40;0;0
78;40;0;0
0;41;0;0
1;41;0;0
2;41;0;0
3;41;0;0
4;41;0;0
5;41;0;0
6;41;0;0
7;41;0;0
8;41;0;0
9;41;0;0
10;41;0;0
11;41;15;0
12;41;15;0
13;41;15;0
14;41;15;0
15;41;15;0
16;41;15;0
17;41;15;0
18;41;15;0
19;41;15;0
20;41;15;0
21;41;15;0
22;41;15;0
23;41;15;0
24;41;15;0
25;41;15;0
26;41;15;0
27;41;15;0
28;41;15;0
29;41;15;0
30;41;15;0
31;41;15;0
32;41;15;0
33;41;15;0
34;41;15;0
35;41;15;0
36;41;15;0
37;41;15;0
38;41;10722;0
39;41;2;0
40;41;2;0
41;41;2;0
42;41;2;0
43;41;2;0
44;41;2;0
45;41;2;0
46;41;12770;0
47;41;15;0
48;41;15;0
49;41;15;0
50;41;15;0
51;41;15;0
52;41;15;0
53;41;15;0
54;41;15;0
55;41;15;0
56;41;15;0
57;41;15;0
58;41;15;0
59;41;15;0
60;41;15;0
61;41;15;0
62;41;15;0
63;41;15;0
64;41;15;0
65;41;15;0
66;41;15;0
67;41;15;0
68;41;15;0
69;41;15;0
70;41;15;0
71;41;15;0
72;41;15;0
73;41;15;0
74;41;15;0
75;41;15;0
76;41;15;0
77;41;0;0
78;41;0;0
0;42;0;0
1;42;0;0
2;42;0;0
3;42;0;0
4;42;0;0
5;42;0;0
6;42;0;0
7;42;0;0
8;42;0;0
9;42;0;0
10;42;0;0
11;42;0;0
12;42;15;0
13;42;15;0
14;42;15;0
15;42;15;0
16;42;15;0
17;42;15;0
18;42;15;0
19;42;15;0
20;42;15;0
21;42;15;0
22;42;15;0
23;42;15;0
24;42;15;0
25;42;15;0
26;42;15;0
27;42;15;0
28;42;15;0
29;42;15;0
30;42;15;0
31;42;15;0
32;42;15;0
33;42;15;0
34;42;15;0
35;42;15;0
36;42;15;0
37;42;15;0
38;42;10722;0
39;42;2;0
40;42;2;0
41;42;2;0
42;42;2;0
43;42;2;0
44;42;2;0
45;42;2;0
46;42;12770;0
47;42;15;0
48;42;15;0
49;42;15;0
50;42;15;0
51;42;15;0
52;42;15;0
53;42;15;0
54;42;15;0
55;42;15;0
56;42;15;0
57;42;15;0
58;42;15;0
59;42;15;0
60;42;15;0
61;42;15;0
62;42;15;0
63;42;15;0
64;42;15;0
65;42;15;0
66;42;15;0
67;42;15;0
68;42;15;0
69;42;15;0
70;42;15;0
71;42;15;0
72;42;15;0
73;42;15;0
74;42;15;0
75;42;15;0
76;42;15;0
77;42;0;0
78;42;0;0
0;43;0;0
1;43;0;0
2;43;0;0
3;43;0;0
4;43;0;0
5;43;0;0
6;43;0;0
7;43;0;0
8;43;0;0
9;43;0;0
10;43;0;0
11;43;0;0
12;43;15;0
13;43;15;0
14;43;15;0
15;43;15;0
16;43;15;0
17;43;15;0
18;43;15;0
19;43;15;0
20;43;15;0
21;43;15;0
22;43;15;0
23;43;15;0
24;43;15;0
25;43;15;0
26;43;15;0
27;43;15;0
28;43;15;0
29;43;15;0
30;43;15;0
31;43;15;0
32;43;15;0
33;43;15;0
34;43;15;0
35;43;15;0
36;43;15;0
37;43;15;0
38;43;10722;0
39;43;2;0
40;43;2;0
41;43;2;0
42;43;2;0
43;43;2;0
44;43;2;0
45;43;2;0
46;43;12770;0
47;43;15;0
48;43;15;0
49;43;15;0
50;43;15;0
51;43;15;0
52;43;15;0
53;43;15;0
54;43;15;0
55;43;15;0
56;43;15;0
57;43;15;0
58;43;15;0
59;43;15;0
60;43;15;0
61;43;15;0
62;43;15;0
63;43;15;0
64;43;15;0
65;43;15;0
66;43;15;0
67;43;15;0
68;43;15;0
69;43;15;0
70;43;15;0
71;43;15;0
72;43;15;0
73;43;15;0
74;43;15;0
75;43;15;0
76;43;15;0
77;43;0;0
78;43;0;0
0;44;0;0
1;44;0;0
2;44;0;0
3;44;0;0
4;44;0;0
5;44;0;0
6;44;0;0
7;44;0;0
8;44;0;0
9;44;0;0
10;44;0;0
11;44;0;0
12;44;15;0
13;44;15;0
14;44;15;0
15;44;15;0
16;44;15;0
17;44;15;0
18;44;15;0
19;44;15;0
20;44;15;0
21;44;15;0
22;44;15;0
23;44;15;0
24;44;15;0
25;44;15;0
26;44;15;0
27;44;15;0
28;44;15;0
29;44;15;0
30;44;15;0
31;44;15;0
32;44;15;0
33;44;15;0
34;44;15;0
35;44;15;0
36;44;15;0
37;44;15;0
38;44;10722;0
39;44;2;0
40;44;2;0
41;44;2;0
42;44;2;0
43;44;2;0
44;44;2;0
45;44;2;0
46;44;12770;0
47;44;15;0
48;44;15;0
49;44;15;0
50;44;15;0
51;44;15;0
52;44;15;0
53;44;15;0
54;44;15;0
55;44;15;0
56;44;15;0
57;44;15;0
58;44;15;0
59;44;15;0
60;44;15;0
61;44;15;0
62;44;15;0
63;44;15;0
64;44;15;0
65;44;15;0
66;44;15;0
67;44;15;0
68;44;15;0
69;44;15;0
70;44;15;0
71;44;15;0
72;44;15;0
73;44;15;0
74;44;15;0
75;44;15;0
76;44;15;0
77;44;0;0
78;44;0;0
0;45;0;0
1;45;0;0
2;45;0;0
3;45;0;0
4;45;0;0
5;45;0;0
6;45;0;0
7;45;0;0
8;45;0;0
9;45;0;0
10;45;0;0
11;45;15;0
12;45;15;0
13;45;15;0
14;45;15;0
15;45;15;0
16;45;15;0
17;45;15;0
18;45;15;0
19;45;15;0
20;45;15;0
21;45;15;0
22;45;15;0
23;45;15;0
24;45;15;0
25;45;15;0
26;45;15;0
27;45;15;0
28;45;15;0
29;45;15;0
30;45;15;0
31;45;15;0
32;45;15;0
33;45;15;0
34;45;15;0
35;45;15;0
36;45;15;0
37;45;15;0
38;45;10722;0
39;45;2;0
40;45;2;0
41;45;2;0
42;45;2;0
43;45;2;0
44;45;2;0
45;45;2;0
46;45;12770;0
47;45;15;0
48;45;15;0
49;45;15;0
50;45;15;0
51;45;15;0
52;45;15;0
53;45;15;0
54;45;15;0
55;45;15;0
56;45;15;0
57;45;15;0
58;45;15;0
59;45;15;0
60;45;15;0
61;45;15;0
62;45;15;0
63;45;15;0
64;45;15;0
65;45;15;0
66;45;15;0
67;45;15;0
68;45;15;0
69;45;15;0
70;45;15;0
71;45;15;0
72;45;15;0
73;45;15;0
74;45;15;0
75;45;15;0
76;45;15;0
77;45;0;0
78;45;0;0
0;46;0;0
1;46;0;0
2;46;0;0
3;46;0;0
4;46;0;0
5;46;0;0
6;46;0;0
7;46;0;0
8;46;0;0
9;46;0;0
10;46;0;0
11;46;15;0
12;46;15;0
13;46;15;0
14;46;15;0
15;46;15;0
16;46;15;0
17;46;15;0
18;46;15;0
19;46;15;0
20;46;15;0
21;46;15;0
22;46;15;0
23;46;15;0
24;46;15;0
25;46;15;0
26;46;15;0
27;46;15;0
28;46;15;0
29;46;15;0
30;46;15;0
31;46;15;0
32;46;15;0
33;46;15;0
34;46;15;0
35;46;15;0
36;46;15;0
37;46;15;0
38;46;10722;0
39;46;2;0
40;46;2;0
41;46;2;0
42;46;2;0
43;46;2;0
44;46;2;0
45;46;2;0
46;46;12770;0
47;46;15;0
48;46;15;0
49;46;15;0
50;46;15;0
51;46;15;0
52;46;15;0
53;46;15;0
54;46;15;0
55;46;15;0
56;46;15;0
57;46;15;0
58;46;15;0
59;46;15;0
60;46;15;0
61;46;15;0
62;46;15;0
63;46;15;0
64;46;15;0
65;46;15;0
66;46;15;0
67;46;15;0
68;46;15;0
69;46;15;0
70;46;15;0
71;46;15;0
72;46;15;0
73;46;15;0
74;46;15;0
75;46;15;0
76;46;15;0
77;46;0;0
78;46;0;0
0;47;0;0
1;47;0;0
2;47;0;0
3;47;0;0
4;47;0;0
5;47;0;0
6;47;0;0
7;47;0;0
8;47;0;0
9;47;0;0
10;47;0;0
11;47;15;0
12;47;15;0
13;47;15;0
14;47;15;0
15;47;15;0
16;47;15;0
17;47;15;0
18;47;15;0
19;47;15;0
20;47;15;0
21;47;15;0
22;47;15;0
23;47;15;0
24;47;15;0
25;47;15;0
26;47;15;0
27;47;15;0
28;47;15;0
29;47;15;0
30;47;15;0
31;47;15;0
32;47;15;0
33;47;15;0
34;47;15;0
35;47;15;0
36;47;15;0
37;47;15;0
38;47;10722;0
39;47;2;0
40;47;2;0
41;47;2;0
42;47;2;0
43;47;2;0
44;47;2;0
45;47;2;0
46;47;12770;0
47;47;15;0
48;47;15;0
49;47;15;0
50;47;15;0
51;47;15;0
52;47;15;0
53;47;15;0
54;47;15;0
55;47;15;0
56;47;15;0
57;47;15;0
58;47;15;0
59;47;15;0
60;47;15;0
61;47;15;0
62;47;15;0
63;47;15;0
64;47;15;0
65;47;15;0
66;47;15;0
67;47;15;0
68;47;15;0
69;47;15;0
70;47;15;0
71;47;15;0
72;47;15;0
73;47;15;0
74;47;15;0
75;47;15;0
76;47;15;0
77;47;0;0
78;47;0;0
0;48;0;0
1;48;0;0
2;48;0;0
3;48;0;0
4;48;0;0
5;48;0;0
6;48;0;0
7;48;0;0
8;48;0;0
9;48;0;0
10;48;0;0
11;48;15;0
12;48;15;0
13;48;15;0
14;48;15;0
15;48;15;0
16;48;15;0
17;48;15;0
18;48;15;0
19;48;15;0
20;48;15;0
21;48;15;0
22;48;15;0
23;48;15;0
24;48;15;0
25;48;15;0
26;48;15;0
27;48;15;0
28;48;15;0
29;48;15;0
30;48;15;0
31;48;15;0
32;48;15;0
33;48;15;0
34;48;15;0
35;48;15;0
36;48;15;0
37;48;15;0
38;48;10722;0
39;48;2;0
40;48;2;0
41;48;2;0
42;48;2;0
43;48;2;0
44;48;2;0
45;48;2;0
46;48;12770;0
47;48;15;0
48;48;15;0
49;48;15;0
50;48;15;0
51;48;15;0
52;48;15;0
53;48;15;0
54;48;15;0
55;48;15;0
56;48;15;0
57;48;15;0
58;48;15;0
59;48;15;0
60;48;15;0
61;48;15;0
62;48;15;0
63;48;15;0
64;48;15;0
65;48;15;0
66;48;15;0
67;48;15;0
68;48;15;0
69;48;15;0
70;48;15;0
71;48;15;0
72;48;15;0
73;48;15;0
74;48;15;0
75;48;15;0
76;48;15;0
77;48;0;0
78;48;0;0
0;49;0;0
1;49;0;0
2;49;0;0
3;49;0;0
4;49;0;0
5;49;0;0
6;49;0;0
7;49;0;0
8;49;0;0
9;49;0;0
10;49;0;0
11;49;15;0
12;49;15;0
13;49;15;0
14;49;15;0
15;49;15;0
16;49;15;0
17;49;15;0
18;49;15;0
19;49;15;0
20;49;15;0
21;49;15;0
22;49;15;0
23;49;15;0
24;49;15;0
25;49;15;0
26;49;15;0
27;49;15;0
28;49;15;0
29;49;15;0
30;49;15;0
31;49;15;0
32;49;15;0
33;49;15;0
34;49;15;0
35;49;15;0
36;49;15;0
37;49;15;0
38;49;10722;0
39;49;2;0
40;49;2;0
41;49;2;0
42;49;2;0
43;49;2;0
44;49;2;0
45;49;2;0
46;49;12770;0
47;49;15;0
48;49;15;0
49;49;15;0
50;49;15;0
51;49;15;0
52;49;15;0
53;49;15;0
54;49;15;0
55;49;15;0
56;49;15;0
57;49;15;0
58;49;15;0
59;49;15;0
60;49;15;0
61;49;15;0
62;49;15;0
63;49;15;0
64;49;15;0
65;49;15;0
66;49;15;0
67;49;15;0
68;49;15;0
69;49;15;0
70;49;15;0
71;49;15;0
72;49;15;0
73;49;15;0
74;49;15;0
75;49;15;0
76;49;15;0
77;49;0;0
78;49;0;0
0;50;0;0
1;50;0;0
2;50;0;0
3;50;0;0
4;50;0;0
5;50;0;0
6;50;0;0
7;50;0;0
8;50;0;0
9;50;0;0
10;50;0;0
11;50;15;0
12;50;15;0
13;50;15;0
14;50;15;0
15;50;15;0
16;50;15;0
17;50;15;0
18;50;15;0
19;50;15;0
20;50;15;0
21;50;15;0
22;50;15;0
23;50;15;0
24;50;15;0
25;50;15;0
26;50;15;0
27;50;15;0
28;50;15;0
29;50;15;0
30;50;15;0
31;50;15;0
32;50;15;0
33;50;15;0
34;50;15;0
35;50;15;0
36;50;15;0
37;50;15;0
38;50;10722;0
39;50;2;0
40;50;2;0
41;50;2;0
42;50;2;0
43;50;2;0
44;50;2;0
45;50;2;0
46;50;12770;0
47;50;15;0
48;50;15;0
49;50;15;0
50;50;15;0
51;50;15;0
52;50;15;0
53;50;15;0
54;50;15;0
55;50;15;0
56;50;15;0
57;50;15;0
58;50;15;0
59;50;15;0
60;50;15;0
61;50;15;0
62;50;15;0
63;50;15;0
64;50;15;0
65;50;15;0
66;50;15;0
67;50;15;0
68;50;15;0
69;50;15;0
70;50;15;0
71;50;15;0
72;50;15;0
73;50;15;0
74;50;15;0
75;50;0;0
76;50;0;0
77;50;0;0
78;50;0;0
0;51;0;0
1;51;0;0
2;51;0;0
3;51;0;0
4;51;0;0
5;51;0;0
6;51;0;0
7;51;0;0
8;51;0;0
9;51;0;0
10;51;0;0
11;51;15;0
12;51;15;0
13;51;15;0
14;51;15;0
15;51;15;0
16;51;15;0
17;51;15;0
18;51;15;0
19;51;15;0
20;51;15;0
21;51;15;0
22;51;15;0
23;51;15;0
24;51;15;0
25;51;15;0
26;51;15;0
27;51;15;0
28;51;15;0
29;51;15;0
30;51;15;0
31;51;15;0
32;51;15;0
33;51;15;0
34;51;15;0
35;51;15;0
36;51;15;0
37;51;15;0
38;51;10722;0
39;51;2;0
40;51;2;0
41;51;2;0
42;51;2;0
43;51;2;0
44;51;2;0
45;51;2;0
46;51;12770;0
47;51;15;0
48;51;15;0
49;51;15;0
50;51;15;0
51;51;15;0
52;51;15;0
53;51;15;0
54;51;15;0
55;51;15;0
56;51;15;0
57;51;15;0
58;51;15;0
59;51;15;0
60;51;15;0
61;51;15;0
62;51;15;0
63;51;15;0
64;51;15;0
65;51;15;0
66;51;15;0
67;51;15;0
68;51;15;0
69;51;15;0
70;51;15;0
71;51;15;0
72;51;15;0
73;51;15;0
74;51;15;0
75;51;0;0
76;51;0;0
77;51;0;0
78;51;0;0
0;52;0;0
1;52;0;0
2;52;0;0
3;52;0;0
4;52;0;0
5;52;0;0
6;52;0;0
7;52;0;0
8;52;0;0
9;52;0;0
10;52;0;0
11;52;15;0
12;52;15;0
13;52;15;0
14;52;15;0
15;52;15;0
16;52;15;0
17;52;15;0
18;52;15;0
19;52;15;0
20;52;15;0
21;52;15;0
22;52;15;0
23;52;15;0
24;52;15;0
25;52;15;0
26;52;15;0
27;52;15;0
28;52;15;0
29;52;15;0
30;52;15;0
31;52;15;0
32;52;15;0
33;52;15;0
34;52;15;0
35;52;15;0
36;52;15;0
37;52;15;0
38;52;10722;0
39;52;2;0
40;52;2;0
41;52;2;0
42;52;2;0
43;52;2;0
44;52;2;0
45;52;2;0
46;52;12770;0
47;52;15;0
48;52;15;0
49;52;15;0
50;52;15;0
51;52;15;0
52;52;15;0
53;52;15;0
54;52;15;0
55;52;15;0
56;52;15;0
57;52;15;0
58;52;15;0
59;52;15;0
60;52;15;0
61;52;15;0
62;52;15;0
63;52;15;0
64;52;15;0
65;52;15;0
66;52;15;0
67;52;15;0
68;52;15;0
69;52;15;0
70;52;15;0
71;52;15;0
72;52;15;0
73;52;15;0
74;52;15;0
75;52;0;0
76;52;0;0
77;52;0;0
78;52;0;0
0;53;0;0
1;53;0;0
2;53;0;0
3;53;0;0
4;53;0;0
5;53;0;0
6;53;0;0
7;53;0;0
8;53;0;0
9;53;0;0
10;53;0;0
11;53;15;0
12;53;15;0
13;53;15;0
14;53;15;0
15;53;15;0
16;53;15;0
17;53;15;0
18;53;15;0
19;53;15;0
20;53;15;0
21;53;15;0
22;53;15;0
23;53;15;0
24;53;15;0
25;53;15;0
26;53;15;0
27;53;15;0
28;53;15;0
29;53;15;0
30;53;15;0
31;53;15;0
32;53;15;0
33;53;15;0
34;53;15;0
35;53;15;0
36;53;15;0
37;53;15;0
38;53;10722;0
39;53;2;0
40;53;2;0
41;53;2;0
42;53;2;0
43;53;2;0
44;53;2;0
45;53;2;0
46;53;12770;0
47;53;15;0
48;53;15;0
49;53;15;0
50;53;15;0
51;53;15;0
52;53;15;0
53;53;15;0
54;53;15;0
55;53;15;0
56;53;15;0
57;53;15;0
58;53;15;0
59;53;15;0
60;53;15;0
61;53;15;0
62;53;15;0
63;53;15;0
64;53;15;0
65;53;15;0
66;53;15;0
67;53;15;0
68;53;15;0
69;53;15;0
70;53;0;0
71;53;0;0
72;53;0;0
73;53;0;0
74;53;0;0
75;53;0;0
76;53;0;0
77;53;0;0
78;53;0;0
0;54;0;0
1;54;0;0
2;54;0;0
3;54;0;0
4;54;0;0
5;54;0;0
6;54;0;0
7;54;0;0
8;54;0;0
9;54;0;0
10;54;0;0
11;54;15;0
12;54;15;0
13;54;15;0
14;54;15;0
15;54;15;0
16;54;15;0
17;54;15;0
18;54;15;0
19;54;15;0
20;54;15;0
21;54;15;0
22;54;15;0
23;54;15;0
24;54;15;0
25;54;15;0
26;54;15;0
27;54;15;0
28;54;15;0
29;54;15;0
30;54;15;0
31;54;15;0
32;54;15;0
33;54;15;0
34;54;15;0
35;54;15;0
36;54;15;0
37;54;15;0
38;54;10722;0
39;54;2;0
40;54;2;0
41;54;2;0
42;54;2;0
43;54;2;0
44;54;2;0
45;54;2;0
46;54;12770;0
47;54;15;0
48;54;15;0
49;54;15;0
50;54;15;0
51;54;15;0
52;54;15;0
53;54;15;0
54;54;15;0
55;54;15;0
56;54;15;0
57;54;15;0
58;54;15;0
59;54;15;0
60;54;15;0
61;54;15;0
62;54;15;0
63;54;15;0
64;54;15;0
65;54;15;0
66;54;15;0
67;54;15;0
68;54;15;0
69;54;15;0
70;54;15;0
71;54;15;0
72;54;0;0
73;54;0;0
74;54;0;0
75;54;0;0
76;54;0;0
77;54;0;0
78;54;0;0
0;55;0;0
1;55;0;0
2;55;0;0
3;55;0;0
4;55;0;0
5;55;0;0
6;55;0;0
7;55;0;0
8;55;0;0
9;55;0;0
10;55;0;0
11;55;15;0
12;55;15;0
13;55;15;0
14;55;15;0
15;55;15;0
16;55;15;0
17;55;15;0
18;55;15;0
19;55;15;0
20;55;15;0
21;55;15;0
22;55;15;0
23;55;15;0
24;55;15;0
25;55;15;0
26;55;15;0
27;55;15;0
28;55;15;0
29;55;15;0
30;55;15;0
31;55;15;0
32;55;15;0
33;55;15;0
34;55;15;0
35;55;15;0
36;55;15;0
37;55;15;0
38;55;10722;0
39;55;2;0
40;55;2;0
41;55;2;0
42;55;2;0
43;55;2;0
44;55;2;0
45;55;2;0
46;55;12770;0
47;55;15;0
48;55;15;0
49;55;15;0
50;55;15;0
51;55;15;0
52;55;15;0
53;55;15;0
54;55;15;0
55;55;15;0
56;55;15;0
57;55;15;0
58;55;15;0
59;55;15;0
60;55;15;0
61;55;15;0
62;55;15;0
63;55;15;0
64;55;15;0
65;55;15;0
66;55;15;0
67;55;15;0
68;55;15;0
69;55;15;0
70;55;15;0
71;55;15;0
72;55;0;0
73;55;0;0
74;55;0;0
75;55;0;0
76;55;0;0
77;55;0;0
78;55;0;0
0;56;0;0
1;56;0;0
2;56;0;0
3;56;0;0
4;56;0;0
5;56;0;0
6;56;0;0
7;56;0;0
8;56;0;0
9;56;0;0
10;56;0;0
11;56;15;0
12;56;15;0
13;56;15;0
14;56;15;0
15;56;15;0
16;56;15;0
17;56;15;0
18;56;15;0
19;56;15;0
20;56;15;0
21;56;15;0
22;56;15;0
23;56;15;0
24;56;15;0
25;56;15;0
26;56;15;0
27;56;15;0
28;56;15;0
29;56;15;0
30;56;15;0
31;56;15;0
32;56;15;0
33;56;15;0
34;56;15;0
35;56;15;0
36;56;15;0
37;56;15;0
38;56;10722;0
39;56;2;0
40;56;2;0
41;56;2;0
42;56;2;0
43;56;2;0
44;56;2;0
45;56;2;0
46;56;12770;0
47;56;15;0
48;56;15;0
49;56;15;0
50;56;15;0
51;56;15;0
52;56;15;0
53;56;15;0
54;56;15;0
55;56;15;0
56;56;15;0
57;56;15;0
58;56;15;0
59;56;15;0
60;56;15;0
61;56;15;0
62;56;15;0
63;56;15;0
64;56;15;0
65;56;15;0
66;56;15;0
67;56;15;0
68;56;15;0
69;56;15;0
70;56;15;0
71;56;15;0
72;56;0;0
73;56;0;0
74;56;0;0
75;56;0;0
76;56;0;0
77;56;0;0
78;56;0;0
0;57;0;0
1;57;0;0
2;57;0;0
3;57;0;0
4;57;0;0
5;57;0;0
6;57;0;0
7;57;0;0
8;57;0;0
9;57;0;0
10;57;0;0
11;57;15;0
12;57;15;0
13;57;15;0
14;57;15;0
15;57;15;0
16;57;15;0
17;57;15;0
18;57;15;0
19;57;15;0
20;57;15;0
21;57;15;0
22;57;15;0
23;57;15;0
24;57;15;0
25;57;15;0
26;57;15;0
27;57;15;0
28;57;15;0
29;57;15;0
30;57;15;0
31;57;15;0
32;57;15;0
33;57;15;0
34;57;15;0
35;57;15;0
36;57;15;0
37;57;15;0
38;57;10722;0
39;57;2;0
40;57;2;0
41;57;2;0
42;57;2;0
43;57;2;0
44;57;2;0
45;57;2;0
46;57;12770;0
47;57;15;0
48;57;15;0
49;57;15;0
50;57;15;0
51;57;15;0
52;57;15;0
53;57;15;0
54;57;15;0
55;57;15;0
56;57;15;0
57;57;15;0
58;57;15;0
59;57;15;0
60;57;15;0
61;57;15;0
62;57;15;0
63;57;15;0
64;57;15;0
65;57;15;0
66;57;15;0
67;57;15;0
68;57;15;0
69;57;15;0
70;57;15;0
71;57;15;0
72;57;0;0
73;57;0;0
74;57;0;0
75;57;0;0
76;57;0;0
77;57;0;0
78;57;0;0
0;58;0;0
1;58;0;0
2;58;0;0
3;58;0;0
4;58;0;0
5;58;0;0
6;58;0;0
7;58;0;0
8;58;0;0
9;58;0;0
10;58;0;0
11;58;15;0
12;58;15;0
13;58;15;0
14;58;15;0
15;58;15;0
16;58;15;0
17;58;15;0
18;58;15;0
19;58;15;0
20;58;15;0
21;58;15;0
22;58;15;0
23;58;15;0
24;58;15;0
25;58;15;0
26;58;15;0
27;58;15;0
28;58;15;0
29;58;15;0
30;58;15;0
31;58;15;0
32;58;15;0
33;58;15;0
34;58;15;0
35;58;15;0
36;58;15;0
37;58;15;0
38;58;10722;0
39;58;2;0
40;58;2;0
41;58;2;0
42;58;2;0
43;58;2;0
44;58;2;0
45;58;2;0
46;58;12770;0
47;58;15;0
48;58;15;0
49;58;15;0
50;58;15;0
51;58;15;0
52;58;15;0
53;58;15;0
54;58;15;0
55;58;15;0
56;58;15;0
57;58;15;0
58;58;15;0
59;58;15;0
60;58;15;0
61;58;15;0
62;58;15;0
63;58;15;0
64;58;15;0
65;58;15;0
66;58;15;0
67;58;15;0
68;58;15;0
69;58;15;0
70;58;15;0
71;58;15;0
72;58;0;0
73;58;0;0
74;58;0;0
75;58;0;0
76;58;0;0
77;58;0;0
78;58;0;0
0;59;0;0
1;59;0;0
2;59;0;0
3;59;0;0
4;59;0;0
5;59;0;0
6;59;0;0
7;59;0;0
8;59;0;0
9;59;0;0
10;59;0;0
11;59;15;0
12;59;15;0
13;59;15;0
14;59;15;0
15;59;15;0
16;59;15;0
17;59;15;0
18;59;15;0
19;59;15;0
20;59;15;0
21;59;15;0
22;59;15;0
23;59;15;0
24;59;15;0
25;59;15;0
26;59;15;0
27;59;15;0
28;59;15;0
29;59;15;0
30;59;15;0
31;59;15;0
32;59;15;0
33;59;15;0
34;59;15;0
35;59;15;0
36;59;15;0
37;59;15;0
38;59;10722;0
39;59;2;0
40;59;2;0
41;59;2;0
42;59;2;0
43;59;2;0
44;59;2;0
45;59;2;0
46;59;12770;0
47;59;15;0
48;59;15;0
49;59;15;0
50;59;15;0
51;59;15;0
52;59;15;0
53;59;15;0
54;59;15;0
55;59;15;0
56;59;15;0
57;59;15;0
58;59;15;0
59;59;15;0
60;59;15;0
61;59;15;0
62;59;15;0
63;59;15;0
64;59;15;0
65;59;15;0
66;59;15;0
67;59;15;0
68;59;15;0
69;59;15;0
70;59;15;0
71;59;15;0
72;59;0;0
73;59;0;0
74;59;0;0
75;59;0;0
76;59;0;0
77;59;0;0
78;59;0;0
0;60;0;0
1;60;0;0
2;60;0;0
3;60;0;0
4;60;0;0
5;60;0;0
6;60;0;0
7;60;0;0
8;60;0;0
9;60;0;0
10;60;0;0
11;60;15;0
12;60;15;0
13;60;15;0
14;60;15;0
15;60;15;0
16;60;15;0
17;60;15;0
18;60;15;0
19;60;15;0
20;60;15;0
21;60;15;0
22;60;15;0
23;60;15;0
24;60;15;0
25;60;15;0
26;60;15;0
27;60;15;0
28;60;15;0
29;60;15;0
30;60;15;0
31;60;15;0
32;60;15;0
33;60;15;0
34;60;15;0
35;60;15;0
36;60;15;0
37;60;15;0
38;60;10722;0
39;60;2;0
40;60;2;0
41;60;2;0
42;60;2;0
43;60;2;0
44;60;2;0
45;60;2;0
46;60;12770;0
47;60;15;0
48;60;15;0
49;60;15;0
50;60;15;0
51;60;15;0
52;60;15;0
53;60;15;0
54;60;15;0
55;60;15;0
56;60;15;0
57;60;15;0
58;60;15;0
59;60;15;0
60;60;15;0
61;60;15;0
62;60;15;0
63;60;15;0
64;60;15;0
65;60;15;0
66;60;15;0
67;60;15;0
68;60;15;0
69;60;15;0
70;60;15;0
71;60;15;0
72;60;0;0
73;60;0;0
74;60;0;0
75;60;0;0
76;60;0;0
77;60;0;0
78;60;0;0
0;61;0;0
1;61;0;0
2;61;0;0
3;61;0;0
4;61;0;0
5;61;0;0
6;61;0;0
7;61;0;0
8;61;0;0
9;61;0;0
10;61;0;0
11;61;15;0
12;61;15;0
13;61;15;0
14;61;15;0
15;61;15;0
16;61;15;0
17;61;15;0
18;61;15;0
19;61;15;0
20;61;15;0
21;61;15;0
22;61;15;0
23;61;15;0
24;61;15;0
25;61;15;0
26;61;15;0
27;61;15;0
28;61;15;0
29;61;15;0
30;61;15;0
31;61;15;0
32;61;15;0
33;61;15;0
34;61;15;0
35;61;15;0
36;61;15;0
37;61;15;0
38;61;10722;0
39;61;2;0
40;61;2;0
41;61;2;0
42;61;2;0
43;61;2;0
44;61;2;0
45;61;2;0
46;61;12770;0
47;61;15;0
48;61;15;0
49;61;15;0
50;61;15;0
51;61;15;0
52;61;15;0
53;61;15;0
54;61;15;0
55;61;15;0
56;61;15;0
57;61;15;0
58;61;15;0
59;61;15;0
60;61;15;0
61;61;15;0
62;61;15;0
63;61;15;0
64;61;15;0
65;61;15;0
66;61;15;0
67;61;15;0
68;61;15;0
69;61;15;0
70;61;15;0
71;61;15;0
72;61;0;0
73;61;0;0
74;61;0;0
75;61;0;0
76;61;0;0
77;61;0;0
78;61;0;0
0;62;0;0
1;62;0;0
2;62;0;0
3;62;0;0
4;62;0;0
5;62;0;0
6;62;0;0
7;62;0;0
8;62;0;0
9;62;0;0
10;62;15;0
11;62;15;0
12;62;15;0
13;62;15;0
14;62;15;0
15;62;15;0
16;62;15;0
17;62;15;0
18;62;15;0
19;62;15;0
20;62;15;0
21;62;15;0
22;62;15;0
23;62;15;0
24;62;15;0
25;62;15;0
26;62;15;0
27;62;15;0
28;62;15;0
29;62;15;0
30;62;15;0
31;62;15;0
32;62;15;0
33;62;15;0
34;62;15;0
35;62;15;0
36;62;15;0
37;62;15;0
38;62;10722;0
39;62;2;0
40;62;2;0
41;62;2;0
42;62;2;0
43;62;2;0
44;62;2;0
45;62;2;0
46;62;12770;0
47;62;15;0
48;62;15;0
49;62;15;0
50;62;15;0
51;62;15;0
52;62;15;0
53;62;15;0
54;62;15;0
55;62;15;0
56;62;15;0
57;62;15;0
58;62;15;0
59;62;15;0
60;62;15;0
61;62;15;0
62;62;15;0
63;62;15;0
64;62;15;0
65;62;15;0
66;62;15;0
67;62;15;0
68;62;15;0
69;62;15;0
70;62;15;0
71;62;15;0
72;62;0;0
73;62;0;0
74;62;0;0
75;62;0;0
76;62;0;0
77;62;0;0
78;62;0;0
0;63;0;0
1;63;0;0
2;63;0;0
3;63;0;0
4;63;0;0
5;63;0;0
6;63;0;0
7;63;0;0
8;63;0;0
9;63;0;0
10;63;15;0
11;63;15;0
12;63;15;0
13;63;15;0
14;63;15;0
15;63;15;0
16;63;15;0
17;63;15;0
18;63;15;0
19;63;15;0
20;63;15;0
21;63;15;0
22;63;15;0
23;63;15;0
24;63;15;0
25;63;15;0
26;63;15;0
27;63;15;0
28;63;15;0
29;63;15;0
30;63;15;0
31;63;15;0
32;63;15;0
33;63;15;0
34;63;15;0
35;63;15;0
36;63;15;0
37;63;15;0
38;63;10722;0
39;63;2;0
40;63;2;0
41;63;2;0
42;63;2;0
43;63;2;0
44;63;2;0
45;63;2;0
46;63;12770;0
47;63;15;0
48;63;15;0
49;63;15;0
50;63;15;0
51;63;15;0
52;63;15;0
53;63;15;0
54;63;15;0
55;63;15;0
56;63;15;0
57;63;15;0
58;63;15;0
59;63;15;0
60;63;15;0
61;63;15;0
62;63;15;0
63;63;15;0
64;63;15;0
65;63;15;0
66;63;15;0
67;63;0;0
68;63;0;0
69;63;0;0
70;63;0;0
71;63;0;0
72;63;0;0
73;63;0;0
74;63;0;0
75;63;0;0
76;63;0;0
77;63;0;0
78;63;0;0
0;64;0;0
1;64;0;0
2;64;0;0
3;64;0;0
4;64;0;0
5;64;0;0
6;64;0;0
7;64;0;0
8;64;0;0
9;64;0;0
10;64;15;0
11;64;15;0
12;64;15;0
13;64;15;0
14;64;15;0
15;64;15;0
16;64;15;0
17;64;15;0
18;64;15;0
19;64;15;0
20;64;15;0
21;64;15;0
22;64;15;0
23;64;15;0
24;64;15;0
25;64;15;0
26;64;15;0
27;64;15;0
28;64;15;0
29;64;15;0
30;64;15;0
31;64;15;0
32;64;15;0
33;64;15;0
34;64;15;0
35;64;15;0
36;64;15;0
37;64;15;0
38;64;10722;0
39;64;2;0
40;64;2;0
41;64;2;0
42;64;2;0
43;64;2;0
44;64;2;0
45;64;2;0
46;64;12770;0
47;64;15;0
48;64;15;0
49;64;15;0
50;64;15;0
51;64;15;0
52;64;15;0
53;64;15;0
54;64;15;0
55;64;15;0
56;64;15;0
57;64;15;0
58;64;15;0
59;64;15;0
60;64;15;0
61;64;15;0
62;64;15;0
63;64;0;0
64;64;0;0
65;64;0;0
66;64;0;0
67;64;0;0
68;64;0;0
69;64;0;0
70;64;0;0
71;64;0;0
72;64;0;0
73;64;0;0
74;64;0;0
75;64;0;0
76;64;0;0
77;64;0;0
78;64;0;0
0;65;0;0
1;65;0;0
2;65;0;0
3;65;0;0
4;65;0;0
5;65;0;0
6;65;0;0
7;65;0;0
8;65;0;0
9;65;0;0
10;65;15;0
11;65;15;0
12;65;15;0
13;65;15;0
14;65;15;0
15;65;15;0
16;65;15;0
17;65;15;0
18;65;15;0
19;65;15;0
20;65;15;0
21;65;15;0
22;65;15;0
23;65;15;0
24;65;15;0
25;65;15;0
26;65;15;0
27;65;15;0
28;65;15;0
29;65;15;0
30;65;15;0
31;65;15;0
32;65;15;0
33;65;15;0
34;65;15;0
35;65;15;0
36;65;15;0
37;65;15;0
38;65;10722;0
39;65;2;0
40;65;2;0
41;65;2;0
42;65;2;0
43;65;2;0
44;65;2;0
45;65;2;0
46;65;12770;0
47;65;15;0
48;65;15;0
49;65;15;0
50;65;15;0
51;65;15;0
52;65;15;0
53;65;15;0
54;65;15;0
55;65;15;0
56;65;15;0
57;65;15;0
58;65;15;0
59;65;15;0
60;65;15;0
61;65;15;0
62;65;15;0
63;65;0;0
64;65;0;0
65;65;0;0
66;65;0;0
67;65;0;0
68;65;0;0
69;65;0;0
70;65;0;0
71;65;0;0
72;65;0;0
73;65;0;0
74;65;0;0
75;65;0;0
76;65;0;0
77;65;0;0
78;65;0;0
0;66;0;0
1;66;0;0
2;66;0;0
3;66;0;0
4;66;0;0
5;66;0;0
6;66;0;0
7;66;0;0
8;66;0;0
9;66;0;0
10;66;15;0
11;66;15;0
12;66;15;0
13;66;15;0
14;66;15;0
15;66;15;0
16;66;15;0
17;66;15;0
18;66;15;0
19;66;15;0
20;66;15;0
21;66;15;0
22;66;15;0
23;66;15;0
24;66;15;0
25;66;15;0
26;66;15;0
27;66;15;0
28;66;15;0
29;66;15;0
30;66;15;0
31;66;15;0
32;66;15;0
33;66;15;0
34;66;15;0
35;66;15;0
36;66;15;0
37;66;15;0
38;66;10722;0
39;66;2;0
40;66;2;0
41;66;2;0
42;66;2;0
43;66;2;0
44;66;2;0
45;66;2;0
46;66;12770;0
47;66;15;0
48;66;15;0
49;66;15;0
50;66;15;0
51;66;15;0
52;66;15;0
53;66;15;0
54;66;15;0
55;66;15;0
56;66;15;0
57;66;15;0
58;66;15;0
59;66;15;0
60;66;15;0
61;66;15;0
62;66;15;0
63;66;0;0
64;66;0;0
65;66;0;0
66;66;0;0
67;66;0;0
68;66;0;0
69;66;0;0
70;66;0;0
71;66;0;0
72;66;0;0
73;66;0;0
74;66;0;0
75;66;0;0
76;66;0;0
77;66;0;0
78;66;0;0
0;67;0;0
1;67;0;0
2;67;0;0
3;67;0;0
4;67;0;0
5;67;0;0
6;67;0;0
7;67;0;0
8;67;0;0
9;67;0;0
10;67;15;0
11;67;15;0
12;67;15;0
13;67;15;0
14;67;15;0
15;67;15;0
16;67;15;0
17;67;15;0
18;67;15;0
19;67;15;0
20;67;15;0
21;67;15;0
22;67;15;0
23;67;15;0
24;67;15;0
25;67;15;0
26;67;15;0
27;67;15;0
28;67;15;0
29;67;15;0
30;67;15;0
31;67;15;0
32;67;15;0
33;67;15;0
34;67;15;0
35;67;15;0
36;67;15;0
37;67;15;0
38;67;10722;0
39;67;2;0
40;67;2;0
41;67;2;0
42;67;2;0
43;67;2;0
44;67;2;0
45;67;2;0
46;67;12770;0
47;67;15;0
48;67;15;0
49;67;15;0
50;67;15;0
51;67;15;0
52;67;15;0
53;67;15;0
54;67;15;0
55;67;15;0
56;67;15;0
57;67;15;0
58;67;15;0
59;67;15;0
60;67;15;0
61;67;15;0
62;67;15;0
63;67;0;0
64;67;0;0
65;67;0;0
66;67;0;0
67;67;0;0
68;67;0;0
69;67;0;0
70;67;0;0
71;67;0;0
72;67;0;0
73;67;0;0
74;67;0;0
75;67;0;0
76;67;0;0
77;67;0;0
78;67;0;0
0;68;0;0
1;68;0;0
2;68;0;0
3;68;0;0
4;68;0;0
5;68;0;0
6;68;0;0
7;68;0;0
8;68;0;0
9;68;0;0
10;68;15;0
11;68;15;0
12;68;15;0
13;68;15;0
14;68;15;0
15;68;15;0
16;68;15;0
17;68;15;0
18;68;15;0
19;68;15;0
20;68;15;0
21;68;15;0
22;68;15;0
23;68;15;0
24;68;15;0
25;68;15;0
26;68;15;0
27;68;15;0
28;68;15;0
29;68;15;0
30;68;15;0
31;68;15;0
32;68;15;0
33;68;15;0
34;68;15;0
35;68;15;0
36;68;15;0
37;68;15;0
38;68;10722;0
39;68;2;0
40;68;2;0
41;68;2;0
42;68;2;0
43;68;2;0
44;68;2;0
45;68;2;0
46;68;12770;0
47;68;15;0
48;68;15;0
49;68;15;0
50;68;15;0
51;68;15;0
52;68;15;0
53;68;15;0
54;68;15;0
55;68;15;0
56;68;15;0
57;68;15;0
58;68;15;0
59;68;15;0
60;68;15;0
61;68;15;0
62;68;15;0
63;68;0;0
64;68;0;0
65;68;0;0
66;68;0;0
67;68;0;0
68;68;0;0
69;68;0;0
70;68;0;0
71;68;0;0
72;68;0;0
73;68;0;0
74;68;0;0
75;68;0;0
76;68;0;0
77;68;0;0
78;68;0;0
0;69;0;0
1;69;0;0
2;69;0;0
3;69;0;0
4;69;0;0
5;69;0;0
6;69;0;0
7;69;0;0
8;69;0;0
9;69;0;0
10;69;15;0
11;69;15;0
12;69;15;0
13;69;15;0
14;69;15;0
15;69;15;0
16;69;15;0
17;69;15;0
18;69;15;0
19;69;15;0
20;69;15;0
21;69;15;0
22;69;15;0
23;69;15;0
24;69;15;0
25;69;15;0
26;69;15;0
27;69;15;0
28;69;15;0
29;69;15;0
30;69;15;0
31;69;15;0
32;69;15;0
33;69;15;0
34;69;15;0
35;69;15;0
36;69;15;0
37;69;15;0
38;69;10722;0
39;69;2;0
40;69;2;0
41;69;2;0
42;69;2;0
43;69;2;0
44;69;2;0
45;69;2;0
46;69;12770;0
47;69;15;0
48;69;15;0
49;69;15;0
50;69;15;0
51;69;15;0
52;69;15;0
53;69;15;0
54;69;15;0
55;69;15;0
56;69;15;0
57;69;15;0
58;69;15;0
59;69;15;0
60;69;15;0
61;69;15;0
62;69;15;0
63;69;0;0
64;69;0;0
65;69;0;0
66;69;0;0
67;69;0;0
68;69;0;0
69;69;0;0
70;69;0;0
71;69;0;0
72;69;0;0
73;69;0;0
74;69;0;0
75;69;0;0
76;69;0;0
77;69;0;0
78;69;0;0
0;70;0;0
1;70;0;0
2;70;0;0
3;70;0;0
4;70;0;0
5;70;0;0
6;70;0;0
7;70;0;0
8;70;0;0
9;70;0;0
10;70;15;0
11;70;15;0
12;70;15;0
13;70;15;0
14;70;15;0
15;70;15;0
16;70;15;0
17;70;15;0
18;70;15;0
19;70;15;0
20;70;15;0
21;70;15;0
22;70;15;0
23;70;15;0
24;70;15;0
25;70;15;0
26;70;15;0
27;70;15;0
28;70;15;0
29;70;15;0
30;70;15;0
31;70;15;0
32;70;15;0
33;70;15;0
34;70;15;0
35;70;15;0
36;70;15;0
37;70;15;0
38;70;10722;0
39;70;2;0
40;70;2;0
41;70;2;0
42;70;2;0
43;70;2;0
44;70;2;0
45;70;2;0
46;70;12770;0
47;70;15;0
48;70;15;0
49;70;15;0
50;70;15;0
51;70;15;0
52;70;15;0
53;70;15;0
54;70;15;0
55;70;15;0
56;70;15;0
57;70;15;0
58;70;15;0
59;70;15;0
60;70;15;0
61;70;15;0
62;70;15;0
63;70;0;0
64;70;0;0
65;70;0;0
66;70;0;0
67;70;0;0
68;70;0;0
69;70;0;0
70;70;0;0
71;70;0;0
72;70;0;0
73;70;0;0
74;70;0;0
75;70;0;0
76;70;0;0
77;70;0;0
78;70;0;0
0;71;0;0
1;71;0;0
2;71;0;0
3;71;0;0
4;71;0;0
5;71;0;0
6;71;0;0
7;71;0;0
8;71;0;0
9;71;0;0
10;71;15;0
11;71;15;0
12;71;15;0
13;71;15;0
14;71;15;0
15;71;15;0
16;71;15;0
17;71;15;0
18;71;15;0
19;71;15;0
20;71;15;0
21;71;15;0
22;71;15;0
23;71;15;0
24;71;15;0
25;71;15;0
26;71;15;0
27;71;15;0
28;71;15;0
29;71;15;0
30;71;15;0
31;71;15;0
32;71;15;0
33;71;15;0
34;71;15;0
35;71;15;0
36;71;15;0
37;71;15;0
38;71;10722;0
39;71;2;0
40;71;2;0
41;71;2;0
42;71;2;0
43;71;2;0
44;71;2;0
45;71;2;0
46;71;12770;0
47;71;15;0
48;71;15;0
49;71;15;0
50;71;15;0
51;71;15;0
52;71;15;0
53;71;15;0
54;71;15;0
55;71;15;0
56;71;15;0
57;71;15;0
58;71;15;0
59;71;15;0
60;71;15;0
61;71;15;0
62;71;15;0
63;71;0;0
64;71;0;0
65;71;0;0
66;71;0;0
67;71;0;0
68;71;0;0
69;71;0;0
70;71;0;0
71;71;0;0
72;71;0;0
73;71;0;0
74;71;0;0
75;71;0;0
76;71;0;0
77;71;0;0
78;71;0;0
0;72;0;0
1;72;0;0
2;72;0;0
3;72;0;0
4;72;0;0
5;72;0;0
6;72;0;0
7;72;0;0
8;72;0;0
9;72;0;0
10;72;15;0
11;72;15;0
12;72;15;0
13;72;15;0
14;72;15;0
15;72;15;0
16;72;15;0
17;72;15;0
18;72;15;0
19;72;15;0
20;72;15;0
21;72;15;0
22;72;15;0
23;72;15;0
24;72;15;0
25;72;15;0
26;72;15;0
27;72;15;0
28;72;15;0
29;72;15;0
30;72;15;0
31;72;15;0
32;72;15;0
33;72;15;0
34;72;15;0
35;72;15;0
36;72;15;0
37;72;15;0
38;72;10722;0
39;72;2;0
40;72;2;0
41;72;2;0
42;72;2;0
43;72;2;0
44;72;2;0
45;72;2;0
46;72;12770;0
47;72;15;0
48;72;15;0
49;72;15;0
50;72;15;0
51;72;15;0
52;72;15;0
53;72;15;0
54;72;15;0
55;72;15;0
56;72;15;0
57;72;15;0
58;72;15;0
59;72;15;0
60;72;15;0
61;72;15;0
62;72;15;0
63;72;0;0
64;72;0;0
65;72;0;0
66;72;0;0
67;72;0;0
68;72;0;0
69;72;0;0
70;72;0;0
71;72;0;0
72;72;0;0
73;72;0;0
74;72;0;0
75;72;0;0
76;72;0;0
77;72;0;0
78;72;0;0
0;73;0;0
1;73;0;0
2;73;0;0
3;73;0;0
4;73;0;0
5;73;0;0
6;73;0;0
7;73;0;0
8;73;0;0
9;73;0;0
10;73;15;0
11;73;15;0
12;73;15;0
13;73;15;0
14;73;15;0
15;73;15;0
16;73;15;0
17;73;15;0
18;73;15;0
19;73;15;0
20;73;15;0
21;73;15;0
22;73;15;0
23;73;15;0
24;73;15;0
25;73;15;0
26;73;15;0
27;73;15;0
28;73;15;0
29;73;15;0
30;73;15;0
31;73;15;0
32;73;15;0
33;73;15;0
34;73;15;0
35;73;15;0
36;73;15;0
37;73;15;0
38;73;10722;0
39;73;2;0
40;73;2;0
41;73;2;0
42;73;2;0
43;73;2;0
44;73;2;0
45;73;2;0
46;73;12770;0
47;73;15;0
48;73;15;0
49;73;15;0
50;73;15;0
51;73;15;0
52;73;15;0
53;73;15;0
54;73;15;0
55;73;15;0
56;73;15;0
57;73;15;0
58;73;15;0
59;73;15;0
60;73;15;0
61;73;15;0
62;73;15;0
63;73;15;0
64;73;15;0
65;73;15;0
66;73;0;0
67;73;0;0
68;73;0;0
69;73;0;0
70;73;0;0
71;73;0;0
72;73;0;0
73;73;0;0
74;73;0;0
75;73;0;0
76;73;0;0
77;73;0;0
78;73;0;0
0;74;0;0
1;74;0;0
2;74;0;0
3;74;0;0
4;74;0;0
5;74;0;0
6;74;0;0
7;74;0;0
8;74;0;0
9;74;15;0
10;74;15;0
11;74;15;0
12;74;15;0
13;74;15;0
14;74;15;0
15;74;15;0
16;74;15;0
17;74;15;0
18;74;15;0
19;74;15;0
20;74;15;0
21;74;15;0
22;74;15;0
23;74;15;0
24;74;15;0
25;74;15;0
26;74;15;0
27;74;15;0
28;74;15;0
29;74;15;0
30;74;15;0
31;74;15;0
32;74;15;0
33;74;15;0
34;74;15;0
35;74;15;0
36;74;15;0
37;74;15;0
38;74;10722;0
39;74;2;0
40;74;2;0
41;74;2;0
42;74;2;0
43;74;2;0
44;74;2;0
45;74;2;0
46;74;12770;0
47;74;15;0
48;74;15;0
49;74;15;0
50;74;15;0
51;74;15;0
52;74;15;0
53;74;15;0
54;74;15;0
55;74;15;0
56;74;15;0
57;74;15;0
58;74;15;0
59;74;15;0
60;74;15;0
61;74;15;0
62;74;15;0
63;74;15;0
64;74;15;0
65;74;15;0
66;74;15;0
67;74;15;0
68;74;0;0
69;74;0;0
70;74;0;0
71;74;0;0
72;74;0;0
73;74;0;0
74;74;0;0
75;74;0;0
76;74;0;0
77;74;0;0
78;74;0;0
0;75;0;0
1;75;0;0
2;75;0;0
3;75;0;0
4;75;0;0
5;75;0;0
6;75;0;0
7;75;0;0
8;75;0;0
9;75;15;0
10;75;15;0
11;75;15;0
12;75;15;0
13;75;15;0
14;75;15;0
15;75;15;0
16;75;15;0
17;75;15;0
18;75;15;0
19;75;15;0
20;75;15;0
21;75;15;0
22;75;15;0
23;75;15;0
24;75;15;0
25;75;15;0
26;75;15;0
27;75;15;0
28;75;15;0
29;75;15;0
30;75;15;0
31;75;15;0
32;75;15;0
33;75;15;0
34;75;15;0
35;75;15;0
36;75;15;0
37;75;15;0
38;75;10722;0
39;75;2;0
40;75;2;0
41;75;2;0
42;75;2;0
43;75;2;0
44;75;2;0
45;75;2;0
46;75;12770;0
47;75;15;0
48;75;15;0
49;75;15;0
50;75;15;0
51;75;15;0
52;75;15;0
53;75;15;0
54;75;15;0
55;75;15;0
56;75;15;0
57;75;15;0
58;75;15;0
59;75;15;0
60;75;15;0
61;75;15;0
62;75;15;0
63;75;15;0
64;75;15;0
65;75;15;0
66;75;15;0
67;75;15;0
68;75;0;0
69;75;0;0
70;75;0;0
71;75;0;0
72;75;0;0
73;75;0;0
74;75;0;0
75;75;0;0
76;75;0;0
77;75;0;0
78;75;0;0
0;76;0;0
1;76;0;0
2;76;0;0
3;76;0;0
4;76;0;0
5;76;0;0
6;76;0;0
7;76;0;0
8;76;0;0
9;76;15;0
10;76;15;0
11;76;15;0
12;76;15;0
13;76;15;0
14;76;15;0
15;76;15;0
16;76;15;0
17;76;15;0
18;76;15;0
19;76;15;0
20;76;15;0
21;76;15;0
22;76;15;0
23;76;15;0
24;76;15;0
25;76;15;0
26;76;15;0
27;76;15;0
28;76;15;0
29;76;15;0
30;76;15;0
31;76;15;0
32;76;15;0
33;76;15;0
34;76;15;0
35;76;15;0
36;76;15;0
37;76;15;0
38;76;10722;0
39;76;2;0
40;76;2;0
41;76;2;0
42;76;2;0
43;76;2;0
44;76;2;0
45;76;2;0
46;76;12770;0
47;76;15;0
48;76;15;0
49;76;15;0
50;76;15;0
51;76;15;0
52;76;15;0
53;76;15;0
54;76;15;0
55;76;15;0
56;76;15;0
57;76;15;0
58;76;15;0
59;76;15;0
60;76;15;0
61;76;15;0
62;76;15;0
63;76;15;0
64;76;15;0
65;76;15;0
66;76;15;0
67;76;15;0
68;76;0;0
69;76;0;0
70;76;0;0
71;76;0;0
72;76;0;0
73;76;0;0
74;76;0;0
75;76;0;0
76;76;0;0
77;76;0;0
78;76;0;0
0;77;0;0
1;77;0;0
2;77;0;0
3;77;0;0
4;77;0;0
5;77;0;0
6;77;0;0
7;77;0;0
8;77;0;0
9;77;15;0
10;77;15;0
11;77;15;0
12;77;15;0
13;77;15;0
14;77;15;0
15;77;15;0
16;77;15;0
17;77;15;0
18;77;15;0
19;77;15;0
20;77;15;0
21;77;15;0
22;77;15;0
23;77;15;0
24;77;15;0
25;77;15;0
26;77;15;0
27;77;15;0
28;77;15;0
29;77;15;0
30;77;15;0
31;77;15;0
32;77;15;0
33;77;15;0
34;77;15;0
35;77;15;0
36;77;15;0
37;77;15;0
38;77;10722;0
39;77;2;0
40;77;2;0
41;77;2;0
42;77;2;0
43;77;2;0
44;77;2;0
45;77;2;0
46;77;12770;0
47;77;15;0
48;77;15;0
49;77;15;0
50;77;15;0
51;77;15;0
52;77;15;0
53;77;15;0
54;77;15;0
55;77;15;0
56;77;15;0
57;77;15;0
58;77;15;0
59;77;15;0
60;77;15;0
61;77;15;0
62;77;15;0
63;77;15;0
64;77;15;0
65;77;15;0
66;77;0;0
67;77;0;0
68;77;0;0
69;77;0;0
70;77;0;0
71;77;0;0
72;77;0;0
73;77;0;0
74;77;0;0
75;77;0;0
76;77;0;0
77;77;0;0
78;77;0;0
0;78;0;0
1;78;0;0
2;78;0;0
3;78;0;0
4;78;0;0
5;78;0;0
6;78;0;0
7;78;0;0
8;78;0;0
9;78;0;0
10;78;15;0
11;78;15;0
12;78;15;0
13;78;15;0
14;78;15;0
15;78;15;0
16;78;15;0
17;78;15;0
18;78;15;0
19;78;15;0
20;78;15;0
21;78;15;0
22;78;15;0
23;78;15;0
24;78;15;0
25;78;15;0
26;78;15;0
27;78;15;0
28;78;15;0
29;78;15;0
30;78;15;0
31;78;15;0
32;78;15;0
33;78;15;0
34;78;15;0
35;78;15;0
36;78;15;0
37;78;15;0
38;78;10722;0
39;78;2;0
40;78;2;0
41;78;2;0
42;78;2;0
43;78;2;0
44;78;2;0
45;78;2;0
46;78;12770;0
47;78;15;0
48;78;15;0
49;78;15;0
50;78;15;0
51;78;15;0
52;78;15;0
53;78;15;0
54;78;15;0
55;78;15;0
56;78;15;0
57;78;15;0
58;78;15;0
59;78;15;0
60;78;15;0
61;78;15;0
62;78;15;0
63;78;15;0
64;78;15;0
65;78;15;0
66;78;0;0
67;78;0;0
68;78;0;0
69;78;0;0
70;78;0;0
71;78;0;0
72;78;0;0
73;78;0;0
74;78;0;0
75;78;0;0
76;78;0;0
77;78;0;0
78;78;0;0
0;79;0;0
1;79;0;0
2;79;0;0
3;79;0;0
4;79;0;0
5;79;0;0
6;79;0;0
7;79;0;0
8;79;0;0
9;79;0;0
10;79;15;0
11;79;15;0
12;79;15;0
13;79;15;0
14;79;15;0
15;79;15;0
16;79;15;0
17;79;15;0
18;79;15;0
19;79;15;0
20;79;15;0
21;79;15;0
22;79;15;0
23;79;15;0
24;79;15;0
25;79;15;0
26;79;15;0
27;79;15;0
28;79;15;0
29;79;15;0
30;79;15;0
31;79;15;0
32;79;15;0
33;79;15;0
34;79;15;0
35;79;15;0
36;79;15;0
37;79;15;0
38;79;10722;0
39;79;2;0
40;79;2;0
41;79;2;0
42;79;2;0
43;79;2;0
44;79;2;0
45;79;2;0
46;79;12770;0
47;79;15;0
48;79;15;0
49;79;15;0
50;79;15;0
51;79;15;0
52;79;15;0
53;79;15;0
54;79;15;0
55;79;15;0
56;79;15;0
57;79;15;0
58;79;15;0
59;79;15;0
60;79;15;0
61;79;15;0
62;79;15;0
63;79;15;0
64;79;15;0
65;79;15;0
66;79;0;0
67;79;0;0
68;79;0;0
69;79;0;0
70;79;0;0
71;79;0;0
72;79;0;0
73;79;0;0
74;79;0;0
75;79;0;0
76;79;0;0
77;79;0;0
78;79;0;0
0;80;0;0
1;80;0;0
2;80;0;0
3;80;0;0
4;80;0;0
5;80;0;0
6;80;0;0
7;80;0;0
8;80;0;0
9;80;0;0
10;80;15;0
11;80;15;0
12;80;15;0
13;80;15;0
14;80;15;0
15;80;15;0
16;80;15;0
17;80;15;0
18;80;15;0
19;80;15;0
20;80;15;0
21;80;15;0
22;80;15;0
23;80;15;0
24;80;15;0
25;80;15;0
26;80;15;0
27;80;15;0
28;80;15;0
29;80;15;0
30;80;15;0
31;80;15;0
32;80;15;0
33;80;15;0
34;80;15;0
35;80;15;0
36;80;15;0
37;80;15;0
38;80;10722;0
39;80;2;0
40;80;2;0
41;80;2;0
42;80;2;0
43;80;2;0
44;80;2;0
45;80;2;0
46;80;12770;0
47;80;15;0
48;80;15;0
49;80;15;0
50;80;15;0
51;80;15;0
52;80;15;0
53;80;15;0
54;80;15;0
55;80;15;0
56;80;15;0
57;80;15;0
58;80;15;0
59;80;15;0
60;80;15;0
61;80;15;0
62;80;15;0
63;80;15;0
64;80;15;0
65;80;15;0
66;80;0;0
67;80;0;0
68;80;0;0
69;80;0;0
70;80;0;0
71;80;0;0
72;80;0;0
73;80;0;0
74;80;0;0
75;80;0;0
76;80;0;0
77;80;0;0
78;80;0;0
0;81;0;0
1;81;0;0
2;81;0;0
3;81;0;0
4;81;0;0
5;81;0;0
6;81;0;0
7;81;0;0
8;81;0;0
9;81;0;0
10;81;15;0
11;81;15;0
12;81;15;0
13;81;15;0
14;81;15;0
15;81;15;0
16;81;15;0
17;81;15;0
18;81;15;0
19;81;15;0
20;81;15;0
21;81;15;0
22;81;15;0
23;81;15;0
24;81;15;0
25;81;15;0
26;81;15;0
27;81;15;0
28;81;15;0
29;81;15;0
30;81;15;0
31;81;15;0
32;81;15;0
33;81;15;0
34;81;15;0
35;81;15;0
36;81;15;0
37;81;15;0
38;81;10722;0
39;81;2;0
40;81;2;0
41;81;2;0
42;81;2;0
43;81;2;0
44;81;2;0
45;81;2;0
46;81;12770;0
47;81;15;0
48;81;15;0
49;81;15;0
50;81;15;0
51;81;15;0
52;81;15;0
53;81;15;0
54;81;15;0
55;81;15;0
56;81;15;0
57;81;15;0
58;81;15;0
59;81;15;0
60;81;15;0
61;81;15;0
62;81;15;0
63;81;15;0
64;81;15;0
65;81;15;0
66;81;0;0
67;81;0;0
68;81;0;0
69;81;0;0
70;81;0;0
71;81;0;0
72;81;0;0
73;81;0;0
74;81;0;0
75;81;0;0
76;81;0;0
77;81;0;0
78;81;0;0
0;82;0;0
1;82;0;0
2;82;0;0
3;82;0;0
4;82;0;0
5;82;0;0
6;82;0;0
7;82;0;0
8;82;0;0
9;82;0;0
10;82;15;0
11;82;15;0
12;82;15;0
13;82;15;0
14;82;15;0
15;82;15;0
16;82;15;0
17;82;15;0
18;82;15;0
19;82;15;0
20;82;15;0
21;82;15;0
22;82;15;0
23;82;15;0
24;82;15;0
25;82;15;0
26;82;15;0
27;82;15;0
28;82;15;0
29;82;15;0
30;82;15;0
31;82;15;0
32;82;15;0
33;82;15;0
34;82;15;0
35;82;15;0
36;82;15;0
37;82;15;0
38;82;10722;0
39;82;2;0
40;82;2;0
41;82;2;0
42;82;2;0
43;82;2;0
44;82;2;0
45;82;2;0
46;82;12770;0
47;82;15;0
48;82;15;0
49;82;15;0
50;82;15;0
51;82;15;0
52;82;15;0
53;82;15;0
54;82;15;0
55;82;15;0
56;82;15;0
57;82;15;0
58;82;15;0
59;82;15;0
60;82;15;0
61;82;15;0
62;82;15;0
63;82;15;0
64;82;15;0
65;82;15;0
66;82;0;0
67;82;0;0
68;82;0;0
69;82;0;0
70;82;0;0
71;82;0;0
72;82;0;0
73;82;0;0
74;82;0;0
75;82;0;0
76;82;0;0
77;82;0;0
78;82;0;0
0;83;0;0
1;83;0;0
2;83;0;0
3;83;0;0
4;83;0;0
5;83;0;0
6;83;0;0
7;83;0;0
8;83;0;0
9;83;0;0
10;83;15;0
11;83;15;0
12;83;15;0
13;83;15;0
14;83;15;0
15;83;15;0
16;83;15;0
17;83;15;0
18;83;15;0
19;83;15;0
20;83;15;0
21;83;15;0
22;83;15;0
23;83;15;0
24;83;15;0
25;83;15;0
26;83;15;0
27;83;15;0
28;83;15;0
29;83;15;0
30;83;15;0
31;83;15;0
32;83;15;0
33;83;15;0
34;83;15;0
35;83;15;0
36;83;15;0
37;83;15;0
38;83;10722;0
39;83;2;0
40;83;2;0
41;83;2;0
42;83;2;0
43;83;2;0
44;83;2;0
45;83;2;0
46;83;12770;0
47;83;15;0
48;83;15;0
49;83;15;0
50;83;15;0
51;83;15;0
52;83;15;0
53;83;15;0
54;83;15;0
55;83;15;0
56;83;15;0
57;83;15;0
58;83;15;0
59;83;15;0
60;83;15;0
61;83;15;0
62;83;15;0
63;83;15;0
64;83;15;0
65;83;15;0
66;83;0;0
67;83;0;0
68;83;0;0
69;83;0;0
70;83;0;0
71;83;0;0
72;83;0;0
73;83;0;0
74;83;0;0
75;83;0;0
76;83;0;0
77;83;0;0
78;83;0;0
0;84;0;0
1;84;0;0
2;84;0;0
3;84;0;0
4;84;0;0
5;84;0;0
6;84;0;0
7;84;0;0
8;84;0;0
9;84;0;0
10;84;15;0
11;84;15;0
12;84;15;0
13;84;15;0
14;84;15;0
15;84;15;0
16;84;15;0
17;84;15;0
18;84;15;0
19;84;15;0
20;84;15;0
21;84;15;0
22;84;15;0
23;84;15;0
24;84;15;0
25;84;15;0
26;84;15;0
27;84;15;0
28;84;15;0
29;84;15;0
30;84;15;0
31;84;15;0
32;84;15;0
33;84;15;0
34;84;15;0
35;84;15;0
36;84;15;0
37;84;15;0
38;84;10722;0
39;84;2;0
40;84;2;0
41;84;2;0
42;84;2;0
43;84;2;0
44;84;2;0
45;84;2;0
46;84;12770;0
47;84;15;0
48;84;15;0
49;84;15;0
50;84;15;0
51;84;15;0
52;84;15;0
53;84;15;0
54;84;15;0
55;84;15;0
56;84;15;0
57;84;15;0
58;84;15;0
59;84;15;0
60;84;15;0
61;84;15;0
62;84;15;0
63;84;15;0
64;84;15;0
65;84;15;0
66;84;0;0
67;84;0;0
68;84;0;0
69;84;0;0
70;84;0;0
71;84;0;0
72;84;0;0
73;84;0;0
74;84;0;0
75;84;0;0
76;84;0;0
77;84;0;0
78;84;0;0
0;85;0;0
1;85;0;0
2;85;0;0
3;85;0;0
4;85;0;0
5;85;0;0
6;85;0;0
7;85;0;0
8;85;0;0
9;85;0;0
10;85;15;0
11;85;15;0
12;85;15;0
13;85;15;0
14;85;15;0
15;85;15;0
16;85;15;0
17;85;15;0
18;85;15;0
19;85;15;0
20;85;15;0
21;85;15;0
22;85;15;0
23;85;15;0
24;85;15;0
25;85;15;0
26;85;15;0
27;85;15;0
28;85;15;0
29;85;15;0
30;85;15;0
31;85;15;0
32;85;15;0
33;85;15;0
34;85;15;0
35;85;15;0
36;85;15;0
37;85;15;0
38;85;10722;0
39;85;2;0
40;85;2;0
41;85;2;0
42;85;2;0
43;85;2;0
44;85;2;0
45;85;2;0
46;85;12770;0
47;85;15;0
48;85;15;0
49;85;15;0
50;85;15;0
51;85;15;0
52;85;15;0
53;85;15;0
54;85;15;0
55;85;15;0
56;85;15;0
57;85;15;0
58;85;15;0
59;85;15;0
60;85;15;0
61;85;15;0
62;85;15;0
63;85;15;0
64;85;15;0
65;85;15;0
66;85;0;0
67;85;0;0
68;85;0;0
69;85;0;0
70;85;0;0
71;85;0;0
72;85;0;0
73;85;0;0
74;85;0;0
75;85;0;0
76;85;0;0
77;85;0;0
78;85;0;0
0;86;0;0
1;86;0;0
2;86;0;0
3;86;0;0
4;86;0;0
5;86;0;0
6;86;0;0
7;86;0;0
8;86;0;0
9;86;0;0
10;86;15;0
11;86;15;0
12;86;15;0
13;86;15;0
14;86;15;0
15;86;15;0
16;86;15;0
17;86;15;0
18;86;15;0
19;86;15;0
20;86;15;0
21;86;15;0
22;86;15;0
23;86;15;0
24;86;15;0
25;86;15;0
26;86;15;0
27;86;15;0
28;86;15;0
29;86;15;0
30;86;15;0
31;86;15;0
32;86;15;0
33;86;15;0
34;86;15;0
35;86;15;0
36;86;15;0
37;86;15;0
38;86;10722;0
39;86;2;0
40;86;2;0
41;86;2;0
42;86;2;0
43;86;2;0
44;86;2;0
45;86;2;0
46;86;12770;0
47;86;15;0
48;86;15;0
49;86;15;0
50;86;15;0
51;86;15;0
52;86;15;0
53;86;15;0
54;86;15;0
55;86;15;0
56;86;15;0
57;86;15;0
58;86;15;0
59;86;15;0
60;86;15;0
61;86;15;0
62;86;0;0
63;86;0;0
64;86;0;0
65;86;0;0
66;86;0;0
67;86;0;0
68;86;0;0
69;86;0;0
70;86;0;0
71;86;0;0
72;86;0;0
73;86;0;0
74;86;0;0
75;86;0;0
76;86;0;0
77;86;0;0
78;86;0;0
0;87;0;0
1;87;0;0
2;87;0;0
3;87;0;0
4;87;0;0
5;87;0;0
6;87;0;0
7;87;0;0
8;87;0;0
9;87;0;0
10;87;15;0
11;87;15;0
12;87;15;0
13;87;15;0
14;87;15;0
15;87;15;0
16;87;15;0
17;87;15;0
18;87;15;0
19;87;15;0
20;87;15;0
21;87;15;0
22;87;15;0
23;87;15;0
24;87;15;0
25;87;15;0
26;87;15;0
27;87;15;0
28;87;15;0
29;87;15;0
30;87;15;0
31;87;15;0
32;87;15;0
33;87;15;0
34;87;15;0
35;87;15;0
36;87;15;0
37;87;15;0
38;87;10722;0
39;87;2;0
40;87;2;0
41;87;2;0
42;87;2;0
43;87;2;0
44;87;2;0
45;87;2;0
46;87;12770;0
47;87;15;0
48;87;15;0
49;87;15;0
50;87;15;0
51;87;15;0
52;87;15;0
53;87;15;0
54;87;15;0
55;87;15;0
56;87;15;0
57;87;15;0
58;87;15;0
59;87;15;0
60;87;15;0
61;87;15;0
62;87;0;0
63;87;0;0
64;87;0;0
65;87;0;0
66;87;0;0
67;87;0;0
68;87;0;0
69;87;0;0
70;87;0;0
71;87;0;0
72;87;0;0
73;87;0;0
74;87;0;0
75;87;0;0
76;87;0;0
77;87;0;0
78;87;0;0
0;88;0;0
1;88;0;0
2;88;0;0
3;88;0;0
4;88;0;0
5;88;0;0
6;88;0;0
7;88;0;0
8;88;0;0
9;88;0;0
10;88;15;0
11;88;15;0
12;88;15;0
13;88;15;0
14;88;15;0
15;88;15;0
16;88;15;0
17;88;15;0
18;88;15;0
19;88;15;0
20;88;15;0
21;88;15;0
22;88;15;0
23;88;15;0
24;88;15;0
25;88;15;0
26;88;15;0
27;88;15;0
28;88;15;0
29;88;15;0
30;88;15;0
31;88;15;0
32;88;15;0
33;88;15;0
34;88;15;0
35;88;15;0
36;88;15;0
37;88;15;0
38;88;10722;0
39;88;2;0
40;88;2;0
41;88;2;0
42;88;2;0
43;88;2;0
44;88;2;0
45;88;2;0
46;88;12770;0
47;88;15;0
48;88;15;0
49;88;15;0
50;88;15;0
51;88;15;0
52;88;15;0
53;88;15;0
54;88;15;0
55;88;15;0
56;88;15;0
57;88;15;0
58;88;15;0
59;88;15;0
60;88;15;0
61;88;15;0
62;88;0;0
63;88;0;0
64;88;0;0
65;88;0;0
66;88;0;0
67;88;0;0
68;88;0;0
69;88;0;0
70;88;0;0
71;88;0;0
72;88;0;0
73;88;0;0
74;88;0;0
75;88;0;0
76;88;0;0
77;88;0;0
78;88;0;0
0;89;0;0
1;89;0;0
2;89;0;0
3;89;0;0
4;89;0;0
5;89;0;0
6;89;0;0
7;89;0;0
8;89;0;0
9;89;0;0
10;89;15;0
11;89;15;0
12;89;15;0
13;89;15;0
14;89;15;0
15;89;15;0
16;89;15;0
17;89;15;0
18;89;15;0
19;89;15;0
20;89;15;0
21;89;15;0
22;89;15;0
23;89;15;0
24;89;15;0
25;89;15;0
26;89;15;0
27;89;15;0
28;89;15;0
29;89;15;0
30;89;15;0
31;89;15;0
32;89;15;0
33;89;15;0
34;89;15;0
35;89;15;0
36;89;15;0
37;89;15;0
38;89;10722;0
39;89;2;0
40;89;2;0
41;89;2;0
42;89;2;0
43;89;2;0
44;89;2;0
45;89;2;0
46;89;12770;0
47;89;15;0
48;89;15;0
49;89;15;0
50;89;15;0
51;89;15;0
52;89;15;0
53;89;15;0
54;89;15;0
55;89;15;0
56;89;15;0
57;89;15;0
58;89;15;0
59;89;15;0
60;89;15;0
61;89;15;0
62;89;0;0
63;89;0;0
64;89;0;0
65;89;0;0
66;89;0;0
67;89;0;0
68;89;0;0
69;89;0;0
70;89;0;0
71;89;0;0
72;89;0;0
73;89;0;0
74;89;0;0
75;89;0;0
76;89;0;0
77;89;0;0
78;89;0;0
0;90;0;0
1;90;0;0
2;90;0;0
3;90;0;0
4;90;0;0
5;90;0;0
6;90;0;0
7;90;0;0
8;90;0;0
9;90;0;0
10;90;15;0
11;90;15;0
12;90;15;0
13;90;15;0
14;90;15;0
15;90;15;0
16;90;15;0
17;90;15;0
18;90;15;0
19;90;15;0
20;90;15;0
21;90;15;0
22;90;15;0
23;90;15;0
24;90;15;0
25;90;15;0
26;90;15;0
27;90;15;0
28;90;15;0
29;90;15;0
30;90;15;0
31;90;15;0
32;90;15;0
33;90;15;0
34;90;15;0
35;90;15;0
36;90;15;0
37;90;15;0
38;90;10722;0
39;90;2;0
40;90;2;0
41;90;2;0
42;90;2;0
43;90;2;0
44;90;2;0
45;90;2;0
46;90;12770;0
47;90;15;0
48;90;15;0
49;90;15;0
50;90;15;0
51;90;15;0
52;90;15;0
53;90;15;0
54;90;15;0
55;90;15;0
56;90;15;0
57;90;15;0
58;90;15;0
59;90;15;0
60;90;15;0
61;90;15;0
62;90;0;0
63;90;0;0
64;90;0;0
65;90;0;0
66;90;0;0
67;90;0;0
68;90;0;0
69;90;0;0
70;90;0;0
71;90;0;0
72;90;0;0
73;90;0;0
74;90;0;0
75;90;0;0
76;90;0;0
77;90;0;0
78;90;0;0
0;91;0;0
1;91;0;0
2;91;0;0
3;91;0;0
4;91;0;0
5;91;0;0
6;91;0;0
7;91;0;0
8;91;0;0
9;91;0;0
10;91;0;0
11;91;0;0
12;91;15;0
13;91;15;0
14;91;15;0
15;91;15;0
16;91;15;0
17;91;15;0
18;91;15;0
19;91;15;0
20;91;15;0
21;91;15;0
22;91;15;0
23;91;15;0
24;91;15;0
25;91;15;0
26;91;15;0
27;91;15;0
28;91;15;0
29;91;15;0
30;91;15;0
31;91;15;0
32;91;15;0
33;91;15;0
34;91;15;0
35;91;15;0
36;91;15;0
37;91;15;0
38;91;10722;0
39;91;2;0
40;91;2;0
41;91;2;0
42;91;2;0
43;91;2;0
44;91;2;0
45;91;2;0
46;91;12770;0
47;91;15;0
48;91;15;0
49;91;15;0
50;91;15;0
51;91;15;0
52;91;15;0
53;91;15;0
54;91;15;0
55;91;15;0
56;91;15;0
57;91;15;0
58;91;15;0
59;91;15;0
60;91;15;0
61;91;15;0
62;91;0;0
63;91;0;0
64;91;0;0
65;91;0;0
66;91;0;0
67;91;0;0
68;91;0;0
69;91;0;0
70;91;0;0
71;91;0;0
72;91;0;0
73;91;0;0
74;91;0;0
75;91;0;0
76;91;0;0
77;91;0;0
78;91;0;0
0;92;0;0
1;92;0;0
2;92;0;0
3;92;0;0
4;92;0;0
5;92;0;0
6;92;0;0
7;92;0;0
8;92;0;0
9;92;0;0
10;92;0;0
11;92;0;0
12;92;15;0
13;92;15;0
14;92;15;0
15;92;15;0
16;92;15;0
17;92;15;0
18;92;15;0
19;92;15;0
20;92;15;0
21;92;15;0
22;92;15;0
23;92;15;0
24;92;15;0
25;92;15;0
26;92;15;0
27;92;15;0
28;92;15;0
29;92;15;0
30;92;15;0
31;92;15;0
32;92;15;0
33;92;15;0
34;92;15;0
35;92;15;0
36;92;15;0
37;92;15;0
38;92;10722;0
39;92;2;0
40;92;2;0
41;92;2;0
42;92;2;0
43;92;2;0
44;92;2;0
45;92;2;0
46;92;12770;0
47;92;15;0
48;92;15;0
49;92;15;0
50;92;15;0
51;92;15;0
52;92;15;0
53;92;15;0
54;92;15;0
55;92;15;0
56;92;15;0
57;92;15;0
58;92;15;0
59;92;15;0
60;92;15;0
61;92;15;0
62;92;0;0
63;92;0;0
64;92;0;0
65;92;0;0
66;92;0;0
67;92;0;0
68;92;0;0
69;92;0;0
70;92;0;0
71;92;0;0
72;92;0;0
73;92;0;0
74;92;0;0
75;92;0;0
76;92;0;0
77;92;0;0
78;92;0;0
0;93;0;0
1;93;0;0
2;93;0;0
3;93;0;0
4;93;0;0
5;93;0;0
6;93;0;0
7;93;0;0
8;93;0;0
9;93;0;0
10;93;0;0
11;93;0;0
12;93;0;0
13;93;0;0
14;93;0;0
15;93;0;0
16;93;0;0
17;93;0;0
18;93;0;0
19;93;0;0
20;93;15;0
21;93;15;0
22;93;15;0
23;93;15;0
24;93;0;0
25;93;0;0
26;93;0;0
27;93;0;0
28;93;0;0
29;93;15;0
30;93;15;0
31;93;15;0
32;93;15;0
33;93;15;0
34;93;15;0
35;93;15;0
36;93;15;0
37;93;15;0
38;93;10722;0
39;93;2;0
40;93;2;0
41;93;2;0
42;93;2;0
43;93;2;0
44;93;2;0
45;93;2;0
46;93;12770;0
47;93;15;0
48;93;15;0
49;93;15;0
50;93;15;0
51;93;15;0
52;93;15;0
53;93;15;0
54;93;15;0
55;93;15;0
56;93;15;0
57;93;15;0
58;93;15;0
59;93;15;0
60;93;15;0
61;93;15;0
62;93;0;0
63;93;0;0
64;93;0;0
65;93;0;0
66;93;0;0
67;93;0;0
68;93;0;0
69;93;0;0
70;93;0;0
71;93;0;0
72;93;0;0
73;93;0;0
74;93;0;0
75;93;0;0
76;93;0;0
77;93;0;0
78;93;0;0
0;94;0;0
1;94;0;0
2;94;0;0
3;94;0;0
4;94;0;0
5;94;0;0
6;94;0;0
7;94;0;0
8;94;0;0
9;94;0;0
10;94;0;0
11;94;0;0
12;94;0;0
13;94;0;0
14;94;0;0
15;94;0;0
16;94;0;0
17;94;0;0
18;94;0;0
19;94;0;0
20;94;0;0
21;94;15;0
22;94;15;0
23;94;0;0
24;94;0;0
25;94;0;0
26;94;0;0
27;94;0;0
28;94;0;0
29;94;15;0
30;94;15;0
31;94;15;0
32;94;15;0
33;94;15;0
34;94;15;0
35;94;15;0
36;94;15;0
37;94;15;0
38;94;10722;0
39;94;2;0
40;94;2;0
41;94;2;0
42;94;2;0
43;94;2;0
44;94;2;0
45;94;2;0
46;94;12770;0
47;94;15;0
48;94;15;0
49;94;15;0
50;94;15;0
51;94;15;0
52;94;15;0
53;94;15;0
54;94;15;0
55;94;15;0
56;94;15;0
57;94;15;0
58;94;15;0
59;94;15;0
60;94;15;0
61;94;15;0
62;94;0;0
63;94;0;0
64;94;0;0
65;94;0;0
66;94;0;0
67;94;0;0
68;94;0;0
69;94;0;0
70;94;0;0
71;94;0;0
72;94;0;0
73;94;0;0
74;94;0;0
75;94;0;0
76;94;0;0
77;94;0;0
78;94;0;0
0;95;0;0
1;95;0;0
2;95;0;0
3;95;0;0
4;95;0;0
5;95;0;0
6;95;0;0
7;95;0;0
8;95;0;0
9;95;0;0
10;95;0;0
11;95;0;0
12;95;0;0
13;95;0;0
14;95;0;0
15;95;0;0
16;95;0;0
17;95;0;0
18;95;0;0
19;95;0;0
20;95;0;0
21;95;0;0
22;95;0;0
23;95;0;0
24;95;0;0
25;95;0;0
26;95;0;0
27;95;0;0
28;95;0;0
29;95;15;0
30;95;15;0
31;95;15;0
32;95;15;0
33;95;15;0
34;95;15;0
35;95;15;0
36;95;15;0
37;95;15;0
38;95;10722;0
39;95;2;0
40;95;2;0
41;95;2;0
42;95;2;0
43;95;2;0
44;95;2;0
45;95;2;0
46;95;12770;0
47;95;15;0
48;95;15;0
49;95;15;0
50;95;15;0
51;95;15;0
52;95;15;0
53;95;15;0
54;95;15;0
55;95;15;0
56;95;15;0
57;95;15;0
58;95;15;0
59;95;15;0
60;95;15;0
61;95;15;0
62;95;0;0
63;95;0;0
64;95;0;0
65;95;0;0
66;95;0;0
67;95;0;0
68;95;0;0
69;95;0;0
70;95;0;0
71;95;0;0
72;95;0;0
73;95;0;0
74;95;0;0
75;95;0;0
76;95;0;0
77;95;0;0
78;95;0;0
0;96;0;0
1;96;0;0
2;96;0;0
3;96;0;0
4;96;0;0
5;96;0;0
6;96;0;0
7;96;0;0
8;96;0;0
9;96;0;0
10;96;0;0
11;96;0;0
12;96;0;0
13;96;0;0
14;96;0;0
15;96;0;0
16;96;0;0
17;96;0;0
18;96;0;0
19;96;0;0
20;96;0;0
21;96;0;0
22;96;0;0
23;96;0;0
24;96;0;0
25;96;0;0
26;96;0;0
27;96;0;0
28;96;0;0
29;96;15;0
30;96;15;0
31;96;15;0
32;96;15;0
33;96;15;0
34;96;15;0
35;96;15;0
36;96;15;0
37;96;15;0
38;96;10722;0
39;96;2;0
40;96;2;0
41;96;2;0
42;96;2;0
43;96;2;0
44;96;2;0
45;96;2;0
46;96;12770;0
47;96;15;0
48;96;15;0
49;96;15;0
50;96;15;0
51;96;15;0
52;96;15;0
53;96;15;0
54;96;15;0
55;96;15;0
56;96;15;0
57;96;15;0
58;96;15;0
59;96;15;0
60;96;15;0
61;96;15;0
62;96;0;0
63;96;0;0
64;96;0;0
65;96;0;0
66;96;0;0
67;96;0;0
68;96;0;0
69;96;0;0
70;96;0;0
71;96;0;0
72;96;0;0
73;96;0;0
74;96;0;0
75;96;0;0
76;96;0;0
77;96;0;0
78;96;0;0
0;97;0;0
1;97;0;0
2;97;0;0
3;97;0;0
4;97;0;0
5;97;0;0
6;97;0;0
7;97;0;0
8;97;0;0
9;97;0;0
10;97;0;0
11;97;0;0
12;97;0;0
13;97;0;0
14;97;0;0
15;97;0;0
16;97;0;0
17;97;0;0
18;97;0;0
19;97;0;0
20;97;0;0
21;97;0;0
22;97;0;0
23;97;0;0
24;97;0;0
25;97;0;0
26;97;0;0
27;97;0;0
28;97;15;0
29;97;15;0
30;97;15;0
31;97;15;0
32;97;15;0
33;97;15;0
34;97;15;0
35;97;15;0
36;97;15;0
37;97;15;0
38;97;10722;0
39;97;2;0
40;97;2;0
41;97;2;0
42;97;2;0
43;97;2;0
44;97;2;0
45;97;2;0
46;97;12770;0
47;97;15;0
48;97;15;0
49;97;15;0
50;97;15;0
51;97;15;0
52;97;15;0
53;97;15;0
54;97;15;0
55;97;15;0
56;97;15;0
57;97;15;0
58;97;15;0
59;97;15;0
60;97;15;0
61;97;15;0
62;97;0;0
63;97;0;0
64;97;0;0
65;97;0;0
66;97;0;0
67;97;0;0
68;97;0;0
69;97;0;0
70;97;0;0
71;97;0;0
72;97;0;0
73;97;0;0
74;97;0;0
75;97;0;0
76;97;0;0
77;97;0;0
78;97;0;0
0;98;0;0
1;98;0;0
2;98;0;0
3;98;0;0
4;98;0;0
5;98;0;0
6;98;0;0
7;98;0;0
8;98;0;0
9;98;0;0
10;98;0;0
11;98;0;0
12;98;0;0
13;98;0;0
14;98;0;0
15;98;0;0
16;98;0;0
17;98;0;0
18;98;0;0
19;98;0;0
20;98;0;0
21;98;0;0
22;98;0;0
23;98;0;0
24;98;0;0
25;98;0;0
26;98;0;0
27;98;0;0
28;98;15;0
29;98;15;0
30;98;15;0
31;98;15;0
32;98;15;0
33;98;15;0
34;98;15;0
35;98;15;0
36;98;15;0
37;98;15;0
38;98;10722;0
39;98;2;0
40;98;2;0
41;98;2;0
42;98;2;0
43;98;2;0
44;98;2;0
45;98;2;0
46;98;12770;0
47;98;15;0
48;98;15;0
49;98;15;0
50;98;15;0
51;98;15;0
52;98;15;0
53;98;15;0
54;98;15;0
55;98;15;0
56;98;15;0
57;98;15;0
58;98;15;0
59;98;15;0
60;98;15;0
61;98;15;0
62;98;0;0
63;98;0;0
64;98;0;0
65;98;0;0
66;98;0;0
67;98;0;0
68;98;0;0
69;98;0;0
70;98;0;0
71;98;0;0
72;98;0;0
73;98;0;0
74;98;0;0
75;98;0;0
76;98;0;0
77;98;0;0
78;98;0;0
0;99;0;0
1;99;0;0
2;99;0;0
3;99;0;0
4;99;0;0
5;99;0;0
6;99;0;0
7;99;0;0
8;99;0;0
9;99;0;0
10;99;0;0
11;99;0;0
12;99;0;0
13;99;0;0
14;99;0;0
15;99;0;0
16;99;0;0
17;99;0;0
18;99;0;0
19;99;0;0
20;99;0;0
21;99;0;0
22;99;0;0
23;99;0;0
24;99;0;0
25;99;0;0
26;99;0;0
27;99;0;0
28;99;15;0
29;99;15;0
30;99;15;0
31;99;15;0
32;99;15;0
33;99;15;0
34;99;15;0
35;99;15;0
36;99;15;0
37;99;15;0
38;99;10722;0
39;99;2;0
40;99;2;0
41;99;2;0
42;99;2;0
43;99;2;0
44;99;2;0
45;99;2;0
46;99;12770;0
47;99;15;0
48;99;15;0
49;99;15;0
50;99;15;0
51;99;15;0
52;99;15;0
53;99;15;0
54;99;15;0
55;99;15;0
56;99;15;0
57;99;15;0
58;99;15;0
59;99;15;0
60;99;15;0
61;99;15;0
62;99;0;0
63;99;0;0
64;99;0;0
65;99;0;0
66;99;0;0
67;99;0;0
68;99;0;0
69;99;0;0
70;99;0;0
71;99;0;0
72;99;0;0
73;99;0;0
74;99;0;0
75;99;0;0
76;99;0;0
77;99;0;0
78;99;0;0
0;100;0;0
1;100;0;0
2;100;0;0
3;100;0;0
4;100;0;0
5;100;0;0
6;100;0;0
7;100;0;0
8;100;0;0
9;100;0;0
10;100;0;0
11;100;0;0
12;100;0;0
13;100;0;0
14;100;0;0
15;100;0;0
16;100;0;0
17;100;0;0
18;100;0;0
19;100;0;0
20;100;0;0
21;100;0;0
22;100;0;0
23;100;0;0
24;100;0;0
25;100;0;0
26;100;0;0
27;100;0;0
28;100;15;0
29;100;15;0
30;100;15;0
31;100;15;0
32;100;15;0
33;100;15;0
34;100;15;0
35;100;15;0
36;100;15;0
37;100;15;0
38;100;10722;0
39;100;2;0
40;100;2;0
41;100;2;0
42;100;2;0
43;100;2;0
44;100;2;0
45;100;2;0
46;100;12770;0
47;100;15;0
48;100;15;0
49;100;15;0
50;100;15;0
51;100;15;0
52;100;15;0
53;100;15;0
54;100;15;0
55;100;15;0
56;100;15;0
57;100;15;0
58;100;15;0
59;100;15;0
60;100;15;0
61;100;15;0
62;100;0;0
63;100;0;0
64;100;0;0
65;100;0;0
66;100;0;0
67;100;0;0
68;100;0;0
69;100;0;0
70;100;0;0
71;100;0;0
72;100;0;0
73;100;0;0
74;100;0;0
75;100;0;0
76;100;0;0
77;100;0;0
78;100;0;0
0;101;0;0
1;101;0;0
2;101;0;0
3;101;0;0
4;101;0;0
5;101;0;0
6;101;0;0
7;101;0;0
8;101;0;0
9;101;0;0
10;101;0;0
11;101;0;0
12;101;0;0
13;101;0;0
14;101;0;0
15;101;0;0
16;101;0;0
17;101;0;0
18;101;0;0
19;101;0;0
20;101;0;0
21;101;0;0
22;101;0;0
23;101;0;0
24;101;0;0
25;101;0;0
26;101;0;0
27;101;0;0
28;101;0;0
29;101;0;0
30;101;15;0
31;101;15;0
32;101;15;0
33;101;15;0
34;101;15;0
35;101;15;0
36;101;15;0
37;101;15;0
38;101;10722;0
39;101;2;0
40;101;2;0
41;101;2;0
42;101;2;0
43;101;2;0
44;101;2;0
45;101;2;0
46;101;12770;0
47;101;15;0
48;101;15;0
49;101;15;0
50;101;15;0
51;101;15;0
52;101;15;0
53;101;15;0
54;101;15;0
55;101;15;0
56;101;15;0
57;101;15;0
58;101;15;0
59;101;0;0
60;101;0;0
61;101;0;0
62;101;0;0
63;101;0;0
64;101;0;0
65;101;0;0
66;101;0;0
67;101;0;0
68;101;0;0
69;101;0;0
70;101;0;0
71;101;0;0
72;101;0;0
73;101;0;0
74;101;0;0
75;101;0;0
76;101;0;0
77;101;0;0
78;101;0;0
0;102;0;0
1;102;0;0
2;102;0;0
3;102;0;0
4;102;0;0
5;102;0;0
6;102;0;0
7;102;0;0
8;102;0;0
9;102;0;0
10;102;0;0
11;102;0;0
12;102;0;0
13;102;0;0
14;102;0;0
15;102;0;0
16;102;0;0
17;102;0;0
18;102;0;0
19;102;0;0
20;102;0;0
21;102;0;0
22;102;0;0
23;102;0;0
24;102;0;0
25;102;0;0
26;102;0;0
27;102;0;0
28;102;0;0
29;102;0;0
30;102;15;0
31;102;15;0
32;102;15;0
33;102;15;0
34;102;15;0
35;102;15;0
36;102;15;0
37;102;15;0
38;102;10722;0
39;102;2;0
40;102;2;0
41;102;2;0
42;102;2;0
43;102;2;0
44;102;2;0
45;102;2;0
46;102;12770;0
47;102;15;0
48;102;15;0
49;102;15;0
50;102;15;0
51;102;15;0
52;102;15;0
53;102;15;0
54;102;15;0
55;102;15;0
56;102;15;0
57;102;15;0
58;102;15;0
59;102;0;0
60;102;0;0
61;102;0;0
62;102;0;0
63;102;0;0
64;102;0;0
65;102;0;0
66;102;0;0
67;102;0;0
68;102;0;0
69;102;0;0
70;102;0;0
71;102;0;0
72;102;0;0
73;102;0;0
74;102;0;0
75;102;0;0
76;102;0;0
77;102;0;0
78;102;0;0
0;103;0;0
1;103;0;0
2;103;0;0
3;103;0;0
4;103;0;0
5;103;0;0
6;103;0;0
7;103;0;0
8;103;0;0
9;103;0;0
10;103;0;0
11;103;0;0
12;103;0;0
13;103;0;0
14;103;0;0
15;103;0;0
16;103;0;0
17;103;0;0
18;103;0;0
19;103;0;0
20;103;0;0
21;103;0;0
22;103;0;0
23;103;0;0
24;103;0;0
25;103;0;0
26;103;0;0
27;103;0;0
28;103;0;0
29;103;0;0
30;103;15;0
31;103;15;0
32;103;15;0
33;103;15;0
34;103;15;0
35;103;15;0
36;103;15;0
37;103;15;0
38;103;10722;0
39;103;2;0
40;103;2;0
41;103;2;0
42;103;2;0
43;103;2;0
44;103;2;0
45;103;2;0
46;103;12770;0
47;103;15;0
48;103;15;0
49;103;15;0
50;103;15;0
51;103;15;0
52;103;15;0
53;103;15;0
54;103;15;0
55;103;15;0
56;103;15;0
57;103;15;0
58;103;15;0
59;103;0;0
60;103;0;0
61;103;0;0
62;103;0;0
63;103;0;0
64;103;0;0
65;103;0;0
66;103;0;0
67;103;0;0
68;103;0;0
69;103;0;0
70;103;0;0
71;103;0;0
72;103;0;0
73;103;0;0
74;103;0;0
75;103;0;0
76;103;0;0
77;103;0;0
78;103;0;0
0;104;0;0
1;104;0;0
2;104;0;0
3;104;0;0
4;104;0;0
5;104;0;0
6;104;0;0
7;104;0;0
8;104;0;0
9;104;0;0
10;104;0;0
11;104;0;0
12;104;0;0
13;104;0;0
14;104;0;0
15;104;0;0
16;104;0;0
17;104;0;0
18;104;0;0
19;104;0;0
20;104;0;0
21;104;0;0
22;104;0;0
23;104;0;0
24;104;0;0
25;104;0;0
26;104;0;0
27;104;0;0
28;104;0;0
29;104;0;0
30;104;15;0
31;104;15;0
32;104;15;0
33;104;15;0
34;104;15;0
35;104;15;0
36;104;15;0
37;104;15;0
38;104;10722;0
39;104;2;0
40;104;2;0
41;104;2;0
42;104;2;0
43;104;2;0
44;104;2;0
45;104;2;0
46;104;12770;0
47;104;15;0
48;104;15;0
49;104;15;0
50;104;15;0
51;104;0;0
52;104;0;0
53;104;0;0
54;104;0;0
55;104;0;0
56;104;0;0
57;104;0;0
58;104;0;0
59;104;0;0
60;104;0;0
61;104;0;0
62;104;0;0
63;104;0;0
64;104;0;0
65;104;0;0
66;104;0;0
67;104;0;0
68;104;0;0
69;104;0;0
70;104;0;0
71;104;0;0
72;104;0;0
73;104;0;0
74;104;0;0
75;104;0;0
76;104;0;0
77;104;0;0
78;104;0;0
0;105;0;0
1;105;0;0
2;105;0;0
3;105;0;0
4;105;0;0
5;105;0;0
6;105;0;0
7;105;0;0
8;105;0;0
9;105;0;0
10;105;0;0
11;105;0;0
12;105;0;0
13;105;0;0
14;105;0;0
15;105;0;0
16;105;0;0
17;105;0;0
18;105;0;0
19;105;0;0
20;105;0;0
21;105;0;0
22;105;0;0
23;105;0;0
24;105;0;0
25;105;0;0
26;105;0;0
27;105;0;0
28;105;0;0
29;105;0;0
30;105;15;0
31;105;15;0
32;105;15;0
33;105;15;0
34;105;15;0
35;105;15;0
36;105;15;0
37;105;15;0
38;105;10722;0
39;105;2;0
40;105;2;0
41;105;2;0
42;105;2;0
43;105;2;0
44;105;2;0
45;105;2;0
46;105;12770;0
47;105;15;0
48;105;15;0
49;105;15;0
50;105;15;0
51;105;0;0
52;105;0;0
53;105;0;0
54;105;0;0
55;105;0;0
56;105;0;0
57;105;0;0
58;105;0;0
59;105;0;0
60;105;0;0
61;105;0;0
62;105;0;0
63;105;0;0
64;105;0;0
65;105;0;0
66;105;0;0
67;105;0;0
68;105;0;0
69;105;0;0
70;105;0;0
71;105;0;0
72;105;0;0
73;105;0;0
74;105;0;0
75;105;0;0
76;105;0;0
77;105;0;0
78;105;0;0
0;106;0;0
1;106;0;0
2;106;0;0
3;106;0;0
4;106;0;0
5;106;0;0
6;106;0;0
7;106;0;0
8;106;0;0
9;106;0;0
10;106;0;0
11;106;0;0
12;106;0;0
13;106;0;0
14;106;0;0
15;106;0;0
16;106;0;0
17;106;0;0
18;106;0;0
19;106;0;0
20;106;0;0
21;106;0;0
22;106;0;0
23;106;0;0
24;106;0;0
25;106;0;0
26;106;0;0
27;106;0;0
28;106;0;0
29;106;0;0
30;106;15;0
31;106;15;0
32;106;15;0
33;106;15;0
34;106;15;0
35;106;15;0
36;106;15;0
37;106;15;0
38;106;10722;0
39;106;2;0
40;106;2;0
41;106;2;0
42;106;2;0
43;106;2;0
44;106;2;0
45;106;2;0
46;106;12770;0
47;106;15;0
48;106;15;0
49;106;15;0
50;106;15;0
51;106;0;0
52;106;0;0
53;106;0;0
54;106;0;0
55;106;0;0
56;106;0;0
57;106;0;0
58;106;0;0
59;106;0;0
60;106;0;0
61;106;0;0
62;106;0;0
63;106;0;0
64;106;0;0
65;106;0;0
66;106;0;0
67;106;0;0
68;106;0;0
69;106;0;0
70;106;0;0
71;106;0;0
72;106;0;0
73;106;0;0
74;106;0;0
75;106;0;0
76;106;0;0
77;106;0;0
78;106;0;0
0;107;0;0
1;107;0;0
2;107;0;0
3;107;0;0
4;107;0;0
5;107;0;0
6;107;0;0
7;107;0;0
8;107;0;0
9;107;0;0
10;107;0;0
11;107;0;0
12;107;0;0
13;107;0;0
14;107;0;0
15;107;0;0
16;107;0;0
17;107;0;0
18;107;0;0
19;107;0;0
20;107;0;0
21;107;0;0
22;107;0;0
23;107;0;0
24;107;0;0
25;107;0;0
26;107;0;0
27;107;0;0
28;107;15;0
29;107;15;0
30;107;15;0
31;107;15;0
32;107;15;0
33;107;15;0
34;107;15;0
35;107;15;0
36;107;15;0
37;107;15;0
38;107;10722;0
39;107;2;0
40;107;2;0
41;107;2;0
42;107;2;0
43;107;2;0
44;107;2;0
45;107;2;0
46;107;12770;0
47;107;15;0
48;107;0;0
49;107;0;0
50;107;0;0
51;107;0;0
52;107;0;0
53;107;0;0
54;107;0;0
55;107;0;0
56;107;0;0
57;107;0;0
58;107;0;0
59;107;0;0
60;107;0;0
61;107;0;0
62;107;0;0
63;107;0;0
64;107;0;0
65;107;0;0
66;107;0;0
67;107;0;0
68;107;0;0
69;107;0;0
70;107;0;0
71;107;0;0
72;107;0;0
73;107;0;0
74;107;0;0
75;107;0;0
76;107;0;0
77;107;0;0
78;107;0;0
0;108;0;0
1;108;0;0
2;108;0;0
3;108;0;0
4;108;0;0
5;108;0;0
6;108;0;0
7;108;0;0
8;108;0;0
9;108;0;0
10;108;0;0
11;108;0;0
12;108;0;0
13;108;0;0
14;108;0;0
15;108;0;0
16;108;0;0
17;108;0;0
18;108;0;0
19;108;0;0
20;108;0;0
21;108;0;0
22;108;0;0
23;108;0;0
24;108;0;0
25;108;0;0
26;108;0;0
27;108;0;0
28;108;15;0
29;108;15;0
30;108;15;0
31;108;15;0
32;108;15;0
33;108;15;0
34;108;15;0
35;108;15;0
36;108;15;0
37;108;15;0
38;108;10722;0
39;108;2;0
40;108;2;0
41;108;2;0
42;108;2;0
43;108;2;0
44;108;2;0
45;108;2;0
46;108;12770;0
47;108;15;0
48;108;0;0
49;108;0;0
50;108;0;0
51;108;0;0
52;108;0;0
53;108;0;0
54;108;0;0
55;108;0;0
56;108;0;0
57;108;0;0
58;108;0;0
59;108;0;0
60;108;0;0
61;108;0;0
62;108;0;0
63;108;0;0
64;108;0;0
65;108;0;0
66;108;0;0
67;108;0;0
68;108;0;0
69;108;0;0
70;108;0;0
71;108;0;0
72;108;0;0
73;108;0;0
74;108;0;0
75;108;0;0
76;108;0;0
77;108;0;0
78;108;0;0
0;109;0;0
1;109;0;0
2;109;0;0
3;109;0;0
4;109;0;0
5;109;0;0
6;109;0;0
7;109;0;0
8;109;0;0
9;109;0;0
10;109;0;0
11;109;0;0
12;109;0;0
13;109;0;0
14;109;0;0
15;109;0;0
16;109;0;0
17;109;0;0
18;109;0;0
19;109;0;0
20;109;0;0
21;109;0;0
22;109;0;0
23;109;0;0
24;109;0;0
25;109;0;0
26;109;0;0
27;109;0;0
28;109;0;0
29;109;0;0
30;109;0;0
31;109;15;0
32;109;15;0
33;109;15;0
34;109;15;0
35;109;15;0
36;109;15;0
37;109;15;0
38;109;10722;0
39;109;2;0
40;109;2;0
41;109;2;0
42;109;2;0
43;109;2;0
44;109;2;0
45;109;2;0
46;109;12770;0
47;109;15;0
48;109;0;0
49;109;0;0
50;109;0;0
51;109;0;0
52;109;0;0
53;109;0;0
54;109;0;0
55;109;0;0
56;109;0;0
57;109;0;0
58;109;0;0
59;109;0;0
60;109;0;0
61;109;0;0
62;109;0;0
63;109;0;0
64;109;0;0
65;109;0;0
66;109;0;0
67;109;0;0
68;109;0;0
69;109;0;0
70;109;0;0
71;109;0;0
72;109;0;0
73;109;0;0
74;109;0;0
75;109;0;0
76;109;0;0
77;109;0;0
78;109;0;0
0;110;0;0
1;110;0;0
2;110;0;0
3;110;0;0
4;110;0;0
5;110;0;0
6;110;0;0
7;110;0;0
8;110;0;0
9;110;0;0
10;110;0;0
11;110;0;0
12;110;0;0
13;110;0;0
14;110;0;0
15;110;0;0
16;110;0;0
17;110;0;0
18;110;0;0
19;110;0;0
20;110;0;0
21;110;0;0
22;110;0;0
23;110;0;0
24;110;0;0
25;110;0;0
26;110;0;0
27;110;0;0
28;110;0;0
29;110;0;0
30;110;0;0
31;110;15;0
32;110;15;0
33;110;15;0
34;110;15;0
35;110;15;0
36;110;15;0
37;110;15;0
38;110;10722;0
39;110;2;0
40;110;2;0
41;110;2;0
42;110;2;0
43;110;2;0
44;110;2;0
45;110;2;0
46;110;12770;0
47;110;15;0
48;110;0;0
49;110;0;0
50;110;0;0
51;110;0;0
52;110;0;0
53;110;0;0
54;110;0;0
55;110;0;0
56;110;0;0
57;110;0;0
58;110;0;0
59;110;0;0
60;110;0;0
61;110;0;0
62;110;0;0
63;110;0;0
64;110;0;0
65;110;0;0
66;110;0;0
67;110;0;0
68;110;0;0
69;110;0;0
70;110;0;0
71;110;0;0
72;110;0;0
73;110;0;0
74;110;0;0
75;110;0;0
76;110;0;0
77;110;0;0
78;110;0;0
0;111;0;0
1;111;0;0
2;111;0;0
3;111;0;0
4;111;0;0
5;111;0;0
6;111;0;0
7;111;0;0
8;111;0;0
9;111;0;0
10;111;0;0
11;111;0;0
12;111;0;0
13;111;0;0
14;111;0;0
15;111;0;0
16;111;0;0
17;111;0;0
18;111;0;0
19;111;0;0
20;111;0;0
21;111;0;0
22;111;0;0
23;111;0;0
24;111;0;0
25;111;0;0
26;111;0;0
27;111;0;0
28;111;0;0
29;111;0;0
30;111;0;0
31;111;15;0
32;111;15;0
33;111;15;0
34;111;15;0
35;111;15;0
36;111;15;0
37;111;15;0
38;111;10722;0
39;111;2;0
40;111;2;0
41;111;2;0
42;111;2;0
43;111;2;0
44;111;2;0
45;111;2;0
46;111;12770;0
47;111;15;0
48;111;0;0
49;111;0;0
50;111;0;0
51;111;0;0
52;111;0;0
53;111;0;0
54;111;0;0
55;111;0;0
56;111;0;0
57;111;0;0
58;111;0;0
59;111;0;0
60;111;0;0
61;111;0;0
62;111;0;0
63;111;0;0
64;111;0;0
65;111;0;0
66;111;0;0
67;111;0;0
68;111;0;0
69;111;0;0
70;111;0;0
71;111;0;0
72;111;0;0
73;111;0;0
74;111;0;0
75;111;0;0
76;111;0;0
77;111;0;0
78;111;0;0
0;112;0;0
1;112;0;0
2;112;0;0
3;112;0;0
4;112;0;0
5;112;0;0
6;112;0;0
7;112;0;0
8;112;0;0
9;112;0;0
10;112;0;0
11;112;0;0
12;112;0;0
13;112;0;0
14;112;0;0
15;112;0;0
16;112;0;0
17;112;0;0
18;112;0;0
19;112;0;0
20;112;0;0
21;112;0;0
22;112;0;0
23;112;0;0
24;112;0;0
25;112;0;0
26;112;0;0
27;112;0;0
28;112;0;0
29;112;0;0
30;112;0;0
31;112;15;0
32;112;15;0
33;112;15;0
34;112;15;0
35;112;15;0
36;112;15;0
37;112;15;0
38;112;10722;0
39;112;2;0
40;112;2;0
41;112;2;0
42;112;2;0
43;112;2;0
44;112;2;0
45;112;2;0
46;112;7650;0
47;112;15;0
48;112;0;0
49;112;0;0
50;112;0;0
51;112;0;0
52;112;0;0
53;112;0;0
54;112;0;0
55;112;0;0
56;112;0;0
57;112;0;0
58;112;0;0
59;112;0;0
60;112;0;0
61;112;0;0
62;112;0;0
63;112;0;0
64;112;0;0
65;112;0;0
66;112;0;0
67;112;0;0
68;112;0;0
69;112;0;0
70;112;0;0
71;112;0;0
72;112;0;0
73;112;0;0
74;112;0;0
75;112;0;0
76;112;0;0
77;112;0;0
78;112;0;0
0;113;0;0
1;113;0;0
2;113;0;0
3;113;0;0
4;113;0;0
5;113;0;0
6;113;0;0
7;113;0;0
8;113;0;0
9;113;0;0
10;113;0;0
11;113;0;0
12;113;0;0
13;113;0;0
14;113;0;0
15;113;0;0
16;113;0;0
17;113;0;0
18;113;0;0
19;113;0;0
20;113;0;0
21;113;0;0
22;113;0;0
23;113;0;0
24;113;0;0
25;113;0;0
26;113;0;0
27;113;0;0
28;113;0;0
29;113;0;0
30;113;0;0
31;113;15;0
32;113;15;0
33;113;15;0
34;113;15;0
35;113;15;0
36;113;15;0
37;113;15;0
38;113;28130;0
39;113;11746;0
40;113;11746;0
41;113;11746;0
42;113;11746;0
43;113;5602;0
44;113;2;0
45;113;2;0
46;113;2;0
47;113;0;0
48;113;0;0
49;113;0;0
50;113;0;0
51;113;0;0
52;113;0;0
53;113;0;0
54;113;0;0
55;113;0;0
56;113;0;0
57;113;0;0
58;113;0;0
59;113;0;0
60;113;0;0
61;113;0;0
62;113;0;0
63;113;0;0
64;113;0;0
65;113;0;0
66;113;0;0
67;113;0;0
68;113;0;0
69;113;0;0
70;113;0;0
71;113;0;0
72;113;0;0
73;113;0;0
74;113;0;0
75;113;0;0
76;113;0;0
77;113;0;0
78;113;0;0
0;114;0;0
1;114;0;0
2;114;0;0
3;114;0;0
4;114;0;0
5;114;0;0
6;114;0;0
7;114;0;0
8;114;0;0
9;114;0;0
10;114;0;0
11;114;0;0
12;114;0;0
13;114;0;0
14;114;0;0
15;114;0;0
16;114;0;0
17;114;0;0
18;114;0;0
19;114;0;0
20;114;0;0
21;114;0;0
22;114;0;0
23;114;0;0
24;114;0;0
25;114;0;0
26;114;0;0
27;114;0;0
28;114;0;0
29;114;0;0
30;114;0;0
31;114;0;0
32;114;0;0
33;114;0;0
34;114;15;0
35;114;15;0
36;114;15;0
37;114;15;0
38;114;15;0
39;114;15;0
40;114;15;0
41;114;15;0
42;114;15;0
43;114;15;0
44;114;0;0
45;114;0;0
46;114;0;0
47;114;0;0
48;114;0;0
49;114;0;0
50;114;0;0
51;114;0;0
52;114;0;0
53;114;0;0
54;114;0;0
55;114;0;0
56;114;0;0
57;114;0;0
58;114;0;0
59;114;0;0
60;114;0;0
61;114;0;0
62;114;0;0
63;114;0;0
64;114;0;0
65;114;0;0
66;114;0;0
67;114;0;0
68;114;0;0
69;114;0;0
70;114;0;0
71;114;0;0
72;114;0;0
73;114;0;0
74;114;0;0
75;114;0;0
76;114;0;0
77;114;0;0
78;114;0;0
0;115;0;0
1;115;0;0
2;115;0;0
3;115;0;0
4;115;0;0
5;115;0;0
6;115;0;0
7;115;0;0
8;115;0;0
9;115;0;0
10;115;0;0
11;115;0;0
12;115;0;0
13;115;0;0
14;115;0;0
15;115;0;0
16;115;0;0
17;115;0;0
18;115;0;0
19;115;0;0
20;115;0;0
21;115;0;0
22;115;0;0
23;115;0;0
24;115;0;0
25;115;0;0
26;115;0;0
27;115;0;0
28;115;0;0
29;115;0;0
30;115;0;0
31;115;0;0
32;115;0;0
33;115;0;0
34;115;0;0
35;115;0;0
36;115;0;0
37;115;0;0
38;115;0;0
39;115;0;0
40;115;0;0
41;115;0;0
42;115;0;0
43;115;0;0
44;115;0;0
45;115;0;0
46;115;0;0
47;115;0;0
48;115;0;0
49;115;0;0
50;115;0;0
51;115;0;0
52;115;0;0
53;115;0;0
54;115;0;0
55;115;0;0
56;115;0;0
57;115;0;0
58;115;0;0
59;115;0;0
60;115;0;0
61;115;0;0
62;115;0;0
63;115;0;0
64;115;0;0
65;115;0;0
66;115;0;0
67;115;0;0
68;115;0;0
69;115;0;0
70;115;0;0
71;115;0;0
72;115;0;0
73;115;0;0
74;115;0;0
75;115;0;0
76;115;0;0
77;115;0;0
78;115;0;0
