# Illarion Server
# 
# This program is free software: you can redistribute it and/or modify it under
# the terms of the GNU Affero General Public License as published by the Free
# Software Foundation, either version 3 of the License, or (at your option) any
# later version.
# 
# This program is distributed in the hope that it will be useful, but WITHOUT
# ANY WARRANTY; without even the implied warranty of MERCHANTABILITY or FITNESS
# FOR A PARTICULAR PURPOSE.  See the GNU Affero General Public License for more
# details.
# 
# You should have received a copy of the GNU Affero General Public License along
# with this program.  If not, see <http://www.gnu.org/licenses/>.
V: 2
L: 1
X: 297
Y: 691
W: 33
H: 33
0;0;0;2
1;0;0;2
2;0;0;2
3;0;0;2
4;0;0;2
5;0;0;2
6;0;0;2
7;0;0;2
8;0;0;2
9;0;0;2
10;0;0;2
11;0;0;2
12;0;0;2
13;0;0;2
14;0;0;2
15;0;0;2
16;0;0;2
17;0;2;2
18;0;2;2
19;0;2;2
20;0;2;2
21;0;2;2
22;0;2;2
23;0;2;2
24;0;0;2
25;0;0;2
26;0;0;2
27;0;0;2
28;0;0;2
29;0;0;2
30;0;0;2
31;0;0;2
32;0;0;2
0;1;0;2
1;1;0;2
2;1;0;2
3;1;2;2
4;1;2;2
5;1;2;2
6;1;2;2
7;1;2;2
8;1;2;2
9;1;0;2
10;1;0;2
11;1;0;2
12;1;0;2
13;1;0;2
14;1;0;2
15;1;0;2
16;1;0;2
17;1;2;2
18;1;2;2
19;1;2;2
20;1;2;2
21;1;2;2
22;1;2;2
23;1;2;2
24;1;0;2
25;1;0;2
26;1;0;2
27;1;0;2
28;1;0;2
29;1;0;2
30;1;0;2
31;1;0;2
32;1;0;2
0;2;0;2
1;2;0;2
2;2;0;2
3;2;2;2
4;2;2;2
5;2;2;2
6;2;2;2
7;2;2;2
8;2;2;2
9;2;0;2
10;2;0;2
11;2;2;2
12;2;2;2
13;2;2;2
14;2;2;2
15;2;2;2
16;2;2;2
17;2;2;2
18;2;2;2
19;2;0;2
20;2;0;2
21;2;0;2
22;2;2;2
23;2;2;2
24;2;2;2
25;2;2;2
26;2;2;2
27;2;0;2
28;2;2;2
29;2;2;2
30;2;2;2
31;2;0;2
32;2;0;2
0;3;0;2
1;3;0;2
2;3;0;2
3;3;2;2
4;3;2;2
5;3;0;2
6;3;0;2
7;3;2;2
8;3;2;2
9;3;2;2
10;3;2;2
11;3;2;2
12;3;2;2
13;3;2;2
14;3;2;2
15;3;0;2
16;3;0;2
17;3;2;2
18;3;2;2
19;3;0;2
20;3;0;2
21;3;0;2
22;3;0;2
23;3;2;2
24;3;2;2
25;3;2;2
26;3;0;2
27;3;0;2
28;3;0;2
29;3;2;2
30;3;2;2
31;3;0;2
32;3;0;2
0;4;0;2
1;4;0;2
2;4;0;2
3;4;2;2
4;4;2;2
5;4;0;2
6;4;0;2
7;4;0;2
8;4;2;2
9;4;2;2
10;4;2;2
11;4;2;2
12;4;2;2
13;4;0;2
14;4;0;2
15;4;0;2
16;4;0;2
17;4;0;2
18;4;0;2
19;4;0;2
20;4;0;2
21;4;0;2
22;4;0;2
23;4;0;2
24;4;0;2
25;4;0;2
26;4;0;2
27;4;0;2
28;4;0;2
29;4;2;2
30;4;2;2
31;4;0;2
32;4;0;2
0;5;2;2
1;5;2;2
2;5;2;2
3;5;2;2
4;5;2;2
5;5;0;2
6;5;0;2
7;5;0;2
8;5;0;2
9;5;0;2
10;5;0;2
11;5;2;2
12;5;2;2
13;5;0;2
14;5;0;2
15;5;0;2
16;5;0;2
17;5;0;2
18;5;0;2
19;5;0;2
20;5;0;2
21;5;0;2
22;5;0;2
23;5;0;2
24;5;0;2
25;5;0;2
26;5;0;2
27;5;0;2
28;5;0;2
29;5;2;2
30;5;2;2
31;5;2;2
32;5;2;2
0;6;0;2
1;6;2;2
2;6;2;2
3;6;2;2
4;6;2;2
5;6;0;2
6;6;0;2
7;6;0;2
8;6;0;2
9;6;0;2
10;6;0;2
11;6;0;2
12;6;2;2
13;6;0;2
14;6;0;2
15;6;0;2
16;6;0;2
17;6;0;2
18;6;0;2
19;6;0;2
20;6;0;2
21;6;0;2
22;6;0;2
23;6;0;2
24;6;0;2
25;6;0;2
26;6;0;2
27;6;0;2
28;6;0;2
29;6;0;2
30;6;2;2
31;6;2;2
32;6;2;2
0;7;0;2
1;7;0;2
2;7;0;2
3;7;0;2
4;7;0;2
5;7;0;2
6;7;0;2
7;7;0;2
8;7;0;2
9;7;0;2
10;7;0;2
11;7;0;2
12;7;0;2
13;7;0;2
14;7;0;2
15;7;0;2
16;7;0;2
17;7;0;2
18;7;0;2
19;7;0;2
20;7;0;2
21;7;0;2
22;7;0;2
23;7;0;2
24;7;0;2
25;7;0;2
26;7;0;2
27;7;0;2
28;7;0;2
29;7;0;2
30;7;0;2
31;7;2;2
32;7;2;2
0;8;0;2
1;8;2;2
2;8;2;2
3;8;2;2
4;8;0;2
5;8;0;2
6;8;0;2
7;8;0;2
8;8;0;2
9;8;0;2
10;8;0;2
11;8;0;2
12;8;0;2
13;8;0;2
14;8;0;2
15;8;0;2
16;8;0;2
17;8;0;2
18;8;0;2
19;8;0;2
20;8;0;2
21;8;0;2
22;8;0;2
23;8;0;2
24;8;0;2
25;8;0;2
26;8;0;2
27;8;0;2
28;8;0;2
29;8;0;2
30;8;0;2
31;8;2;2
32;8;2;2
0;9;2;2
1;9;2;2
2;9;2;2
3;9;2;2
4;9;0;2
5;9;0;2
6;9;0;2
7;9;0;2
8;9;0;2
9;9;0;2
10;9;0;2
11;9;0;2
12;9;0;2
13;9;0;2
14;9;0;2
15;9;0;2
16;9;0;2
17;9;0;2
18;9;0;2
19;9;0;2
20;9;0;2
21;9;0;2
22;9;0;2
23;9;0;2
24;9;0;2
25;9;0;2
26;9;0;2
27;9;0;2
28;9;0;2
29;9;0;2
30;9;0;2
31;9;2;2
32;9;2;2
0;10;0;2
1;10;2;2
2;10;2;2
3;10;0;2
4;10;0;2
5;10;0;2
6;10;0;2
7;10;0;2
8;10;0;2
9;10;0;2
10;10;0;2
11;10;0;2
12;10;0;2
13;10;0;2
14;10;0;2
15;10;0;2
16;10;0;2
17;10;0;2
18;10;0;2
19;10;0;2
20;10;0;2
21;10;0;2
22;10;0;2
23;10;0;2
24;10;0;2
25;10;0;2
26;10;0;2
27;10;0;2
28;10;0;2
29;10;2;2
30;10;2;2
31;10;2;2
32;10;2;2
0;11;0;2
1;11;2;2
2;11;2;2
3;11;0;2
4;11;0;2
5;11;0;2
6;11;0;2
7;11;0;2
8;11;0;2
9;11;0;2
10;11;0;2
11;11;0;2
12;11;0;2
13;11;0;2
14;11;0;2
15;11;0;2
16;11;0;2
17;11;0;2
18;11;0;2
19;11;0;2
20;11;0;2
21;11;0;2
22;11;0;2
23;11;0;2
24;11;0;2
25;11;0;2
26;11;0;2
27;11;0;2
28;11;0;2
29;11;2;2
30;11;2;2
31;11;2;2
32;11;2;2
0;12;0;2
1;12;2;2
2;12;2;2
3;12;0;2
4;12;0;2
5;12;0;2
6;12;0;2
7;12;0;2
8;12;0;2
9;12;0;2
10;12;0;2
11;12;0;2
12;12;0;2
13;12;0;2
14;12;0;2
15;12;0;2
16;12;0;2
17;12;0;2
18;12;0;2
19;12;0;2
20;12;0;2
21;12;0;2
22;12;0;2
23;12;0;2
24;12;0;2
25;12;0;2
26;12;0;2
27;12;0;2
28;12;0;2
29;12;2;2
30;12;2;2
31;12;0;2
32;12;0;2
0;13;0;2
1;13;2;2
2;13;2;2
3;13;0;2
4;13;0;2
5;13;0;2
6;13;0;2
7;13;0;2
8;13;0;2
9;13;0;2
10;13;0;2
11;13;0;2
12;13;0;2
13;13;0;2
14;13;0;2
15;13;0;2
16;13;0;2
17;13;0;2
18;13;0;2
19;13;0;2
20;13;0;2
21;13;0;2
22;13;0;2
23;13;0;2
24;13;0;2
25;13;0;2
26;13;0;2
27;13;0;2
28;13;0;2
29;13;2;2
30;13;2;2
31;13;0;2
32;13;0;2
0;14;0;2
1;14;2;2
2;14;2;2
3;14;0;2
4;14;0;2
5;14;0;2
6;14;0;2
7;14;0;2
8;14;0;2
9;14;0;2
10;14;0;2
11;14;0;2
12;14;0;2
13;14;0;2
14;14;0;2
15;14;0;2
16;14;0;2
17;14;0;2
18;14;0;2
19;14;0;2
20;14;0;2
21;14;0;2
22;14;0;2
23;14;0;2
24;14;0;2
25;14;0;2
26;14;0;2
27;14;0;2
28;14;0;2
29;14;2;2
30;14;2;2
31;14;0;2
32;14;0;2
0;15;0;2
1;15;2;2
2;15;2;2
3;15;2;2
4;15;2;2
5;15;0;2
6;15;0;2
7;15;0;2
8;15;0;2
9;15;0;2
10;15;0;2
11;15;0;2
12;15;0;2
13;15;0;2
14;15;0;2
15;15;0;2
16;15;0;2
17;15;0;2
18;15;0;2
19;15;0;2
20;15;0;2
21;15;0;2
22;15;0;2
23;15;0;2
24;15;0;2
25;15;0;2
26;15;0;2
27;15;0;2
28;15;2;2
29;15;2;2
30;15;2;2
31;15;0;2
32;15;0;2
0;16;0;2
1;16;0;2
2;16;2;2
3;16;2;2
4;16;2;2
5;16;0;2
6;16;0;2
7;16;0;2
8;16;0;2
9;16;0;2
10;16;0;2
11;16;0;2
12;16;0;2
13;16;0;2
14;16;0;2
15;16;0;2
16;16;0;2
17;16;0;2
18;16;0;2
19;16;0;2
20;16;0;2
21;16;0;2
22;16;0;2
23;16;0;2
24;16;0;2
25;16;0;2
26;16;0;2
27;16;0;2
28;16;2;2
29;16;2;2
30;16;0;2
31;16;0;2
32;16;0;2
0;17;0;2
1;17;0;2
2;17;0;2
3;17;0;2
4;17;2;2
5;17;0;2
6;17;0;2
7;17;0;2
8;17;0;2
9;17;0;2
10;17;0;2
11;17;0;2
12;17;0;2
13;17;0;2
14;17;0;2
15;17;0;2
16;17;0;2
17;17;0;2
18;17;0;2
19;17;0;2
20;17;0;2
21;17;0;2
22;17;0;2
23;17;0;2
24;17;0;2
25;17;0;2
26;17;0;2
27;17;0;2
28;17;0;2
29;17;2;2
30;17;0;2
31;17;0;2
32;17;0;2
0;18;0;2
1;18;0;2
2;18;0;2
3;18;0;2
4;18;2;2
5;18;0;2
6;18;0;2
7;18;0;2
8;18;0;2
9;18;0;2
10;18;0;2
11;18;0;2
12;18;0;2
13;18;0;2
14;18;0;2
15;18;0;2
16;18;0;2
17;18;0;2
18;18;0;2
19;18;0;2
20;18;0;2
21;18;0;2
22;18;0;2
23;18;0;2
24;18;0;2
25;18;0;2
26;18;0;2
27;18;0;2
28;18;0;2
29;18;0;2
30;18;0;2
31;18;0;2
32;18;0;2
0;19;0;2
1;19;0;2
2;19;0;2
3;19;2;2
4;19;2;2
5;19;0;2
6;19;0;2
7;19;0;2
8;19;0;2
9;19;0;2
10;19;0;2
11;19;0;2
12;19;0;2
13;19;0;2
14;19;0;2
15;19;0;2
16;19;0;2
17;19;0;2
18;19;0;2
19;19;0;2
20;19;0;2
21;19;0;2
22;19;0;2
23;19;0;2
24;19;0;2
25;19;0;2
26;19;0;2
27;19;0;2
28;19;0;2
29;19;2;2
30;19;0;2
31;19;0;2
32;19;0;2
0;20;2;2
1;20;2;2
2;20;2;2
3;20;2;2
4;20;2;2
5;20;0;2
6;20;0;2
7;20;0;2
8;20;0;2
9;20;0;2
10;20;0;2
11;20;0;2
12;20;0;2
13;20;0;2
14;20;0;2
15;20;0;2
16;20;0;2
17;20;0;2
18;20;0;2
19;20;0;2
20;20;0;2
21;20;0;2
22;20;0;2
23;20;0;2
24;20;0;2
25;20;0;2
26;20;0;2
27;20;0;2
28;20;2;2
29;20;2;2
30;20;0;2
31;20;0;2
32;20;0;2
0;21;2;2
1;21;2;2
2;21;2;2
3;21;2;2
4;21;2;2
5;21;0;2
6;21;0;2
7;21;0;2
8;21;0;2
9;21;0;2
10;21;0;2
11;21;0;2
12;21;0;2
13;21;0;2
14;21;0;2
15;21;0;2
16;21;0;2
17;21;0;2
18;21;0;2
19;21;0;2
20;21;0;2
21;21;0;2
22;21;0;2
23;21;0;2
24;21;0;2
25;21;0;2
26;21;0;2
27;21;0;2
28;21;2;2
29;21;2;2
30;21;2;2
31;21;2;2
32;21;2;2
0;22;2;2
1;22;2;2
2;22;0;2
3;22;0;2
4;22;0;2
5;22;0;2
6;22;0;2
7;22;0;2
8;22;0;2
9;22;0;2
10;22;0;2
11;22;0;2
12;22;0;2
13;22;0;2
14;22;0;2
15;22;0;2
16;22;0;2
17;22;0;2
18;22;0;2
19;22;0;2
20;22;0;2
21;22;0;2
22;22;0;2
23;22;0;2
24;22;0;2
25;22;0;2
26;22;0;2
27;22;0;2
28;22;0;2
29;22;2;2
30;22;2;2
31;22;2;2
32;22;2;2
0;23;2;2
1;23;2;2
2;23;0;2
3;23;0;2
4;23;0;2
5;23;0;2
6;23;0;2
7;23;0;2
8;23;0;2
9;23;0;2
10;23;0;2
11;23;0;2
12;23;0;2
13;23;0;2
14;23;0;2
15;23;0;2
16;23;0;2
17;23;0;2
18;23;0;2
19;23;0;2
20;23;0;2
21;23;0;2
22;23;0;2
23;23;0;2
24;23;0;2
25;23;0;2
26;23;0;2
27;23;0;2
28;23;0;2
29;23;0;2
30;23;0;2
31;23;2;2
32;23;2;2
0;24;2;2
1;24;2;2
2;24;2;2
3;24;2;2
4;24;2;2
5;24;2;2
6;24;0;2
7;24;0;2
8;24;0;2
9;24;0;2
10;24;0;2
11;24;0;2
12;24;0;2
13;24;0;2
14;24;0;2
15;24;0;2
16;24;0;2
17;24;0;2
18;24;0;2
19;24;0;2
20;24;0;2
21;24;0;2
22;24;0;2
23;24;0;2
24;24;0;2
25;24;0;2
26;24;0;2
27;24;0;2
28;24;0;2
29;24;0;2
30;24;0;2
31;24;2;2
32;24;2;2
0;25;0;2
1;25;2;2
2;25;2;2
3;25;2;2
4;25;2;2
5;25;2;2
6;25;0;2
7;25;0;2
8;25;0;2
9;25;0;2
10;25;0;2
11;25;0;2
12;25;0;2
13;25;0;2
14;25;0;2
15;25;0;2
16;25;0;2
17;25;0;2
18;25;0;2
19;25;0;2
20;25;0;2
21;25;0;2
22;25;0;2
23;25;0;2
24;25;2;2
25;25;2;2
26;25;2;2
27;25;2;2
28;25;2;2
29;25;2;2
30;25;2;2
31;25;2;2
32;25;2;2
0;26;0;2
1;26;0;2
2;26;0;2
3;26;2;2
4;26;2;2
5;26;0;2
6;26;0;2
7;26;0;2
8;26;0;2
9;26;2;2
10;26;2;2
11;26;2;2
12;26;2;2
13;26;2;2
14;26;2;2
15;26;2;2
16;26;0;2
17;26;2;2
18;26;2;2
19;26;2;2
20;26;0;2
21;26;0;2
22;26;0;2
23;26;0;2
24;26;2;2
25;26;2;2
26;26;2;2
27;26;2;2
28;26;2;2
29;26;2;2
30;26;2;2
31;26;2;2
32;26;2;2
0;27;0;2
1;27;0;2
2;27;0;2
3;27;2;2
4;27;2;2
5;27;0;2
6;27;0;2
7;27;0;2
8;27;0;2
9;27;2;2
10;27;2;2
11;27;2;2
12;27;2;2
13;27;2;2
14;27;2;2
15;27;0;2
16;27;0;2
17;27;0;2
18;27;2;2
19;27;2;2
20;27;0;2
21;27;0;2
22;27;0;2
23;27;0;2
24;27;2;2
25;27;2;2
26;27;2;2
27;27;2;2
28;27;2;2
29;27;2;2
30;27;2;2
31;27;2;2
32;27;2;2
0;28;0;2
1;28;0;2
2;28;0;2
3;28;0;2
4;28;2;2
5;28;0;2
6;28;0;2
7;28;0;2
8;28;0;2
9;28;2;2
10;28;2;2
11;28;0;2
12;28;0;2
13;28;0;2
14;28;0;2
15;28;0;2
16;28;0;2
17;28;0;2
18;28;2;2
19;28;2;2
20;28;0;2
21;28;0;2
22;28;0;2
23;28;0;2
24;28;2;2
25;28;2;2
26;28;0;2
27;28;0;2
28;28;0;2
29;28;0;2
30;28;0;2
31;28;0;2
32;28;0;2
0;29;0;2
1;29;0;2
2;29;0;2
3;29;0;2
4;29;0;2
5;29;0;2
6;29;0;2
7;29;0;2
8;29;0;2
9;29;2;2
10;29;2;2
11;29;0;2
12;29;0;2
13;29;0;2
14;29;0;2
15;29;0;2
16;29;0;2
17;29;0;2
18;29;2;2
19;29;2;2
20;29;0;2
21;29;0;2
22;29;0;2
23;29;0;2
24;29;2;2
25;29;2;2
26;29;0;2
27;29;0;2
28;29;0;2
29;29;0;2
30;29;0;2
31;29;0;2
32;29;0;2
0;30;0;2
1;30;0;2
2;30;0;2
3;30;0;2
4;30;2;2
5;30;0;2
6;30;0;2
7;30;0;2
8;30;0;2
9;30;2;2
10;30;2;2
11;30;0;2
12;30;0;2
13;30;0;2
14;30;0;2
15;30;0;2
16;30;0;2
17;30;0;2
18;30;2;2
19;30;2;2
20;30;2;2
21;30;2;2
22;30;2;2
23;30;2;2
24;30;2;2
25;30;2;2
26;30;0;2
27;30;0;2
28;30;0;2
29;30;0;2
30;30;0;2
31;30;0;2
32;30;0;2
0;31;0;2
1;31;0;2
2;31;0;2
3;31;2;2
4;31;2;2
5;31;2;2
6;31;2;2
7;31;2;2
8;31;2;2
9;31;2;2
10;31;2;2
11;31;0;2
12;31;0;2
13;31;0;2
14;31;0;2
15;31;0;2
16;31;0;2
17;31;0;2
18;31;2;2
19;31;2;2
20;31;2;2
21;31;2;2
22;31;2;2
23;31;2;2
24;31;2;2
25;31;2;2
26;31;0;2
27;31;0;2
28;31;0;2
29;31;0;2
30;31;0;2
31;31;0;2
32;31;0;2
0;32;0;2
1;32;0;2
2;32;0;2
3;32;0;2
4;32;2;2
5;32;2;2
6;32;2;2
7;32;2;2
8;32;2;2
9;32;2;2
10;32;2;2
11;32;0;2
12;32;0;2
13;32;0;2
14;32;0;2
15;32;0;2
16;32;0;2
17;32;0;2
18;32;2;2
19;32;2;2
20;32;0;2
21;32;0;2
22;32;0;2
23;32;0;2
24;32;0;2
25;32;0;2
26;32;0;2
27;32;0;2
28;32;0;2
29;32;0;2
30;32;0;2
31;32;0;2
32;32;0;2
