V: 2
L: -3
X: 675
Y: 935
W: 40
H: 70
0;0;0;2
0;1;0;2
0;2;0;2
0;3;0;2
0;4;0;2
0;5;0;2
0;6;0;2
0;7;0;2
0;8;0;2
0;9;0;2
0;10;0;2
0;11;0;2
0;12;0;2
0;13;0;2
0;14;0;2
0;15;0;2
0;16;0;2
0;17;0;2
0;18;0;2
0;19;0;2
0;20;0;2
0;21;0;2
0;22;0;2
0;23;0;2
0;24;0;2
0;25;0;2
0;26;0;2
0;27;0;2
0;28;0;2
0;29;0;2
0;30;0;2
0;31;0;2
0;32;0;2
0;33;0;2
0;34;0;2
0;35;0;2
0;36;0;2
0;37;0;2
0;38;0;2
0;39;0;2
0;40;0;2
0;41;0;2
0;42;0;2
0;43;0;2
0;44;0;2
0;45;0;2
0;46;0;2
0;47;0;2
0;48;0;2
0;49;0;2
0;50;0;2
0;51;0;2
0;52;0;2
0;53;0;2
0;54;0;2
0;55;0;2
0;56;0;2
0;57;0;2
0;58;0;2
0;59;0;2
0;60;0;2
0;61;0;2
0;62;0;2
0;63;0;2
0;64;0;2
0;65;0;2
0;66;0;2
0;67;0;2
0;68;0;2
0;69;0;2
1;0;0;2
1;1;0;2
1;2;0;2
1;3;0;2
1;4;0;2
1;5;0;2
1;6;0;2
1;7;0;2
1;8;0;2
1;9;0;2
1;10;0;2
1;11;0;2
1;12;0;2
1;13;0;2
1;14;0;2
1;15;0;2
1;16;0;2
1;17;0;2
1;18;0;2
1;19;0;2
1;20;0;2
1;21;0;2
1;22;0;2
1;23;0;2
1;24;0;2
1;25;0;2
1;26;0;2
1;27;0;2
1;28;0;2
1;29;0;2
1;30;0;2
1;31;0;2
1;32;0;2
1;33;0;2
1;34;0;2
1;35;0;2
1;36;0;2
1;37;0;2
1;38;0;2
1;39;0;2
1;40;0;2
1;41;0;2
1;42;0;2
1;43;0;2
1;44;0;2
1;45;0;2
1;46;0;2
1;47;0;2
1;48;0;2
1;49;0;2
1;50;0;2
1;51;0;2
1;52;0;2
1;53;0;2
1;54;0;2
1;55;0;2
1;56;0;2
1;57;0;2
1;58;0;2
1;59;0;2
1;60;0;2
1;61;0;2
1;62;0;2
1;63;0;2
1;64;0;2
1;65;0;2
1;66;0;2
1;67;0;2
1;68;0;2
1;69;0;2
2;0;0;2
2;1;0;2
2;2;0;2
2;3;0;2
2;4;0;2
2;5;0;2
2;6;0;2
2;7;0;2
2;8;0;2
2;9;0;2
2;10;0;2
2;11;0;2
2;12;0;2
2;13;0;2
2;14;0;2
2;15;0;2
2;16;0;2
2;17;0;2
2;18;0;2
2;19;0;2
2;20;0;2
2;21;0;2
2;22;0;2
2;23;0;2
2;24;0;2
2;25;0;2
2;26;0;2
2;27;0;2
2;28;0;2
2;29;0;2
2;30;0;2
2;31;0;2
2;32;0;2
2;33;0;2
2;34;0;2
2;35;0;2
2;36;0;2
2;37;0;2
2;38;0;2
2;39;0;2
2;40;34;2
2;41;0;2
2;42;0;2
2;43;0;2
2;44;0;2
2;45;0;2
2;46;0;2
2;47;0;2
2;48;0;2
2;49;0;2
2;50;0;2
2;51;0;2
2;52;0;2
2;53;0;2
2;54;0;2
2;55;0;2
2;56;0;2
2;57;0;2
2;58;0;2
2;59;0;2
2;60;0;2
2;61;0;2
2;62;0;2
2;63;0;2
2;64;0;2
2;65;0;2
2;66;0;2
2;67;0;2
2;68;0;2
2;69;0;2
3;0;0;2
3;1;0;2
3;2;0;2
3;3;0;2
3;4;0;2
3;5;0;2
3;6;0;2
3;7;0;2
3;8;0;2
3;9;0;2
3;10;0;2
3;11;0;2
3;12;0;2
3;13;0;2
3;14;0;2
3;15;0;2
3;16;0;2
3;17;0;2
3;18;0;2
3;19;0;2
3;20;0;2
3;21;0;2
3;22;0;2
3;23;0;2
3;24;0;2
3;25;0;2
3;26;0;2
3;27;0;2
3;28;0;2
3;29;0;2
3;30;0;2
3;31;0;2
3;32;0;2
3;33;0;2
3;34;0;2
3;35;0;2
3;36;0;2
3;37;0;2
3;38;34;2
3;39;0;2
3;40;34;2
3;41;34;2
3;42;0;2
3;43;0;2
3;44;0;2
3;45;0;2
3;46;0;2
3;47;0;2
3;48;0;2
3;49;0;2
3;50;0;2
3;51;0;2
3;52;0;2
3;53;0;2
3;54;0;2
3;55;0;2
3;56;0;2
3;57;0;2
3;58;0;2
3;59;0;2
3;60;0;2
3;61;0;2
3;62;0;2
3;63;0;2
3;64;0;2
3;65;0;2
3;66;0;2
3;67;0;2
3;68;0;2
3;69;0;2
4;0;0;2
4;1;0;2
4;2;0;2
4;3;0;2
4;4;0;2
4;5;0;2
4;6;0;2
4;7;0;2
4;8;0;2
4;9;0;2
4;10;0;2
4;11;0;2
4;12;0;2
4;13;0;2
4;14;0;2
4;15;0;2
4;16;0;2
4;17;0;2
4;18;0;2
4;19;0;2
4;20;0;2
4;21;0;2
4;22;0;2
4;23;0;2
4;24;0;2
4;25;0;2
4;26;0;2
4;27;0;2
4;28;0;2
4;29;0;2
4;30;0;2
4;31;0;2
4;32;0;2
4;33;0;2
4;34;0;2
4;35;0;2
4;36;0;2
4;37;0;2
4;38;0;2
4;39;0;2
4;40;0;2
4;41;0;2
4;42;0;2
4;43;0;2
4;44;0;2
4;45;0;2
4;46;0;2
4;47;0;2
4;48;0;2
4;49;0;2
4;50;0;2
4;51;0;2
4;52;0;2
4;53;0;2
4;54;0;2
4;55;0;2
4;56;0;2
4;57;0;2
4;58;0;2
4;59;0;2
4;60;0;2
4;61;0;2
4;62;0;2
4;63;0;2
4;64;0;2
4;65;0;2
4;66;0;2
4;67;0;2
4;68;0;2
4;69;0;2
5;0;0;2
5;1;0;2
5;2;0;2
5;3;0;2
5;4;0;2
5;5;0;2
5;6;0;2
5;7;0;2
5;8;0;2
5;9;0;2
5;10;0;2
5;11;0;2
5;12;0;2
5;13;0;2
5;14;0;2
5;15;0;2
5;16;0;2
5;17;0;2
5;18;0;2
5;19;0;2
5;20;0;2
5;21;0;2
5;22;0;2
5;23;0;2
5;24;0;2
5;25;0;2
5;26;0;2
5;27;0;2
5;28;0;2
5;29;0;2
5;30;0;2
5;31;0;2
5;32;0;2
5;33;0;2
5;34;0;2
5;35;0;2
5;36;0;2
5;37;0;2
5;38;0;2
5;39;0;2
5;40;0;2
5;41;0;2
5;42;0;2
5;43;0;2
5;44;0;2
5;45;0;2
5;46;0;2
5;47;0;2
5;48;0;2
5;49;0;2
5;50;0;2
5;51;0;2
5;52;0;2
5;53;0;2
5;54;0;2
5;55;0;2
5;56;0;2
5;57;0;2
5;58;0;2
5;59;0;2
5;60;0;2
5;61;0;2
5;62;0;2
5;63;0;2
5;64;0;2
5;65;0;2
5;66;0;2
5;67;0;2
5;68;0;2
5;69;0;2
6;0;0;2
6;1;0;2
6;2;0;2
6;3;0;2
6;4;0;2
6;5;0;2
6;6;0;2
6;7;0;2
6;8;0;2
6;9;0;2
6;10;0;2
6;11;0;2
6;12;0;2
6;13;0;2
6;14;0;2
6;15;0;2
6;16;0;2
6;17;0;2
6;18;0;2
6;19;0;2
6;20;0;2
6;21;0;2
6;22;0;2
6;23;0;2
6;24;0;2
6;25;0;2
6;26;0;2
6;27;0;2
6;28;0;2
6;29;0;2
6;30;0;2
6;31;0;2
6;32;0;2
6;33;0;2
6;34;0;2
6;35;0;2
6;36;0;2
6;37;0;2
6;38;0;2
6;39;34;2
6;40;0;2
6;41;0;2
6;42;0;2
6;43;0;2
6;44;0;2
6;45;0;2
6;46;0;2
6;47;0;2
6;48;0;2
6;49;0;2
6;50;0;2
6;51;0;2
6;52;0;2
6;53;0;2
6;54;0;2
6;55;0;2
6;56;0;2
6;57;0;2
6;58;0;2
6;59;0;2
6;60;0;2
6;61;0;2
6;62;0;2
6;63;0;2
6;64;0;2
6;65;0;2
6;66;0;2
6;67;0;2
6;68;0;2
6;69;0;2
7;0;0;2
7;1;0;2
7;2;0;2
7;3;0;2
7;4;0;2
7;5;0;2
7;6;0;2
7;7;0;2
7;8;0;2
7;9;0;2
7;10;0;2
7;11;0;2
7;12;0;2
7;13;0;2
7;14;0;2
7;15;0;2
7;16;0;2
7;17;0;2
7;18;0;2
7;19;0;2
7;20;34;2
7;21;0;2
7;22;0;2
7;23;0;2
7;24;0;2
7;25;0;2
7;26;0;2
7;27;0;2
7;28;0;2
7;29;0;2
7;30;0;2
7;31;0;2
7;32;0;2
7;33;0;2
7;34;0;2
7;35;0;2
7;36;0;2
7;37;0;2
7;38;0;2
7;39;34;2
7;40;0;2
7;41;0;2
7;42;0;2
7;43;0;2
7;44;0;2
7;45;0;2
7;46;0;2
7;47;0;2
7;48;0;2
7;49;0;2
7;50;0;2
7;51;0;2
7;52;0;2
7;53;0;2
7;54;0;2
7;55;0;2
7;56;0;2
7;57;0;2
7;58;0;2
7;59;0;2
7;60;0;2
7;61;0;2
7;62;0;2
7;63;0;2
7;64;0;2
7;65;0;2
7;66;0;2
7;67;0;2
7;68;0;2
7;69;0;2
8;0;0;2
8;1;0;2
8;2;0;2
8;3;0;2
8;4;0;2
8;5;0;2
8;6;0;2
8;7;0;2
8;8;0;2
8;9;0;2
8;10;0;2
8;11;0;2
8;12;0;2
8;13;0;2
8;14;0;2
8;15;0;2
8;16;0;2
8;17;0;2
8;18;0;2
8;19;0;2
8;20;34;2
8;21;34;2
8;22;0;2
8;23;0;2
8;24;0;2
8;25;0;2
8;26;0;2
8;27;0;2
8;28;0;2
8;29;0;2
8;30;0;2
8;31;0;2
8;32;0;2
8;33;0;2
8;34;0;2
8;35;0;2
8;36;0;2
8;37;0;2
8;38;0;2
8;39;0;2
8;40;0;2
8;41;0;2
8;42;0;2
8;43;0;2
8;44;0;2
8;45;0;2
8;46;0;2
8;47;0;2
8;48;0;2
8;49;0;2
8;50;0;2
8;51;0;2
8;52;0;2
8;53;0;2
8;54;0;2
8;55;0;2
8;56;0;2
8;57;0;2
8;58;0;2
8;59;0;2
8;60;0;2
8;61;0;2
8;62;0;2
8;63;0;2
8;64;0;2
8;65;0;2
8;66;0;2
8;67;0;2
8;68;0;2
8;69;0;2
9;0;55;2
9;1;55;2
9;2;55;2
9;3;55;2
9;4;55;2
9;5;55;2
9;6;55;2
9;7;55;2
9;8;55;2
9;9;55;2
9;10;55;2
9;11;55;2
9;12;55;2
9;13;55;2
9;14;55;2
9;15;55;2
9;16;55;2
9;17;55;2
9;18;55;2
9;19;55;2
9;20;55;2
9;21;55;2
9;22;55;2
9;23;55;2
9;24;55;2
9;25;55;2
9;26;55;2
9;27;55;2
9;28;55;2
9;29;55;2
9;30;55;2
9;31;55;2
9;32;55;2
9;33;55;2
9;34;55;2
9;35;55;2
9;36;55;2
9;37;55;2
9;38;55;2
9;39;55;2
9;40;55;2
9;41;55;2
9;42;55;2
9;43;55;2
9;44;55;2
9;45;55;2
9;46;55;2
9;47;55;2
9;48;55;2
9;49;55;2
9;50;55;2
9;51;55;2
9;52;55;2
9;53;55;2
9;54;55;2
9;55;55;2
9;56;55;2
9;57;55;2
9;58;55;2
9;59;55;2
9;60;55;2
9;61;55;2
9;62;55;2
9;63;55;2
9;64;55;2
9;65;55;2
9;66;0;2
9;67;0;2
9;68;0;2
9;69;0;2
10;0;55;2
10;1;55;2
10;2;55;2
10;3;55;2
10;4;55;2
10;5;55;2
10;6;55;2
10;7;55;2
10;8;55;2
10;9;55;2
10;10;55;2
10;11;55;2
10;12;55;2
10;13;55;2
10;14;55;2
10;15;55;2
10;16;55;2
10;17;55;2
10;18;55;2
10;19;55;2
10;20;55;2
10;21;55;2
10;22;55;2
10;23;55;2
10;24;55;2
10;25;55;2
10;26;55;2
10;27;55;2
10;28;55;2
10;29;55;2
10;30;55;2
10;31;55;2
10;32;55;2
10;33;55;2
10;34;55;2
10;35;55;2
10;36;55;2
10;37;55;2
10;38;55;2
10;39;55;2
10;40;55;2
10;41;55;2
10;42;55;2
10;43;55;2
10;44;55;2
10;45;55;2
10;46;55;2
10;47;55;2
10;48;55;2
10;49;55;2
10;50;55;2
10;51;55;2
10;52;55;2
10;53;55;2
10;54;55;2
10;55;55;2
10;56;55;2
10;57;55;2
10;58;55;2
10;59;55;2
10;60;55;2
10;61;55;2
10;62;55;2
10;63;55;2
10;64;55;2
10;65;55;2
10;66;0;2
10;67;0;2
10;68;0;2
10;69;0;2
11;0;55;2
11;1;55;2
11;2;55;2
11;3;55;2
11;4;55;2
11;5;55;2
11;6;55;2
11;7;55;2
11;8;55;2
11;9;55;2
11;10;55;2
11;11;55;2
11;12;55;2
11;13;55;2
11;14;55;2
11;15;55;2
11;16;55;2
11;17;55;2
11;18;55;2
11;19;55;2
11;20;55;2
11;21;55;2
11;22;55;2
11;23;55;2
11;24;55;2
11;25;55;2
11;26;55;2
11;27;55;2
11;28;55;2
11;29;55;2
11;30;55;2
11;31;55;2
11;32;55;2
11;33;55;2
11;34;55;2
11;35;55;2
11;36;55;2
11;37;55;2
11;38;55;2
11;39;55;2
11;40;55;2
11;41;55;2
11;42;55;2
11;43;55;2
11;44;55;2
11;45;55;2
11;46;55;2
11;47;55;2
11;48;55;2
11;49;55;2
11;50;55;2
11;51;55;2
11;52;55;2
11;53;55;2
11;54;55;2
11;55;55;2
11;56;55;2
11;57;55;2
11;58;55;2
11;59;55;2
11;60;55;2
11;61;55;2
11;62;55;2
11;63;55;2
11;64;55;2
11;65;55;2
11;66;0;2
11;67;0;2
11;68;0;2
11;69;0;2
12;0;55;2
12;1;55;2
12;2;55;2
12;3;55;2
12;4;55;2
12;5;55;2
12;6;55;2
12;7;55;2
12;8;55;2
12;9;55;2
12;10;55;2
12;11;55;2
12;12;55;2
12;13;55;2
12;14;55;2
12;15;55;2
12;16;55;2
12;17;55;2
12;18;55;2
12;19;55;2
12;20;55;2
12;21;55;2
12;22;55;2
12;23;55;2
12;24;55;2
12;25;55;2
12;26;55;2
12;27;55;2
12;28;55;2
12;29;55;2
12;30;55;2
12;31;55;2
12;32;55;2
12;33;55;2
12;34;55;2
12;35;55;2
12;36;55;2
12;37;55;2
12;38;55;2
12;39;55;2
12;40;55;2
12;41;55;2
12;42;55;2
12;43;55;2
12;44;55;2
12;45;55;2
12;46;55;2
12;47;55;2
12;48;55;2
12;49;55;2
12;50;55;2
12;51;55;2
12;52;55;2
12;53;55;2
12;54;55;2
12;55;55;2
12;56;55;2
12;57;55;2
12;58;55;2
12;59;55;2
12;60;55;2
12;61;55;2
12;62;55;2
12;63;55;2
12;64;55;2
12;65;55;2
12;66;0;2
12;67;0;2
12;68;0;2
12;69;0;2
13;0;55;2
13;1;55;2
13;2;55;2
13;3;55;2
13;4;55;2
13;5;55;2
13;6;55;2
13;7;55;2
13;8;55;2
13;9;55;2
13;10;55;2
13;11;55;2
13;12;55;2
13;13;55;2
13;14;55;2
13;15;55;2
13;16;55;2
13;17;55;2
13;18;55;2
13;19;55;2
13;20;55;2
13;21;55;2
13;22;55;2
13;23;55;2
13;24;55;2
13;25;55;2
13;26;55;2
13;27;55;2
13;28;55;2
13;29;55;2
13;30;55;2
13;31;55;2
13;32;55;2
13;33;55;2
13;34;55;2
13;35;55;2
13;36;55;2
13;37;55;2
13;38;55;2
13;39;55;2
13;40;55;2
13;41;55;2
13;42;55;2
13;43;55;2
13;44;55;2
13;45;55;2
13;46;55;2
13;47;55;2
13;48;55;2
13;49;55;2
13;50;55;2
13;51;55;2
13;52;55;2
13;53;55;2
13;54;55;2
13;55;55;2
13;56;55;2
13;57;55;2
13;58;55;2
13;59;55;2
13;60;55;2
13;61;55;2
13;62;55;2
13;63;55;2
13;64;55;2
13;65;55;2
13;66;0;2
13;67;0;2
13;68;0;2
13;69;0;2
14;0;55;2
14;1;55;2
14;2;55;2
14;3;55;2
14;4;55;2
14;5;55;2
14;6;55;2
14;7;55;2
14;8;55;2
14;9;55;2
14;10;55;2
14;11;55;2
14;12;55;2
14;13;55;2
14;14;55;2
14;15;55;2
14;16;55;2
14;17;55;2
14;18;55;2
14;19;55;2
14;20;55;2
14;21;55;2
14;22;55;2
14;23;55;2
14;24;55;2
14;25;55;2
14;26;55;2
14;27;55;2
14;28;55;2
14;29;55;2
14;30;55;2
14;31;55;2
14;32;55;2
14;33;55;2
14;34;55;2
14;35;55;2
14;36;55;2
14;37;55;2
14;38;55;2
14;39;55;2
14;40;55;2
14;41;55;2
14;42;55;2
14;43;55;2
14;44;55;2
14;45;55;2
14;46;55;2
14;47;55;2
14;48;55;2
14;49;55;2
14;50;55;2
14;51;55;2
14;52;55;2
14;53;55;2
14;54;55;2
14;55;55;2
14;56;55;2
14;57;55;2
14;58;55;2
14;59;55;2
14;60;55;2
14;61;55;2
14;62;55;2
14;63;55;2
14;64;55;2
14;65;0;2
14;66;0;2
14;67;0;2
14;68;0;2
14;69;0;2
15;0;55;2
15;1;55;2
15;2;55;2
15;3;55;2
15;4;55;2
15;5;55;2
15;6;55;2
15;7;55;2
15;8;55;2
15;9;55;2
15;10;55;2
15;11;55;2
15;12;55;2
15;13;55;2
15;14;55;2
15;15;55;2
15;16;55;2
15;17;55;2
15;18;55;2
15;19;55;2
15;20;55;2
15;21;55;2
15;22;55;2
15;23;55;2
15;24;55;2
15;25;55;2
15;26;55;2
15;27;55;2
15;28;55;2
15;29;55;2
15;30;55;2
15;31;55;2
15;32;55;2
15;33;55;2
15;34;55;2
15;35;55;2
15;36;55;2
15;37;55;2
15;38;55;2
15;39;55;2
15;40;55;2
15;41;55;2
15;42;55;2
15;43;55;2
15;44;55;2
15;45;55;2
15;46;55;2
15;47;55;2
15;48;55;2
15;49;55;2
15;50;55;2
15;51;55;2
15;52;55;2
15;53;55;2
15;54;55;2
15;55;55;2
15;56;55;2
15;57;55;2
15;58;55;2
15;59;55;2
15;60;55;2
15;61;55;2
15;62;0;2
15;63;0;2
15;64;0;2
15;65;0;2
15;66;0;2
15;67;0;2
15;68;0;2
15;69;0;2
16;0;55;2
16;1;55;2
16;2;55;2
16;3;55;2
16;4;55;2
16;5;55;2
16;6;55;2
16;7;55;2
16;8;55;2
16;9;55;2
16;10;55;2
16;11;55;2
16;12;55;2
16;13;55;2
16;14;55;2
16;15;55;2
16;16;55;2
16;17;55;2
16;18;55;2
16;19;55;2
16;20;55;2
16;21;55;2
16;22;55;2
16;23;55;2
16;24;55;2
16;25;55;2
16;26;55;2
16;27;55;2
16;28;55;2
16;29;55;2
16;30;55;2
16;31;55;2
16;32;55;2
16;33;55;2
16;34;55;2
16;35;55;2
16;36;55;2
16;37;55;2
16;38;55;2
16;39;55;2
16;40;55;2
16;41;55;2
16;42;55;2
16;43;55;2
16;44;55;2
16;45;55;2
16;46;55;2
16;47;55;2
16;48;55;2
16;49;55;2
16;50;55;2
16;51;55;2
16;52;55;2
16;53;55;2
16;54;55;2
16;55;55;2
16;56;55;2
16;57;55;2
16;58;55;2
16;59;55;2
16;60;55;2
16;61;0;2
16;62;0;2
16;63;0;2
16;64;0;2
16;65;0;2
16;66;0;2
16;67;0;2
16;68;0;2
16;69;0;2
17;0;55;2
17;1;55;2
17;2;55;2
17;3;55;2
17;4;55;2
17;5;55;2
17;6;55;2
17;7;55;2
17;8;55;2
17;9;55;2
17;10;55;2
17;11;55;2
17;12;55;2
17;13;55;2
17;14;55;2
17;15;55;2
17;16;55;2
17;17;55;2
17;18;55;2
17;19;55;2
17;20;55;2
17;21;55;2
17;22;55;2
17;23;55;2
17;24;55;2
17;25;55;2
17;26;55;2
17;27;55;2
17;28;55;2
17;29;55;2
17;30;55;2
17;31;55;2
17;32;55;2
17;33;55;2
17;34;55;2
17;35;55;2
17;36;55;2
17;37;55;2
17;38;55;2
17;39;55;2
17;40;55;2
17;41;55;2
17;42;55;2
17;43;55;2
17;44;55;2
17;45;55;2
17;46;55;2
17;47;55;2
17;48;55;2
17;49;55;2
17;50;55;2
17;51;55;2
17;52;55;2
17;53;55;2
17;54;55;2
17;55;55;2
17;56;55;2
17;57;55;2
17;58;55;2
17;59;55;2
17;60;0;2
17;61;0;2
17;62;0;2
17;63;0;2
17;64;0;2
17;65;0;2
17;66;0;2
17;67;0;2
17;68;0;2
17;69;0;2
18;0;55;2
18;1;55;2
18;2;55;2
18;3;55;2
18;4;55;2
18;5;0;2
18;6;0;2
18;7;0;2
18;8;0;2
18;9;0;2
18;10;0;2
18;11;0;2
18;12;0;2
18;13;0;2
18;14;0;2
18;15;0;2
18;16;0;2
18;17;0;2
18;18;0;2
18;19;0;2
18;20;0;2
18;21;0;2
18;22;0;2
18;23;0;2
18;24;0;2
18;25;0;2
18;26;0;2
18;27;0;2
18;28;0;2
18;29;0;2
18;30;0;2
18;31;0;2
18;32;0;2
18;33;0;2
18;34;0;2
18;35;0;2
18;36;0;2
18;37;0;2
18;38;0;2
18;39;0;2
18;40;0;2
18;41;0;2
18;42;0;2
18;43;0;2
18;44;0;2
18;45;0;2
18;46;0;2
18;47;0;2
18;48;0;2
18;49;0;2
18;50;0;2
18;51;0;2
18;52;0;2
18;53;0;2
18;54;55;2
18;55;55;2
18;56;55;2
18;57;55;2
18;58;55;2
18;59;55;2
18;60;0;2
18;61;0;2
18;62;0;2
18;63;0;2
18;64;0;2
18;65;0;2
18;66;0;2
18;67;0;2
18;68;0;2
18;69;0;2
19;0;55;2
19;1;55;2
19;2;55;2
19;3;55;2
19;4;55;2
19;5;0;2
19;6;0;2
19;7;0;2
19;8;0;2
19;9;0;2
19;10;0;2
19;11;0;2
19;12;0;2
19;13;0;2
19;14;0;2
19;15;0;2
19;16;0;2
19;17;0;2
19;18;0;2
19;19;34;2
19;20;0;2
19;21;0;2
19;22;0;2
19;23;0;2
19;24;0;2
19;25;0;2
19;26;0;2
19;27;0;2
19;28;0;2
19;29;0;2
19;30;0;2
19;31;0;2
19;32;0;2
19;33;0;2
19;34;0;2
19;35;0;2
19;36;0;2
19;37;0;2
19;38;34;2
19;39;0;2
19;40;0;2
19;41;0;2
19;42;0;2
19;43;0;2
19;44;0;2
19;45;0;2
19;46;0;2
19;47;0;2
19;48;0;2
19;49;0;2
19;50;0;2
19;51;0;2
19;52;0;2
19;53;0;2
19;54;55;2
19;55;55;2
19;56;55;2
19;57;55;2
19;58;55;2
19;59;55;2
19;60;0;2
19;61;0;2
19;62;0;2
19;63;0;2
19;64;0;2
19;65;0;2
19;66;0;2
19;67;0;2
19;68;0;2
19;69;0;2
20;0;55;2
20;1;55;2
20;2;55;2
20;3;55;2
20;4;55;2
20;5;0;2
20;6;0;2
20;7;0;2
20;8;0;2
20;9;0;2
20;10;0;2
20;11;0;2
20;12;0;2
20;13;0;2
20;14;0;2
20;15;0;2
20;16;0;2
20;17;0;2
20;18;0;2
20;19;0;2
20;20;34;2
20;21;34;2
20;22;0;2
20;23;0;2
20;24;0;2
20;25;0;2
20;26;0;2
20;27;0;2
20;28;0;2
20;29;0;2
20;30;0;2
20;31;0;2
20;32;0;2
20;33;0;2
20;34;0;2
20;35;0;2
20;36;0;2
20;37;0;2
20;38;0;2
20;39;0;2
20;40;0;2
20;41;0;2
20;42;0;2
20;43;0;2
20;44;0;2
20;45;0;2
20;46;0;2
20;47;0;2
20;48;0;2
20;49;0;2
20;50;0;2
20;51;0;2
20;52;0;2
20;53;0;2
20;54;55;2
20;55;55;2
20;56;55;2
20;57;55;2
20;58;55;2
20;59;55;2
20;60;0;2
20;61;0;2
20;62;0;2
20;63;0;2
20;64;0;2
20;65;0;2
20;66;0;2
20;67;0;2
20;68;0;2
20;69;0;2
21;0;55;2
21;1;55;2
21;2;55;2
21;3;55;2
21;4;55;2
21;5;0;2
21;6;0;2
21;7;0;2
21;8;0;2
21;9;0;2
21;10;0;2
21;11;0;2
21;12;0;2
21;13;0;2
21;14;0;2
21;15;0;2
21;16;0;2
21;17;0;2
21;18;0;2
21;19;34;2
21;20;34;2
21;21;0;2
21;22;0;2
21;23;0;2
21;24;0;2
21;25;0;2
21;26;0;2
21;27;0;2
21;28;0;2
21;29;0;2
21;30;0;2
21;31;0;2
21;32;0;2
21;33;0;2
21;34;0;2
21;35;0;2
21;36;0;2
21;37;0;2
21;38;0;2
21;39;34;2
21;40;34;2
21;41;0;2
21;42;0;2
21;43;0;2
21;44;0;2
21;45;0;2
21;46;0;2
21;47;0;2
21;48;0;2
21;49;0;2
21;50;0;2
21;51;0;2
21;52;0;2
21;53;0;2
21;54;55;2
21;55;55;2
21;56;55;2
21;57;55;2
21;58;55;2
21;59;55;2
21;60;0;2
21;61;0;2
21;62;0;2
21;63;0;2
21;64;0;2
21;65;0;2
21;66;0;2
21;67;0;2
21;68;0;2
21;69;0;2
22;0;55;2
22;1;55;2
22;2;55;2
22;3;55;2
22;4;55;2
22;5;0;2
22;6;0;2
22;7;0;2
22;8;0;2
22;9;0;2
22;10;0;2
22;11;0;2
22;12;0;2
22;13;0;2
22;14;0;2
22;15;0;2
22;16;0;2
22;17;0;2
22;18;34;2
22;19;34;2
22;20;34;2
22;21;0;2
22;22;0;2
22;23;0;2
22;24;0;2
22;25;0;2
22;26;0;2
22;27;0;2
22;28;0;2
22;29;0;2
22;30;0;2
22;31;0;2
22;32;0;2
22;33;0;2
22;34;0;2
22;35;0;2
22;36;0;2
22;37;0;2
22;38;0;2
22;39;0;2
22;40;0;2
22;41;0;2
22;42;0;2
22;43;0;2
22;44;0;2
22;45;0;2
22;46;0;2
22;47;0;2
22;48;0;2
22;49;0;2
22;50;0;2
22;51;0;2
22;52;0;2
22;53;0;2
22;54;0;2
22;55;34;2
22;56;34;2
22;57;0;2
22;58;0;2
22;59;0;2
22;60;0;2
22;61;0;2
22;62;0;2
22;63;0;2
22;64;0;2
22;65;0;2
22;66;0;2
22;67;0;2
22;68;0;2
22;69;0;2
23;0;55;2
23;1;55;2
23;2;55;2
23;3;55;2
23;4;55;2
23;5;0;2
23;6;0;2
23;7;0;2
23;8;0;2
23;9;0;2
23;10;0;2
23;11;0;2
23;12;0;2
23;13;0;2
23;14;0;2
23;15;0;2
23;16;0;2
23;17;0;2
23;18;34;2
23;19;0;2
23;20;0;2
23;21;0;2
23;22;0;2
23;23;0;2
23;24;0;2
23;25;0;2
23;26;0;2
23;27;0;2
23;28;0;2
23;29;0;2
23;30;0;2
23;31;0;2
23;32;0;2
23;33;0;2
23;34;0;2
23;35;0;2
23;36;0;2
23;37;0;2
23;38;0;2
23;39;34;2
23;40;34;2
23;41;34;2
23;42;0;2
23;43;0;2
23;44;0;2
23;45;0;2
23;46;0;2
23;47;0;2
23;48;0;2
23;49;0;2
23;50;0;2
23;51;0;2
23;52;0;2
23;53;0;2
23;54;0;2
23;55;0;2
23;56;0;2
23;57;0;2
23;58;34;2
23;59;0;2
23;60;0;2
23;61;0;2
23;62;0;2
23;63;0;2
23;64;0;2
23;65;0;2
23;66;0;2
23;67;0;2
23;68;0;2
23;69;0;2
24;0;0;2
24;1;0;2
24;2;0;2
24;3;0;2
24;4;0;2
24;5;0;2
24;6;0;2
24;7;0;2
24;8;0;2
24;9;0;2
24;10;0;2
24;11;0;2
24;12;0;2
24;13;0;2
24;14;0;2
24;15;0;2
24;16;0;2
24;17;0;2
24;18;0;2
24;19;0;2
24;20;0;2
24;21;0;2
24;22;0;2
24;23;0;2
24;24;0;2
24;25;0;2
24;26;0;2
24;27;0;2
24;28;0;2
24;29;0;2
24;30;0;2
24;31;0;2
24;32;0;2
24;33;0;2
24;34;0;2
24;35;0;2
24;36;0;2
24;37;0;2
24;38;0;2
24;39;0;2
24;40;0;2
24;41;0;2
24;42;0;2
24;43;0;2
24;44;0;2
24;45;0;2
24;46;0;2
24;47;0;2
24;48;0;2
24;49;0;2
24;50;0;2
24;51;0;2
24;52;0;2
24;53;0;2
24;54;0;2
24;55;34;2
24;56;0;2
24;57;34;2
24;58;0;2
24;59;0;2
24;60;0;2
24;61;0;2
24;62;0;2
24;63;0;2
24;64;0;2
24;65;0;2
24;66;0;2
24;67;34;2
24;68;0;2
24;69;0;2
25;0;0;2
25;1;0;2
25;2;0;2
25;3;0;2
25;4;0;2
25;5;0;2
25;6;0;2
25;7;0;2
25;8;0;2
25;9;0;2
25;10;0;2
25;11;0;2
25;12;0;2
25;13;0;2
25;14;0;2
25;15;0;2
25;16;0;2
25;17;0;2
25;18;0;2
25;19;0;2
25;20;0;2
25;21;0;2
25;22;0;2
25;23;0;2
25;24;0;2
25;25;0;2
25;26;0;2
25;27;0;2
25;28;0;2
25;29;0;2
25;30;0;2
25;31;0;2
25;32;0;2
25;33;0;2
25;34;0;2
25;35;0;2
25;36;0;2
25;37;0;2
25;38;0;2
25;39;0;2
25;40;34;2
25;41;34;2
25;42;34;2
25;43;0;2
25;44;0;2
25;45;0;2
25;46;0;2
25;47;0;2
25;48;0;2
25;49;0;2
25;50;0;2
25;51;0;2
25;52;0;2
25;53;0;2
25;54;0;2
25;55;0;2
25;56;0;2
25;57;0;2
25;58;34;2
25;59;0;2
25;60;0;2
25;61;0;2
25;62;0;2
25;63;0;2
25;64;0;2
25;65;0;2
25;66;0;2
25;67;0;2
25;68;0;2
25;69;0;2
26;0;0;2
26;1;0;2
26;2;0;2
26;3;0;2
26;4;0;2
26;5;0;2
26;6;0;2
26;7;0;2
26;8;0;2
26;9;0;2
26;10;0;2
26;11;0;2
26;12;0;2
26;13;0;2
26;14;0;2
26;15;0;2
26;16;0;2
26;17;0;2
26;18;34;2
26;19;0;2
26;20;0;2
26;21;0;2
26;22;0;2
26;23;0;2
26;24;0;2
26;25;0;2
26;26;0;2
26;27;0;2
26;28;0;2
26;29;0;2
26;30;0;2
26;31;0;2
26;32;0;2
26;33;0;2
26;34;0;2
26;35;0;2
26;36;0;2
26;37;0;2
26;38;0;2
26;39;0;2
26;40;0;2
26;41;0;2
26;42;34;2
26;43;0;2
26;44;0;2
26;45;0;2
26;46;0;2
26;47;0;2
26;48;0;2
26;49;0;2
26;50;0;2
26;51;0;2
26;52;0;2
26;53;0;2
26;54;0;2
26;55;0;2
26;56;0;2
26;57;0;2
26;58;34;2
26;59;0;2
26;60;0;2
26;61;0;2
26;62;0;2
26;63;0;2
26;64;0;2
26;65;0;2
26;66;0;2
26;67;0;2
26;68;0;2
26;69;0;2
27;0;0;2
27;1;0;2
27;2;0;2
27;3;0;2
27;4;0;2
27;5;0;2
27;6;0;2
27;7;0;2
27;8;0;2
27;9;0;2
27;10;0;2
27;11;0;2
27;12;0;2
27;13;0;2
27;14;0;2
27;15;0;2
27;16;0;2
27;17;0;2
27;18;0;2
27;19;0;2
27;20;0;2
27;21;0;2
27;22;0;2
27;23;0;2
27;24;0;2
27;25;0;2
27;26;0;2
27;27;0;2
27;28;0;2
27;29;0;2
27;30;0;2
27;31;0;2
27;32;0;2
27;33;0;2
27;34;0;2
27;35;0;2
27;36;0;2
27;37;0;2
27;38;0;2
27;39;0;2
27;40;0;2
27;41;0;2
27;42;0;2
27;43;0;2
27;44;0;2
27;45;0;2
27;46;0;2
27;47;0;2
27;48;0;2
27;49;0;2
27;50;0;2
27;51;0;2
27;52;0;2
27;53;0;2
27;54;0;2
27;55;0;2
27;56;0;2
27;57;0;2
27;58;0;2
27;59;34;2
27;60;0;2
27;61;0;2
27;62;0;2
27;63;0;2
27;64;0;2
27;65;0;2
27;66;0;2
27;67;0;2
27;68;0;2
27;69;0;2
28;0;0;2
28;1;0;2
28;2;0;2
28;3;0;2
28;4;0;2
28;5;0;2
28;6;0;2
28;7;0;2
28;8;0;2
28;9;0;2
28;10;0;2
28;11;0;2
28;12;0;2
28;13;0;2
28;14;0;2
28;15;0;2
28;16;0;2
28;17;0;2
28;18;34;2
28;19;0;2
28;20;0;2
28;21;0;2
28;22;0;2
28;23;0;2
28;24;0;2
28;25;0;2
28;26;0;2
28;27;0;2
28;28;0;2
28;29;0;2
28;30;0;2
28;31;0;2
28;32;0;2
28;33;0;2
28;34;0;2
28;35;0;2
28;36;0;2
28;37;0;2
28;38;0;2
28;39;0;2
28;40;0;2
28;41;0;2
28;42;0;2
28;43;0;2
28;44;0;2
28;45;0;2
28;46;0;2
28;47;0;2
28;48;0;2
28;49;0;2
28;50;0;2
28;51;0;2
28;52;0;2
28;53;0;2
28;54;0;2
28;55;0;2
28;56;0;2
28;57;0;2
28;58;0;2
28;59;0;2
28;60;0;2
28;61;0;2
28;62;0;2
28;63;0;2
28;64;0;2
28;65;0;2
28;66;0;2
28;67;0;2
28;68;0;2
28;69;0;2
29;0;0;2
29;1;0;2
29;2;0;2
29;3;0;2
29;4;0;2
29;5;0;2
29;6;0;2
29;7;0;2
29;8;0;2
29;9;0;2
29;10;0;2
29;11;0;2
29;12;0;2
29;13;0;2
29;14;0;2
29;15;0;2
29;16;34;2
29;17;0;2
29;18;0;2
29;19;0;2
29;20;0;2
29;21;0;2
29;22;0;2
29;23;0;2
29;24;0;2
29;25;0;2
29;26;0;2
29;27;0;2
29;28;0;2
29;29;0;2
29;30;0;2
29;31;0;2
29;32;0;2
29;33;0;2
29;34;0;2
29;35;0;2
29;36;0;2
29;37;0;2
29;38;0;2
29;39;0;2
29;40;0;2
29;41;0;2
29;42;0;2
29;43;0;2
29;44;0;2
29;45;0;2
29;46;0;2
29;47;0;2
29;48;0;2
29;49;0;2
29;50;0;2
29;51;0;2
29;52;0;2
29;53;0;2
29;54;0;2
29;55;0;2
29;56;0;2
29;57;0;2
29;58;0;2
29;59;34;2
29;60;0;2
29;61;0;2
29;62;0;2
29;63;0;2
29;64;0;2
29;65;0;2
29;66;0;2
29;67;0;2
29;68;0;2
29;69;0;2
30;0;0;2
30;1;0;2
30;2;0;2
30;3;0;2
30;4;0;2
30;5;0;2
30;6;0;2
30;7;0;2
30;8;0;2
30;9;0;2
30;10;0;2
30;11;0;2
30;12;0;2
30;13;0;2
30;14;0;2
30;15;34;2
30;16;0;2
30;17;0;2
30;18;0;2
30;19;34;2
30;20;34;2
30;21;0;2
30;22;0;2
30;23;0;2
30;24;0;2
30;25;0;2
30;26;0;2
30;27;0;2
30;28;0;2
30;29;0;2
30;30;0;2
30;31;0;2
30;32;0;2
30;33;0;2
30;34;0;2
30;35;0;2
30;36;0;2
30;37;0;2
30;38;0;2
30;39;0;2
30;40;0;2
30;41;0;2
30;42;0;2
30;43;0;2
30;44;0;2
30;45;0;2
30;46;0;2
30;47;0;2
30;48;0;2
30;49;0;2
30;50;0;2
30;51;0;2
30;52;0;2
30;53;0;2
30;54;0;2
30;55;0;2
30;56;0;2
30;57;0;2
30;58;0;2
30;59;0;2
30;60;0;2
30;61;0;2
30;62;0;2
30;63;0;2
30;64;0;2
30;65;0;2
30;66;0;2
30;67;0;2
30;68;0;2
30;69;0;2
31;0;0;2
31;1;0;2
31;2;0;2
31;3;0;2
31;4;0;2
31;5;0;2
31;6;0;2
31;7;0;2
31;8;0;2
31;9;0;2
31;10;0;2
31;11;0;2
31;12;0;2
31;13;0;2
31;14;0;2
31;15;0;2
31;16;34;2
31;17;0;2
31;18;34;2
31;19;34;2
31;20;0;2
31;21;0;2
31;22;0;2
31;23;0;2
31;24;0;2
31;25;0;2
31;26;0;2
31;27;0;2
31;28;0;2
31;29;0;2
31;30;0;2
31;31;0;2
31;32;0;2
31;33;0;2
31;34;0;2
31;35;0;2
31;36;0;2
31;37;0;2
31;38;0;2
31;39;0;2
31;40;0;2
31;41;0;2
31;42;0;2
31;43;0;2
31;44;0;2
31;45;0;2
31;46;0;2
31;47;0;2
31;48;0;2
31;49;0;2
31;50;0;2
31;51;0;2
31;52;0;2
31;53;0;2
31;54;0;2
31;55;0;2
31;56;0;2
31;57;0;2
31;58;0;2
31;59;0;2
31;60;0;2
31;61;0;2
31;62;0;2
31;63;0;2
31;64;0;2
31;65;0;2
31;66;0;2
31;67;0;2
31;68;0;2
31;69;0;2
32;0;0;2
32;1;0;2
32;2;0;2
32;3;0;2
32;4;0;2
32;5;0;2
32;6;0;2
32;7;0;2
32;8;0;2
32;9;0;2
32;10;0;2
32;11;0;2
32;12;0;2
32;13;0;2
32;14;0;2
32;15;0;2
32;16;0;2
32;17;0;2
32;18;34;2
32;19;0;2
32;20;0;2
32;21;0;2
32;22;0;2
32;23;0;2
32;24;0;2
32;25;0;2
32;26;0;2
32;27;0;2
32;28;0;2
32;29;0;2
32;30;0;2
32;31;0;2
32;32;0;2
32;33;0;2
32;34;0;2
32;35;0;2
32;36;0;2
32;37;0;2
32;38;0;2
32;39;0;2
32;40;0;2
32;41;0;2
32;42;0;2
32;43;0;2
32;44;0;2
32;45;0;2
32;46;0;2
32;47;0;2
32;48;0;2
32;49;0;2
32;50;0;2
32;51;0;2
32;52;0;2
32;53;0;2
32;54;0;2
32;55;0;2
32;56;0;2
32;57;0;2
32;58;0;2
32;59;0;2
32;60;0;2
32;61;0;2
32;62;0;2
32;63;0;2
32;64;0;2
32;65;0;2
32;66;0;2
32;67;0;2
32;68;0;2
32;69;0;2
33;0;0;2
33;1;0;2
33;2;0;2
33;3;0;2
33;4;0;2
33;5;0;2
33;6;0;2
33;7;0;2
33;8;0;2
33;9;0;2
33;10;0;2
33;11;0;2
33;12;0;2
33;13;0;2
33;14;0;2
33;15;0;2
33;16;0;2
33;17;0;2
33;18;0;2
33;19;0;2
33;20;0;2
33;21;0;2
33;22;0;2
33;23;0;2
33;24;0;2
33;25;0;2
33;26;0;2
33;27;0;2
33;28;0;2
33;29;0;2
33;30;0;2
33;31;0;2
33;32;0;2
33;33;0;2
33;34;0;2
33;35;0;2
33;36;0;2
33;37;0;2
33;38;0;2
33;39;0;2
33;40;0;2
33;41;0;2
33;42;0;2
33;43;0;2
33;44;0;2
33;45;0;2
33;46;0;2
33;47;0;2
33;48;0;2
33;49;0;2
33;50;0;2
33;51;0;2
33;52;0;2
33;53;0;2
33;54;0;2
33;55;0;2
33;56;0;2
33;57;0;2
33;58;0;2
33;59;0;2
33;60;0;2
33;61;0;2
33;62;0;2
33;63;0;2
33;64;0;2
33;65;0;2
33;66;0;2
33;67;0;2
33;68;0;2
33;69;0;2
34;0;0;2
34;1;0;2
34;2;0;2
34;3;0;2
34;4;0;2
34;5;0;2
34;6;0;2
34;7;0;2
34;8;0;2
34;9;0;2
34;10;0;2
34;11;0;2
34;12;0;2
34;13;0;2
34;14;0;2
34;15;0;2
34;16;34;2
34;17;34;2
34;18;34;2
34;19;0;2
34;20;0;2
34;21;0;2
34;22;0;2
34;23;0;2
34;24;0;2
34;25;0;2
34;26;0;2
34;27;0;2
34;28;0;2
34;29;0;2
34;30;0;2
34;31;0;2
34;32;0;2
34;33;0;2
34;34;0;2
34;35;0;2
34;36;0;2
34;37;0;2
34;38;0;2
34;39;0;2
34;40;0;2
34;41;0;2
34;42;0;2
34;43;0;2
34;44;0;2
34;45;0;2
34;46;0;2
34;47;0;2
34;48;0;2
34;49;0;2
34;50;0;2
34;51;0;2
34;52;0;2
34;53;0;2
34;54;0;2
34;55;0;2
34;56;0;2
34;57;0;2
34;58;0;2
34;59;0;2
34;60;0;2
34;61;0;2
34;62;0;2
34;63;0;2
34;64;0;2
34;65;0;2
34;66;0;2
34;67;0;2
34;68;0;2
34;69;0;2
35;0;0;2
35;1;0;2
35;2;0;2
35;3;0;2
35;4;0;2
35;5;0;2
35;6;0;2
35;7;0;2
35;8;0;2
35;9;0;2
35;10;0;2
35;11;0;2
35;12;0;2
35;13;0;2
35;14;0;2
35;15;0;2
35;16;0;2
35;17;0;2
35;18;34;2
35;19;34;2
35;20;0;2
35;21;0;2
35;22;0;2
35;23;0;2
35;24;0;2
35;25;0;2
35;26;0;2
35;27;0;2
35;28;0;2
35;29;0;2
35;30;0;2
35;31;0;2
35;32;0;2
35;33;0;2
35;34;0;2
35;35;0;2
35;36;0;2
35;37;0;2
35;38;0;2
35;39;0;2
35;40;0;2
35;41;0;2
35;42;0;2
35;43;0;2
35;44;0;2
35;45;0;2
35;46;0;2
35;47;0;2
35;48;0;2
35;49;0;2
35;50;0;2
35;51;0;2
35;52;0;2
35;53;0;2
35;54;0;2
35;55;0;2
35;56;0;2
35;57;0;2
35;58;0;2
35;59;0;2
35;60;0;2
35;61;0;2
35;62;0;2
35;63;0;2
35;64;0;2
35;65;0;2
35;66;0;2
35;67;0;2
35;68;0;2
35;69;0;2
36;0;0;2
36;1;0;2
36;2;0;2
36;3;0;2
36;4;0;2
36;5;0;2
36;6;0;2
36;7;0;2
36;8;0;2
36;9;0;2
36;10;0;2
36;11;0;2
36;12;0;2
36;13;0;2
36;14;0;2
36;15;0;2
36;16;0;2
36;17;0;2
36;18;0;2
36;19;0;2
36;20;0;2
36;21;0;2
36;22;0;2
36;23;0;2
36;24;0;2
36;25;0;2
36;26;0;2
36;27;0;2
36;28;0;2
36;29;0;2
36;30;0;2
36;31;0;2
36;32;0;2
36;33;0;2
36;34;0;2
36;35;0;2
36;36;0;2
36;37;0;2
36;38;0;2
36;39;0;2
36;40;0;2
36;41;0;2
36;42;0;2
36;43;0;2
36;44;0;2
36;45;0;2
36;46;0;2
36;47;0;2
36;48;0;2
36;49;0;2
36;50;0;2
36;51;0;2
36;52;0;2
36;53;0;2
36;54;0;2
36;55;0;2
36;56;0;2
36;57;0;2
36;58;0;2
36;59;0;2
36;60;0;2
36;61;0;2
36;62;0;2
36;63;0;2
36;64;0;2
36;65;0;2
36;66;0;2
36;67;0;2
36;68;0;2
36;69;0;2
37;0;0;2
37;1;0;2
37;2;0;2
37;3;0;2
37;4;0;2
37;5;0;2
37;6;0;2
37;7;0;2
37;8;0;2
37;9;0;2
37;10;0;2
37;11;0;2
37;12;0;2
37;13;0;2
37;14;0;2
37;15;0;2
37;16;0;2
37;17;0;2
37;18;0;2
37;19;0;2
37;20;0;2
37;21;0;2
37;22;0;2
37;23;0;2
37;24;0;2
37;25;0;2
37;26;0;2
37;27;0;2
37;28;0;2
37;29;0;2
37;30;0;2
37;31;0;2
37;32;0;2
37;33;0;2
37;34;0;2
37;35;0;2
37;36;0;2
37;37;0;2
37;38;0;2
37;39;0;2
37;40;0;2
37;41;0;2
37;42;0;2
37;43;0;2
37;44;0;2
37;45;0;2
37;46;0;2
37;47;0;2
37;48;0;2
37;49;0;2
37;50;0;2
37;51;0;2
37;52;0;2
37;53;0;2
37;54;0;2
37;55;0;2
37;56;0;2
37;57;0;2
37;58;0;2
37;59;0;2
37;60;0;2
37;61;0;2
37;62;0;2
37;63;0;2
37;64;0;2
37;65;0;2
37;66;0;2
37;67;0;2
37;68;0;2
37;69;0;2
38;0;0;2
38;1;0;2
38;2;0;2
38;3;0;2
38;4;0;2
38;5;0;2
38;6;0;2
38;7;0;2
38;8;0;2
38;9;0;2
38;10;0;2
38;11;0;2
38;12;0;2
38;13;0;2
38;14;0;2
38;15;0;2
38;16;0;2
38;17;0;2
38;18;0;2
38;19;0;2
38;20;0;2
38;21;0;2
38;22;0;2
38;23;0;2
38;24;0;2
38;25;0;2
38;26;0;2
38;27;0;2
38;28;0;2
38;29;0;2
38;30;0;2
38;31;0;2
38;32;0;2
38;33;0;2
38;34;0;2
38;35;0;2
38;36;0;2
38;37;0;2
38;38;0;2
38;39;0;2
38;40;0;2
38;41;0;2
38;42;0;2
38;43;0;2
38;44;0;2
38;45;0;2
38;46;0;2
38;47;0;2
38;48;0;2
38;49;0;2
38;50;0;2
38;51;0;2
38;52;0;2
38;53;0;2
38;54;0;2
38;55;0;2
38;56;0;2
38;57;0;2
38;58;0;2
38;59;0;2
38;60;0;2
38;61;0;2
38;62;0;2
38;63;0;2
38;64;0;2
38;65;0;2
38;66;0;2
38;67;0;2
38;68;0;2
38;69;0;2
39;0;0;2
39;1;0;2
39;2;0;2
39;3;0;2
39;4;0;2
39;5;0;2
39;6;0;2
39;7;0;2
39;8;0;2
39;9;0;2
39;10;0;2
39;11;0;2
39;12;0;2
39;13;0;2
39;14;0;2
39;15;0;2
39;16;0;2
39;17;0;2
39;18;0;2
39;19;0;2
39;20;0;2
39;21;0;2
39;22;0;2
39;23;0;2
39;24;0;2
39;25;0;2
39;26;0;2
39;27;0;2
39;28;0;2
39;29;0;2
39;30;0;2
39;31;0;2
39;32;0;2
39;33;0;2
39;34;0;2
39;35;0;2
39;36;0;2
39;37;0;2
39;38;0;2
39;39;0;2
39;40;0;2
39;41;0;2
39;42;0;2
39;43;0;2
39;44;0;2
39;45;0;2
39;46;0;2
39;47;0;2
39;48;0;2
39;49;0;2
39;50;0;2
39;51;0;2
39;52;0;2
39;53;0;2
39;54;0;2
39;55;0;2
39;56;0;2
39;57;0;2
39;58;0;2
39;59;0;2
39;60;0;2
39;61;0;2
39;62;0;2
39;63;0;2
39;64;0;2
39;65;0;2
39;66;0;2
39;67;0;2
39;68;0;2
39;69;0;2
